6.032541945089942015e-01
-1.594146888575832810e-01
1.457939170958305608e-01
-4.794743877528896969e-01
-4.133600742604953693e-02
2.308394341736474953e+00
4.175743822296808516e-01
-1.764469349957364264e+00
-9.677110333237975981e-01
-6.240082845867773731e-01
-1.634319844880880224e+00
-3.131224545835147866e-01
-1.442291082036282757e-01
2.998867597864038448e+00
7.775125883804055726e-02
-8.232350325236883481e-01
-3.926977266425517588e-01
9.283724189719512188e-01
2.634759332243746255e-01
1.012981715438579511e-01
-4.744788841755833153e-01
-4.987453402191853180e-01
1.487856300352264016e+00
-2.048419074201238921e+00
1.453448200800174783e-01
2.203875279073811200e+00
-1.666825067275362393e+00
5.284048742817750721e-01
-6.999194325094795222e-01
-4.498404954848594928e-01
-5.131314042588896313e-02
7.425443978230426012e-01
-1.578923774222927290e-01
-3.516789337824188233e-01
-1.408328367048845120e+00
1.388334135784899281e+00
5.183734176131673532e-01
5.448679141631418421e-01
1.488663644353716842e-01
1.377649304051525414e+00
-5.052460527723743322e-01
2.349388453663467047e+00
1.428911057376281102e+00
-1.698043556117714958e+00
4.839338108873537658e-01
-4.271368942463562024e-01
-1.055993961125709646e+00
-7.167142713822490796e-01
7.192595281117941663e-01
-6.401352624338346731e-01
-9.218639611781428989e-02
3.289279555171175096e-01
-4.049924852970420153e-01
-3.345556795626994928e-01
1.726016802869609901e-01
-1.191569950445101334e-01
-7.958969365532112539e-01
1.100783932330095194e+00
-9.794762131170134944e-01
7.397215135037076283e-01
-8.203548114873483454e-01
-2.207132394360648286e-01
1.865505268938396632e-01
-8.835898215908254416e-01
-6.779459105370728711e-01
-5.016463480532443175e-02
-1.489209368938324528e-02
5.717198604560709274e-01
4.071567117197160690e-01
8.056349953281670695e-01
2.790208281885385500e+00
2.445047648532590934e+00
-7.053418044289651023e-01
-8.097359346368055988e-01
-3.485440664113372833e-01
-7.200147540165249271e-01
-7.802353503161907344e-01
-1.172702474507968384e+00
-6.594902291071390588e-01
2.092905960810987134e-02
-7.255893484858090270e-01
1.505735938197127366e+00
5.694868817924727544e-01
4.160997838360178669e-01
-6.185985268191974695e-01
1.198685499394578580e+00
1.638811953285964851e+00
1.493695777651564693e+00
-1.342477137597567927e+00
1.638719676525002722e+00
5.741123030989617737e-01
-3.565573431558816120e-01
9.868773746147222470e-01
9.089918356822455081e-01
-2.983786788230464726e-01
-2.749803326634485678e-01
-8.674532886729936776e-02
-9.487483958993554456e-01
1.306556346836175830e+00
6.162252402897714365e-01
-3.568778799417954839e-01
1.854941398201856106e+00
1.126593796923633262e+00
6.661508640387877600e-01
4.548600404833973987e-01
1.415687475932521977e+00
5.413973466280094238e-01
7.546172234055489314e-01
1.172633696645441065e-01
-1.115524787842509413e+00
-9.545282798949834557e-01
-1.729222912618221697e+00
1.172281444664133643e+00
1.288934411051711137e+00
1.701018764813910344e+00
-1.067853991250933943e+00
2.122474552325994246e+00
-8.935777833446481022e-01
-7.916469340067238125e-01
-4.706267429800707891e-01
1.308512108622502890e+00
1.230832545649723553e+00
-8.423359021780166822e-01
-8.266952457437050095e-01
-1.171656876709349593e+00
-7.619658054185841911e-02
-9.385768759509685033e-01
-3.668547374742128775e-01
-2.173135930604665200e-01
-8.965452820770986042e-01
-8.783194874036732713e-01
5.256060196035415855e-01
-7.939028079432169926e-01
-4.484918803911174812e-01
2.194456778978574329e-01
-7.036219793839750825e-01
1.919442411924816350e+00
-7.888622831169884719e-01
-4.888890190756334242e-01
-2.844542356331121735e-01
-3.114730267802929276e-01
-9.026452390023419481e-01
9.722637091385060160e-01
8.378341286803667742e-01
-8.731925905767378149e-01
-8.291885051026469666e-01
3.142290785967718492e-01
-2.566208910458694370e-01
8.929617861680836377e-01
-1.441255665559200705e-01
3.954742878017066809e-01
3.504348520261835742e-01
8.848702615397403548e-01
-9.197274999036246790e-01
6.963771034194286003e-01
-1.780432181581636186e+00
-3.695829574606053769e-01
-1.850490107946871854e+00
-6.421005060316463675e-01
-1.522375614042300596e+00
3.644129139773369386e-01
6.876109135582018084e-01
-3.450934310669198091e-01
2.895945998887094683e-02
1.082065351525109076e+00
-4.743034410704604076e-01
3.024796627345094358e-01
1.753655385033337233e-01
-4.249490981602557227e-01
-1.684641281120900391e+00
-1.150696020172928158e+00
6.874128204489888816e-01
-3.633320917764715219e-01
-1.938604210435312725e+00
2.967394772005968129e+00
2.718555368095160185e-01
5.088044412102842307e-01
-2.930062761594338649e-01
1.250549647230944084e+00
-3.910480245928508736e-01
4.140694146686555999e-01
-1.240996070721202271e-01
-2.852990481549872115e+00
8.212503739530134517e-02
5.101924251283694867e-01
1.463030582787199219e+00
3.356522711994536223e-01
-1.106179907920004313e+00
3.150167070646910372e-01
1.832046024733236411e+00
-5.458899341192958998e-02
-4.526225052603006227e-01
-6.470344206291142042e-01
-1.650578228355167043e-01
-1.176864743241591738e+00
3.044675187436772790e-01
-7.371876421217637976e-01
-5.338928304761112464e-01
5.772291955660935336e-01
1.632060922881028650e-02
-2.728499697969717364e-01
-1.308318980552929833e+00
-6.520244189557378167e-02
-1.642321570698227262e+00
-1.381259390565626521e+00
-2.217895922733412295e+00
-1.725899870940755365e+00
1.690609474676335156e+00
7.709595445926163970e-01
-1.455496628400613890e+00
-1.396655378591647123e+00
-8.162278903176386352e-03
1.108661043694737947e+00
2.509173121080716662e+00
1.625862318200909096e+00
-9.001021620951303592e-02
-1.108234190537551456e+00
6.486043193950646879e-01
4.021403534933913893e-01
-5.020506045973939235e-01
-1.546829394611213410e-02
-8.731861677679664258e-01
-6.711940192488701218e-01
-9.356342761457423496e-01
-1.430203068983216252e-01
1.098531736752270227e+00
-6.817200167282005951e-01
1.445232933530080643e+00
-7.902599241794182605e-01
-1.010755342373562016e+00
2.637624482401212500e+00
-9.579461548784312663e-01
-1.090676776037271978e+00
7.747653372777691949e-01
-9.339171756909401267e-01
-1.559811919009923331e+00
3.833777422023475490e-01
-1.333581652999995537e+00
-5.588655080366069505e-01
-1.736953442712254603e+00
1.983196196146743695e-01
1.553728839772387849e+00
2.176659727980202241e+00
1.068431185917666504e+00
-2.064102474414155342e-01
2.665896177291862124e+00
1.437518314764332450e+00
1.462187039823769297e+00
-1.487574538070570052e+00
-2.608305710729614812e-01
4.660596632332464351e-02
9.089384983163011356e-01
-3.094351422206362279e-01
-2.833622110154714324e-01
-1.092984046792508102e-01
-6.189558661662536432e-01
5.174452347276933262e-01
