1.668793660269760970e-03
1.642336590598841200e-03
1.872468496838998941e-03
1.929367775746128550e-03
1.863632684585981919e-03
1.878734785339089292e-03
1.816802417609492950e-03
1.927835403528055727e-03
1.666693052285767853e-03
1.957701722487518222e-03
1.666693052285767853e-03
1.855882661706660707e-03
1.365190048473185818e-03
1.406594588160527170e-03
1.719587589159267231e-03
1.837358697625697534e-03
1.914774215870473353e-03
1.417883118177855513e-03
1.642336590598841200e-03
1.837358697625697534e-03
1.719587589159267231e-03
1.719587589159267231e-03
1.816802417609492950e-03
1.917814646141978788e-03
1.914774215870473353e-03
1.493873991277079897e-03
1.765660886325001516e-03
1.743356343041655571e-03
1.907125913610607923e-03
1.927835403528055727e-03
1.666693052285767853e-03
1.920803366338789172e-03
1.613275123983098479e-03
1.719587589159267231e-03
1.863632684585981919e-03
1.745780208630427766e-03
1.666693052285767853e-03
1.912317691667455265e-03
1.613275123983098479e-03
1.794497874326147005e-03
1.572549841273689509e-03
1.820957914262167276e-03
1.613275123983098479e-03
1.745780208630427766e-03
1.834803985890090571e-03
1.900265263872349258e-03
1.443293947326458821e-03
1.743356343041655571e-03
1.876693872243564293e-03
1.693478121883332634e-03
1.463860054369891823e-03
1.515001585654383257e-03
1.510812296706547835e-03
1.666693052285767853e-03
1.786217166341205883e-03
1.743356343041655571e-03
1.615551521001276419e-03
1.914774215870473353e-03
1.926077642770202079e-03
1.907125913610607923e-03
1.846427145669446868e-03
1.929876316623580943e-03
1.834803985890090571e-03
1.474690818317925213e-03
1.719587589159267231e-03
1.816802417609492950e-03
1.745780208630427766e-03
1.666693052285767853e-03
1.909326022337710276e-03
1.876693872243564293e-03
1.486648017497244458e-03
1.906560191203026571e-03
1.457736119445018604e-03
1.536068839329701469e-03
1.816802417609492950e-03
1.463860054369891823e-03
1.693478121883332634e-03
1.431648354630345697e-03
1.613275123983098479e-03
1.860777454131066610e-03
1.615551521001276419e-03
1.911918985415558044e-03
1.571423249891018645e-03
1.926077642770202079e-03
1.367571300147850735e-03
1.406594588160527170e-03
1.743356343041655571e-03
1.442732459992588463e-03
1.666693052285767853e-03
1.846427145669446868e-03
1.820957914262167276e-03
1.816802417609492950e-03
1.965032183983048651e-03
1.486648017497244458e-03
1.912132817234088759e-03
1.719935191554252405e-03
1.474690818317925213e-03
1.920803366338789172e-03
1.486648017497244458e-03
1.968931109990265313e-03
1.846427145669446868e-03
1.837358697625697534e-03
1.846427145669446868e-03
1.693478121883332634e-03
1.423549287033433778e-03
1.745780208630427766e-03
1.743356343041655571e-03
1.423549287033433778e-03
1.786217166341205883e-03
1.463860054369891823e-03
1.869529041174924130e-03
1.719587589159267231e-03
1.765660886325001516e-03
1.872099445546658711e-03
1.873830440818824526e-03
1.872099445546658711e-03
1.857460038722445620e-03
1.907125913610607923e-03
1.804741130422169272e-03
1.666693052285767853e-03
1.615551521001276419e-03
1.816802417609492950e-03
1.615551521001276419e-03
1.854493243097656181e-03
1.911918985415558044e-03
1.897568676953938303e-03
1.510812296706547835e-03
1.965032183983048651e-03
1.666693052285767853e-03
1.765660886325001516e-03
1.719587589159267231e-03
1.926077642770202079e-03
1.907125913610607923e-03
1.537789548781736109e-03
1.794497874326147005e-03
1.869529041174924130e-03
1.765660886325001516e-03
1.878734785339089292e-03
1.694638677345936114e-03
1.820957914262167276e-03
1.860777454131066610e-03
1.920670572459415564e-03
1.719935191554252405e-03
1.855984382326116488e-03
1.794497874326147005e-03
1.765660886325001516e-03
1.804741130422169272e-03
1.588722504145164945e-03
1.666693052285767853e-03
1.816802417609492950e-03
1.794497874326147005e-03
1.693478121883332634e-03
1.865442500526851011e-03
1.613275123983098479e-03
1.719935191554252405e-03
1.878276324175025486e-03
1.615551521001276419e-03
1.719935191554252405e-03
1.536068839329701469e-03
1.442732459992588463e-03
1.693478121883332634e-03
1.854493243097656181e-03
1.510812296706547835e-03
1.765660886325001516e-03
1.743356343041655571e-03
1.770729120443758665e-03
1.515001585654383257e-03
1.562133592698607045e-03
1.834803985890090571e-03
1.719587589159267231e-03
1.963459222951946699e-03
1.786217166341205883e-03
1.837358697625697534e-03
1.588722504145164945e-03
1.794497874326147005e-03
1.911918985415558044e-03
1.442732459992588463e-03
1.442732459992588463e-03
1.854493243097656181e-03
1.869661835054297521e-03
1.907178955751279810e-03
1.872099445546658711e-03
1.855882661706660707e-03
1.834803985890090571e-03
1.770729120443758665e-03
1.666693052285767853e-03
1.719587589159267231e-03
1.562133592698607045e-03
1.855882661706660707e-03
1.837358697625697534e-03
1.745780208630427766e-03
1.642336590598841200e-03
1.816802417609492950e-03
1.834803985890090571e-03
1.786217166341205883e-03
1.587210370614193121e-03
1.666693052285767853e-03
1.765660886325001516e-03
1.945637215905287416e-03
1.561953827991039269e-03
1.538470728906197885e-03
1.888001733663080203e-03
1.666693052285767853e-03
1.719935191554252405e-03
1.945637215905287416e-03
1.853841490914813310e-03
1.587210370614193121e-03
1.613275123983098479e-03
1.588722504145164945e-03
1.615551521001276419e-03
1.743356343041655571e-03
1.694638677345936114e-03
1.588722504145164945e-03
1.639864035429656379e-03
1.537789548781736109e-03
1.457736119445018604e-03
1.743356343041655571e-03
1.668793660269760970e-03
1.905634774382147616e-03
1.457736119445018604e-03
1.515001585654383257e-03
1.855984382326116488e-03
1.816802417609492950e-03
1.906189428837356875e-03
1.416331579757677253e-03
1.666693052285767853e-03
1.666693052285767853e-03
1.719587589159267231e-03
1.743356343041655571e-03
1.423549287033433778e-03
1.694638677345936114e-03
1.719587589159267231e-03
1.837358697625697534e-03
1.719935191554252405e-03
1.588722504145164945e-03
1.872099445546658711e-03
1.869529041174924130e-03
1.745780208630427766e-03
1.668793660269760970e-03
1.642336590598841200e-03
1.854493243097656181e-03
1.639864035429656379e-03
1.639864035429656379e-03
1.804741130422169272e-03
1.968931109990265313e-03
1.719587589159267231e-03
1.786217166341205883e-03
1.615551521001276419e-03
1.816802417609492950e-03
1.924971972103315960e-03
1.719587589159267231e-03
1.719587589159267231e-03
1.562133592698607045e-03
1.834803985890090571e-03
1.765660886325001516e-03
1.406594588160527170e-03
1.719587589159267231e-03
1.869529041174924130e-03
1.587210370614193121e-03
1.666693052285767853e-03
1.816802417609492950e-03
1.882315262918123110e-03
1.719935191554252405e-03
1.613275123983098479e-03
1.745780208630427766e-03
1.561953827991039269e-03
1.719587589159267231e-03
1.820957914262167276e-03
1.765660886325001516e-03
1.694638677345936114e-03
1.794497874326147005e-03
1.914800856258941277e-03
1.406594588160527170e-03
1.816802417609492950e-03
1.392152416041967386e-03
1.745780208630427766e-03
1.561953827991039269e-03
1.870613613910096723e-03
1.878734785339089292e-03
1.865442500526851011e-03
1.510812296706547835e-03
1.693478121883332634e-03
1.878734785339089292e-03
1.442732459992588463e-03
1.587210370614193121e-03
1.642336590598841200e-03
1.666693052285767853e-03
1.794497874326147005e-03
1.666693052285767853e-03
1.912132817234088759e-03
1.431648354630345697e-03
1.770729120443758665e-03
1.587210370614193121e-03
1.794497874326147005e-03
1.693478121883332634e-03
1.820957914262167276e-03
1.846427145669446868e-03
1.770729120443758665e-03
1.743356343041655571e-03
1.873830440818824526e-03
1.537789548781736109e-03
1.816802417609492950e-03
1.854493243097656181e-03
1.561953827991039269e-03
1.392152416041967386e-03
1.493873991277079897e-03
1.558918478366336626e-03
1.639864035429656379e-03
1.855882661706660707e-03
1.719587589159267231e-03
1.423549287033433778e-03
1.914774215870473353e-03
1.588722504145164945e-03
1.561953827991039269e-03
1.562133592698607045e-03
1.837358697625697534e-03
1.558918478366336626e-03
1.770729120443758665e-03
