1.178656195103125137e+00
-4.950368492133647158e-01
-5.581662905348463433e-01
2.957320458138597008e-01
3.456059919214071741e-01
-5.806657992869346425e-03
-9.820968749693567146e-01
-9.363047056488815745e-02
-2.587489804967309515e-01
1.601640510607721668e-01
-2.353690160930436148e-01
2.766447687626319762e+00
3.365155929357783737e-01
7.151322490991972591e-01
-6.115855360322013795e-02
-1.670138735584744127e+00
-7.862986153691190472e-01
1.360980682581093282e-01
1.204724993498737629e+00
-1.004359077715646009e-03
-1.083971538142540325e+00
9.053856209386180742e-01
6.975407066227024000e-01
-7.027532934408861065e-01
-9.312530583626035252e-01
6.193280092714471552e-01
3.701044522125416791e-01
1.638431417578950222e-01
-6.417362861874184032e-01
1.359840855146798588e-01
-4.145059235769747719e-02
-3.023883686496000034e-01
-1.088147550746143777e+00
1.112804124276194795e+00
-4.762904576874763540e-01
1.628273655001893361e-01
-4.117777712195593021e-02
3.020079646377372695e-01
1.038851468374970777e+00
-6.464769660299350962e-01
-3.021091898741971038e-01
-5.288470674862132404e-01
-9.085589231237657382e-01
1.732905208475129383e-02
-2.477685913517734817e-01
2.075980006104471629e-02
9.852498043936636085e-01
3.749493700058479373e-01
-1.816086182438872709e-01
5.678405943110016452e-01
1.154894555329352812e+00
-1.772155045858673506e-01
-2.239245030102088307e+00
-6.318014187107782176e-01
-9.888429899584398608e-02
-7.661059663078639836e-02
2.966737945336528903e-01
-9.312530583626035252e-01
1.048065430300001655e+00
2.191822700022440618e+00
-2.151810422745156492e-01
-4.878419098572565615e-01
-3.250717607931681297e-01
-4.810192629059727443e-01
3.388623124175088597e-01
8.969682685165591973e-01
1.208673108537867247e+00
1.039583846187705607e+00
-3.239964008595728751e-01
7.141257329757777494e-01
-1.013754727588375593e+00
5.727664656274553123e-02
7.891471416536245398e-01
-9.390282115321899603e-01
5.126342295269887828e-01
-2.981640909617604973e-01
9.509970418121379554e-01
4.198410181140257436e-01
7.023704404080175490e-01
-7.148557546030361864e-01
3.972308637990578095e-01
-2.214254221731680461e-01
1.072247387412879949e+00
1.535651184621159571e+00
5.226382567761009845e-01
-1.412165447561419540e-01
6.191232532893540252e-01
7.219675991421367067e-01
-7.501367621490524495e-01
4.482556661728776676e-02
-7.800512300603298921e-02
3.712925367538857241e-02
-4.596730229994650530e-01
-8.182949762188105325e-01
5.275764214091305249e-01
-3.955555903245206451e-01
1.365331086930840820e+00
-3.793717507821010165e-02
1.473021155079597966e+00
-1.313328526776952332e-01
1.716427228947727812e+00
4.034662789698866825e-01
5.584328547443349056e-01
-7.532848717276560135e-01
1.518714168404251996e+00
4.160721230741168952e-01
-1.533341570751535488e-01
2.210206648207480473e+00
1.189764114598017120e+00
1.703242241375120258e+00
5.378793161521164823e-01
-1.398221094313494839e-01
1.024541863417428145e+00
2.742046523920974033e-01
1.065006379666976422e+00
2.284103685081527724e-01
7.055655177919899212e-02
-1.195364428869259088e+00
1.926651917361138722e+00
-2.419973983322173172e+00
8.012544112240794769e-01
-4.545073178178208329e-01
-7.803050082317336544e-01
-5.572829252022546420e-01
-1.091605666905831468e-01
9.611034548270835920e-01
-2.639228482374915141e-01
2.015668141313276263e-01
7.446589434035266741e-01
2.173535742633548651e+00
1.671980538823434115e+00
3.119423968597108132e-01
-1.159825716067715007e+00
1.528362434542527293e+00
-3.864707586236530434e-01
5.670349861543468872e-01
-7.778330807670454927e-01
2.033822577391720399e-01
-1.516447331242895658e+00
-7.800512300603298921e-02
8.718067174042427592e-01
-7.925447664367614442e-02
-7.919505567460193296e-01
-1.225026691320307615e+00
-8.043204377749417766e-01
-1.351675298785117940e+00
-1.058005489704973018e-01
-6.467560042139239851e-01
-5.744406804903137154e-01
1.421387077390592335e+00
2.345486714761974234e+00
-6.316033351333114609e-01
-1.245747133105598731e-01
-7.871274280682963864e-01
7.992380981329894052e-01
1.753990345255164396e+00
-1.038954198376716320e+00
6.042285656934089921e-01
-3.328033194937512484e-01
1.110479982467541815e-01
-1.481851515662674368e+00
7.729776709281636071e-01
8.791061388474168403e-01
3.278367138512413015e-01
2.175599081071582397e+00
-1.139381040823820745e+00
-1.001478272984673401e+00
8.117953891238014474e-01
-1.928154525553818610e+00
2.256383191935390775e-01
9.446999315248132134e-02
1.266454758010809867e-02
-1.283423821795896647e+00
1.006901155856526175e+00
-3.492004327636518690e-01
1.672024433848757485e-01
4.852817671384731524e-01
7.200819035107050015e-01
5.249390784768896978e-01
-8.660648888257207467e-01
3.907835064172053285e-01
6.283730307585803088e-01
-2.594449550805322247e-01
-1.631748244177863905e+00
-5.290432232879375141e-01
-5.214081863372531656e-01
6.528665598410954285e-01
-1.755157014107324998e-01
-5.366881286584123112e-01
3.423850334827659159e-02
5.370156499077324286e-01
-8.718702330140945533e-02
-3.879029489210385900e-02
1.966087298619054957e+00
1.586412814456883646e+00
-7.338398714043231630e-02
8.156623646933236493e-01
3.278367138512413015e-01
2.543702504039082046e-01
-2.333567611490980021e+00
-4.204390300451266160e-01
4.522374749303595953e-01
-2.081218060858399443e+00
1.867258024059461397e+00
1.225785316880068310e+00
2.271452601725838516e-01
-3.695599650700805983e-01
7.197465523048490743e-01
-1.485194185428231783e+00
-1.495328474684066933e+00
1.074976400506671759e+00
-1.214475300788284917e+00
-1.025949522892926513e+00
-5.767794064401001730e-01
-4.408262750276101954e-02
1.135281201068022300e-01
-1.850888418480481634e-01
5.167268373874939202e-01
5.874356943723505475e-01
7.120609897952739908e-01
1.886672292745695145e+00
-1.002799631772805400e+00
5.305759674263057502e-01
2.748321960441050260e-01
2.246278668704526638e+00
-3.108826957528711965e-01
2.033756282771410073e-01
1.167283721554910780e+00
8.410643853976118578e-01
-4.160090093023878222e-01
-1.823747222249635092e-01
2.867155142561171877e-01
3.329582607750943168e+00
2.031093336625557910e+00
8.259361276596787205e-01
2.284103685081527724e-01
-1.878028070024007901e-01
-1.337284318331356747e+00
2.375106922712160729e-01
3.206639047140230625e-01
-6.442511442537398603e-01
-9.667869709777751619e-02
-1.012087211901690376e+00
1.101805536582030509e+00
-3.531335990781778733e-01
5.756423149654288363e-01
-3.285859229280719829e-01
-6.493154058452167421e-01
5.365697595017299149e-01
1.638021552075517029e-01
-2.049903826749111868e+00
-1.731283949684153112e-01
-5.798821261776857527e-01
-6.680741724485395050e-01
-1.767633483804934791e+00
-9.074771297739997467e-01
1.063103497515165641e+00
2.741344077128618495e-01
-4.494891888581681316e-02
-1.469022979754036173e+00
-3.617451179176943699e-01
-7.632694254221585040e-02
-2.448880660802747466e-01
1.004811316410725075e+00
1.542213577088648258e+00
5.559594539301934008e-02
5.452059630144699687e-02
1.737370735060580484e+00
-6.464793338282766033e-01
-5.416174119317201940e-01
-9.172708899629559154e-01
-3.031119282155544936e-01
1.675195230798443680e+00
-3.528763757840942539e-01
-1.004996720311540415e+00
6.446871268314475767e-01
-1.032062143102329133e+00
-1.033153642359734975e-01
1.121956575537112588e+00
-2.573013562827753398e-01
-1.344889618602520764e+00
4.993505562981409018e-01
-6.368559690540356311e-01
2.049903204822908442e+00
1.217582961657833085e+00
-2.697053881390058527e-01
-1.151251513932891379e+00
2.794963438021222046e+00
-2.707060858257958821e-02
-3.019810262680488466e-01
3.088041580226804084e-01
5.063162072091323962e-01
1.501740201368122474e+00
-1.514863871175803123e+00
9.926304920675979027e-01
-6.554278370007340926e-02
1.728883376006739470e+00
-8.094038724296552800e-01
5.475277321864829849e-01
1.644407212806526575e+00
1.816404841234741774e+00
7.641215056646281090e-01
-4.426256410978886557e-01
5.722926289488712293e-01
-5.840466299464402988e-01
2.138175273827586320e+00
-2.440583640087845840e-01
6.038708971012775040e-01
2.099614002884604869e+00
-4.092739386375622290e-01
7.730203923543593758e-01
3.549527647264238972e-01
1.495814186134305279e+00
-1.780575131580079740e+00
-3.638813893669243793e-01
4.873076205100785319e-01
-1.987552959132964370e+00
4.051905304912406969e+00
