-1.883299793826427038e-01
-6.455130402234120490e-01
-9.993518600699565768e-01
7.950590204614096379e-01
-3.583477469498335677e-01
9.842506447717754847e-01
2.178620572155256785e-01
-6.038744589482257785e-01
1.757333554812822829e+00
-2.034885780549847700e-01
-1.335638675809549314e+00
2.029727321766694015e+00
4.325714101128705913e-01
1.351638958789884160e-01
-7.156515045514295625e-01
1.441150675696871442e-01
-2.318821262311536735e-01
5.052458978741052320e-01
1.066283762367682408e+00
1.351931344065272766e-01
-1.724808736094064709e+00
1.130530078505288083e+00
1.510270422151674119e-01
-1.111658509700555131e+00
1.597703587606130182e-01
4.458100167238331912e-01
-1.967138515994975301e-01
1.003845049543591328e+00
-1.535335719479486771e+00
-8.573938158287406353e-01
-1.186836210157376642e-01
-2.127821629333158437e+00
8.913451964357698154e-01
-3.312389550759823886e-01
-1.135409238497475881e+00
3.773860750897890526e-01
-6.975355397238027777e-01
-6.220003160778717621e-01
1.121462642228513218e+00
-1.035413821914944688e+00
-2.115948655846153770e-01
-1.437030666754477992e-01
-9.766448637479354655e-01
5.601788220964114551e-01
-1.133498621142212892e+00
3.014191311888246294e-01
6.083538002323418681e-01
-5.287933159659354843e-01
1.974765325344834288e+00
7.226192410813634392e-01
2.975435189968894667e-01
7.435994118396080932e-01
-8.613088236835690914e-01
-7.887152676888361524e-01
2.980706118221081516e-02
-6.005065131279641033e-01
3.435110812082080578e-01
1.597703587606130182e-01
8.200349421089683233e-01
2.007587950009464439e+00
1.159961818431183955e+00
4.137445316819330920e-01
5.567794301583227357e-02
-7.240359934814499798e-01
6.282025130641677446e-01
7.051667460665806964e-01
1.035484835575080753e+00
1.484814131653802161e+00
-8.562810371780917862e-01
9.283716992673761714e-01
1.079256921710263079e-01
1.014045919583978383e+00
1.783347507333189197e-01
6.296354348856518790e-01
6.156645204022639373e-01
-7.970845676898855592e-01
1.483951609785389536e+00
4.842210155747916911e-01
3.212825641382235364e-01
-9.933093535011789932e-01
-4.949634540298636365e-02
-5.216723258340038027e-01
-8.038077320111752799e-01
1.088625138887792332e+00
5.977140947886845357e-01
1.886520784182184607e-01
7.108103608491808112e-01
5.494483661355844314e-04
4.591917267649568979e-01
8.649879822062812584e-01
3.209328882473325262e+00
1.933165022178702896e+00
-4.296717255034913918e-02
-1.030364003003848339e+00
2.040622774512318660e+00
-1.028862879070368219e+00
1.600340294463699076e+00
-1.036605238118859518e+00
1.400373918321608180e+00
-2.244859572367992495e+00
6.242500003444315659e-01
2.584920762705549269e-01
-6.896994033213826869e-01
-1.120032653635944619e+00
1.017379605676180798e+00
8.102837151927428927e-01
-9.410160430514215024e-01
1.315640539458871716e+00
4.816299044309249600e-01
1.050933393954732065e+00
-4.636310192340536429e-01
-2.914451221476621168e+00
5.114091379476354282e-01
-5.427911353467932409e-01
1.099569858792424304e+00
-9.362467391185355092e-01
9.682633868892719375e-01
-1.172177339522621820e+00
1.986170007623336620e+00
-8.153233236878471013e-01
1.388146105824879850e+00
1.105017140044536994e+00
-3.411002098271311844e-01
-3.589341290603546009e-01
1.166918190002040223e+00
7.265500294254449987e-01
2.086213954877454146e-01
9.798307794439680141e-01
6.009794824005844083e-01
6.074779025144184663e-01
-4.484964329108772629e-01
3.078626276205829182e-01
-1.186390616782694307e+00
7.478889155292339774e-01
-8.199548427825258390e-01
-3.743557698256058663e-03
-9.648650863630064967e-01
1.281139670768255634e+00
-1.247658042080527663e+00
3.209328882473325262e+00
-9.433685175466071104e-01
-4.474634961838114267e-01
-1.136421580130029696e+00
-1.566464367890051390e+00
-7.759210389418032261e-02
-1.652936026753381693e+00
-1.113627275021947138e+00
-1.192647413703449510e+00
5.294173458022025658e-01
7.584769212098664282e-01
5.639949213830114383e-01
-7.867638685181717051e-01
2.984872738422319483e-01
-8.989977947127456570e-01
1.091948975077914330e+00
7.944368801598112872e-01
-6.017138204878709207e-01
8.331287994550489184e-01
-5.238699286347772155e-01
-3.418960425407884252e-01
-1.208651320503064008e+00
8.353118071176772741e-01
3.731712674326103651e-01
1.306936080778778209e+00
1.002477800780998018e+00
-2.774282197837793618e+00
-1.478009062438569721e-01
8.615502528481559785e-02
6.294921624296315743e-01
-2.976527858865746223e-01
-5.996798585107150359e-01
1.565474133992752037e+00
-1.528926015380157821e+00
1.219545368486236514e+00
-1.504404578073088306e-01
3.411742490662272864e-01
4.193653480756474872e-02
1.352171065037729158e-01
1.075550117213412760e+00
-2.796757618244921639e-01
9.337951867523572869e-01
7.233905030282730131e-01
-2.305127202559217048e-01
-1.482960146788050437e+00
-7.352581210337056916e-01
2.667070441233396205e-01
-6.391255363907422105e-01
-2.095773735901117554e-02
-3.159832143437154572e-01
-1.656206120931729420e-01
-5.007429469253896898e-02
-6.274927750250753888e-01
-2.029266742668879964e+00
9.763699691702645289e-01
1.693093880043426536e+00
1.957200902483195726e-01
8.310598256356774849e-01
1.306936080778778209e+00
-6.409014560693938600e-01
-8.955568051896410919e-01
-7.515129421496087592e-02
8.704621451514565900e-01
-2.017148700339643330e+00
1.405966811433216002e+00
1.720779856535325614e+00
-8.271484677801594909e-01
-1.173451336204583306e+00
2.268259603059066709e+00
-3.638256137044339478e-01
-2.478461241727105968e-01
6.750509975485478043e-01
2.220231710156499449e-01
2.600274146382458018e-01
9.544784629735822978e-01
-1.702834146457472830e-01
1.119641394586832428e+00
4.359421756712867912e-01
6.322587652970311778e-01
9.892852658551402056e-01
4.010874172089365919e-01
1.257171402732478294e+00
-1.559923065731534386e+00
6.964288312728567076e-01
-1.489265271559097936e+00
1.268134915821928832e+00
-4.982638543894825078e-01
-4.911385540393315430e-01
1.267133835214245274e-01
1.371941247485857884e+00
6.278626594457518972e-02
-4.719076571157489464e-01
9.826197503923619347e-01
2.571970582893748247e+00
1.408433625968327663e+00
2.841599287451377909e-01
-9.362467391185355092e-01
1.338748810318240723e-01
-1.372383654103290551e+00
1.358960605594520255e-01
-8.550723095943593699e-02
-7.498959146244625895e-01
-5.913321318932793780e-01
-9.563086246839153093e-01
3.011509576452009451e-01
-5.922218729099690826e-01
2.252371455626829722e+00
-1.285972138758952887e+00
-5.531139138653436982e-01
-4.829856954439472605e-01
-8.425049442712732872e-02
-4.074016996843774496e-01
-1.167827951708741763e+00
-4.718722986935038888e-01
8.320595564141465283e-01
-2.853059236976387969e-01
1.531363262796570646e-01
1.236690592290319524e+00
1.069233603765822993e+00
-3.904960809214851059e-02
-1.569826206972785965e+00
-2.523054480151774914e+00
-9.723387482518589531e-01
-8.595192780593009507e-01
1.071621557800056301e+00
1.050258691332997429e+00
5.427016935354370686e-01
-3.427978355367086727e-01
2.056567471324081797e+00
-1.300356563241019670e+00
-4.467662304456323508e-01
-1.148993155220320528e+00
-9.559082146673896219e-01
9.990004467221685891e-01
-6.627252951453472818e-01
4.768407197283680010e-01
8.407367759307344812e-01
-1.130732330878683412e+00
5.919102314907580542e-01
7.532984874405358466e-01
-2.214776167701134335e-01
2.086105923059253520e-01
-1.429356840816286445e+00
-1.596886119247249214e+00
1.334399831791500679e+00
1.445770279576837625e-01
1.078208361329952680e+00
-1.199588130445003342e+00
1.918896671667667642e+00
6.252800805984241872e-02
-5.525342053142865417e-01
-2.609569276439064334e-01
-7.677032194347279681e-01
2.275027706276570250e+00
-1.520729689126698370e+00
9.627239514445733448e-01
9.194682171159367090e-02
8.742220828486431117e-01
-1.397594271895042706e+00
-8.882736933626159681e-01
5.741646605503732959e-01
1.954868825681451039e+00
6.670687689576079160e-01
-5.114875589122235278e-01
1.542276050373238228e+00
-1.218967688415529160e+00
1.402390323012296269e+00
1.154677743739396766e-02
4.855053907387648082e-01
1.883748414789418568e+00
-2.438385223690127737e-02
-3.020246132771648995e-01
8.272255906321521191e-02
9.749718933086730654e-01
-2.986112625154766498e-01
-2.013111871072930659e-01
9.393571777512300658e-01
-3.382685295586539964e-01
1.354527974133892254e+00
