2.359662201751944253e-04
5.303517207576353022e-04
5.410572520189143707e-04
1.177144061739098836e-03
2.535370061108854745e-04
1.218319419046070022e-03
3.655186102991867360e-04
2.440660525379406091e-04
1.186966362786304706e-03
3.844045714526182723e-04
3.687964069329839568e-04
9.375829510819768016e-04
2.579032172140054906e-04
5.822326093258856647e-04
4.814025827411065866e-04
5.303517207576353022e-04
5.270739241238379729e-04
1.242297627573836494e-03
4.225941853608473713e-04
3.470205951568146947e-04
4.633749406516743494e-04
5.890809705701888525e-04
5.410572520189143707e-04
1.246494224204608989e-03
5.117997127682429297e-04
4.448025615335359797e-04
1.216707351256626031e-03
4.258719819946446463e-04
4.781247861073093658e-04
5.150775094020401505e-04
4.633749406516743494e-04
5.979819474917647676e-04
1.228230488011910690e-03
3.323748592672525924e-04
4.225941853608473713e-04
5.270739241238379729e-04
2.839165234907819156e-04
1.241946692620977347e-03
1.231508284645707911e-03
4.034919420091561348e-04
1.147886522488427395e-03
4.954211545600823016e-04
2.701562875230045031e-04
4.225941853608473713e-04
4.034919420091561348e-04
1.214729372315103990e-03
4.600971440178771286e-04
2.957195918755871756e-04
4.225941853608473713e-04
2.386647200041548526e-04
4.034919420091561348e-04
6.082681968735640255e-04
5.410572520189143707e-04
4.814025827411065866e-04
3.844045714526182723e-04
5.270739241238379729e-04
1.213166348287846811e-03
3.152123459708590478e-04
2.806387268569846948e-04
4.954211545600823016e-04
1.228230488011910690e-03
2.668784908892072824e-04
4.633749406516743494e-04
4.954211545600823016e-04
2.839165234907819156e-04
1.114211595827493614e-03
4.225941853608473713e-04
4.781247861073093658e-04
1.243216427570811768e-03
4.954211545600823016e-04
2.353869233703576318e-04
4.954211545600823016e-04
3.844045714526182723e-04
1.192933251950203076e-03
4.781247861073093658e-04
2.579032172140054906e-04
4.814025827411065866e-04
3.290970626334553716e-04
1.140725911146955179e-03
6.058598829007928819e-04
6.024567262487799928e-04
4.258719819946446463e-04
1.191746820726856740e-03
4.415247648997387047e-04
5.979819474917647676e-04
1.174742993317155846e-03
5.855104059596828855e-04
5.270739241238379729e-04
1.237020713014524076e-03
4.415247648997387047e-04
4.600971440178771286e-04
2.668784908892072824e-04
6.009339032943397186e-04
1.124347352938794443e-03
5.740822876992973927e-04
4.067697386429533555e-04
6.009339032943397186e-04
1.107050984486021615e-03
3.470205951568146947e-04
1.225167780290373210e-03
4.225941853608473713e-04
6.097584475928542313e-04
1.156000122502550331e-03
2.407959339613707805e-04
1.166705653763829400e-03
4.258719819946446463e-04
3.346202436090397786e-04
1.186966362786304706e-03
4.600971440178771286e-04
3.152123459708590478e-04
1.199592399584654620e-03
4.954211545600823016e-04
4.781247861073093658e-04
6.024567262487799928e-04
3.119345493370618270e-04
2.546254205802082156e-04
4.814025827411065866e-04
1.189655455316405638e-03
1.295888050834128659e-04
3.290970626334553716e-04
3.876823680864154931e-04
5.979819474917647676e-04
3.502983917906119697e-04
4.448025615335359797e-04
3.687964069329839568e-04
5.270739241238379729e-04
4.034919420091561348e-04
4.067697386429533555e-04
5.568464422300186106e-04
5.645532262646629036e-04
2.473438491717378299e-04
3.687964069329839568e-04
1.228496637399843338e-03
5.150775094020401505e-04
2.957195918755871756e-04
3.290970626334553716e-04
3.470205951568146947e-04
2.839165234907819156e-04
5.443350486527115915e-04
1.245845257313038697e-03
2.806387268569846948e-04
5.410572520189143707e-04
1.228445576924170430e-03
4.067697386429533555e-04
5.410572520189143707e-04
4.448025615335359797e-04
4.448025615335359797e-04
3.470205951568146947e-04
2.957195918755871756e-04
1.211158807704598023e-03
3.119345493370618270e-04
5.947041508579675468e-04
4.258719819946446463e-04
3.323748592672525924e-04
4.814025827411065866e-04
5.978437073131759403e-04
5.945659106793787195e-04
2.386647200041548526e-04
4.448025615335359797e-04
4.448025615335359797e-04
5.645532262646629036e-04
5.855104059596828855e-04
1.238935045375112558e-03
3.290970626334553716e-04
5.303517207576353022e-04
4.814025827411065866e-04
2.957195918755871756e-04
5.991789296149827720e-04
4.034919420091561348e-04
5.303517207576353022e-04
5.568464422300186106e-04
4.258719819946446463e-04
4.067697386429533555e-04
3.290970626334553716e-04
5.890809705701888525e-04
6.047966098166284018e-04
3.655186102991867360e-04
3.290970626334553716e-04
5.270739241238379729e-04
3.844045714526182723e-04
1.096183953738061540e-03
1.202870196218451624e-03
1.216897068021497276e-03
5.773600843330946135e-04
1.193664376920398635e-03
1.236055816229339552e-03
1.229368673173024916e-03
1.147886522488427395e-03
5.855104059596828855e-04
3.470205951568146947e-04
4.034919420091561348e-04
2.839165234907819156e-04
4.954211545600823016e-04
4.415247648997387047e-04
3.844045714526182723e-04
6.037202714281098871e-04
1.235265739335167021e-03
4.258719819946446463e-04
3.876823680864154931e-04
1.242212842008909779e-03
1.042856548363137658e-03
3.470205951568146947e-04
2.579032172140054906e-04
4.600971440178771286e-04
1.152722325868753110e-03
4.448025615335359797e-04
4.258719819946446463e-04
4.415247648997387047e-04
4.986989511938795224e-04
3.844045714526182723e-04
2.806387268569846948e-04
4.986989511938795224e-04
5.979819474917647676e-04
3.876823680864154931e-04
4.415247648997387047e-04
4.633749406516743494e-04
1.228445576924170430e-03
4.034919420091561348e-04
4.448025615335359797e-04
3.844045714526182723e-04
5.443350486527115915e-04
1.147886522488427395e-03
2.579032172140054906e-04
3.290970626334553716e-04
3.470205951568146947e-04
4.034919420091561348e-04
4.814025827411065866e-04
5.117997127682429297e-04
5.947041508579675468e-04
4.954211545600823016e-04
4.225941853608473713e-04
2.287745696854123442e-04
2.701562875230045031e-04
3.655186102991867360e-04
4.986989511938795224e-04
4.415247648997387047e-04
1.218007168948900994e-03
3.119345493370618270e-04
4.633749406516743494e-04
2.189581544927771053e-04
5.270739241238379729e-04
1.192933251950203076e-03
3.119345493370618270e-04
1.194272755377321152e-03
2.701562875230045031e-04
2.668784908892072824e-04
2.701562875230045031e-04
1.209888551654049373e-03
5.645532262646629036e-04
1.196517038428397423e-03
4.781247861073093658e-04
1.135123828631152227e-03
2.701562875230045031e-04
2.287745696854123442e-04
5.645532262646629036e-04
4.954211545600823016e-04
2.353869233703576318e-04
1.216609399318267911e-03
4.600971440178771286e-04
5.270739241238379729e-04
4.415247648997387047e-04
1.058680995081031674e-03
4.225941853608473713e-04
4.225941853608473713e-04
4.034919420091561348e-04
4.986989511938795224e-04
4.781247861073093658e-04
1.213446894053278862e-03
2.440660525379406091e-04
2.440660525379406091e-04
3.844045714526182723e-04
5.150775094020401505e-04
2.668784908892072824e-04
1.077611574619923062e-03
1.244161216170609980e-03
4.781247861073093658e-04
4.814025827411065866e-04
5.117997127682429297e-04
1.152722325868753110e-03
4.954211545600823016e-04
4.600971440178771286e-04
4.448025615335359797e-04
4.814025827411065866e-04
1.117489392461291052e-03
1.042856548363137658e-03
1.242212842008909779e-03
1.165632003149605789e-03
1.085745545762792103e-03
4.034919420091561348e-04
3.655186102991867360e-04
3.876823680864154931e-04
3.655186102991867360e-04
2.819580700485851640e-04
2.668784908892072824e-04
4.954211545600823016e-04
4.225941853608473713e-04
1.228496637399843338e-03
4.814025827411065866e-04
4.814025827411065866e-04
1.230790960578152012e-03
1.114211595827493614e-03
4.633749406516743494e-04
2.839165234907819156e-04
4.954211545600823016e-04
1.077611574619923062e-03
4.986989511938795224e-04
1.216609399318267911e-03
5.678310228984601244e-04
4.986989511938795224e-04
4.954211545600823016e-04
5.822326093258856647e-04
1.192933251950203076e-03
1.077611574619923062e-03
2.266799703176460587e-04
3.470205951568146947e-04
1.147886522488427395e-03
3.323748592672525924e-04
3.502983917906118613e-04
