5.499248692282462465e-08
5.416677574466783336e-08
5.416210414217027706e-08
5.450572652870642867e-08
5.653895808976812237e-08
5.444719356324749183e-08
5.411679858482416012e-08
5.429733024252533126e-08
5.523842886404714470e-08
5.410850041675977560e-08
5.413652518129715965e-08
5.503550477852767335e-08
5.426877894021296040e-08
5.422696599783227282e-08
5.413634260556983308e-08
5.416677574466783336e-08
5.414931240329443970e-08
5.457496365973959162e-08
5.410227580481942116e-08
5.412844181601383143e-08
5.412934175273103614e-08
5.425136346045530296e-08
5.416210414217027706e-08
5.447741473176422212e-08
5.413721324515865378e-08
5.412474574623822820e-08
5.480879276925283447e-08
5.412296046450891250e-08
5.411659289360870468e-08
5.415555543679346934e-08
5.412934175273103614e-08
5.429138362316336276e-08
5.473895760366084105e-08
5.416100405193923216e-08
5.410227580481942116e-08
5.414931240329443970e-08
5.421728666807326235e-08
5.441498506491759743e-08
5.469488767913229118e-08
5.410366208841915951e-08
5.453205785388240954e-08
5.412614347737412423e-08
5.424127976890611762e-08
5.410227580481942116e-08
5.410366208841915951e-08
5.476052060734124036e-08
5.410910348834099835e-08
5.418149189907561925e-08
5.410227580481942116e-08
5.434046379553972417e-08
5.410366208841915951e-08
5.441519021064265693e-08
5.416210414217027706e-08
5.413634260556983308e-08
5.410850041675977560e-08
5.414931240329443970e-08
5.480081713901163938e-08
5.417730106510372921e-08
5.420483451460166002e-08
5.412614347737412423e-08
5.473895760366084105e-08
5.423131468404271694e-08
5.412934175273103614e-08
5.412614347737412423e-08
5.421728666807326235e-08
5.455538096605783487e-08
5.410227580481942116e-08
5.411659289360870468e-08
5.450469140648495861e-08
5.412614347737412423e-08
5.434038533524042951e-08
5.412614347737412423e-08
5.410850041675977560e-08
5.447001435117815449e-08
5.411659289360870468e-08
5.426877894021296040e-08
5.413634260556983308e-08
5.414323528793080064e-08
5.483690651698572533e-08
5.436745389215354055e-08
5.432619849292440784e-08
5.412296046450891250e-08
5.498757688541670810e-08
5.410418914633273365e-08
5.429138362316336276e-08
5.568373768079949847e-08
5.423920540250395789e-08
5.414931240329443970e-08
5.472553543196780159e-08
5.410418914633273365e-08
5.410910348834099835e-08
5.423131468404271694e-08
5.492549157988607276e-08
5.484899233645807767e-08
5.420690983207341008e-08
5.412426447334322669e-08
5.492549157988607276e-08
5.486020306356395112e-08
5.412844181601383143e-08
5.443786898832048975e-08
5.410227580481942116e-08
5.446907842287055272e-08
5.482336489642119264e-08
5.527142187536730869e-08
5.484459630750792248e-08
5.412296046450891250e-08
5.643327873830369774e-08
5.523842886404714470e-08
5.410910348834099835e-08
5.417730106510372921e-08
5.478046050904153513e-08
5.412614347737412423e-08
5.411659289360870468e-08
5.432619849292440784e-08
5.416096713087759893e-08
5.426169178786902322e-08
5.413634260556983308e-08
5.449067961421542818e-08
6.383805478264235258e-08
5.414323528793080064e-08
5.412879013355101021e-08
5.429138362316336276e-08
5.414733478116522575e-08
5.412474574623822820e-08
5.413652518129715965e-08
5.414931240329443970e-08
5.410366208841915951e-08
5.412426447334322669e-08
5.419099109405846172e-08
5.419013458846128449e-08
5.430112853962056226e-08
5.413652518129715965e-08
5.481903759520558984e-08
5.415555543679346934e-08
5.418149189907561925e-08
5.414323528793080064e-08
5.412844181601383143e-08
5.421728666807326235e-08
5.417859865164069974e-08
5.444989390226294658e-08
5.420483451460166002e-08
5.416210414217027706e-08
5.441300293487597432e-08
5.412426447334322669e-08
5.416210414217027706e-08
5.412474574623822820e-08
5.412474574623822820e-08
5.412844181601383143e-08
5.418149189907561925e-08
5.473439380014225729e-08
5.416096713087759893e-08
5.428100718239852015e-08
5.412296046450891250e-08
5.416100405193923216e-08
5.413634260556983308e-08
5.498411470924723707e-08
5.496272112362091265e-08
5.434046379553972417e-08
5.412474574623822820e-08
5.412474574623822820e-08
5.419013458846128449e-08
5.423920540250395789e-08
5.465816704639860777e-08
5.414323528793080064e-08
5.416677574466783336e-08
5.413634260556983308e-08
5.418149189907561925e-08
5.431655900589626680e-08
5.410366208841915951e-08
5.416677574466783336e-08
5.419099109405846172e-08
5.412296046450891250e-08
5.412426447334322669e-08
5.414323528793080064e-08
5.425136346045530296e-08
5.471593867095613728e-08
5.411679858482416012e-08
5.414323528793080064e-08
5.414931240329443970e-08
5.410850041675977560e-08
5.456727887608015957e-08
5.478168913639597238e-08
5.484058214535667077e-08
5.422020186153755235e-08
5.481337498854645321e-08
5.471405978147660571e-08
5.479378495716206486e-08
5.453205785388240954e-08
5.423920540250395789e-08
5.412844181601383143e-08
5.410366208841915951e-08
5.421728666807326235e-08
5.412614347737412423e-08
5.410418914633273365e-08
5.410850041675977560e-08
5.486229954436977585e-08
5.443445114970346929e-08
5.412296046450891250e-08
5.412879013355101021e-08
5.463530165134274598e-08
5.459483934202512632e-08
5.412844181601383143e-08
5.426877894021296040e-08
5.410910348834099835e-08
5.485905262193075700e-08
5.412474574623822820e-08
5.412296046450891250e-08
5.410418914633273365e-08
5.414525447881085161e-08
5.410850041675977560e-08
5.420483451460166002e-08
5.414525447881085161e-08
5.429138362316336276e-08
5.412879013355101021e-08
5.410418914633273365e-08
5.412934175273103614e-08
5.441300293487597432e-08
5.410366208841915951e-08
5.412474574623822820e-08
5.410850041675977560e-08
5.417859865164069974e-08
5.453205785388240954e-08
5.426877894021296040e-08
5.414323528793080064e-08
5.412844181601383143e-08
5.410366208841915951e-08
5.413634260556983308e-08
5.413721324515865378e-08
5.428100718239852015e-08
5.412614347737412423e-08
5.410227580481942116e-08
5.439400953155489420e-08
5.424127976890611762e-08
5.411679858482416012e-08
5.414525447881085161e-08
5.410418914633273365e-08
5.471862485133392355e-08
5.416096713087759893e-08
5.412934175273103614e-08
5.783249097724398241e-08
5.414931240329443970e-08
5.447001435117815449e-08
5.416096713087759893e-08
5.489513309117941971e-08
5.424127976890611762e-08
5.423131468404271694e-08
5.424127976890611762e-08
5.481919694614353689e-08
5.419013458846128449e-08
5.478589217211504713e-08
5.411659289360870468e-08
5.981722854289038076e-08
5.424127976890611762e-08
5.439400953155489420e-08
5.419013458846128449e-08
5.412614347737412423e-08
5.434038533524042951e-08
5.498529493964333435e-08
5.410910348834099835e-08
5.414931240329443970e-08
5.410418914633273365e-08
5.459434722569476814e-08
5.410227580481942116e-08
5.410227580481942116e-08
5.410366208841915951e-08
5.414525447881085161e-08
5.411659289360870468e-08
5.443720583734006024e-08
5.429733024252533126e-08
5.429733024252533126e-08
5.410850041675977560e-08
5.415555543679346934e-08
5.423131468404271694e-08
5.458010630116721356e-08
5.459103785610135228e-08
5.411659289360870468e-08
5.413634260556983308e-08
5.413721324515865378e-08
5.485905262193075700e-08
5.412614347737412423e-08
5.410910348834099835e-08
5.412474574623822820e-08
5.413634260556983308e-08
5.453900931369881324e-08
5.459483934202512632e-08
5.463530165134274598e-08
5.552501480061085036e-08
5.490408441033273019e-08
5.410366208841915951e-08
5.411679858482416012e-08
5.412879013355101021e-08
5.411679858482416012e-08
5.596719428696832023e-08
5.423131468404271694e-08
5.412614347737412423e-08
5.410227580481942116e-08
5.481903759520558984e-08
5.413634260556983308e-08
5.413634260556983308e-08
5.443329227976354312e-08
5.455538096605783487e-08
5.412934175273103614e-08
5.421728666807326235e-08
5.412614347737412423e-08
5.458010630116721356e-08
5.414525447881085161e-08
5.498529493964333435e-08
5.420451108102543891e-08
5.414525447881085161e-08
5.412614347737412423e-08
5.422696599783227282e-08
5.447001435117815449e-08
5.458010630116721356e-08
5.482503162577416676e-08
5.412844181601383143e-08
5.453205785388240954e-08
5.416100405193923216e-08
5.414733478116522575e-08
