7.140926308158999968e-04
6.553565190034999583e-04
1.669868977549900102e-03
1.751217248684399904e-03
1.488289787944700000e-03
6.396683782198000177e-04
6.632860021598000269e-04
7.864582332364999625e-04
6.781158968807999557e-04
7.161111479876999635e-04
6.542882387806000502e-04
1.529652711115299943e-03
7.106610192786000021e-04
7.198951359662999778e-04
8.348080769951000003e-04
6.272568717608999851e-04
6.610790433030000381e-04
6.858217608421000215e-04
7.405674837717000263e-04
6.684718838913000132e-04
7.859748369040000333e-04
7.834827739759999939e-04
6.632284357457999841e-04
1.466951808616200016e-03
6.763187133046000363e-04
6.751349733206999477e-04
7.951310419053999679e-04
6.203286895745000005e-04
6.992223036437000220e-04
1.402697990573300094e-03
6.857283948801000048e-04
6.438401103188000092e-04
7.312003967266999865e-04
6.808745991382999943e-04
6.388498041128000361e-04
6.646573434307000323e-04
6.739769918994000311e-04
1.467604862077000021e-03
1.557209545326000005e-03
7.401858498210000040e-04
1.531351860800800021e-03
7.498248786756999719e-04
7.080046213888000406e-04
1.415758082490999959e-03
7.579553851323000101e-04
7.032776989421000340e-04
7.996945194546999482e-04
6.512405117132000036e-04
6.673047889165000185e-04
6.485460713054999778e-04
6.860780989171000018e-04
6.769217412535000200e-04
7.356582494668999737e-04
7.403054990776000146e-04
1.552385931555700076e-03
7.203728046683000302e-04
1.582274581290300016e-03
6.875537368309000410e-04
1.444786114773900006e-03
6.200272119033999833e-04
6.458650250984000534e-04
7.468804367087999866e-04
7.499462429802000122e-04
6.878447763148000512e-04
7.162788159355999978e-04
6.773415008872999852e-04
1.554769289011100107e-03
6.164577270769000398e-04
6.987103813880999855e-04
6.771448721425000041e-04
7.279923524845999987e-04
7.104625994365000325e-04
8.200978181179000232e-04
1.484689339939000100e-03
7.323657591014999871e-04
1.450767171693699998e-03
7.067288339985999986e-04
1.545408826929200096e-03
6.316749646811999769e-04
7.894073387225000260e-04
7.323188824762999656e-04
7.416974287163999834e-04
7.268848984726000457e-04
6.722805768544999660e-04
1.423464906910400013e-03
6.758709501854000528e-04
6.979351268639999960e-04
1.396622531519800103e-03
7.171946414223000308e-04
1.573176747022200089e-03
6.647557331843999663e-04
6.538554266473999791e-04
6.572302441494999549e-04
1.526346481315500082e-03
7.348066201040999706e-04
7.525428854381000432e-04
5.806987941622000207e-04
7.477895167060000410e-04
7.280236453887000076e-04
7.471675345602000031e-04
6.446469012055000038e-04
6.651308034906000055e-04
1.582274581290300016e-03
6.873113892793999676e-04
6.494628302927000010e-04
7.238942525956999904e-04
1.710674363689500092e-03
6.136579584838999790e-04
1.716041684637799975e-03
7.024044025238999596e-04
6.715654335952000531e-04
1.598010244659700020e-03
7.154280044561999981e-04
6.539440326997999521e-04
1.460751272098499915e-03
7.469690990226999757e-04
7.040264246669000183e-04
6.996674980631000483e-04
6.479666942552999871e-04
7.088398533232999951e-04
7.682433202128999749e-04
7.505881242730000433e-04
7.137749063078999579e-04
6.748877875187999460e-04
7.062472750839999744e-04
6.996392983750000013e-04
1.360384548411299951e-03
7.018613986798000236e-04
6.785835905617999472e-04
7.400957953369000390e-04
6.640813611107999675e-04
7.793075053688000011e-04
7.482028357501999518e-04
6.831512367021999469e-04
7.478871691352000171e-04
6.502288298725999831e-04
7.264821180206999579e-04
6.904719980980999474e-04
7.219016697970999982e-04
6.156334144740000219e-04
6.815019843680000279e-04
6.886570969516000312e-04
6.929997283651000281e-04
1.612051679855599964e-03
7.215956342691999927e-04
1.423220746753700106e-03
7.304425687719000044e-04
6.988018877527999622e-04
7.326511488707999811e-04
7.474132791545999837e-04
1.484536009835999912e-03
1.724919082915799982e-03
6.879980723631999541e-04
1.633668701010299951e-03
7.627100713923000517e-04
1.511041930993300107e-03
6.495912827994999991e-04
6.839774176271999672e-04
6.184797401692999951e-04
6.510694088308000482e-04
6.718093865529999953e-04
6.396902718669999913e-04
6.647816470645999572e-04
1.563714755552599988e-03
7.991913520471000077e-04
7.446886119285000280e-04
7.184730863423000264e-04
6.605985616936000315e-04
1.656988037022200056e-03
1.494652422568499900e-03
1.641242120589900049e-03
6.693939516117000362e-04
6.898090333314000266e-04
1.832790972951000089e-03
1.686933884678699924e-03
6.731735790998000148e-04
7.018025776653999577e-04
6.607854401333000281e-04
6.464835082043000371e-04
5.874521551006000328e-04
6.985340214283000020e-04
6.865999972484000463e-04
7.431207826305000121e-04
7.041177590723000056e-04
7.364866639950999605e-04
7.012624535648999619e-04
6.532878742523999744e-04
6.491964329332000280e-04
7.184785461477000233e-04
6.551251422564000190e-04
7.158356807978999946e-04
6.537936481520999774e-04
1.483776648269700092e-03
1.417922016474300068e-03
7.360335147760999801e-04
6.787874329291000448e-04
6.835033548650999973e-04
7.386040945164000417e-04
6.994674279135000474e-04
6.563170296530999740e-04
6.926501686836000239e-04
7.148538183267999805e-04
6.785652278382000267e-04
7.116241461276000399e-04
7.079395555148000532e-04
1.512805404895699963e-03
7.840775380522000109e-04
6.728370415192999566e-04
6.696602658300000298e-04
6.642476930519999835e-04
7.617018395583999507e-04
7.289364015006999983e-04
6.493845772930999629e-04
7.169994478648999622e-04
1.465824555056699941e-03
6.118019280638999600e-04
1.455672026050999985e-03
1.470465574434099906e-03
1.446139413574999916e-03
7.081390324388000092e-04
6.708751514340999906e-04
7.420788592005999555e-04
7.463843491397999718e-04
7.266446857084000316e-04
7.204827762837000184e-04
7.216591505453000049e-04
7.022596572101999978e-04
1.585407178608900071e-03
6.501190699126000155e-04
1.478206528234600079e-03
6.902523489088999587e-04
7.018087134072000140e-04
6.415091303175000231e-04
1.768509720400099957e-03
6.743666609258000110e-04
7.057374635394999792e-04
7.909248215632999537e-04
7.103707918198000392e-04
1.632488900806900074e-03
7.381739862737000338e-04
1.641218001991499907e-03
7.481982079417000405e-04
6.593475267060999734e-04
1.440856670154200053e-03
6.416940520057000386e-04
7.227898339610999874e-04
7.505441340834999612e-04
6.743113586509000236e-04
6.864183737852999666e-04
7.055315625846999813e-04
6.465412737548999764e-04
6.536612944805999951e-04
1.728444181150300043e-03
8.494510989941999723e-04
7.471236494687999571e-04
7.123621440992000415e-04
6.884493577082000234e-04
6.585473731121000221e-04
6.940601618435999695e-04
6.451507113959000211e-04
1.511041930993300107e-03
7.207795454978999485e-04
6.742754094353999765e-04
1.417922016474300068e-03
6.585919329546999689e-04
1.594351569807200050e-03
7.026717624527000243e-04
1.469285629890500081e-03
6.762078391304999613e-04
7.726692662895000242e-04
1.432781091945200093e-03
1.550576920505700000e-03
6.093514165027999691e-04
7.198275652148999806e-04
7.519668057772999894e-04
7.078033277209000180e-04
6.219417041191000351e-04
1.484689339939000100e-03
6.941071411696000037e-04
1.584877136822000071e-03
7.104706451891000009e-04
1.569241107085699981e-03
6.710451764796000274e-04
1.497773983985000021e-03
1.595794619485699922e-03
6.666064476283999844e-04
5.298666166920000227e-04
1.566541989250999981e-03
6.782726506630999512e-04
6.512210973231999595e-04
7.441916633241999878e-04
1.409634337394500029e-03
1.539999494510699979e-03
7.473739350664000301e-04
7.478518774453000182e-04
7.794148822185000512e-04
6.322957773585000021e-04
1.704384873240000035e-03
7.000571305609999684e-04
6.757516618893000303e-04
7.342006200210999568e-04
6.831604982739000438e-04
7.006161767120999652e-04
7.347720147847000127e-04
7.098289490262999499e-04
6.270689114702000366e-04
7.223731972593000440e-04
1.666691578407100086e-03
1.565779603132600069e-03
7.070072014303000136e-04
6.929560141840000005e-04
7.340219459257999943e-04
7.236640305175000417e-04
1.567528941890999981e-03
7.843226138472000160e-04
6.194858692429999758e-04
7.015549777225999969e-04
6.675381151356999830e-04
7.460578146193999876e-04
6.318963797560000388e-04
1.548522851770599892e-03
6.412618805804999687e-04
6.406475626760999888e-04
7.495569977473999631e-04
1.553896300355599907e-03
6.463307574522000019e-04
1.627616079563199911e-03
6.716365797963999964e-04
6.025235184033999507e-04
7.026303029539000171e-04
1.423464906910400013e-03
6.380521477002000074e-04
6.919595668788999614e-04
1.581346520974000018e-03
7.147547594565000287e-04
7.521489433781000395e-04
1.705258409130499956e-03
6.516463276173999801e-04
7.081542874423999703e-04
6.183881356413000472e-04
6.742968857577000524e-04
6.595682797713000103e-04
7.522400904371000230e-04
6.731346037321000488e-04
7.138096832950000447e-04
6.915507871523000243e-04
1.702773112850199978e-03
6.509332694822000335e-04
1.671810493841499948e-03
6.348819651890000217e-04
6.885791285808999778e-04
6.675786783939000263e-04
8.069510511814999894e-04
6.926724329521000319e-04
7.209230985165000207e-04
7.470922710542999721e-04
6.726429803999000321e-04
1.548888331956099979e-03
6.689856350718999950e-04
7.641508418371000368e-04
6.217970625647000534e-04
6.467108446161999981e-04
8.199285231943999547e-04
7.376212304679999809e-04
7.073628620382000536e-04
6.252207183352999961e-04
7.463368436595999760e-04
7.027150715028000153e-04
6.970455830659999736e-04
7.310631788999999610e-04
1.652957608236400085e-03
6.930827678090999665e-04
7.183789530310999861e-04
7.067067571081000425e-04
7.182093967229999723e-04
6.857056250811000486e-04
7.252244928063000069e-04
1.570496626290800038e-03
7.047452474338999776e-04
6.168692537007000208e-04
6.638572787336999769e-04
7.356099364700999493e-04
1.457729345952300066e-03
8.036451352751000079e-04
6.922851388249999472e-04
1.360384548411299951e-03
7.557235154724000360e-04
1.498663890687799895e-03
6.415550873707999728e-04
6.556594628067000325e-04
6.772661626511999530e-04
6.643099158469999892e-04
1.641242120589900049e-03
7.049560214560000263e-04
6.741439923740999820e-04
7.717435876047000053e-04
7.349233930810999613e-04
1.524254227620699910e-03
7.551116797530000235e-04
5.964424736270999752e-04
7.592827840051000025e-04
7.523408575558999858e-04
6.994402802785999827e-04
6.883601314720999738e-04
6.746972728526999964e-04
7.375137940846999843e-04
7.451501665585000440e-04
1.488351543391800043e-03
6.740432234573000107e-04
7.264701973347999784e-04
7.288094717222000059e-04
6.763407581975000018e-04
1.577898387885999900e-03
6.539200128415999626e-04
6.868319608757999855e-04
1.572545301812300041e-03
7.099639608530999716e-04
7.505410214881999683e-04
6.910999366982000479e-04
6.551483875693000407e-04
6.881196529023999534e-04
8.009725425328999542e-04
1.398581802572899935e-03
6.969770589044000124e-04
6.919827994074999973e-04
1.545408826929200096e-03
8.159539620802000242e-04
1.555344394233099895e-03
7.063025064434999990e-04
7.162927200413999771e-04
7.005381987303000184e-04
7.359041274096000214e-04
1.636449702140999963e-03
7.028473807657000449e-04
7.436978581533999896e-04
1.501490535650100086e-03
1.532661584505600003e-03
6.637188037230000361e-04
6.626482897374000357e-04
1.454190673242000079e-03
7.605074498486999587e-04
7.447602172349999721e-04
7.030491764612999692e-04
1.588754552816400026e-03
7.486516793224999708e-04
6.554716186379000485e-04
7.247220831489000013e-04
7.008425983534000538e-04
6.510645032151000412e-04
7.352853921522000541e-04
6.464391502778999961e-04
6.775071961160000029e-04
6.576241431312000252e-04
7.493309742995999658e-04
6.519045706895999857e-04
6.907934719906000170e-04
6.581403265716000411e-04
7.483087329337999609e-04
1.470302323390899934e-03
8.254588777601999704e-04
7.178126170248999962e-04
7.306726955837000411e-04
7.241265574917000059e-04
1.751217248684399904e-03
7.099305606794000445e-04
7.174832715092999483e-04
1.515647194800399944e-03
7.225161399513999484e-04
7.904403428126999948e-04
1.554536754771799990e-03
6.981575324670999567e-04
6.639199697788000266e-04
7.048766460199000147e-04
1.487646121659699913e-03
6.868075095890000112e-04
6.497501258629999723e-04
6.951434243057999767e-04
7.406675449746000358e-04
7.356369889522999502e-04
1.624860366559000057e-03
5.406409617421000218e-04
6.371320956599999929e-04
7.080230343585999569e-04
1.605054525348699945e-03
7.197849707453000132e-04
7.334512660875999604e-04
6.855568691498000172e-04
1.525212098635299980e-03
6.348642719399000267e-04
1.528878451121099902e-03
1.509888531845200070e-03
7.172196719907999790e-04
6.467962151980999460e-04
1.634760265180799921e-03
1.595794619485699922e-03
7.419014127122000243e-04
1.474936742331600095e-03
7.403400969699000219e-04
6.331568422839000234e-04
6.485779455199000131e-04
6.884630119602999903e-04
6.918136186734000518e-04
6.244055210514000203e-04
6.702425598934999822e-04
6.228308120818999878e-04
7.156971413120999902e-04
1.760981560632199957e-03
6.658313159448000281e-04
7.138139319957999707e-04
1.506128707164100088e-03
7.253664792316999715e-04
6.356628834652000310e-04
7.259587660348000094e-04
6.585933018536000187e-04
7.178836894020000029e-04
6.710496148582999676e-04
7.403466014205999698e-04
6.923173936380000362e-04
6.825815033347000125e-04
7.181579631026999968e-04
7.906906525481000080e-04
1.587954894854399926e-03
6.853412819181999493e-04
1.609296484848099897e-03
6.646924686554000084e-04
6.429838559888999532e-04
6.561027381095000484e-04
7.292933306241999999e-04
6.423932681503999971e-04
8.191702965594000081e-04
7.930995963707999832e-04
6.972729179599000161e-04
6.363981809700999500e-04
7.872618679153999596e-04
6.541209711044999875e-04
6.720413699842000274e-04
1.570496626290800038e-03
1.514994164595300039e-03
1.565654610338799990e-03
7.567223400480999583e-04
1.469299143503800071e-03
6.944206407533999462e-04
6.537972440919999914e-04
7.267225532376000042e-04
1.498663890687799895e-03
7.116891535542999676e-04
1.621637517608500107e-03
6.788628548519000079e-04
7.290738263577000453e-04
6.398849113752999498e-04
1.736597524202399901e-03
7.185997644516999624e-04
7.607165911413999761e-04
6.338093834417999478e-04
6.774174189795000023e-04
6.338641925804999831e-04
6.713492870054999992e-04
6.332152139250999800e-04
7.670192083064999479e-04
6.362393085385000110e-04
6.895683569076000406e-04
7.177912339326000292e-04
7.208066272403000066e-04
6.964833262269000055e-04
6.137626649563999569e-04
7.677497568825000047e-04
7.456733808204999998e-04
6.687018589415999817e-04
6.521141611275999483e-04
6.730189908415000477e-04
7.294609478871999638e-04
7.150477472377000064e-04
6.897384210068000215e-04
6.953860050926000472e-04
1.684528278798900006e-03
1.389562635208399987e-03
6.297533053698999798e-04
6.795747472983999825e-04
6.749451472570000337e-04
6.749314372673999481e-04
6.719902964120000018e-04
7.159804856013000148e-04
7.325225579546000478e-04
7.599679470649999468e-04
6.629249604271000027e-04
7.618049705138999709e-04
7.101310536012999611e-04
7.492136499726999950e-04
6.800780918426999793e-04
7.032508159866000027e-04
6.397576965132000014e-04
7.431941264505999636e-04
7.496217485837999937e-04
7.512525424081999484e-04
8.037533264419999919e-04
6.484999804286000402e-04
7.625853019741999630e-04
6.799563472317999603e-04
1.632994706628000062e-03
6.504008886593999530e-04
1.462411365703799974e-03
1.580487502909500063e-03
1.615431498463399968e-03
1.561222637973999931e-03
6.919173604281999906e-04
7.147250079389999740e-04
7.054908495741000042e-04
6.749911823965000328e-04
7.260152469118000274e-04
1.710826291806499897e-03
7.466538202662000240e-04
7.591180173531999640e-04
7.235149385893999661e-04
6.366609146111000105e-04
6.800798656797999711e-04
6.541090227486999996e-04
7.844474526159000202e-04
7.618110823179000428e-04
6.948597124013999524e-04
7.450698623603000358e-04
6.871528596955999834e-04
6.295849096454000015e-04
6.697484814374999587e-04
7.259756302353000514e-04
6.420911889173000053e-04
1.460751272098499915e-03
6.815247547677000294e-04
7.228124991427000226e-04
6.936236220856000292e-04
7.558568903453000446e-04
6.328575632273999562e-04
1.423220746753700106e-03
1.486188471495799917e-03
7.741097874648999663e-04
6.347514513055000458e-04
6.341161533666000169e-04
6.771534273230999735e-04
6.556453465680000484e-04
6.889597526784999862e-04
6.072022929313999938e-04
1.477355799191200055e-03
6.536023292443999535e-04
6.662173162492999491e-04
7.735173568360999893e-04
1.748795995947899926e-03
7.343328477747000258e-04
1.547200828583899937e-03
7.330516330069000155e-04
6.969648922947000455e-04
6.761457437132000316e-04
7.216224169557999618e-04
6.601604469249999600e-04
6.921638536501000232e-04
7.377648909817000056e-04
6.080250630903000133e-04
1.672138757193299911e-03
7.502440048082999798e-04
7.772613590572999623e-04
6.821859423360999682e-04
6.402685186868000431e-04
1.832790972951000089e-03
6.758673108982000055e-04
6.174386096593000332e-04
6.700838806236000030e-04
7.778385610397000379e-04
6.579976602214000206e-04
1.585033445204799907e-03
1.523149440862000019e-03
7.590521277046000104e-04
6.575982534800000256e-04
1.567404147440500019e-03
1.342889967895800072e-03
7.318582909761000383e-04
7.187950709667000103e-04
1.784386057452300080e-03
7.522704397406000318e-04
6.806591712540000384e-04
6.801297655358000275e-04
6.708156761443000073e-04
6.622523238457000408e-04
1.695595553020799989e-03
6.499802120139000147e-04
7.185251614558000330e-04
6.590609040127000341e-04
7.321825810788000445e-04
7.479307084618999884e-04
7.213664835907999777e-04
7.344467365955000167e-04
6.495986475084000169e-04
7.037402612607000394e-04
6.761364594686999907e-04
7.516307305233000400e-04
6.839936801919999825e-04
7.379010048810999813e-04
7.992840879484000138e-04
6.919658614365000468e-04
6.810356193575000478e-04
7.179285875492999588e-04
6.206678049384999540e-04
1.672138757193299911e-03
6.794186722176000443e-04
7.255643705162999812e-04
1.477355799191200055e-03
7.439481641101999571e-04
7.133298584327999554e-04
6.998387224863999610e-04
6.877477788908999655e-04
6.252932269046999631e-04
7.930136219676999637e-04
1.454190673242000079e-03
6.720635407606000145e-04
1.605054525348699945e-03
6.960773746526999466e-04
6.872010271438000343e-04
6.934192037724000186e-04
7.857585345416000103e-04
6.754877410417999776e-04
6.766910013833000396e-04
5.917241972599999620e-04
7.074235243904000194e-04
6.521446862727000270e-04
6.695312678459999474e-04
1.530069548324999992e-03
7.052049232311000419e-04
7.218467883882000473e-04
1.656988037022200056e-03
1.759446150348499939e-03
6.846931474512000116e-04
1.417240409938699906e-03
6.030219393186000325e-04
1.505946739762800040e-03
1.440186956582500044e-03
1.681399791744899981e-03
6.947991273128000184e-04
1.577238541245499929e-03
1.555426529792599925e-03
7.394196584099999719e-04
6.642628770103999481e-04
7.456011398256000245e-04
6.523065857052000099e-04
6.541229225219000534e-04
1.532483168167999990e-03
6.503737877677999825e-04
7.172347308721000077e-04
6.335051946168000249e-04
7.107234674397999935e-04
1.507172998888899962e-03
6.876343603014000534e-04
6.835957436506999961e-04
1.768509720400099957e-03
8.043940408745000161e-04
1.478758320692600018e-03
7.557721210860999551e-04
1.650461136003499897e-03
7.228982966783000126e-04
1.500985459354799894e-03
7.375793511167999484e-04
6.916588076031000062e-04
6.703269927426999545e-04
1.563714755552599988e-03
6.718203312955999505e-04
1.567264122748199913e-03
1.518350878472399983e-03
6.633770257554000250e-04
7.068968945449000032e-04
1.351853594428300068e-03
7.314852511589000272e-04
6.896598072554000229e-04
1.515359237843700007e-03
1.448200994284300040e-03
7.279250539642999687e-04
1.483098770592300008e-03
1.528675891462000095e-03
6.367747507729000110e-04
6.453853196737000019e-04
6.412213482176000240e-04
7.269414837060999592e-04
7.329015421299999583e-04
6.561703627519999615e-04
6.942226018279999602e-04
6.423628826334999795e-04
7.086804669644999975e-04
7.082398393794000178e-04
6.931758384291999585e-04
1.496572267054799982e-03
7.268588134802000163e-04
6.440188832042999505e-04
6.791617148485999764e-04
7.024954682058000060e-04
1.594033252946599989e-03
7.070855488266000353e-04
7.036535679173000404e-04
6.977729773055000228e-04
1.593249890097099900e-03
7.765694963924000150e-04
6.988910034571000447e-04
6.559360285699999656e-04
6.568827064733999800e-04
6.542444570712999770e-04
7.335695333760000473e-04
6.686381021354000087e-04
7.160327563666999762e-04
6.874064129195000226e-04
6.507940355930000136e-04
1.372906688886199947e-03
1.537654476522200015e-03
1.624860366559000057e-03
6.874773391727000485e-04
6.795878301754000464e-04
6.705159841570000352e-04
6.750712616284000036e-04
7.067497217655999836e-04
6.787630237009000542e-04
7.081438012841999611e-04
1.412710827267100056e-03
7.911777593844999479e-04
7.951174636426000314e-04
6.814040834123999630e-04
6.405778373322999894e-04
6.772448715860999741e-04
1.417240409938699906e-03
6.359894600092000014e-04
1.627616079563199911e-03
7.538262373099000047e-04
1.469299143503800071e-03
6.582197734780999634e-04
6.663335388619000526e-04
1.530069548324999992e-03
6.842986611189000356e-04
1.528878451121099902e-03
6.986106172658999684e-04
6.702145209732000494e-04
7.342452495631999814e-04
6.772979097237000071e-04
6.912992450131000147e-04
7.193749514355999566e-04
1.601421379760700108e-03
6.786421841454999809e-04
6.578004979555000190e-04
7.022269641603999784e-04
6.070306520258000448e-04
1.522340620936599945e-03
7.421109148358999950e-04
1.698551511843000026e-03
6.569676024749999564e-04
7.131588337746000124e-04
6.248273907095000176e-04
7.237366020734999940e-04
6.894086854657999761e-04
6.953760570220000143e-04
6.206535552368999502e-04
1.516019789538100007e-03
1.529652711115299943e-03
7.540189919327000036e-04
6.747559976858000502e-04
7.749136618183000451e-04
1.592378583755899935e-03
1.342889967895800072e-03
7.887772956365000357e-04
1.372906688886199947e-03
7.238577194472999715e-04
6.392326726809999813e-04
7.739140691471000505e-04
7.698119766584999701e-04
6.392894691619999646e-04
7.673995604813000325e-04
6.024014589187000465e-04
1.612663673282700065e-03
6.696809057690999946e-04
7.062946245264999567e-04
1.457695138462600064e-03
7.366494143943000438e-04
7.325596648474000383e-04
6.807692703722999748e-04
7.085884363624999661e-04
1.440856670154200053e-03
7.092664078017999873e-04
7.299914661700999561e-04
1.564439892480799918e-03
7.110570803136999915e-04
7.174046387268000115e-04
7.300725561899000298e-04
1.552910004127599965e-03
7.266130444677000068e-04
6.934578887736000431e-04
1.554769289011100107e-03
6.894743378184000227e-04
7.539068593077999803e-04
1.565779603132600069e-03
6.754135809678000514e-04
1.435273723902300014e-03
6.754118820899000395e-04
7.931015869587999725e-04
6.728801793398000042e-04
7.052285499459999985e-04
6.610546932625999995e-04
6.708264747771000309e-04
6.977082543726000324e-04
7.349184726561999725e-04
1.483098770592300008e-03
6.819355116433000429e-04
7.138510089105999526e-04
8.111570662520000471e-04
7.192662746529000133e-04
1.389562635208399987e-03
6.835199740487000412e-04
7.169643308429000071e-04
7.310631788999999610e-04
1.521434229223500101e-03
6.113927298443000034e-04
7.294967745521999895e-04
7.273995808500000352e-04
7.707160575298000003e-04
6.522371957272000281e-04
6.791280263187999839e-04
7.605878609498000192e-04
7.505569825879999935e-04
7.426058108951000053e-04
6.371462816807999972e-04
1.526072698734300083e-03
1.569430560917899932e-03
7.563035057117999636e-04
7.405189789027999793e-04
5.923354264930999914e-04
7.177804923240000377e-04
1.551694532349499932e-03
1.375516841264499924e-03
7.179023025973000531e-04
1.525791365060600105e-03
1.670477885393600089e-03
7.123258732326000339e-04
7.095817157496000322e-04
6.926347071195999849e-04
6.883150974340999581e-04
7.266298678680999882e-04
1.361107795311899960e-03
1.543662196033299952e-03
1.432781091945200093e-03
7.255476420576000094e-04
6.472685779488999980e-04
1.470642477643299998e-03
7.478197183665999739e-04
7.002700554200999485e-04
1.504857822405700034e-03
8.036681519331000025e-04
6.892756575576999573e-04
6.402196675503000079e-04
7.541460683044999948e-04
1.728444181150300043e-03
6.872943182482999696e-04
6.329402905556999644e-04
1.620063776080299996e-03
7.040939681778999757e-04
6.966160580252000415e-04
1.488351543391800043e-03
7.089708045358000246e-04
6.542210254382000182e-04
1.478758320692600018e-03
8.022381975978999961e-04
1.629874715616599955e-03
1.585751454674800024e-03
1.440186956582500044e-03
7.039933737589000031e-04
6.812797187464999463e-04
6.683944339389000016e-04
6.806592451025000531e-04
7.040309019970999701e-04
7.261738252717999959e-04
7.176331191911999516e-04
7.334110757717000060e-04
6.491359421439000165e-04
7.462309404370000461e-04
7.387970135633999905e-04
6.366438227115000506e-04
1.537776330631500073e-03
7.100848494769999592e-04
6.482257624910999850e-04
7.673628908952000085e-04
7.274437256203999556e-04
7.118163894521000075e-04
1.545115215598100037e-03
6.253018070000000098e-04
7.224573840871000409e-04
6.771228105054000451e-04
7.355182131047999748e-04
7.481014479109000326e-04
7.104248707890999798e-04
6.851936299562999717e-04
6.850447573977000004e-04
7.003419910201999802e-04
6.361150449984999660e-04
1.486188471495799917e-03
7.440374642586999702e-04
6.954265334978000472e-04
6.088992454860000028e-04
6.726097774567000491e-04
1.467087356499599971e-03
6.516939601405000474e-04
6.950305251965999869e-04
7.469802056660999889e-04
7.452428894544999797e-04
1.592128593444600048e-03
5.687442604909000513e-04
1.745335020654199907e-03
7.714949117171999559e-04
7.544654930516000437e-04
6.443591628691999534e-04
6.259724621196999586e-04
1.468419195416600107e-03
7.029125431660000062e-04
6.039705328610999770e-04
6.289096729223000006e-04
7.098512595269999923e-04
7.250138857593000459e-04
7.202631197483999560e-04
7.279650632285000322e-04
6.758809801423000183e-04
7.372108225158999781e-04
6.483514979433999733e-04
6.566367739569999896e-04
7.141852199338000065e-04
6.769885019459999593e-04
1.548930579081599958e-03
1.703422245470600019e-03
7.946973585085000385e-04
7.548878119112000396e-04
1.469285629890500081e-03
1.529402118605599969e-03
6.268079148247999565e-04
1.465824555056699941e-03
1.351853594428300068e-03
6.485589048311000537e-04
7.597622256970000239e-04
7.766427891827999697e-04
1.506128707164100088e-03
6.617895926883999615e-04
7.293690222974000400e-04
6.589102849744000534e-04
7.035914039305999528e-04
7.419184518546999719e-04
8.474512545317999758e-04
7.097593101372000118e-04
6.421080362245999923e-04
7.312906504466999734e-04
1.528018908758500003e-03
6.879457353920000358e-04
7.184086655832999787e-04
7.073227814749000111e-04
1.561222637973999931e-03
1.605205044231999964e-03
6.977282869334999619e-04
1.518077144873699897e-03
7.015036028089000411e-04
1.434543674348499930e-03
6.637766990304000067e-04
6.640463696289999928e-04
1.672407052612700108e-03
6.849112319289999470e-04
1.571787010856699925e-03
6.595387457631000233e-04
6.464947292045000130e-04
1.545922261810000033e-03
7.481216451347999941e-04
7.337262567779000242e-04
7.370457159375000140e-04
7.469992491215000485e-04
7.182793451455000153e-04
7.194506985995999943e-04
6.720924326880999781e-04
6.422685933600000069e-04
6.413470455771000476e-04
6.620476198589000201e-04
6.888702248603000402e-04
6.791810795349999524e-04
6.790893689227000228e-04
7.196462610680999733e-04
6.411974293414999951e-04
6.865080647536999682e-04
6.612257143320999673e-04
7.442584858729999571e-04
6.665563737153000316e-04
6.661716371158999837e-04
7.776778214389000292e-04
6.408064236497000143e-04
6.913788140729999624e-04
6.703570157195000347e-04
1.547200828583899937e-03
6.912138121959000370e-04
7.216061205875000167e-04
1.476674976777100044e-03
1.496830420041600019e-03
7.117793467184000333e-04
6.518158439025999607e-04
7.692136609406000297e-04
7.106074668215000027e-04
6.710778378267000114e-04
6.712406802349999780e-04
7.424564565503000146e-04
6.464850962240000420e-04
1.516019789538100007e-03
6.955571650450999505e-04
1.741411304865099962e-03
1.541953998041800016e-03
6.830551463534999691e-04
6.658418960702000523e-04
7.002995353340000411e-04
7.482880235651000146e-04
1.559089552553599928e-03
6.541903761567999590e-04
6.688629357064000518e-04
1.573176747022200089e-03
7.644139764120999646e-04
7.175198269646000009e-04
6.542632954608999752e-04
7.746980396374000127e-04
7.193127650896999825e-04
1.496521812434600069e-03
7.413075415008000060e-04
1.463358532734799957e-03
6.428759367563000255e-04
6.909364883074999714e-04
6.597707319047999572e-04
6.674309692255999500e-04
5.963426595024999511e-04
1.503259036846999906e-03
6.584629819568000100e-04
7.433461152996999983e-04
1.506141029295399994e-03
6.950861552857000216e-04
6.374245189475999948e-04
7.941290278136000280e-04
7.515577958884999896e-04
7.443989708287000479e-04
7.404737368471999651e-04
7.456181024400000343e-04
1.625036434493000014e-03
7.855786653147000262e-04
1.462649527454399929e-03
7.217550684355999915e-04
6.365774890036000238e-04
1.505175344481899909e-03
1.515359237843700007e-03
7.166053172460000193e-04
6.998286345656000397e-04
7.865007254253999613e-04
6.733187101043999843e-04
7.298549383223999721e-04
6.824108249222000412e-04
6.077377701262000201e-04
6.715196698366999745e-04
6.686769556677999880e-04
6.434710148318999829e-04
7.517264733452000370e-04
6.609985875262999527e-04
1.632488900806900074e-03
7.965465743296000186e-04
6.550519332392000299e-04
7.308131441335000275e-04
7.571028884510999646e-04
6.986953154282999527e-04
1.630795827860300048e-03
6.397159823611000282e-04
6.568083296145999818e-04
1.572723375818699991e-03
7.135907157497000178e-04
7.138399645878000088e-04
6.791396530728999485e-04
7.036107528133000001e-04
7.145335679002999714e-04
1.505837979854700087e-03
6.883361383430000374e-04
7.586254756085000339e-04
5.953972487238999882e-04
7.239872369779000233e-04
7.961800679905000136e-04
6.960998382779000479e-04
6.625745713288999639e-04
1.518350878472399983e-03
7.268377867029000156e-04
7.267538534618000513e-04
1.567528941890999981e-03
6.811945219992999968e-04
1.457695138462600064e-03
6.629241029890999524e-04
6.403732810689999593e-04
6.405836766433000004e-04
6.271745792385000290e-04
1.528675891462000095e-03
1.697305555429699927e-03
1.455782196615400042e-03
7.759426480007000334e-04
1.657782296333400098e-03
6.368463917226000436e-04
7.052207537082000191e-04
7.534186362699999600e-04
6.723896623459000394e-04
1.584717913082299900e-03
7.320240508329000197e-04
6.785211921599000433e-04
1.398581802572899935e-03
1.494652422568499900e-03
7.536322535632000155e-04
1.581569696018700040e-03
6.898476640987999831e-04
1.521434229223500101e-03
7.960902333445999931e-04
6.719328586761999988e-04
7.358685301741999885e-04
7.182401722892000316e-04
6.645944542803999865e-04
1.396622531519800103e-03
6.694172039756999962e-04
7.068163265723999581e-04
6.665002383879999786e-04
6.803644955124000257e-04
7.206297029619999992e-04
6.575981036382000334e-04
6.516033196411999580e-04
1.584554955248199939e-03
6.526289281521000310e-04
6.680269240347000512e-04
1.462392057143799967e-03
7.132318160594000025e-04
7.220082937497000232e-04
6.514516818417000112e-04
7.364673028159000488e-04
7.079712712315999528e-04
6.587934870707999992e-04
6.343128554083000145e-04
6.951144990003999598e-04
6.451697202472999682e-04
6.645654933453000414e-04
1.593379099203199928e-03
6.792178547266000156e-04
7.888941484489999994e-04
7.335083473613999636e-04
6.734938636057000248e-04
6.904648306828999700e-04
6.513343199503000272e-04
7.841663303235999480e-04
1.526823874930000047e-03
7.346533143463999721e-04
6.723682529358999916e-04
8.050227448250000346e-04
7.084217974994000541e-04
1.643647549512300063e-03
7.430279064045000126e-04
1.567404147440500019e-03
7.050686647809999890e-04
1.579100361740999950e-03
7.084030360070999984e-04
6.468934969306000234e-04
1.537884471117699969e-03
1.606891739709000047e-03
6.939615448985000110e-04
7.396163776605999647e-04
5.931065327691999959e-04
1.649046464449500059e-03
7.081924855796999964e-04
6.462644369981000508e-04
7.108546826002000180e-04
6.952930691364999499e-04
6.474342427355999664e-04
6.562280649186000292e-04
1.474236153680600009e-03
7.090763924171999705e-04
6.876998080743000228e-04
1.382445859517100013e-03
1.707332370084700072e-03
1.532483168167999990e-03
1.690222859311399936e-03
6.936698327612999702e-04
