9.710726048913066404e-08
9.556260813586955167e-08
9.555468473475313458e-08
9.616432785052247986e-08
9.986228710755180330e-08
9.605863292343334899e-08
9.547429235762853244e-08
9.579576535678077349e-08
9.758044617178388751e-08
9.545929557885456654e-08
9.550940776463262179e-08
9.711769133910477060e-08
9.574399167599795750e-08
9.567150773112277136e-08
9.550825487398391326e-08
9.556260813586955167e-08
9.553172107499201414e-08
9.629192715700592071e-08
9.544777396439057231e-08
9.549518876482478942e-08
9.549581060285622764e-08
9.571569358072343912e-08
9.555468473475313458e-08
9.611466708663583393e-08
9.551000635364395309e-08
9.548771121243737029e-08
9.671282818298850993e-08
9.548467739856278107e-08
9.547306612993405856e-08
9.554255822639678795e-08
9.549581060285622764e-08
9.578645709812038759e-08
9.658353350037622988e-08
9.555312295997150417e-08
9.544777396439057231e-08
9.553172107499201414e-08
9.565266628731148033e-08
9.600106484807160260e-08
9.650451674596948327e-08
9.545044721855455583e-08
9.621143901147869077e-08
9.549015681643089114e-08
9.569509979612072111e-08
9.544777396439057231e-08
9.545044721855455583e-08
9.662273740197249824e-08
9.545971763080989549e-08
9.558948825721157976e-08
9.544777396439057231e-08
9.587341473896407057e-08
9.545044721855455583e-08
9.601089540620451137e-08
9.555468473475313458e-08
9.550825487398391326e-08
9.545929557885456654e-08
9.553172107499201414e-08
9.669914389623402112e-08
9.558202548718267267e-08
9.563080189404685976e-08
9.549015681643089114e-08
9.658353350037622988e-08
9.567773149228638557e-08
9.549581060285622764e-08
9.549015681643089114e-08
9.565266628731148033e-08
9.625283484953511077e-08
9.544777396439057231e-08
9.547306612993405856e-08
9.616453155380477264e-08
9.549015681643089114e-08
9.587383695961241664e-08
9.549015681643089114e-08
9.545929557885456654e-08
9.610100539814467339e-08
9.547306612993405856e-08
9.574399167599795750e-08
9.550825487398391326e-08
9.552159773463124557e-08
9.676502936371285645e-08
9.592431518652352095e-08
9.584951506519165479e-08
9.548467739856278107e-08
9.709618583022489607e-08
9.545103537177937706e-08
9.578645709812038759e-08
9.835587999597845850e-08
9.569223280404400224e-08
9.553172107499201414e-08
9.656074843706378553e-08
9.545103537177937706e-08
9.545971763080989549e-08
9.567773149228638557e-08
9.692953544380699146e-08
9.678684849727214171e-08
9.563527291338963051e-08
9.548718905543091871e-08
9.692953544380699146e-08
9.680699650717220031e-08
9.549518876482478942e-08
9.604183511225622202e-08
9.544777396439057231e-08
9.610860756702380748e-08
9.674046076721061943e-08
9.763715031371259255e-08
9.677658817157092538e-08
9.548467739856278107e-08
9.976790193478374273e-08
9.758044617178388751e-08
9.545971763080989549e-08
9.558202548718267267e-08
9.666904633646941064e-08
9.549015681643089114e-08
9.547306612993405856e-08
9.584951506519165479e-08
9.555311654887771310e-08
9.573181389381748512e-08
9.550825487398391326e-08
9.613722823968158029e-08
1.138272324820307788e-07
9.552159773463124557e-08
9.549545271191243266e-08
9.578645709812038759e-08
9.552877150782720607e-08
9.548771121243737029e-08
9.550940776463262179e-08
9.553172107499201414e-08
9.545044721855455583e-08
9.548718905543091871e-08
9.560583665632233099e-08
9.560504735488494075e-08
9.580202426937122838e-08
9.550940776463262179e-08
9.673093017001631282e-08
9.554255822639678795e-08
9.558948825721157976e-08
9.552159773463124557e-08
9.549518876482478942e-08
9.565266628731148033e-08
9.558372128722098231e-08
9.606466294224584139e-08
9.563080189404685976e-08
9.555468473475313458e-08
9.599733499409549894e-08
9.548718905543091871e-08
9.555468473475313458e-08
9.548771121243737029e-08
9.548771121243737029e-08
9.549518876482478942e-08
9.558948825721157976e-08
9.657725423570217747e-08
9.555311654887771310e-08
9.576947930173685866e-08
9.548467739856278107e-08
9.555312295997150417e-08
9.550825487398391326e-08
9.703326719461004999e-08
9.699697934055526912e-08
9.587341473896407057e-08
9.548771121243737029e-08
9.548771121243737029e-08
9.560504735488494075e-08
9.569223280404400224e-08
9.644165950820244861e-08
9.552159773463124557e-08
9.556260813586955167e-08
9.550825487398391326e-08
9.558948825721157976e-08
9.583405832878061133e-08
9.545044721855455583e-08
9.556260813586955167e-08
9.560583665632233099e-08
9.548467739856278107e-08
9.548718905543091871e-08
9.552159773463124557e-08
9.571569358072343912e-08
9.655741031876371116e-08
9.547429235762853244e-08
9.552159773463124557e-08
9.553172107499201414e-08
9.545929557885456654e-08
9.627390101411439181e-08
9.667434562094075909e-08
9.676939832008815139e-08
9.565808102539363551e-08
9.674629880442071211e-08
9.653978881848525172e-08
9.668546084653543080e-08
9.621143901147869077e-08
9.569223280404400224e-08
9.549518876482478942e-08
9.545044721855455583e-08
9.565266628731148033e-08
9.549015681643089114e-08
9.545103537177937706e-08
9.545929557885456654e-08
9.681707680954699834e-08
9.603603628651974574e-08
9.548467739856278107e-08
9.549545271191243266e-08
9.639960146816167263e-08
9.632374517357433326e-08
9.549518876482478942e-08
9.574399167599795750e-08
9.545971763080989549e-08
9.680285664103095156e-08
9.548771121243737029e-08
9.548467739856278107e-08
9.545103537177937706e-08
9.552415388881204144e-08
9.545929557885456654e-08
9.563080189404685976e-08
9.552415388881204144e-08
9.578645709812038759e-08
9.549545271191243266e-08
9.545103537177937706e-08
9.549581060285622764e-08
9.599733499409549894e-08
9.545044721855455583e-08
9.548771121243737029e-08
9.545929557885456654e-08
9.558372128722098231e-08
9.621143901147869077e-08
9.574399167599795750e-08
9.552159773463124557e-08
9.549518876482478942e-08
9.545044721855455583e-08
9.550825487398391326e-08
9.551000635364395309e-08
9.576947930173685866e-08
9.549015681643089114e-08
9.544777396439057231e-08
9.597220880185953619e-08
9.569509979612072111e-08
9.547429235762853244e-08
9.552415388881204144e-08
9.545103537177937706e-08
9.654821223874195377e-08
9.555311654887771310e-08
9.549581060285622764e-08
1.023222212875376050e-07
9.553172107499201414e-08
9.610100539814467339e-08
9.555311654887771310e-08
9.691294866672772942e-08
9.569509979612072111e-08
9.567773149228638557e-08
9.569509979612072111e-08
9.673098915235424877e-08
9.560504735488494075e-08
9.668613591293137902e-08
9.547306612993405856e-08
1.075453476571817776e-07
9.569509979612072111e-08
9.597220880185953619e-08
9.560504735488494075e-08
9.549015681643089114e-08
9.587383695961241664e-08
9.702298498585790466e-08
9.545971763080989549e-08
9.553172107499201414e-08
9.545103537177937706e-08
9.632186331660729685e-08
9.544777396439057231e-08
9.544777396439057231e-08
9.545044721855455583e-08
9.552415388881204144e-08
9.547306612993405856e-08
9.604139356713930314e-08
9.579576535678077349e-08
9.579576535678077349e-08
9.545929557885456654e-08
9.554255822639678795e-08
9.567773149228638557e-08
9.629662007423142964e-08
9.632006871285845510e-08
9.547306612993405856e-08
9.550825487398391326e-08
9.551000635364395309e-08
9.680285664103095156e-08
9.549015681643089114e-08
9.545971763080989549e-08
9.548771121243737029e-08
9.550825487398391326e-08
9.622476570395690397e-08
9.632374517357433326e-08
9.639960146816167263e-08
9.801346003705470695e-08
9.688383136542357086e-08
9.545044721855455583e-08
9.547429235762853244e-08
9.549545271191243266e-08
9.547429235762853244e-08
9.879145986975866759e-08
9.567773149228638557e-08
9.549015681643089114e-08
9.544777396439057231e-08
9.673093017001631282e-08
9.550825487398391326e-08
9.550825487398391326e-08
9.603370350400369443e-08
9.625283484953511077e-08
9.549581060285622764e-08
9.565266628731148033e-08
9.549015681643089114e-08
9.629662007423142964e-08
9.552415388881204144e-08
9.702298498585790466e-08
9.562998265485932076e-08
9.552415388881204144e-08
9.549015681643089114e-08
9.567150773112277136e-08
9.610100539814467339e-08
9.629662007423142964e-08
9.678439365487084200e-08
9.549518876482478942e-08
9.621143901147869077e-08
9.555312295997150417e-08
9.552877150782720607e-08
