-1.858959965208861309e+00
1.220622685733234292e+00
3.071027405867420845e-01
7.684801386687958313e-01
-6.982699762792625719e-01
-1.342343031703408240e-01
4.296202537505506847e-01
1.938432470580936373e+00
3.775602228572400021e-01
-1.165066091456812947e+00
9.533407468970193921e-02
-1.851133048187965091e-01
1.522348468625453477e-01
3.687196989759922716e-01
1.197513090423775406e+00
5.723516461142363898e-01
-1.408725016072848613e+00
1.411272086356650135e+00
-6.178057584829452775e-01
5.851768236783547739e-01
-1.431739377565345528e+00
5.937223337499343279e-01
-3.349969790261466684e-01
4.823360539823020043e-01
8.951280828529838418e-01
-5.226068074273054753e-01
7.727978529558939824e-01
-1.117822377729386779e-01
-3.951618435791728334e-01
-1.255429688891338991e+00
-3.951318466590780232e-01
-6.596578112391325854e-01
-3.490319635299409251e-01
1.064907282476745404e-01
9.706773881975596652e-01
6.085488401815578596e-01
1.286971746499302460e-01
-9.953116358773776984e-01
-6.695998268950265064e-01
-1.206593946049429489e+00
1.504671058411796380e+00
1.057835979250366654e+00
9.739312966510839109e-01
-1.024229744727070957e+00
6.157698239788556016e-01
-6.787272184143875453e-01
-1.482446080260925614e+00
-1.550960519899186874e-01
-1.069862099238350517e+00
5.989816285951724689e-02
-1.136401323084666792e+00
-6.255673660637218747e-01
4.840295560037399802e-01
8.768570586173981551e-01
9.963516786163657546e-01
2.735992330945204443e-01
-9.231097099112553495e-02
-1.234819002677430416e-01
1.023016825286504394e+00
-1.104620495672418157e-01
7.603270571521349164e-02
1.169083911865635983e+00
-2.947833476181007106e-01
-4.588412302289304745e-03
6.004912369291900420e-01
-2.506559837257473777e-01
3.866057121748406877e-01
-1.564086722312795663e+00
6.782525594487607279e-01
-6.177433878139472201e-01
-3.353100315980274138e-01
7.901315845381398084e-01
-4.227577396425583056e-01
-5.112305240211117985e-01
2.538520774327254204e-01
9.656675787355920582e-01
-2.059713010853098936e-01
-9.188797225100142629e-01
-5.675059532514765692e-01
-3.154800653047203918e-01
1.011613094754133302e+00
4.345367367415253201e-01
2.590324344507166643e-01
-9.968637773021242765e-01
-4.795948316632643871e-01
-5.785619523715018753e-01
-6.274345132167045147e-01
1.637632378985180548e+00
-5.496708946760793246e-01
-5.672596782258820802e-01
-6.578459072033527866e-01
3.175238430659368949e-01
-4.545304720691041300e-01
2.135003290765420669e-01
-2.466231614953279805e-01
1.705177811123890219e+00
-5.106187711524243777e-01
-5.358013907515564167e-01
-1.555049959549268668e-01
-1.009668244692581762e+00
-4.995232754775279504e-01
2.600951509127871208e-01
-1.001081442331442029e+00
7.497640663669105088e-01
3.128730201282194923e-01
6.238755122737645875e-01
-4.330539638519573242e-01
1.165108217933480406e+00
1.854487843437785388e-02
-3.147367660674038614e-01
5.599088796104532278e-02
3.144188926566637288e-01
-1.162012464467198081e+00
3.754013774265779757e-01
1.719490903811475568e-01
2.854362275796297754e-01
1.141530002300167046e-01
5.781858638127060912e-01
4.288815944595043318e-03
-3.919633680937156139e+00
3.723423022320934139e-01
1.293162340264509380e+00
-1.116792375745846666e+00
-8.277787429128626862e-01
5.725009643875197396e-01
-1.943250597539984692e-01
-9.036188353733005663e-01
-5.337601776251019725e-01
2.571883601441207201e+00
2.219026016465592832e+00
3.596338387718665541e-01
-9.785090437107493155e-01
-2.414507647283108405e-01
9.284268571068189368e-01
-3.725530156363298762e+00
4.985554982384959311e-01
5.122157403374099499e-02
-3.709412148064696879e-01
-1.456883440015736664e+00
-5.305069330196812150e-01
6.242072556611396594e-01
5.753780866926665460e-01
-1.349895982043833431e+00
2.918172452816038612e-02
3.495556431891554405e-01
8.000308401505799027e-01
-1.210913152355905797e+00
7.133918010135588406e-02
6.550766460237078537e-01
-4.274705174271731245e-01
-3.820846231780415270e+00
1.150902066197647455e+00
1.283425803642223861e-01
4.178616489546825297e-01
-1.023906086890929323e+00
-7.606615446461596763e-02
4.814817591217592230e-01
6.101823854367646183e-01
-4.551256136489800763e-02
5.788666145633134530e-01
2.445583292582855339e+00
-8.676748927408516332e-01
-9.085200077482490366e-01
3.531898167216092621e-01
8.804089482364317876e-01
1.064074136596141917e+00
-5.270812637445858595e-01
2.140297633451677395e-01
-1.524764683922316955e-01
-1.024165114397830728e-01
2.021989634002731240e+00
9.936341837441686753e-01
1.625316325121929806e+00
-4.469071955059399359e-01
-2.108924100396353252e-01
-3.384647959444799237e-01
2.749231566054579634e-01
1.407219662956858963e+00
6.757728893801843162e-01
8.011477084010859562e-02
9.437988427483475773e-01
3.178646946462946321e-01
1.794947111707603682e+00
1.067198040085100830e-01
1.195498726367147047e+00
6.061204675357028115e-01
1.269867732029919871e+00
5.686773991193594391e-02
-8.523887632635607225e-02
6.672106797182119076e-01
7.799487119761631115e-01
-3.422088146016204036e+00
1.281439401670518619e+00
-1.291737533361502210e+00
1.068339361500949103e+00
-3.741196578533289019e-01
1.693597413989901546e-01
-7.206703469113709959e-01
1.924913598658509306e+00
3.296791949952115330e-01
8.412509403088329341e-02
6.763925550781696439e-01
-9.224548900255560291e-01
6.189681796237940237e-01
1.406040760129723788e+00
3.896245190847166251e-01
3.573916569569763890e-01
-5.125550370186880006e-02
-7.417373869482403181e-01
5.699324177593981799e-01
1.433182906749766561e+00
-1.620159533222102155e+00
-6.367464380188868622e-01
1.423791571635491859e+00
1.390163160361712613e-01
7.882389624272012618e-01
1.422551058225239418e+00
-6.069543335976230747e-01
1.552882698384232263e-01
-2.146575460748527120e-01
1.567294427083475439e+00
-4.213204805256798302e-01
-9.580132051890087597e-02
8.698469587510812007e-01
2.786284877401614124e-01
1.512369289085534918e+00
6.531315998417496216e-01
-4.542738630979869519e-01
1.406886336936803650e+00
-1.865076665674419987e+00
1.124406214255186720e+00
-7.921751654117693553e-01
6.421835693595600025e-01
9.442882881465511358e-03
1.435941039051882306e+00
-9.368802046140226603e-01
-5.757806613569341758e-01
5.780827836141366749e-01
1.647683538599259645e+00
-5.053416161780145688e-02
-6.969315075656473679e-01
6.763113922759723673e-01
2.133689758125748848e-01
9.462264220075603527e-01
-5.318721473315923820e-01
1.158736220482921686e+00
3.373911084627951307e-01
8.024746787905128187e-01
7.378437398093408151e-01
4.211441152720160619e-01
1.182535883515713593e+00
-3.426732347410577084e-01
-5.240957966223445119e-01
7.091440874244856474e-01
3.810610584938284306e-01
1.253092117270308226e+00
-8.291170499441875563e-01
1.018713198366527628e+00
1.117764461921766025e-02
5.014983334103114698e-01
4.762005656274364007e-01
-1.039963149080867649e-01
-1.028787221427521770e+00
1.295877591254458450e+00
9.251830607791291516e-01
-1.214530831498858987e+00
8.164752851262736533e-01
-1.165341290672855745e+00
1.718380855185493439e-01
-3.370326148818493794e-01
-4.685418948295044239e-01
-8.122526188259730773e-02
1.472791218539266422e+00
-1.764520512635943394e-01
-1.190749631566185185e+00
-6.879383819749079754e-01
-4.191328526623303574e-01
3.364643820698354770e-01
8.284595393834734978e-01
-2.849788303298481651e-01
8.054183738776746759e-01
-7.163541772461311519e-01
-1.146572094751052040e+00
-2.874265293862742765e-01
3.937497510835008541e-01
3.591873930849993624e-01
7.437656629734106239e-01
-1.293635173760199653e+00
-5.701863856301595535e-01
-7.972600137602366133e-02
7.077989924609567884e-01
-8.663620428240788041e-01
-1.350329306710244814e-01
-2.183688652430258781e+00
-4.797584272378332848e+00
-1.732811103919117635e+00
3.669244911366153494e-01
1.037839190244593368e+00
3.039449946906725430e-01
-2.748097480485070521e-01
-2.506559837257473777e-01
7.650471983570157342e-01
3.921861382154499531e-01
8.493527998309325922e-01
3.850450453242652560e-01
-2.515066598200618175e-01
1.018713198366527628e+00
-2.273248894944718546e-01
2.304918574057793490e-01
6.849301897480075674e-01
2.398168955416769554e-01
-5.112305240211117985e-01
4.529339672908304637e-01
-1.055318452596699652e+00
-2.171981672032562427e-01
-4.213204805256798302e-01
-6.280706455552230727e-01
-3.001059233753391314e-02
