5.726818591464099759e-03
5.783159629414199969e-03
5.796157779370899980e-03
5.751341679648899752e-03
5.836499191232600268e-03
5.772690912231800107e-03
5.390296949224999967e-03
5.684762728787800395e-03
5.760594079435099948e-03
5.774053010311600009e-03
5.532845668116600016e-03
5.722045524517899856e-03
5.802659833209600215e-03
5.821447242121999960e-03
5.785670343464699959e-03
5.713815666974200388e-03
6.798641039779699732e-03
5.720973607865599726e-03
5.652570571617899706e-03
5.789925309987300171e-03
5.925287937354700371e-03
5.801388399155900377e-03
5.714438749658400096e-03
5.587007067701999993e-03
5.658250875654500384e-03
5.706894424009400189e-03
5.731463248259099919e-03
5.651098642476399571e-03
5.729719930920000245e-03
5.739461310703400029e-03
5.633009208520299571e-03
5.321566013210699692e-03
5.802898903845800198e-03
5.797253945719600329e-03
5.751702636740700127e-03
5.729700574760699869e-03
5.361083687824000008e-03
5.824418229975700419e-03
6.088121817300000405e-03
5.841817367627200400e-03
5.681637781876299614e-03
5.875784102071700266e-03
5.653650600309499674e-03
5.738491723228099882e-03
5.773474857861200273e-03
6.266747617940499580e-03
5.735470363895899849e-03
5.812709350179899939e-03
5.690366730892300329e-03
5.802024211775400411e-03
5.691223065862899798e-03
5.713102589065099934e-03
5.793388548738599708e-03
5.979745776207599783e-03
5.707332240459200151e-03
5.704790621354999952e-03
5.811761192741299840e-03
5.780175292404999762e-03
5.733493676654100035e-03
5.679310899798600126e-03
5.682093716962799933e-03
5.747084714489699570e-03
5.759024864682799928e-03
5.667411644011399567e-03
5.655682320442200102e-03
5.716483987328199734e-03
5.725053262919699813e-03
5.762509088787799889e-03
5.712455612345400044e-03
5.802764111508600282e-03
5.760252903518700389e-03
5.776533342322700063e-03
5.753673476062400385e-03
5.615290539844400297e-03
5.537183879878699623e-03
6.485429752247600169e-03
5.803373725045300399e-03
5.631265480344900022e-03
5.720259276137400380e-03
5.782010134235400327e-03
5.727920878423600412e-03
5.736149135095900027e-03
5.771662789285999726e-03
5.711240501747499691e-03
5.710169104638500304e-03
5.784105015772299588e-03
5.782943979598199891e-03
5.760773509936099705e-03
5.642995201211900048e-03
5.432134693948100293e-03
6.011053649724699965e-03
5.708193880506000004e-03
6.257503157459099775e-03
5.713655106191400067e-03
5.775710661519900362e-03
5.734266608126399947e-03
5.745093781389700067e-03
5.747878221869700231e-03
5.756500894566100347e-03
4.508748909412999689e-03
5.922969396773200383e-03
5.900214879900900385e-03
5.751681446038399599e-03
6.029583102099199572e-03
5.769453860974000335e-03
5.769938779812400047e-03
5.798997940778799660e-03
5.665053564182199845e-03
5.922969396773200383e-03
5.697009670758699726e-03
5.714841277536400130e-03
5.537079804139899940e-03
5.723481952419899772e-03
5.704843197018700206e-03
5.777172991624100230e-03
5.813746188878900212e-03
6.510565547931899781e-03
5.763400984184600256e-03
5.771708009824800222e-03
5.788861156018799622e-03
5.773718800136800298e-03
6.427841467019600186e-03
5.777398715796300266e-03
5.677357184067500021e-03
5.798293658604699793e-03
7.515446792137700331e-03
5.608527318932699998e-03
5.856500492353300218e-03
6.371769547519499574e-03
5.784367487851599723e-03
6.604938471714500228e-03
5.655737591338400212e-03
6.871719161998600389e-03
5.649307856901500391e-03
5.701829623499499698e-03
6.866508489476499597e-03
5.770899412745600192e-03
5.683146244348899652e-03
6.409796349467899654e-03
5.690792082929599892e-03
4.943512778252799611e-03
5.673159880006699990e-03
5.655217019858800077e-03
5.747779376668700306e-03
5.819292041804599927e-03
5.711945871124100328e-03
5.786772330163499761e-03
5.714262287237099891e-03
5.716401905853599891e-03
5.795593133260899636e-03
5.827624019246100372e-03
5.691023408704300353e-03
5.795513630331599816e-03
5.707409656760900098e-03
5.759228757974599669e-03
5.768345962345799646e-03
5.639071294216700322e-03
5.850269711489400337e-03
5.655242275435799597e-03
5.657036401997100374e-03
5.751279185175300207e-03
6.430014534169700181e-03
5.724035213735999966e-03
5.731948056668200245e-03
5.766017825094700046e-03
5.724054265092999756e-03
5.787248845988199678e-03
5.760835116086799636e-03
5.840928307087000365e-03
5.725814398506200338e-03
5.712656404643899968e-03
4.851795313202999886e-03
5.759532341686400027e-03
5.806923181275400365e-03
5.769338265665099885e-03
5.743972329355699798e-03
5.724759395965599990e-03
5.696154170133299957e-03
5.745705995075600300e-03
5.713838502465600107e-03
5.699048157195300141e-03
6.463849808927999915e-03
5.641638888804499652e-03
5.744855633833099821e-03
5.648201088691700081e-03
5.717225268237699672e-03
5.761226834013100269e-03
5.598544183612300280e-03
6.270040578109799777e-03
5.798015268114500333e-03
5.877297511198299913e-03
5.725477238502799625e-03
6.209283742149900032e-03
5.798152990553500329e-03
5.784105015772299588e-03
5.839405783114800207e-03
5.704686231170000288e-03
5.662243051267499758e-03
5.639138701910600092e-03
6.466124139506699772e-03
5.734061423175999817e-03
5.780585994426400143e-03
5.786008302438700422e-03
5.740641851343200250e-03
5.878219301500300052e-03
5.676598910341700173e-03
6.510565547931899781e-03
5.773232088482099789e-03
5.867150654091099655e-03
6.689623543253700282e-03
5.887989272831999771e-03
6.410901062996699970e-03
5.760812019084999777e-03
5.757548479010199914e-03
5.721716158159599955e-03
5.825010016339900176e-03
5.798434465618699726e-03
5.690978619579799974e-03
5.715392883726499659e-03
5.771196314110700262e-03
5.719376387995100432e-03
6.144720394098799818e-03
5.716376034592699808e-03
4.696220634154300334e-03
6.133384657134800105e-03
5.692242173081600402e-03
5.851009685837600151e-03
6.386593006651299607e-03
5.991479094704399780e-03
5.681228837337700018e-03
5.765520452198499672e-03
5.727447636422400117e-03
5.665597776825500274e-03
5.821347189824599769e-03
5.753686469899699923e-03
5.683670671224099781e-03
5.673043204878499592e-03
5.733472753178999945e-03
5.696387578427200039e-03
5.729609311889200321e-03
5.742064327782600390e-03
5.746742140513999737e-03
5.684345732411000274e-03
5.672994209906599694e-03
5.661004932276499785e-03
5.656074679309700155e-03
5.842125035667600046e-03
5.634670300480399720e-03
5.752560892449599776e-03
5.734499566849500171e-03
5.718953804247499904e-03
5.842529790194899916e-03
5.751118790009500034e-03
5.695099022150700019e-03
5.776428000293099864e-03
5.773165761988900170e-03
6.866508489476499597e-03
5.766838339162899847e-03
5.842584686277700091e-03
5.699284736881400290e-03
5.725977422212900209e-03
5.850332737915400413e-03
5.748546190311500277e-03
5.792490991340500106e-03
5.827403138279199819e-03
5.757719192436900300e-03
5.709306889492399804e-03
5.738649605728600271e-03
5.710776036734499864e-03
6.024888449140300417e-03
5.798849113685800374e-03
5.772400004770099693e-03
5.560368046729999639e-03
5.202133101381300334e-03
5.788438054099599717e-03
5.748943761798200325e-03
5.680979428319799830e-03
5.768744298510399687e-03
5.742612108125200003e-03
5.729079979453000245e-03
5.909604357553900275e-03
6.225355626813700027e-03
5.722389270197800366e-03
5.629673760180800221e-03
6.459342160908700288e-03
5.707607660850599895e-03
5.689803605258799898e-03
5.775678831213699668e-03
5.711200641289399665e-03
5.784687503465399741e-03
5.789400071794100280e-03
5.692080293677900110e-03
5.792082517780699873e-03
5.867480624634899798e-03
7.160565209925200299e-03
5.771075344889399668e-03
5.759253951101299916e-03
5.713118692651299700e-03
5.733485802765700239e-03
5.688223406634799681e-03
5.743883246470999834e-03
5.733004705812399723e-03
5.464363933167899583e-03
5.752001949406699600e-03
6.694349155756900045e-03
5.800221270578599826e-03
5.716975015596799901e-03
5.889399253041999703e-03
5.775790792662999738e-03
6.540664889003999609e-03
5.575873126278100243e-03
5.732128440842700415e-03
5.752583919671100041e-03
5.805242832241400315e-03
6.630435649376800224e-03
5.771470379021300355e-03
5.703825759228699915e-03
5.759455755130400180e-03
5.680250000650500022e-03
5.762492995177399824e-03
5.819558604996300302e-03
5.744128580920200219e-03
5.802540541063499688e-03
6.427853546871299846e-03
5.737774511166000325e-03
5.718615327734700299e-03
5.565689886827799963e-03
5.745257427045600412e-03
6.691232192184299807e-03
5.743432467818400042e-03
5.822763103783400174e-03
5.751148768364700188e-03
5.752312184869700154e-03
6.322593185659200303e-03
5.779673440080799855e-03
5.687336275023499935e-03
5.709000969226700299e-03
5.605089848837999621e-03
5.704206259472899623e-03
5.732159297300899736e-03
5.548042565929899722e-03
5.618166961795299612e-03
5.789847957891900224e-03
4.849407332249200397e-03
5.681273232676699661e-03
5.634916277792999771e-03
5.797534040105499671e-03
5.646430181942800261e-03
5.431426008712000354e-03
5.768281082017900387e-03
5.901377808688500030e-03
5.202133101381300334e-03
5.789846039661100327e-03
5.839214143712100069e-03
5.675031185128400109e-03
5.701776380439199654e-03
5.731031685932200075e-03
5.660546292367300315e-03
5.646096263815699942e-03
5.732131029156000215e-03
5.730301273290400003e-03
5.781073229636100354e-03
5.899836454909100289e-03
5.761058567550700338e-03
5.750076410433799592e-03
5.868898112062199794e-03
5.570173688554200080e-03
5.716896655158299964e-03
5.899164826852499807e-03
5.763904559557300050e-03
5.711364546075499947e-03
5.722238010139900355e-03
5.637031363793200238e-03
5.772685436166899962e-03
5.786194521394399590e-03
5.729723164373400242e-03
5.778063474007700227e-03
5.768592976157199681e-03
5.889393904542499641e-03
5.739913768987300186e-03
6.482354367255799624e-03
5.673113860996200145e-03
5.728991608730800260e-03
5.730758442048699587e-03
5.778249829047499980e-03
5.711047318006599698e-03
5.710876341724099685e-03
5.740940585634899881e-03
6.357821245684800240e-03
5.915957297084700056e-03
5.761562975913000172e-03
5.742574470580100350e-03
5.684417194660900015e-03
5.722593858987400084e-03
5.818370101884799868e-03
6.462607861375599741e-03
5.781678853070599568e-03
5.852724522016499592e-03
5.762377900765099613e-03
5.807273882825800260e-03
5.784107039301700053e-03
5.779224643972099944e-03
5.707762154691100112e-03
5.814235690258600341e-03
5.795092866911700363e-03
5.715270154797299704e-03
6.488523516218899605e-03
5.738020710569000267e-03
5.650105536898500369e-03
5.754571483680800265e-03
5.711795942570099642e-03
5.375017871802800253e-03
5.960656886343299911e-03
5.731540668190799812e-03
5.722186199096900190e-03
5.915440515718899984e-03
5.650320315433100121e-03
5.810612397754899919e-03
6.549418213253600102e-03
5.811282786805699666e-03
6.010005902580099757e-03
5.742507537709999783e-03
5.735502134794100322e-03
5.667020824582099693e-03
5.746413436529600356e-03
5.719159038501999900e-03
5.673392940384499629e-03
5.762334866243499706e-03
5.673773722784499797e-03
5.729838670115399921e-03
5.721442188215899657e-03
5.858799859827900323e-03
5.279893379521699570e-03
6.500180695873899669e-03
5.869706803920599937e-03
5.722608449627599597e-03
6.524312264230200213e-03
6.616694859244099704e-03
5.097504407435699859e-03
5.638003874086299806e-03
5.758839135302299718e-03
5.925376678644600145e-03
6.500180695873899669e-03
5.793329046501600153e-03
5.660286839515200029e-03
5.889399253041999703e-03
5.725113141763799908e-03
5.780695638052600095e-03
5.733403798555599881e-03
5.760812019084999777e-03
5.702796163666999651e-03
5.725523527546400385e-03
5.769295138906700184e-03
5.703018729250899921e-03
5.744655745330800103e-03
5.761483151695200207e-03
5.783994143474200170e-03
5.684758628161599818e-03
5.696324375599900146e-03
5.807845388168199688e-03
5.726874124043400405e-03
5.733456785793599950e-03
5.696850987657300393e-03
5.740012535296199793e-03
4.943512778252799611e-03
5.817605406052600396e-03
5.960386650612099595e-03
5.706075730784099589e-03
5.744828632668799728e-03
6.794763236369800140e-03
5.741394046103000248e-03
5.869480865323699684e-03
6.153221815069200018e-03
5.703036040382500164e-03
5.693853644405599650e-03
5.729964092103199784e-03
5.390799691452900083e-03
5.738595690698699604e-03
5.734995959658700272e-03
5.574163833167399690e-03
5.732803539268600118e-03
6.087844000563000409e-03
5.714158327878100102e-03
5.664041595739400387e-03
6.151441849390800430e-03
5.768900415038499645e-03
6.871719161998600389e-03
5.824013911687699573e-03
5.791127691758099667e-03
6.785954680325800327e-03
5.730981147007900220e-03
5.676283705870700282e-03
5.803718730772400303e-03
5.664096096999599733e-03
5.560368046729999639e-03
6.087844000563000409e-03
5.794122545617699967e-03
5.203835142266699694e-03
6.500286172259699645e-03
5.759674597238999792e-03
6.144720394098799818e-03
5.742025692693900063e-03
5.774031682501099688e-03
5.770182100598300091e-03
5.725944161147700391e-03
6.614595259115199806e-03
4.592477907100800047e-03
6.180958337739099993e-03
5.751996837800900375e-03
5.648905944747599668e-03
6.054081594453499665e-03
5.794033299387300190e-03
5.711795942570099642e-03
5.725513024633199777e-03
5.713995002826700170e-03
5.697714115795699842e-03
5.825772930981500120e-03
5.798296923370399765e-03
5.736825240063600159e-03
5.345264486526900109e-03
5.743018129499699934e-03
4.165967987068699800e-03
5.822518227986800063e-03
5.832922098746099772e-03
5.714621408166599935e-03
6.316451819998799601e-03
5.852069966528200030e-03
5.657675899463699733e-03
5.742235621791800387e-03
5.728756017109800334e-03
5.794054846775100430e-03
5.701510157004499590e-03
5.670699085270999862e-03
5.830745871352399981e-03
5.730981147007900220e-03
6.490632810448900350e-03
6.180958337739099993e-03
5.711037005545100374e-03
6.971765256196999806e-03
5.752762199940799834e-03
5.688408736012199804e-03
6.979166919677999743e-03
5.793478881782400045e-03
5.651007791854100078e-03
6.228920726517499576e-03
5.279779204647799644e-03
5.739429837995500133e-03
5.503870355306600230e-03
5.709678553997800041e-03
5.800042685098600291e-03
5.771576217319700046e-03
5.706306474984899901e-03
5.690853346912399906e-03
5.739412307523799987e-03
5.812994596589100317e-03
5.774666434471300430e-03
5.693359207638600157e-03
5.716153972130699583e-03
6.575377936977800340e-03
5.795593133260899636e-03
5.765808630096000420e-03
6.143214679679800429e-03
5.806930721371199831e-03
5.771147890614799700e-03
5.687355336335899944e-03
5.815119874021300317e-03
5.628407500235300433e-03
5.783700126758600270e-03
5.707925675506900394e-03
5.808460293406500149e-03
5.702565000243999850e-03
5.761010125798799765e-03
5.752645728592399761e-03
5.644772669033600379e-03
5.720828030067099702e-03
5.767343657951400256e-03
5.689846894056199873e-03
5.696326032470199960e-03
5.720697625523799706e-03
5.725254079064200433e-03
5.405221309744999598e-03
5.869199815032899968e-03
5.763915203079599675e-03
5.769149135980600369e-03
5.706583262594200172e-03
5.741685454183099828e-03
5.747019964343800039e-03
5.738439256314600313e-03
5.529892698680500401e-03
5.098754585817800132e-03
5.698435295693800133e-03
5.733072155849900341e-03
5.660031460439500159e-03
5.354392184274799765e-03
5.782309237464399940e-03
6.014733128778500422e-03
5.791979777921899691e-03
5.852043248069500186e-03
5.766284107094199821e-03
5.503322048773899577e-03
5.685796410613000104e-03
5.838963811499799615e-03
4.284723889857599763e-03
5.803943656554300286e-03
5.726237815272800132e-03
5.770056431940400084e-03
5.405221309744999598e-03
5.777574492533499827e-03
5.791387979630500255e-03
5.735070970401099852e-03
5.774689472993300293e-03
4.928006228231700432e-03
5.814214148522000095e-03
5.778415695549399614e-03
5.734491913104699905e-03
5.686623249205800118e-03
5.778401667597300208e-03
5.783127939052099854e-03
5.670014829032000298e-03
5.754689649892200283e-03
5.801388201979500170e-03
5.740903012066400288e-03
5.808457623933199754e-03
5.667275913556499810e-03
5.747325254012900300e-03
5.633470259821500049e-03
6.682714603621699688e-03
5.647296863052499692e-03
5.752120787611099927e-03
5.728792281605899969e-03
5.755530498048199925e-03
5.743520758004399922e-03
5.806890572395299877e-03
5.715048888909800284e-03
5.771077925688800243e-03
6.143214679679800429e-03
5.698539086408400262e-03
5.885188853624499609e-03
5.742769151295300072e-03
5.735494473800500405e-03
5.835598562434899869e-03
5.687202547304199933e-03
5.668357880122099936e-03
5.345264486526900109e-03
5.759835543794099635e-03
5.666014869140399875e-03
5.779489856386600156e-03
6.637070890874599907e-03
5.739677977209800379e-03
5.713333967481500422e-03
6.244194881780499966e-03
5.825506260926500285e-03
5.749368521962000024e-03
5.743216448916100246e-03
5.754176519765600087e-03
5.860478365013100169e-03
5.733061003427599583e-03
5.638349091036799592e-03
5.888023880323199795e-03
5.841407500544099941e-03
5.756648600642300280e-03
6.524312264230200213e-03
5.711805161106299662e-03
5.713811410488599772e-03
6.700886426689500221e-03
5.831563928635000171e-03
5.638588940277899746e-03
5.693216569724900145e-03
5.757499069940600310e-03
5.771031041349200356e-03
5.722807495240300052e-03
5.717197944372399976e-03
4.940001995715800030e-03
5.794000020538299899e-03
5.694795379475999994e-03
7.101038920451800338e-03
5.671660138159799816e-03
6.029583102099199572e-03
4.946437276716999717e-03
5.668852014668699681e-03
5.640413012448400321e-03
5.673811438193000073e-03
5.662005131864399944e-03
5.789021503334100191e-03
5.771138594496800188e-03
5.593385484699099630e-03
5.965348637620699820e-03
5.648104156621700130e-03
5.746001005249500200e-03
5.685186951142199782e-03
5.711602329017699889e-03
5.695482390770400388e-03
5.613042277383999828e-03
5.723954673934999668e-03
5.683023658511500258e-03
5.711562590245199827e-03
5.759035559368099605e-03
6.417822740317699615e-03
5.760261739688700075e-03
5.852635774600500190e-03
5.308772592779899616e-03
5.707972715089599906e-03
6.770834965595699632e-03
5.751865954932699858e-03
5.660350952231800112e-03
5.749390270534999840e-03
5.729672826929799699e-03
5.792537834267699574e-03
5.749649585332399643e-03
6.575377936977800340e-03
5.965348637620699820e-03
5.754113617708700099e-03
5.240549832156199579e-03
5.723377655906599845e-03
5.727919487763399702e-03
5.727887576542300095e-03
5.709351567130999811e-03
5.676803737118299789e-03
5.644297700869899820e-03
7.382403077596399847e-03
6.127785290634299789e-03
5.719584054365899582e-03
5.737715699711499681e-03
5.781630935814299592e-03
4.165967987068699800e-03
5.721278827258299837e-03
5.788340715260600206e-03
5.702189046237300316e-03
5.768616600423300336e-03
5.700827060239500345e-03
5.783815258525700290e-03
5.631952927956600415e-03
6.047170656332099929e-03
5.719836063881700121e-03
5.715562872950699994e-03
5.697745785287199570e-03
5.769773660883399831e-03
4.979625431464299729e-03
5.779801642438100323e-03
5.690489449052800117e-03
5.827712325597100146e-03
5.755868156384400143e-03
5.647066361881300164e-03
5.698331477637199813e-03
5.791498649511800205e-03
5.644823866326399708e-03
5.714497452511299938e-03
5.736627545401699717e-03
5.700212068808500204e-03
5.455633582087200152e-03
6.737577823227700220e-03
5.717070703177299686e-03
5.726076115176799604e-03
5.875784102071700266e-03
5.670419101439999957e-03
5.720604365683799875e-03
5.787014926471600006e-03
5.777926886686799574e-03
5.768898982184899986e-03
5.634670300480399720e-03
5.795445363087400187e-03
5.676568553248499856e-03
5.720802689852500303e-03
6.127338560739999974e-03
5.788438054099599717e-03
5.872534774510399826e-03
5.765388618596699669e-03
5.667741529076100217e-03
5.840897792066799578e-03
5.722047501213300101e-03
6.645413036691599599e-03
5.750249072284299885e-03
5.792442790627500178e-03
5.687163867653600297e-03
5.751020266077399613e-03
5.788621985148599720e-03
5.777753179144099784e-03
5.682889053970100086e-03
5.704787219862100106e-03
5.852035608318299602e-03
6.082756241475299752e-03
5.770217153954099697e-03
5.827940594478900338e-03
5.801919225145600080e-03
5.636095640103799646e-03
5.740171690989600249e-03
5.534087483218000370e-03
5.665360324775699750e-03
5.780642644948799994e-03
5.778514740418999769e-03
5.763990964306900042e-03
5.615633900148800199e-03
6.616694859244099704e-03
5.726208399875300399e-03
6.091114751973300372e-03
5.668821966892800303e-03
5.752679357262999692e-03
5.794104531105999899e-03
5.729042007088400341e-03
5.780457806681900228e-03
5.679502076145000362e-03
5.258357780891899716e-03
5.733028558789999771e-03
5.736848422599400039e-03
5.623638244089499728e-03
6.232863166979000016e-03
5.772948587190599931e-03
5.715395265497900425e-03
5.724464041023400243e-03
5.653666458275100060e-03
5.823866155218299610e-03
5.658599073248500415e-03
5.809500462825799814e-03
5.817264358490500248e-03
5.705843725399699883e-03
5.701609407669300071e-03
6.971765256196999806e-03
5.655354009162500209e-03
5.668839897061700266e-03
5.411739964835100315e-03
5.725448323242000176e-03
5.686197447476700265e-03
6.049389232744099669e-03
5.717554474635100012e-03
5.704274175042500089e-03
5.721450724694999643e-03
5.758775328629900034e-03
6.371769547519499574e-03
5.710374643615699630e-03
5.701577723990000103e-03
5.697253977941300201e-03
5.884795868786999763e-03
5.822742516234200028e-03
5.762435913972300400e-03
5.925287937354700371e-03
5.773602011909399756e-03
5.746393420349000213e-03
5.668673795489199627e-03
5.766727485684700061e-03
5.791598316200700404e-03
5.670015131655699835e-03
5.683781338409000204e-03
5.764614353948900073e-03
5.757868253025700406e-03
5.749096852852700335e-03
5.761722758309600380e-03
5.726161616345600003e-03
5.724060015341599951e-03
5.693064163216600242e-03
5.717767044436299594e-03
5.702046923742000104e-03
5.657423504981599904e-03
5.744595239313500350e-03
7.026749541539900265e-03
5.756978402818699672e-03
5.754588544700300207e-03
5.658900584139699846e-03
6.357821245684800240e-03
5.660700378842200078e-03
5.789334028901100410e-03
5.702607721643200220e-03
5.661365740948500272e-03
5.604473736041000291e-03
5.749807151902200028e-03
5.767508465887799876e-03
5.748170786110299614e-03
5.789224494951100003e-03
5.637032863815999786e-03
5.852984372175100078e-03
5.715152414490600082e-03
5.721043469813800152e-03
5.690540823475499603e-03
5.691085124727800378e-03
5.151121900265000393e-03
5.753461311274300251e-03
5.699525220696199587e-03
5.182804985734400412e-03
5.739355288289499715e-03
5.757052724942600223e-03
5.706025714578099803e-03
5.792729720448500270e-03
5.748139815997600419e-03
5.609330092890199917e-03
5.719770317361400069e-03
6.433257618658099961e-03
5.766081958424200404e-03
6.654663545256200331e-03
6.270040578109799777e-03
5.623287172359500187e-03
5.689290652208799613e-03
6.014733128778500422e-03
5.691000704244500268e-03
5.788963164259500367e-03
5.665997991093799785e-03
5.744040654061500009e-03
5.869910549497200231e-03
5.700538690756399782e-03
5.694509768019800043e-03
5.760432398066800234e-03
5.735763773512800312e-03
5.707100971226400192e-03
6.753456305314100086e-03
6.082756241475299752e-03
5.690013712723499852e-03
6.039806575984799780e-03
5.752010978324499646e-03
5.730407889075799822e-03
5.782041206124900051e-03
5.721376864748499609e-03
5.750268657002200259e-03
5.677317195474899589e-03
5.732091133757899644e-03
5.731914798172399982e-03
5.700971110866899852e-03
6.300469391035300008e-03
5.702407712059300027e-03
5.746271403204199907e-03
5.755097633709900344e-03
6.125478849804099658e-03
5.737888972379899706e-03
5.716814419283599777e-03
5.701516701200000196e-03
5.690051087006000284e-03
5.821126864983100155e-03
5.861525293097699998e-03
5.581202729349799690e-03
6.060012632142000241e-03
5.795119572526000185e-03
5.753562497339499704e-03
5.764010000645800220e-03
5.726393809195099577e-03
6.970448260878599721e-03
5.757152118087799711e-03
5.751142931983199702e-03
5.676328538085999818e-03
5.780808489570199611e-03
5.901702303652400089e-03
6.462607861375599741e-03
6.948587578795999836e-03
5.609278693125299871e-03
5.840162459925899753e-03
5.680763224727099908e-03
5.760320734358799662e-03
5.656961701469599701e-03
5.684734823370499700e-03
5.724750541180500391e-03
5.529892698680500401e-03
5.652987551716199578e-03
5.668509076924599897e-03
6.266747617940499580e-03
5.709462089312500321e-03
5.794094232092699727e-03
5.782619585884400150e-03
5.613239512108200366e-03
5.751880188094500058e-03
5.640050996104899704e-03
5.675246353014300194e-03
5.747212483254600206e-03
5.779446683195000288e-03
5.702857128980399690e-03
5.742397100922400424e-03
5.946801666188400275e-03
6.387325301010799740e-03
5.750462445815699916e-03
5.761332212587300279e-03
5.359505489942100430e-03
5.203835142266699694e-03
5.739221748797099926e-03
5.669184116522700198e-03
5.697988348236000117e-03
5.761421345819000249e-03
5.798734040079999916e-03
5.762597478676300365e-03
5.747897352258100369e-03
5.732427078271399787e-03
5.772054735998799653e-03
5.800714294794300299e-03
5.706393713130799780e-03
5.694475665436299870e-03
5.737205886890099985e-03
5.721990543278299667e-03
6.084508231665199801e-03
5.745722442659999783e-03
5.815387253039499930e-03
5.785999141566099992e-03
5.687303400760799869e-03
5.712650293431699618e-03
5.712237504859300416e-03
5.593385484699099630e-03
5.677179178297200000e-03
5.720643723160399700e-03
5.670388074994999958e-03
5.732835846514999951e-03
5.663016534026000387e-03
6.272114939792900259e-03
5.749027766821499831e-03
5.771388552184500073e-03
5.724394756337600025e-03
4.946437276716999717e-03
4.711968689677500412e-03
5.743377348539399629e-03
5.734126838183000417e-03
6.363520565368099673e-03
5.754723947221400057e-03
5.782195030482099873e-03
5.791176193927599983e-03
6.272114939792900259e-03
5.713523866951400292e-03
5.801740104771999779e-03
5.667723240673499738e-03
5.713821372753400199e-03
5.435756374543299942e-03
5.661785321582899974e-03
5.756525752044499775e-03
5.752705133474000400e-03
5.810618779767499735e-03
5.740786056129600426e-03
5.730152910396199908e-03
5.274305817330699614e-03
5.799607959088000017e-03
5.531554420092400261e-03
5.795028797007399993e-03
5.638003874086299806e-03
5.692076621568600316e-03
5.726309771412099736e-03
5.730088429693800008e-03
5.808417574365100366e-03
5.750304603831300418e-03
5.763807589066799811e-03
5.791379156835600207e-03
5.791078359017399861e-03
5.697221498574299610e-03
5.349642699519099702e-03
5.773127223363100011e-03
5.712374610226799744e-03
5.709371064157400290e-03
5.599089646770700167e-03
5.777501672512700033e-03
5.754475170569199605e-03
6.579480151263900241e-03
5.658339993187299841e-03
5.782570431244500077e-03
5.853012848041299829e-03
6.409796349467899654e-03
5.757008045951399894e-03
5.744527174091999637e-03
6.790004856067900253e-03
5.823487265685199990e-03
6.350872029178999956e-03
6.483989881487400332e-03
5.776508695536200326e-03
5.754063211509599998e-03
6.010005902580099757e-03
5.798695073489799727e-03
5.659869906596899647e-03
5.716126991611099849e-03
6.708337746031099724e-03
5.648842551521799857e-03
5.806150215224199947e-03
5.660517148681300237e-03
5.833239422617399889e-03
5.787910623985199725e-03
5.800827302767500027e-03
5.468501285942099603e-03
5.737766753386199826e-03
5.661004932276499785e-03
5.581202729349799690e-03
5.846887902668100254e-03
5.706745130658000091e-03
5.733513545440199928e-03
5.639510299570300346e-03
5.899712923903699738e-03
5.788226608271799731e-03
5.717620851806499982e-03
5.677107385317000342e-03
5.727945079258599595e-03
5.917540420610100348e-03
5.656388368702199888e-03
5.742321769566300325e-03
5.732623182946199915e-03
6.756019503561999651e-03
5.692202584398900304e-03
5.737013652069000366e-03
5.694338682489000387e-03
5.768011270614900252e-03
5.767219006173799831e-03
5.702691843084499966e-03
5.682897506563099749e-03
5.773371815473799830e-03
5.739714964492700043e-03
5.758966529722699644e-03
5.721256037759699965e-03
5.681151044605499585e-03
5.706681210723999788e-03
5.775243546267299841e-03
5.679842399500799680e-03
5.712070312834500140e-03
5.641852995589300389e-03
5.728141670418900044e-03
5.682753205160999757e-03
5.694015116164699575e-03
5.765053381587399717e-03
5.819323493998600216e-03
5.790655319936699984e-03
5.765688061640499712e-03
5.639254882650999827e-03
5.754332753192099859e-03
5.711288667265499927e-03
5.674480414784100271e-03
5.749562370247899776e-03
5.670761908766800384e-03
5.712761488493399605e-03
5.742381765333100241e-03
5.786149308933999889e-03
5.778680816871399964e-03
5.308772592779899616e-03
5.642708911419200279e-03
5.856766385696999741e-03
5.679700412764599610e-03
5.831103487542800209e-03
5.757888842647900310e-03
5.715359413122099615e-03
5.673653635437100363e-03
6.659562604387800171e-03
5.672154047793099771e-03
5.702438819425299961e-03
5.806007241715100374e-03
5.729702988855799907e-03
5.802963141583200417e-03
5.674872384592699777e-03
5.700379499995800181e-03
5.656876774480499616e-03
5.693521201429499815e-03
5.757318065120899976e-03
5.740559551650300206e-03
5.660660090796100323e-03
5.687741545723100020e-03
5.548042565929899722e-03
5.749789075678599613e-03
5.730031559245400002e-03
5.719649633784400222e-03
5.728204594382600191e-03
5.780694017474399815e-03
5.767145102465199950e-03
5.741529343199200386e-03
6.258333500202499684e-03
5.431426008712000354e-03
5.767536867621199902e-03
6.054900208422000357e-03
5.666709317128299991e-03
5.899955605141500407e-03
5.828159626738499931e-03
6.029391839285199763e-03
5.722332339919000178e-03
5.678900334974699635e-03
5.768536222797500390e-03
5.794634536391000089e-03
5.779131239524400165e-03
5.704983212722699974e-03
5.638050107343899747e-03
5.840556764695700211e-03
5.710275519688300105e-03
5.258357780891899716e-03
4.824799381846999607e-03
5.761139228086500398e-03
5.685964962759700037e-03
5.647899147476699751e-03
5.871095724351200335e-03
5.960386650612099595e-03
5.824142276549200241e-03
6.225743933923899749e-03
5.767644672727500164e-03
5.723187668404699883e-03
5.762187958119199642e-03
5.571796273800000421e-03
5.758782014263300227e-03
5.275810928115100100e-03
5.700765835674400338e-03
5.732052837948200044e-03
5.655955973099599868e-03
5.696128801425399957e-03
5.637295501651099633e-03
5.697330037326400233e-03
5.821334040983699998e-03
5.787072581123400145e-03
6.832133358630899933e-03
5.711047318006599698e-03
5.786528178835800319e-03
5.732398686124799865e-03
5.739529498803799638e-03
5.698741443773899795e-03
5.750038211504500396e-03
5.840220963012700099e-03
5.773342180702600336e-03
5.615943270797499852e-03
5.637566891222200310e-03
5.786383641496100141e-03
5.763683804096199695e-03
5.573576814420500014e-03
6.386593006651299607e-03
5.713086669813499836e-03
5.658698312240800256e-03
5.769020217301999882e-03
5.696008550986900003e-03
5.798968093023900046e-03
5.694723693417800235e-03
6.579480151263900241e-03
5.781906668328199925e-03
5.719149271429699657e-03
5.835091718589100265e-03
5.848665769267499814e-03
5.752963257004199867e-03
5.758885478181399904e-03
4.979625431464299729e-03
6.380936525040400292e-03
5.797408838549500225e-03
5.853110348862600176e-03
5.707089485423500266e-03
6.228920726517499576e-03
5.638952179747800005e-03
5.695698486096499764e-03
5.640241152109900027e-03
5.664781691963200090e-03
5.729065587197199917e-03
5.810652376677699800e-03
5.647338501277900276e-03
5.676377164122699617e-03
5.842553347179000288e-03
5.727738859390599929e-03
5.763637437257499579e-03
5.760415438583199772e-03
5.279779204647799644e-03
5.685780410349399946e-03
5.891748903428299655e-03
5.746348118867899979e-03
5.736344580214300208e-03
5.741499259227500311e-03
5.701581663040000345e-03
5.803246917891799646e-03
5.727941853359900387e-03
5.485416773610299855e-03
7.026749541539900265e-03
5.678340950175799623e-03
5.778582176310899897e-03
5.775163369106300036e-03
6.109046946593799793e-03
5.744106473023999869e-03
5.767325467671400099e-03
5.816441207868900364e-03
5.733154795073199840e-03
5.808913931001099748e-03
5.834843164863499736e-03
5.915932105369999666e-03
5.784188745548499676e-03
5.712206473828299567e-03
6.039806575984799780e-03
5.807847524204000182e-03
5.799486937790400420e-03
5.802066347785700233e-03
5.390799691452900083e-03
5.796477819492999901e-03
5.385157174043799996e-03
5.850185744212899573e-03
5.810640220898399995e-03
6.387325301010799740e-03
5.652953723863000414e-03
5.724858997993000076e-03
5.716793151136300051e-03
5.753619807183200235e-03
5.750703111038000213e-03
5.660209309326099704e-03
5.742586059491099591e-03
