1.863751292014999934e-03
1.702886139957000009e-03
1.500138702631000076e-03
1.773426976802799926e-03
1.654408462621600106e-03
1.675183888068299898e-03
1.731780652986699906e-03
1.846487743903399989e-03
1.700415675568899910e-03
1.521996482820199906e-03
1.661933023590200093e-03
1.908758049273599940e-03
1.750310650066499909e-03
1.760547847218700036e-03
1.554480980495200016e-03
1.847085952966199922e-03
1.674765108400700026e-03
1.429847132296100005e-03
1.720073666477799947e-03
1.485692045257500050e-03
1.767683080123499994e-03
1.735961154493399902e-03
1.779971521993000023e-03
1.834542374420900087e-03
1.534283920429699907e-03
1.475309756305999984e-03
1.722273755388700018e-03
1.787927903393999934e-03
2.080841018525700012e-03
1.396254721632600015e-03
1.791664834069699912e-03
1.783244177262299909e-03
1.620257922059600061e-03
1.407704147212199969e-03
1.822326571229899951e-03
1.566350890786299965e-03
1.675985230561600038e-03
1.594865623675800021e-03
1.673994417658799952e-03
1.990220978716999815e-03
1.680389947759199911e-03
1.427464253509299957e-03
1.702688477469500080e-03
1.578186304037100052e-03
1.369245994470899997e-03
1.715640667542699983e-03
1.648201522042100050e-03
1.723841572188800075e-03
1.679072078284399999e-03
1.663864892152599985e-03
1.689027425965000098e-03
1.658019103368200010e-03
1.760159593335100092e-03
1.818663392125200026e-03
1.468156016875799995e-03
1.829703876186999922e-03
1.775635946859299968e-03
1.861065111493000017e-03
1.760377314856799956e-03
1.572999669801999944e-03
1.567650344385599975e-03
1.892393712073400054e-03
1.637534595805900011e-03
1.830009936667600099e-03
1.805307810053999925e-03
1.642722103893500029e-03
1.577285402487799918e-03
1.581099410744899987e-03
1.395446526305299962e-03
1.571056369958100107e-03
1.580573888434400097e-03
1.669395712431699956e-03
1.482934768621400022e-03
1.641786504438599945e-03
1.702815714655900097e-03
1.844561999374799916e-03
1.782779272990499958e-03
1.922612229418400051e-03
1.892362980219600014e-03
1.696826521426199981e-03
1.589386354246000079e-03
1.924680256471399901e-03
1.664437495937900070e-03
1.516999111186399926e-03
1.695386643541900006e-03
1.843775234616900098e-03
1.713255409296699948e-03
1.808743254199300090e-03
1.812253347146899982e-03
1.590575599968700043e-03
1.978302449187800162e-03
1.595229913493299975e-03
1.629202852541599984e-03
1.487237084435400055e-03
1.872769914236700056e-03
1.852531852133599936e-03
1.828077269886000051e-03
1.640008215358400041e-03
1.298659182934800089e-03
1.735380566203400046e-03
2.018625674200899989e-03
1.711665476550900105e-03
1.617260584585100084e-03
1.796198754412600034e-03
1.671732751424700016e-03
1.664901558770699947e-03
1.719639525357100074e-03
1.750352538627300038e-03
1.602863613670099923e-03
1.920094899682999985e-03
1.785884840614000019e-03
1.818603447143699904e-03
1.582547248524999962e-03
1.808891656931899908e-03
1.557229083023300075e-03
1.665739142268300070e-03
1.496454782008099912e-03
1.694038848396899966e-03
1.764274681746799993e-03
1.699167461701600037e-03
1.616805142199099956e-03
1.576508050922500060e-03
1.612159973116799976e-03
1.677645816830800008e-03
1.675431926119999929e-03
1.566895402529200083e-03
1.777875967943199926e-03
1.727083304344099969e-03
1.479471997967700013e-03
1.658857616351000095e-03
1.680943509970100067e-03
1.650401645776799998e-03
1.742642407991700079e-03
1.755377665179000011e-03
1.574138341968600021e-03
1.721448398286299980e-03
1.544515590523600065e-03
1.795639893635499933e-03
1.522178575805499968e-03
1.554100087355899957e-03
1.449093712053599933e-03
1.557779850680599985e-03
1.533164374432099963e-03
1.537045300290000019e-03
1.627456796494700054e-03
1.727685541398899958e-03
1.546686538930700005e-03
1.701382803130599983e-03
1.729161064186900045e-03
1.928170102863700081e-03
1.585678673823999940e-03
1.639514013886600105e-03
1.576107844706500045e-03
1.811057251142400093e-03
1.606163310544499916e-03
1.784295395452800042e-03
1.654523555882100091e-03
1.509997756338300051e-03
1.704378297727600052e-03
1.428490827195999990e-03
1.793534745639000037e-03
1.594198054571100039e-03
1.729217849244300007e-03
1.414762516553400061e-03
1.815626367468300018e-03
1.858455814922600063e-03
1.738726971664000028e-03
1.459640479044899998e-03
1.849585975375700074e-03
1.818675098761800019e-03
1.619173851736600096e-03
1.714759722680599986e-03
1.740027116702800095e-03
1.750445285813199926e-03
1.555541973609900078e-03
1.655808372181399998e-03
1.709037678969000003e-03
1.518726016509899975e-03
1.812143159278499895e-03
1.534178367609999923e-03
1.838677279711499989e-03
1.504288979589499904e-03
1.608603986412800082e-03
1.752693278406599903e-03
1.706051421497300049e-03
1.800735326096900056e-03
1.574247844134000086e-03
1.738852479357400060e-03
1.606011174955699955e-03
1.882967606368199940e-03
1.679088754443399919e-03
1.632883328130399925e-03
1.711668466678500054e-03
1.775944768789900017e-03
1.847682395740000028e-03
1.589827442646799894e-03
1.550834463686600034e-03
1.713642509272699996e-03
1.720683155348600064e-03
1.620568483295399976e-03
1.709512812039200042e-03
1.716306473374000063e-03
1.799096150045000108e-03
1.551671359730399892e-03
1.672822640195999969e-03
1.666070351646100007e-03
1.876311186122999906e-03
1.509755867885599970e-03
1.783674711059699903e-03
1.627866487758599951e-03
1.706532052963299949e-03
1.711164985806699988e-03
1.587997877742799947e-03
1.659391813757000013e-03
1.744157408544999999e-03
1.698372451473999971e-03
1.784045345223299979e-03
1.673802858850299965e-03
1.694044877184800076e-03
1.651461747931899909e-03
1.667513007871399954e-03
1.535708390380500056e-03
1.750373212562299956e-03
1.689534870823500030e-03
1.746727430344299911e-03
1.836453101540699937e-03
1.582100750760100051e-03
1.615138119173400002e-03
1.581682412624700086e-03
1.640278070310699976e-03
1.483470324006699913e-03
1.603137701961299989e-03
1.683186166987200036e-03
1.764467297112599963e-03
1.697938648704799911e-03
1.553846232267399978e-03
1.630743900873200076e-03
1.777251666578700097e-03
1.802282859743199912e-03
1.644941412889300032e-03
1.775392794922400026e-03
1.512894062707000054e-03
1.510341803681999970e-03
1.549128251728600081e-03
1.655680463768599998e-03
1.590244494571799953e-03
1.603462877575899913e-03
1.634004910589599915e-03
1.781810074644400027e-03
1.549963301424899919e-03
1.708077682965300102e-03
1.714967891800999985e-03
1.876930130644399990e-03
1.446658055151199985e-03
1.614040487545300101e-03
1.693503667756000083e-03
1.517469097372600023e-03
1.824303723156100098e-03
1.538506545047599967e-03
1.721111085829200079e-03
1.637809588837600043e-03
1.623653031484300052e-03
1.758341821241799895e-03
1.844260910432800023e-03
1.786967581993699960e-03
1.797917400413600068e-03
1.627424132264500061e-03
1.745903776670899941e-03
1.839196468406099905e-03
1.416142892946300027e-03
1.683927288028499916e-03
1.801212491554900035e-03
1.716055366018200091e-03
1.648427226278000078e-03
1.652443086489499991e-03
1.729485657225999975e-03
1.603026372741599972e-03
1.671203573215500034e-03
1.837818217771199905e-03
1.774090723286099935e-03
1.742121423743400082e-03
1.581248471132800032e-03
1.651032408040400057e-03
1.649582731620800099e-03
1.913846463824200048e-03
1.640990782159899939e-03
1.624691762850700083e-03
1.766354423165999998e-03
1.855272292292800031e-03
1.723405632045000007e-03
1.623914457640700032e-03
1.701812184437799915e-03
1.567191397224100080e-03
1.595625489936400082e-03
1.676018713075900016e-03
1.757894052077100091e-03
1.987341346720399894e-03
1.586884454637499950e-03
1.464405152284299974e-03
1.750284887371699946e-03
1.841265364848600032e-03
1.794283372845100095e-03
1.809320838506699950e-03
1.868590847611800027e-03
1.606588985708300079e-03
1.897778180516100036e-03
1.666748990901300046e-03
1.609564195410599988e-03
1.595098515931799976e-03
1.698284675762800093e-03
1.598712711767700080e-03
1.488880616747400047e-03
1.784236733429999918e-03
1.593868624175399972e-03
1.732834028353699967e-03
1.542968125967100063e-03
1.711294354143899892e-03
1.694938553941700019e-03
1.493683333507900106e-03
1.639180987670499920e-03
1.577501530450099894e-03
1.808840900394200098e-03
1.619334339119399930e-03
1.721470548878699987e-03
1.433980182524899989e-03
1.669308931525900026e-03
1.671759523890299940e-03
1.739781999906900040e-03
1.480868344535599904e-03
1.744033053822600108e-03
1.789951808636299976e-03
1.628156504577499969e-03
1.452563966114199957e-03
1.543461466955800077e-03
1.568218900055999912e-03
1.725640548700799930e-03
1.746877589339299996e-03
1.576699682456100078e-03
1.725731225506199965e-03
1.628304961321800064e-03
1.847369737215400019e-03
1.639249771797699927e-03
1.516088470058799898e-03
1.744361766533999948e-03
1.646044470021900026e-03
1.696874449643799966e-03
1.437294068640599916e-03
1.701666168054200012e-03
1.527398796036199971e-03
1.718258786527199992e-03
1.792836202881100066e-03
1.769194768422600048e-03
1.571716177185700052e-03
1.697617940647300075e-03
1.713751481588100031e-03
1.753645005148300046e-03
1.736723361261799901e-03
1.724152306767299993e-03
1.803469500436300074e-03
1.633608006075600028e-03
1.506624264496300106e-03
1.635836121843699947e-03
1.667205707281699950e-03
1.711033934785800023e-03
1.840508362126600005e-03
1.813381385204500002e-03
1.681138829829199920e-03
1.793395685986700098e-03
1.389806864326199962e-03
1.507317067817500085e-03
1.708423419419899999e-03
1.797085915984599934e-03
1.574679019468099928e-03
1.623639938916700103e-03
1.564632944953000008e-03
1.579374343750800103e-03
1.457809238709600061e-03
1.832188199408899985e-03
1.625159421149099904e-03
1.757220899557599943e-03
1.709800577828800034e-03
1.881864284338699957e-03
1.713413815017399925e-03
1.724269150540000016e-03
1.567632440821599936e-03
1.628717647494700013e-03
1.616304929572499969e-03
1.432448158667100086e-03
1.732734685303699953e-03
1.699627248147900010e-03
1.664072341398800019e-03
1.678739667495700045e-03
1.892866942541200029e-03
1.412839511503399901e-03
1.717154290030700010e-03
1.678181282439499900e-03
1.626406345031099990e-03
1.634512072267199894e-03
1.496524500407000070e-03
1.672103375775599960e-03
1.512803498927600037e-03
1.735299434962500088e-03
1.582615051204900019e-03
1.878915035383500048e-03
1.543146116269499902e-03
1.695439614873099892e-03
1.732942135984099968e-03
1.738743662310299979e-03
1.715962645108800059e-03
1.703212804676299940e-03
1.665179753962200103e-03
1.638209286335399898e-03
1.715751681322500105e-03
1.764313400858900103e-03
1.860349764861800054e-03
1.802205758245999925e-03
1.988640815924300198e-03
1.686299754999300102e-03
1.789318767312099955e-03
1.764778310072799951e-03
1.728068238696900058e-03
1.892220007937899916e-03
1.578154685692599937e-03
1.669393829567899969e-03
1.559848541699100036e-03
1.622578596272600043e-03
1.636374621112299949e-03
1.863350435801799975e-03
1.673752521221200020e-03
1.747384808114299916e-03
1.627473042335799954e-03
1.646176181592699924e-03
1.903657993125599992e-03
1.768623054074000035e-03
1.708060933753500045e-03
1.605310468514499966e-03
1.685479877985800092e-03
1.714619465143799905e-03
1.940129106613900072e-03
1.727732264010399966e-03
1.684293759656300005e-03
1.812607764956099916e-03
1.377174171343400078e-03
1.517204085951000085e-03
1.790339721628399997e-03
1.518607576119600103e-03
1.700873905744000082e-03
1.664425712166099939e-03
1.766434622112399893e-03
1.663868448005199983e-03
1.499585136960200019e-03
1.301795244606500108e-03
1.390387284999400038e-03
1.756797969118499905e-03
1.752483702534800075e-03
1.387402729754499920e-03
1.787876623775299951e-03
1.729892494215700066e-03
1.718055245507099909e-03
1.651004713249099943e-03
1.574563356504200037e-03
1.705281630219800072e-03
1.758777956283000049e-03
1.484371277308299975e-03
1.621550929167800024e-03
1.729364175821700026e-03
1.691676733575400108e-03
1.546454069963700039e-03
1.809090661658199978e-03
1.663708481218199907e-03
1.467017490596900058e-03
1.570357794060499952e-03
1.747650658538700032e-03
1.749904239195400075e-03
1.658690410167199892e-03
1.628600153378799908e-03
1.660043128492499995e-03
1.738056290618499944e-03
1.636130692191000010e-03
1.486846035901700017e-03
1.763808854734700074e-03
1.676913018487700014e-03
1.707949352015499921e-03
1.842741420963000089e-03
1.625159792527800049e-03
1.656714248754700101e-03
1.496412416553100089e-03
1.684472667775199946e-03
1.936775334794300094e-03
1.680017554718299952e-03
1.900374882826799975e-03
1.986777624759099824e-03
1.535925734855899923e-03
1.776937434616000008e-03
1.729152315919199948e-03
1.803344486056199973e-03
1.790487191733400102e-03
1.619662768542099980e-03
1.773305950525199976e-03
1.623912881895600091e-03
1.698136614878700086e-03
1.670784746182700075e-03
1.904899559970899990e-03
1.686588229846699982e-03
1.974108090180599993e-03
1.522623419363999982e-03
1.588908143326499961e-03
1.544086489409200085e-03
1.876737755437700092e-03
1.789093668780599973e-03
1.644495351620599982e-03
1.549724055563399955e-03
1.697103381010200106e-03
1.663774032741000041e-03
1.965870867061300133e-03
1.246983057605999951e-03
1.661051456891000054e-03
1.723055624695099932e-03
1.673372658968799893e-03
1.812147829600899976e-03
1.748148558118200026e-03
1.680350173936299985e-03
1.337917790169699953e-03
1.737411682704000006e-03
1.670628527661700098e-03
1.442904531667599981e-03
1.779586567414799926e-03
1.831430857626599939e-03
1.894477559607200086e-03
1.692498384873799893e-03
1.751335378596400021e-03
1.576540607391700060e-03
1.807768127440700099e-03
1.705284034521600042e-03
1.776304942588399945e-03
1.603530958274799936e-03
1.776539756953000003e-03
1.602739276618099897e-03
1.811954607792299948e-03
1.840341860260199993e-03
1.731438638679800093e-03
1.624817768301100012e-03
1.767525875979600097e-03
1.668596170847600011e-03
1.728798436760000052e-03
1.457845178424499932e-03
1.650744982097500108e-03
1.614000900163399966e-03
1.795941202672599957e-03
1.959035329320399973e-03
1.704798934657600004e-03
1.570594621212199980e-03
1.615762731088400076e-03
1.691981643269600084e-03
1.937174155028000043e-03
1.715005612854999953e-03
1.559277461307300057e-03
1.734543293193999960e-03
1.757629950796600008e-03
1.689989741081099946e-03
1.583380326654599971e-03
1.410611581129599936e-03
1.689347547063600047e-03
1.638094276909300056e-03
1.442095378700900075e-03
1.671505808377299991e-03
1.714741439627700008e-03
1.543825892544500086e-03
1.869987311341599892e-03
1.626302746803700086e-03
1.694747408426099935e-03
1.659505011649700006e-03
1.611944107885999967e-03
1.562052697508999966e-03
1.572339233796199920e-03
1.588025697593399999e-03
1.599404489985500107e-03
1.444748395932599896e-03
1.748576018847999933e-03
1.733749838386700048e-03
1.667042589949800039e-03
1.721510736680499903e-03
1.715420977978199995e-03
1.456026527151400027e-03
1.872860156533400020e-03
1.581625558269499987e-03
1.900188154839700010e-03
1.773958151868800046e-03
1.920978687627999948e-03
1.610483661455300048e-03
1.827705981055399893e-03
1.524275696249200070e-03
1.672357979489100038e-03
1.514438302348199974e-03
1.685090041596999915e-03
1.655093681680999901e-03
1.787550583369099935e-03
1.675701510240900022e-03
1.778850896599599909e-03
1.793186642691699988e-03
1.641431255222899942e-03
1.614242120511599939e-03
1.798553944243699984e-03
1.634875249534000060e-03
1.807153385904600087e-03
1.689007004723599948e-03
1.739135564543599962e-03
1.780292293370899998e-03
1.610391357960700006e-03
1.493197890315699997e-03
1.601109469913399941e-03
1.959380486397399937e-03
1.696417162291700021e-03
1.623716871535100040e-03
1.606106676325799992e-03
1.569612341745800022e-03
1.485749996786199989e-03
1.719504706787599972e-03
1.655972571757099911e-03
1.673744471421599904e-03
1.747206167253700102e-03
1.690140315163400067e-03
1.808347283093200003e-03
1.773303791089299915e-03
1.704509163810400026e-03
1.614375707306400006e-03
1.660637888332099901e-03
1.738765249849699929e-03
1.521983386832699960e-03
1.805757853789199995e-03
1.778996349958300105e-03
1.632061373044499993e-03
1.700449343433199992e-03
1.769028626639699946e-03
1.649532468370900002e-03
1.824181565825099905e-03
1.653027439513700013e-03
1.832717906017900010e-03
1.764577182147199913e-03
1.753194930339899973e-03
1.578929012416299942e-03
1.576685076916099987e-03
1.618344581777800056e-03
1.611086432934900024e-03
1.749435645098200041e-03
1.583851852930700079e-03
1.548444319696800015e-03
1.624976564471299978e-03
1.770334018708599917e-03
1.604275726073499993e-03
1.618994419952699904e-03
1.591260034867500103e-03
1.632549073377500106e-03
1.463729583722300082e-03
1.685648374455000088e-03
1.706717745020800000e-03
2.001700149673199969e-03
1.543426084928399902e-03
2.008868312894999866e-03
1.801149845379899916e-03
1.796180873125700081e-03
1.501076674900000095e-03
1.652280582236799900e-03
1.644528685604300031e-03
1.702891303167499999e-03
1.857129514369799906e-03
1.714831440221299946e-03
1.571175939164400071e-03
1.573544171281399942e-03
1.718372242697400066e-03
1.818871094892699934e-03
1.822677252587599902e-03
1.761063174773700064e-03
2.010454258684099809e-03
1.648583277475599912e-03
1.737643986990299906e-03
1.575496009840399994e-03
1.721625172647600057e-03
1.643793513006100004e-03
1.747849438677699955e-03
1.543177799171599951e-03
1.757049608710399904e-03
1.630850074681199904e-03
1.696372872225200079e-03
1.820390455747499924e-03
1.540393427510099948e-03
1.554007361299700055e-03
1.621292568896999910e-03
1.647871732349300098e-03
1.607094946941899994e-03
1.722659062044000012e-03
1.696921639482000012e-03
1.601699504477400006e-03
1.664900483273599931e-03
1.855773683341499936e-03
1.705300243069300019e-03
1.789023357010800092e-03
1.844532248284400057e-03
1.652668916514799967e-03
1.605153743915499953e-03
1.650028308605199986e-03
1.665153874699199952e-03
1.647654936608999908e-03
1.676505162955500014e-03
1.538633537932800055e-03
1.733770508503299944e-03
1.642718563326299929e-03
1.790536345072400032e-03
1.561184107697599936e-03
1.442796234032299929e-03
1.566398322590699908e-03
1.813492912653400001e-03
1.684552036770799914e-03
1.674365754124499967e-03
1.637266575031899986e-03
1.738462322771999963e-03
1.426873619996899900e-03
1.730802699528400084e-03
1.856632819932899992e-03
1.565683133239800058e-03
1.800578686398600012e-03
1.815285650622299992e-03
1.830771046809200097e-03
1.745770328240799996e-03
1.773767069783699964e-03
1.680859884429399985e-03
1.884734476068600012e-03
1.589421854432200056e-03
1.557216588491099974e-03
1.446943049172199963e-03
1.675418353159600004e-03
1.654315232194000090e-03
1.667769126728799916e-03
1.801602052584200036e-03
1.677351472396799948e-03
1.997559231019900138e-03
1.698951565091000012e-03
1.866813373725899989e-03
1.684334909898600047e-03
1.709674952154900066e-03
1.781600191566900084e-03
1.834357937912699981e-03
1.524349863336100022e-03
1.721046575280500051e-03
1.573824396256699905e-03
1.765972230807299906e-03
1.370451376294000044e-03
1.738825914046599960e-03
1.805352535799499905e-03
1.804345994660900036e-03
1.661516364159499898e-03
1.834392773056200011e-03
1.820298352011200061e-03
1.541666035212499930e-03
1.604077974321099906e-03
1.823054868298299965e-03
1.550874963999899917e-03
1.801426805592100042e-03
1.755386448812500024e-03
1.491811703808200093e-03
1.694530473174700024e-03
1.558363292648800051e-03
1.766075010696100019e-03
1.600718290580799980e-03
1.659912930251000078e-03
1.593831147406499964e-03
1.532082441167799923e-03
1.446199898562300096e-03
1.768397249630200086e-03
1.691041131331799934e-03
1.790379458162799945e-03
1.734206931104699924e-03
1.547171656424599969e-03
1.644219368076699911e-03
1.544008130904400092e-03
1.766705853263700072e-03
1.671780027473499918e-03
1.774252807775900023e-03
1.793694007256699989e-03
1.703181735777899988e-03
1.911803914565600015e-03
1.560843512518099918e-03
1.336736898317299931e-03
1.751869787212800020e-03
1.611779578301799926e-03
2.037984075819899901e-03
1.806647968005300033e-03
1.875244480203100026e-03
1.759733266941199917e-03
1.728116382220400106e-03
1.763020278996199966e-03
1.744528622839200101e-03
1.620552845771399894e-03
1.700641337300499946e-03
1.660062657086499921e-03
1.447316371061699953e-03
1.643276513021900073e-03
1.648751490116099998e-03
1.706548794119300055e-03
1.787682995094800036e-03
1.449523140528599912e-03
1.669812790469899942e-03
1.719908977528799903e-03
1.715393084991899972e-03
1.620747044177600019e-03
1.644399443861400056e-03
1.538980826223800003e-03
1.751262195831099992e-03
1.754828538600299937e-03
1.625989173931299912e-03
1.669815352748800063e-03
1.712073601881299945e-03
1.848589763880200071e-03
1.671366940524499946e-03
1.533639299899500034e-03
1.710146874393499942e-03
2.022561783732999916e-03
1.668515641593399908e-03
1.604957736428399987e-03
1.595349910701800026e-03
1.767027799708200059e-03
1.744026977905300006e-03
1.692174394698199970e-03
1.762146710641199990e-03
1.595592834585700089e-03
1.706132618871400051e-03
1.783660955454000052e-03
1.942144391703300036e-03
1.812616099934799985e-03
1.766503569451299913e-03
1.845768127840200033e-03
1.699053034062299921e-03
1.697137615641299913e-03
1.719495328596599938e-03
1.727861561032099924e-03
1.750288620340299979e-03
1.784690075351900084e-03
1.638088448807099992e-03
1.920856863596800057e-03
1.462987653163399897e-03
1.554011643765500000e-03
1.628261041228200095e-03
1.471484069777399904e-03
1.409562478243699905e-03
1.799178320942599989e-03
1.616264018236500052e-03
1.504525689060999928e-03
1.540990556184500043e-03
1.689101048449499981e-03
1.720199192544000005e-03
1.675221069845699929e-03
1.721523932398800073e-03
1.604243074996799991e-03
1.647008573820599913e-03
1.706443456227499985e-03
1.754007209831200077e-03
1.534859322746699988e-03
1.254022842259599991e-03
1.821914749381200105e-03
1.597892822701000052e-03
1.813501642542400061e-03
1.615640404387799940e-03
1.658418153785500004e-03
1.630392477175200000e-03
1.833304149988999963e-03
1.458669742703800048e-03
1.623253136077500028e-03
1.903065925204899898e-03
1.589731230165800091e-03
1.719520515459100089e-03
1.756930415884799986e-03
1.679878444408499901e-03
1.735944724517100076e-03
1.651626846503299970e-03
1.772789927831500091e-03
1.849055146403199949e-03
1.618668367417000009e-03
1.621438230012300008e-03
1.560063283109400060e-03
1.625487552130099999e-03
1.702973403165700030e-03
1.706092281762900103e-03
1.818327142187500063e-03
1.799156152407899991e-03
1.798204686436900021e-03
1.711660756703500038e-03
1.454766728829999956e-03
1.562759515934100066e-03
1.761786578480000007e-03
1.796454163054600050e-03
1.724097677460499980e-03
1.701229104126699950e-03
1.575011777582699911e-03
1.592576793532699897e-03
1.706042840027199988e-03
1.784075459143399933e-03
1.784074932876899937e-03
1.718965323870899967e-03
1.900125814085799978e-03
1.755762769006399913e-03
1.728287904344000085e-03
1.701899135389900019e-03
1.711915984233100020e-03
1.750883566115200027e-03
1.763816526264800049e-03
1.724443664990800039e-03
1.624096280888499963e-03
1.718527181614800097e-03
1.604538974829600043e-03
1.722318332094399966e-03
1.659493897306700029e-03
1.554579821560200022e-03
1.652508170399000047e-03
1.669581799968700066e-03
1.589976132480499984e-03
1.536566686372600092e-03
1.443509093244399986e-03
1.673558921680400090e-03
1.782238100906399997e-03
1.523582899584700022e-03
1.581537556907699907e-03
1.596228653184600041e-03
1.579511629113400069e-03
1.587195963358800080e-03
1.641698704428200045e-03
1.663710962114399970e-03
1.654235206588900060e-03
1.972206674910500102e-03
1.817463614737999935e-03
1.834844961341100013e-03
1.538224835800200028e-03
1.803489406222199892e-03
1.740149977051100045e-03
1.505259433306499950e-03
1.688393263574200064e-03
1.761417583088399977e-03
1.697876477030599990e-03
1.662275069631700096e-03
1.575688987207800101e-03
1.614174228887199896e-03
1.413380822331500091e-03
1.681089425003799926e-03
1.588398304125399974e-03
1.771490786692299976e-03
1.795449773175999963e-03
1.624636545788999981e-03
1.766064233685000085e-03
1.468546223109500103e-03
1.643914652681699928e-03
1.711941275790400093e-03
1.634303338302500090e-03
1.601684492159299996e-03
1.536400895241399941e-03
1.741521486241800077e-03
1.684881049740699892e-03
1.568728749892300085e-03
1.759671917040800046e-03
1.566047005982800075e-03
1.756986098451999902e-03
1.831854463649799925e-03
1.827349445075399960e-03
1.975656240746899960e-03
1.997894450324800078e-03
1.505850606445700065e-03
1.717290832365199992e-03
1.749509173967499914e-03
1.883716025585800095e-03
1.740940907881799969e-03
1.723887671393999977e-03
1.759005516048500056e-03
1.639569980044499990e-03
1.828217765863400079e-03
1.567474177296100018e-03
1.784315828865699893e-03
1.616286479207799942e-03
1.598712555789600070e-03
1.825365502441799988e-03
1.604712411519500009e-03
1.410474635971800065e-03
1.550558093564300029e-03
1.615844567150899989e-03
1.842335464028800043e-03
1.795292218411199915e-03
1.543682586803100032e-03
1.589786060168700034e-03
1.685969787092900024e-03
1.678655505144000014e-03
1.859365758705600058e-03
1.577002417125599994e-03
1.430578496650299937e-03
1.862111370077800063e-03
1.451236828542299935e-03
1.653391576337699936e-03
1.837622592605300028e-03
1.639151668632900065e-03
1.767827789348400038e-03
1.713009424796900059e-03
1.803105028697400084e-03
1.875272073113599903e-03
1.486485006525299895e-03
1.613099579216299923e-03
1.605773540257699914e-03
1.664137104876500057e-03
1.848151876191600094e-03
1.786403697307599892e-03
1.857858279480800040e-03
1.681198993387300004e-03
1.705959497768099907e-03
1.509239481270600088e-03
1.601230830588300106e-03
1.650555606592600099e-03
1.284159148498399987e-03
1.701705271022499986e-03
1.783260956424300055e-03
1.413095757149099990e-03
1.779407952021000005e-03
1.909411266818099914e-03
1.794203691596699905e-03
1.745667587625000100e-03
1.734643789471900085e-03
1.647269269439400078e-03
1.779041419836000035e-03
1.774098925618099957e-03
1.976737854841299855e-03
1.345423070150500097e-03
1.635599514688199996e-03
1.861682158448899971e-03
