1.706973219452052101e-03
1.665837997178954734e-03
1.681670947064097194e-03
1.699317359437152669e-03
1.636770882370605249e-03
1.659239883358621997e-03
1.661580575462333559e-03
1.669553402087470577e-03
1.710850749594627776e-03
1.644537133412550707e-03
1.640814669538829965e-03
1.616862340755515761e-03
1.679519130467921166e-03
1.671212552105530609e-03
1.632379763908019298e-03
1.684747229835617012e-03
1.632379763908019298e-03
1.681306411506338153e-03
1.632379763908019298e-03
1.616862340755515761e-03
1.713257685421613278e-03
1.667762510960857543e-03
1.627615306151214197e-03
1.680972231597749637e-03
1.632379763908019298e-03
1.670084653079846344e-03
1.632379763908019298e-03
1.616862340755515761e-03
1.674143155002936817e-03
1.713288205348233737e-03
1.695332827671320935e-03
1.710061104027816225e-03
1.622451501100332250e-03
1.678506255551520882e-03
1.681671939825741353e-03
1.714745502289157907e-03
1.681801550508604760e-03
1.671212552105530609e-03
1.667762510960857543e-03
1.675418370975756757e-03
1.659170154627509540e-03
1.681665623295719014e-03
1.681699845754740805e-03
1.681534275692041181e-03
1.669553402087470577e-03
1.704296691038068891e-03
1.681980726481291160e-03
1.693135423938628903e-03
1.682656315637708717e-03
1.680527007594710253e-03
1.672552590407902799e-03
1.632379763908019298e-03
1.686697341386547309e-03
1.663934612384314641e-03
1.656733915959553074e-03
1.678506255551520882e-03
1.681752517919978722e-03
1.668325730846900593e-03
1.704296691038068891e-03
1.706973219452052101e-03
1.713225795540392537e-03
1.713254694231036148e-03
1.713220471772014357e-03
1.709152888179607359e-03
1.712527080074044980e-03
1.712081856071005596e-03
1.706973219452052101e-03
1.701639501556141687e-03
1.659170154627509540e-03
1.695332827671320935e-03
1.611188631160112399e-03
1.683881304380261583e-03
1.681670947064097194e-03
1.704296691038068891e-03
1.675418370975756757e-03
1.681699845754740805e-03
1.716302078311912355e-03
1.713225795540392537e-03
1.699317359437152669e-03
1.672552590407902799e-03
1.669553402087470577e-03
1.715974354003588914e-03
1.713356398984900103e-03
1.681738366403149904e-03
1.685776454152369515e-03
1.685591513741564436e-03
1.681733356871938393e-03
1.668325730846900593e-03
1.647964281991625823e-03
1.699317359437152669e-03
1.681752517919978722e-03
1.681670947064097194e-03
1.713293214879445248e-03
1.707834678488155938e-03
1.676091981888846050e-03
1.644537133412550707e-03
1.699317359437152669e-03
1.621286834916043631e-03
1.686833247214872484e-03
1.663777979195025592e-03
1.702767400581825736e-03
1.681752517919978722e-03
1.710061104027816225e-03
1.688288764435848417e-03
1.632379763908019298e-03
1.716302078311912355e-03
1.681306411506338153e-03
1.711523706426778570e-03
1.697392845655250077e-03
1.661580575462333559e-03
1.706973219452052101e-03
1.713220471772014357e-03
1.681671939825741353e-03
1.671212552105530609e-03
1.667762510960857543e-03
1.663934612384314641e-03
1.704296691038068891e-03
1.681752517919978722e-03
1.713220471772014357e-03
1.672741842561773764e-03
1.712861259982633496e-03
1.675418370975756757e-03
1.712861259982633496e-03
1.681733356871938393e-03
1.659239883358621997e-03
1.679519130467921166e-03
1.678506255551520882e-03
1.714745502289157907e-03
1.688288764435848417e-03
1.701108250563765703e-03
1.644537133412550707e-03
1.681670947064097194e-03
1.679968857950483443e-03
1.679519130467921166e-03
1.682259327359088806e-03
1.678506255551520882e-03
1.636770882370605249e-03
1.676569372026969493e-03
1.713225795540392537e-03
1.679968857950483443e-03
1.699317359437152669e-03
1.651122123275912791e-03
1.682676971752208135e-03
1.632379763908019298e-03
1.654036665265269093e-03
1.672369518015125308e-03
1.702767400581825736e-03
1.677598039703312015e-03
1.712081856071005596e-03
1.663934612384314641e-03
1.704296691038068891e-03
1.719557582640343770e-03
1.713293214879445248e-03
1.693135423938628903e-03
1.718252189862842652e-03
1.677598039703312015e-03
1.678506255551520882e-03
1.719917713501757303e-03
1.681752517919978722e-03
1.713307366396273849e-03
1.679519130467921166e-03
1.672369518015125308e-03
1.681670947064097194e-03
1.680972231597749637e-03
1.685776454152369515e-03
1.659170154627509540e-03
1.659239883358621997e-03
1.648417189231811105e-03
1.699317359437152669e-03
1.697392845655250077e-03
1.659170154627509540e-03
1.671212552105530609e-03
1.669553402087470577e-03
1.682259327359088806e-03
1.699317359437152669e-03
1.719305788861504296e-03
1.647964281991625823e-03
1.718388095691167827e-03
1.711523706426778570e-03
1.706973219452052101e-03
1.681733356871938393e-03
1.681671939825741353e-03
1.713089124168336525e-03
1.681980726481291160e-03
1.681801550508604760e-03
1.713225795540392537e-03
1.688002734164048644e-03
1.709152888179607359e-03
1.708124220503264836e-03
1.713535574957586504e-03
1.672741842561773764e-03
1.681534275692041181e-03
1.717331302628664859e-03
1.679519130467921166e-03
1.719557582640343770e-03
1.685776454152369515e-03
1.674143155002936817e-03
1.680527007594710253e-03
1.697392845655250077e-03
1.674143155002936817e-03
1.712527080074044980e-03
1.682656315637708717e-03
1.690794731834917341e-03
1.713356398984900103e-03
1.719557582640343770e-03
1.654036665265269093e-03
1.685591513741564436e-03
1.682676971752208135e-03
1.681665623295719014e-03
1.636770882370605249e-03
1.719557582640343770e-03
1.713814175835384149e-03
1.651122123275912791e-03
1.647964281991625823e-03
1.659170154627509540e-03
1.709152888179607359e-03
1.693135423938628903e-03
1.656733915959553074e-03
1.669553402087470577e-03
1.663934612384314641e-03
1.682259327359088806e-03
1.699317359437152669e-03
1.676569372026969493e-03
1.684419505527293571e-03
1.654036665265269093e-03
1.616862340755515761e-03
1.693135423938628903e-03
1.711523706426778570e-03
1.647964281991625823e-03
1.699317359437152669e-03
1.654036665265269093e-03
1.679295901118332433e-03
1.651122123275912791e-03
1.712527080074044980e-03
1.685591513741564436e-03
1.636770882370605249e-03
1.707834678488155938e-03
1.713814175835384149e-03
1.672741842561773764e-03
1.713089124168336525e-03
1.680972231597749637e-03
1.680972231597749637e-03
1.611188631160112399e-03
1.681801550508604760e-03
1.675418370975756757e-03
1.717331302628664859e-03
1.659239883358621997e-03
1.681306411506338153e-03
1.667762510960857543e-03
1.713814175835384149e-03
1.693135423938628903e-03
1.695332827671320935e-03
1.704296691038068891e-03
1.659170154627509540e-03
1.647964281991625823e-03
1.627615306151214197e-03
1.681699845754740805e-03
