1.534248068622605516e-08
1.535386847349025349e-08
1.535489299910640653e-08
1.535540678671380663e-08
1.540217381491525132e-08
1.534672206886903859e-08
1.534979576430476062e-08
1.535019681434390574e-08
1.535586724066675260e-08
1.538332848425245314e-08
1.539480104038999447e-08
1.545804400854667756e-08
1.536649047971895010e-08
1.534640621794910893e-08
1.540513237628714107e-08
1.540427284280922823e-08
1.540513237628714107e-08
1.536603051780887256e-08
1.540513237628714107e-08
1.545804400854667756e-08
1.537050212330653595e-08
1.535293122925427449e-08
1.540732573011650445e-08
1.536507588495540278e-08
1.540513237628714107e-08
1.582825186802138984e-08
1.540513237628714107e-08
1.545804400854667756e-08
1.533933702185810290e-08
1.535351449274282565e-08
1.535390124975401187e-08
1.535023533022199233e-08
1.541866872140727137e-08
1.534479454921404205e-08
1.536027597477717717e-08
1.540227153286356155e-08
1.537849304429984509e-08
1.534640621794910893e-08
1.535293122925427449e-08
1.533770770552103939e-08
1.539798591406982319e-08
1.536115062896084335e-08
1.535125203310902291e-08
1.536411631679192209e-08
1.535019681434390574e-08
1.534650058601112647e-08
1.538735301252780003e-08
1.535030877922524408e-08
1.539981952832238554e-08
1.536152929209299643e-08
1.653835629230748998e-08
1.540513237628714107e-08
1.565944233419432155e-08
1.539708444016706264e-08
1.534607887613432153e-08
1.534479454921404205e-08
1.535223016724916473e-08
1.539533699212774670e-08
1.534650058601112647e-08
1.534248068622605516e-08
1.535695898819486208e-08
1.535381453170691662e-08
1.536273947109785412e-08
1.534578657104912726e-08
1.537041688765465051e-08
1.536700995938117469e-08
1.534248068622605516e-08
1.581824363468249326e-08
1.539798591406982319e-08
1.535390124975401187e-08
1.856008856904768619e-08
1.540302966446023153e-08
1.535489299910640653e-08
1.534650058601112647e-08
1.533770770552103939e-08
1.535125203310902291e-08
1.540451607299501889e-08
1.535695898819486208e-08
1.535540678671380663e-08
1.653835629230748998e-08
1.535019681434390574e-08
1.570419673163787937e-08
1.537924483059368876e-08
1.535587056439459330e-08
1.541032581367876978e-08
1.534791862652279200e-08
1.535045090967394504e-08
1.539533699212774670e-08
1.537013118470353139e-08
1.535540678671380663e-08
1.535223016724916473e-08
1.535489299910640653e-08
1.535989089090434170e-08
1.577091787541100217e-08
1.537869053929576148e-08
1.538332848425245314e-08
1.535540678671380663e-08
1.675321681477574612e-08
1.542634518354401213e-08
1.535269209172095573e-08
1.534996114924711195e-08
1.535223016724916473e-08
1.535023533022199233e-08
1.534507794813612745e-08
1.540513237628714107e-08
1.540451607299501889e-08
1.536603051780887256e-08
1.536180689569959570e-08
1.535573277119581366e-08
1.534979576430476062e-08
1.534248068622605516e-08
1.536273947109785412e-08
1.536027597477717717e-08
1.534640621794910893e-08
1.535293122925427449e-08
1.539708444016706264e-08
1.534650058601112647e-08
1.535223016724916473e-08
1.536273947109785412e-08
1.534248329358555800e-08
1.537115058178057028e-08
1.533770770552103939e-08
1.537115058178057028e-08
1.535045090967394504e-08
1.534672206886903859e-08
1.536649047971895010e-08
1.534479454921404205e-08
1.540227153286356155e-08
1.534507794813612745e-08
1.535323687516040775e-08
1.538332848425245314e-08
1.535489299910640653e-08
1.535626496148263630e-08
1.536649047971895010e-08
1.539475453174267819e-08
1.534479454921404205e-08
1.540217381491525132e-08
1.533805709683523156e-08
1.535695898819486208e-08
1.535626496148263630e-08
1.535540678671380663e-08
1.535814152786091348e-08
1.535543624720215930e-08
1.540513237628714107e-08
1.534974556076506341e-08
1.538909930207797357e-08
1.534996114924711195e-08
1.534050245722203377e-08
1.536700995938117469e-08
1.539708444016706264e-08
1.534650058601112647e-08
1.560665493028452109e-08
1.535989089090434170e-08
1.535030877922524408e-08
1.565958434307234743e-08
1.534050245722203377e-08
1.534479454921404205e-08
1.549902359784278866e-08
1.535223016724916473e-08
1.535578462215414292e-08
1.536649047971895010e-08
1.538909930207797357e-08
1.535489299910640653e-08
1.536507588495540278e-08
1.541032581367876978e-08
1.539798591406982319e-08
1.534672206886903859e-08
1.544585918191695459e-08
1.535540678671380663e-08
1.535573277119581366e-08
1.539798591406982319e-08
1.534640621794910893e-08
1.535019681434390574e-08
1.539475453174267819e-08
1.535540678671380663e-08
1.545673913985105250e-08
1.537013118470353139e-08
1.542732522984466413e-08
1.536180689569959570e-08
1.534248068622605516e-08
1.535045090967394504e-08
1.536027597477717717e-08
1.536893423543146996e-08
1.538735301252780003e-08
1.537849304429984509e-08
1.535695898819486208e-08
1.560563155502837313e-08
1.534578657104912726e-08
1.534311765173519241e-08
1.538777446512280410e-08
1.534248329358555800e-08
1.536411631679192209e-08
1.541091215949629394e-08
1.536649047971895010e-08
1.560665493028452109e-08
1.541032581367876978e-08
1.533933702185810290e-08
1.536152929209299643e-08
1.535573277119581366e-08
1.533933702185810290e-08
1.537041688765465051e-08
1.539981952832238554e-08
1.534649954467945204e-08
1.537924483059368876e-08
1.560665493028452109e-08
1.534974556076506341e-08
1.534791862652279200e-08
1.535543624720215930e-08
1.536115062896084335e-08
1.540217381491525132e-08
1.560665493028452109e-08
1.539492416358258824e-08
1.535814152786091348e-08
1.537013118470353139e-08
1.539798591406982319e-08
1.534578657104912726e-08
1.535030877922524408e-08
1.534607887613432153e-08
1.535019681434390574e-08
1.539708444016706264e-08
1.539475453174267819e-08
1.535540678671380663e-08
1.533805709683523156e-08
1.570549670073386986e-08
1.534974556076506341e-08
1.545804400854667756e-08
1.535030877922524408e-08
1.536180689569959570e-08
1.537013118470353139e-08
1.535540678671380663e-08
1.534974556076506341e-08
1.535033956070269144e-08
1.535814152786091348e-08
1.537041688765465051e-08
1.534791862652279200e-08
1.540217381491525132e-08
1.577091787541100217e-08
1.539492416358258824e-08
1.534248329358555800e-08
1.536893423543146996e-08
1.536507588495540278e-08
1.536507588495540278e-08
1.856008856904768619e-08
1.537849304429984509e-08
1.533770770552103939e-08
1.541091215949629394e-08
1.534672206886903859e-08
1.536603051780887256e-08
1.535293122925427449e-08
1.539492416358258824e-08
1.535030877922524408e-08
1.535390124975401187e-08
1.534650058601112647e-08
1.539798591406982319e-08
1.537013118470353139e-08
1.540732573011650445e-08
1.535125203310902291e-08
