5.595483661204703023e-03
5.555579455987442843e-03
6.031459021761315271e-03
6.013376918402688065e-03
5.930193244622840483e-03
5.997276412980172798e-03
5.753511965881058510e-03
5.981444789618416483e-03
5.522174717276560549e-03
6.392958054401197757e-03
5.522174717276560549e-03
5.818967076300912179e-03
5.168809583718251589e-03
5.218166117227970163e-03
5.673627151520108623e-03
5.787419197627171816e-03
5.936732147445304350e-03
5.175245693264257825e-03
5.555579455987442843e-03
5.787419197627171816e-03
5.673627151520108623e-03
5.673627151520108623e-03
5.753511965881058510e-03
6.053051127646278361e-03
5.936732147445304350e-03
5.273943844280728349e-03
5.746973063058594643e-03
5.711093131032823032e-03
5.918042492498730260e-03
5.981444789618416483e-03
5.522174717276560549e-03
6.045525559534786937e-03
5.443715736432466236e-03
5.673627151520108623e-03
5.930193244622840483e-03
5.641500680135627319e-03
5.522174717276560549e-03
6.390658881896465159e-03
5.443715736432466236e-03
5.717632033855286899e-03
5.468868487432471982e-03
5.841242321762555798e-03
5.443715736432466236e-03
5.641500680135627319e-03
5.867230698275221687e-03
6.308290496342337274e-03
5.205632918955518419e-03
5.711093131032823032e-03
5.974905886795951748e-03
5.562118358809906710e-03
5.296798359008210444e-03
5.303337261830675178e-03
5.363199941014134588e-03
5.522174717276560549e-03
5.780880294804707949e-03
5.711093131032823032e-03
5.515635814454095814e-03
5.936732147445304350e-03
6.030265652764160364e-03
5.918042492498730260e-03
5.890583597570092818e-03
6.003815315802637533e-03
5.867230698275221687e-03
5.247604212756410043e-03
5.673627151520108623e-03
5.753511965881058510e-03
5.641500680135627319e-03
5.522174717276560549e-03
6.077641131234655901e-03
5.974905886795951748e-03
5.328858909791072893e-03
6.386419151578733022e-03
5.224705020050434898e-03
5.399434799884682626e-03
5.753511965881058510e-03
5.296798359008210444e-03
5.562118358809906710e-03
5.190774562264374378e-03
5.443715736432466236e-03
6.062367440644650038e-03
5.515635814454095814e-03
6.068906343467114772e-03
5.482849688973855974e-03
6.030265652764160364e-03
5.174672732569339344e-03
5.218166117227970163e-03
5.711093131032823032e-03
5.267404941458263615e-03
5.522174717276560549e-03
5.890583597570092818e-03
5.841242321762555798e-03
5.753511965881058510e-03
6.364635527927615249e-03
5.328858909791072893e-03
6.172261494844590718e-03
5.602022564027166890e-03
5.247604212756410043e-03
6.045525559534786937e-03
5.328858909791072893e-03
6.393863401010402465e-03
5.890583597570092818e-03
5.787419197627171816e-03
5.890583597570092818e-03
5.562118358809906710e-03
5.241065309933946176e-03
5.641500680135627319e-03
5.711093131032823032e-03
5.241065309933946176e-03
5.780880294804707949e-03
5.296798359008210444e-03
5.946855132438913158e-03
5.673627151520108623e-03
5.746973063058594643e-03
5.847781224585019665e-03
5.961691823153585090e-03
5.847781224585019665e-03
6.147534258926423342e-03
5.918042492498730260e-03
5.812428173478448312e-03
5.522174717276560549e-03
5.515635814454095814e-03
5.753511965881058510e-03
5.515635814454095814e-03
6.091199013807013091e-03
6.068906343467114772e-03
5.897122500392557552e-03
5.363199941014134588e-03
6.364635527927615249e-03
5.522174717276560549e-03
5.746973063058594643e-03
5.673627151520108623e-03
6.030265652764160364e-03
5.918042492498730260e-03
5.335397812613536760e-03
5.717632033855286899e-03
5.946855132438913158e-03
5.746973063058594643e-03
5.997276412980172798e-03
5.634961777313162584e-03
5.841242321762555798e-03
6.062367440644650038e-03
5.953394035261377892e-03
5.602022564027166890e-03
5.911503589676266393e-03
5.717632033855286899e-03
5.746973063058594643e-03
5.812428173478448312e-03
5.476039389397378311e-03
5.522174717276560549e-03
5.753511965881058510e-03
5.717632033855286899e-03
5.562118358809906710e-03
6.185163327824480702e-03
5.443715736432466236e-03
5.602022564027166890e-03
5.986699893395115539e-03
5.515635814454095814e-03
5.602022564027166890e-03
5.399434799884682626e-03
5.267404941458263615e-03
5.562118358809906710e-03
6.091199013807013091e-03
5.363199941014134588e-03
5.746973063058594643e-03
5.711093131032823032e-03
5.680166054342572490e-03
5.303337261830675178e-03
5.437176833610002369e-03
5.867230698275221687e-03
5.673627151520108623e-03
6.397197784718929893e-03
5.780880294804707949e-03
5.787419197627171816e-03
5.476039389397378311e-03
5.717632033855286899e-03
6.068906343467114772e-03
5.267404941458263615e-03
5.267404941458263615e-03
6.091199013807013091e-03
6.038986656712322203e-03
6.087184132279077273e-03
5.847781224585019665e-03
5.818967076300912179e-03
5.867230698275221687e-03
5.680166054342572490e-03
5.522174717276560549e-03
5.673627151520108623e-03
5.437176833610002369e-03
5.818967076300912179e-03
5.787419197627171816e-03
5.641500680135627319e-03
5.555579455987442843e-03
5.753511965881058510e-03
5.867230698275221687e-03
5.780880294804707949e-03
5.405973702707146493e-03
5.522174717276560549e-03
5.746973063058594643e-03
6.295305885798517173e-03
5.369738843836598455e-03
5.405870677515516032e-03
6.364356408819285549e-03
5.522174717276560549e-03
5.602022564027166890e-03
6.295305885798517173e-03
6.116149212542144886e-03
5.405973702707146493e-03
5.443715736432466236e-03
5.476039389397378311e-03
5.515635814454095814e-03
5.711093131032823032e-03
5.634961777313162584e-03
5.476039389397378311e-03
5.482578292219842178e-03
5.335397812613536760e-03
5.224705020050434898e-03
5.711093131032823032e-03
5.595483661204703023e-03
6.097737916629477825e-03
5.224705020050434898e-03
5.303337261830675178e-03
5.911503589676266393e-03
5.753511965881058510e-03
6.137489669807537872e-03
5.175348486540716324e-03
5.522174717276560549e-03
5.522174717276560549e-03
5.673627151520108623e-03
5.711093131032823032e-03
5.241065309933946176e-03
5.634961777313162584e-03
5.673627151520108623e-03
5.787419197627171816e-03
5.602022564027166890e-03
5.476039389397378311e-03
5.847781224585019665e-03
5.946855132438913158e-03
5.641500680135627319e-03
5.595483661204703023e-03
5.555579455987442843e-03
6.091199013807013091e-03
5.482578292219842178e-03
5.482578292219842178e-03
5.812428173478448312e-03
6.393863401010402465e-03
5.673627151520108623e-03
5.780880294804707949e-03
5.515635814454095814e-03
5.753511965881058510e-03
5.968230725976049825e-03
5.673627151520108623e-03
5.673627151520108623e-03
5.437176833610002369e-03
5.867230698275221687e-03
5.746973063058594643e-03
5.218166117227970163e-03
5.673627151520108623e-03
5.946855132438913158e-03
5.405973702707146493e-03
5.522174717276560549e-03
5.753511965881058510e-03
6.247461075911458703e-03
5.602022564027166890e-03
5.443715736432466236e-03
5.641500680135627319e-03
5.369738843836598455e-03
5.673627151520108623e-03
5.841242321762555798e-03
5.746973063058594643e-03
5.634961777313162584e-03
5.717632033855286899e-03
6.060777198947354082e-03
5.218166117227970163e-03
5.753511965881058510e-03
5.199094016133054552e-03
5.641500680135627319e-03
5.369738843836598455e-03
6.205502578777486768e-03
5.997276412980172798e-03
6.185163327824480702e-03
5.363199941014134588e-03
5.562118358809906710e-03
5.997276412980172798e-03
5.267404941458263615e-03
5.405973702707146493e-03
5.555579455987442843e-03
5.522174717276560549e-03
5.717632033855286899e-03
5.522174717276560549e-03
6.172261494844590718e-03
5.190774562264374378e-03
5.680166054342572490e-03
5.405973702707146493e-03
5.717632033855286899e-03
5.562118358809906710e-03
5.841242321762555798e-03
5.890583597570092818e-03
5.680166054342572490e-03
5.711093131032823032e-03
5.961691823153585090e-03
5.335397812613536760e-03
5.753511965881058510e-03
6.091199013807013091e-03
5.369738843836598455e-03
5.199094016133054552e-03
5.273943844280728349e-03
5.442844010857420499e-03
5.482578292219842178e-03
5.818967076300912179e-03
5.673627151520108623e-03
5.241065309933946176e-03
5.936732147445304350e-03
5.476039389397378311e-03
5.369738843836598455e-03
5.437176833610002369e-03
5.787419197627171816e-03
5.442844010857420499e-03
5.680166054342572490e-03
