7.861757464763873687e-03
7.827772733409716840e-03
7.694730459740711098e-03
7.859919022632482627e-03
7.777940809981120050e-03
7.819977859532277475e-03
7.822832075419696579e-03
7.831293335363177788e-03
7.848912134332837812e-03
7.795850787323480718e-03
7.787681792390362817e-03
7.719335914334271402e-03
7.832813478466860851e-03
7.832326854738660624e-03
7.766431785533321405e-03
7.618198176839912142e-03
7.766431785533321405e-03
7.787784273029045405e-03
7.766431785533321405e-03
7.719335914334271402e-03
7.698109617698802552e-03
7.829749393508524807e-03
7.752958664484533267e-03
7.797493880435510047e-03
7.766431785533321405e-03
7.567778728682361677e-03
7.766431785533321405e-03
7.719335914334271402e-03
7.832551809112044822e-03
7.753375345689372811e-03
7.855610688425725130e-03
7.853627290892006840e-03
7.737325392272327226e-03
7.823457661768049021e-03
7.764417400627611834e-03
7.652484899897124028e-03
7.655842286797576515e-03
7.832326854738660624e-03
7.829749393508524807e-03
7.831587835639915868e-03
7.783128293608491087e-03
7.680991478113703870e-03
7.708890637782427925e-03
7.776689125641291465e-03
7.831293335363177788e-03
7.862941876523910772e-03
7.644964668455334240e-03
7.853001704543654399e-03
7.627934864769690161e-03
7.805838318777627398e-03
7.464060527768962006e-03
7.766431785533321405e-03
7.632732866457814930e-03
7.796601414657278357e-03
7.816727983543318714e-03
7.823457661768049021e-03
7.737409400416235539e-03
7.808110439105077870e-03
7.862941876523910772e-03
7.861757464763873687e-03
7.724900088864668050e-03
7.739060266906384877e-03
7.711161107237661690e-03
7.857288095326892680e-03
7.827663509559467866e-03
7.836007947901584350e-03
7.861757464763873687e-03
7.597948357806318630e-03
7.783128293608491087e-03
7.855610688425725130e-03
7.288704535370300192e-03
7.618980942905427371e-03
7.694730459740711098e-03
7.862941876523910772e-03
7.831587835639915868e-03
7.708890637782427925e-03
7.648367805963869094e-03
7.724900088864668050e-03
7.859919022632482627e-03
7.464060527768962006e-03
7.831293335363177788e-03
7.655757500751226956e-03
7.686011915921533467e-03
7.751235393661447606e-03
7.620018112229782863e-03
7.843056022014349704e-03
7.723205716565415858e-03
7.808110439105077870e-03
7.802643849342903899e-03
7.859919022632482627e-03
7.737409400416235539e-03
7.694730459740711098e-03
7.781405022785404559e-03
7.624305072311717002e-03
7.826020416447438538e-03
7.795850787323480718e-03
7.859919022632482627e-03
7.650064483198879169e-03
7.623631264647100746e-03
7.825441059301769045e-03
7.862496483862618443e-03
7.737409400416235539e-03
7.853627290892006840e-03
7.846897612667276534e-03
7.766431785533321405e-03
7.648367805963869094e-03
7.787784273029045405e-03
7.843064921414368701e-03
7.857942362533672925e-03
7.822832075419696579e-03
7.861757464763873687e-03
7.711161107237661690e-03
7.764417400627611834e-03
7.832326854738660624e-03
7.829749393508524807e-03
7.796601414657278357e-03
7.862941876523910772e-03
7.737409400416235539e-03
7.711161107237661690e-03
7.832772247399954688e-03
7.817953902153002357e-03
7.831587835639915868e-03
7.817953902153002357e-03
7.723205716565415858e-03
7.819977859532277475e-03
7.832813478466860851e-03
7.823457661768049021e-03
7.652484899897124028e-03
7.846897612667276534e-03
7.861462964487135607e-03
7.795850787323480718e-03
7.694730459740711098e-03
7.812895292290410881e-03
7.832813478466860851e-03
7.635573429221559003e-03
7.823457661768049021e-03
7.777940809981120050e-03
7.829802622748550933e-03
7.724900088864668050e-03
7.812895292290410881e-03
7.859919022632482627e-03
7.808257033011064240e-03
7.838426662135021192e-03
7.766431785533321405e-03
7.812886392890391885e-03
7.817851421514320637e-03
7.862496483862618443e-03
7.827118466202934860e-03
7.836007947901584350e-03
7.796601414657278357e-03
7.862941876523910772e-03
7.665692864750467406e-03
7.781405022785404559e-03
7.853001704543654399e-03
7.662902495581772749e-03
7.827118466202934860e-03
7.823457661768049021e-03
7.662308287895167394e-03
7.737409400416235539e-03
7.767579029540192491e-03
7.832813478466860851e-03
7.817851421514320637e-03
7.694730459740711098e-03
7.797493880435510047e-03
7.620018112229782863e-03
7.783128293608491087e-03
7.819977859532277475e-03
7.749505543458229222e-03
7.859919022632482627e-03
7.857942362533672925e-03
7.783128293608491087e-03
7.832326854738660624e-03
7.831293335363177788e-03
7.635573429221559003e-03
7.859919022632482627e-03
7.658182622767605204e-03
7.802643849342903899e-03
7.653800893771057698e-03
7.843064921414368701e-03
7.861757464763873687e-03
7.723205716565415858e-03
7.764417400627611834e-03
7.806858754765248418e-03
7.644964668455334240e-03
7.655842286797576515e-03
7.724900088864668050e-03
7.635523235626510453e-03
7.857288095326892680e-03
7.859972251872508753e-03
7.675134297579291193e-03
7.832772247399954688e-03
7.776689125641291465e-03
7.650187741353740682e-03
7.832813478466860851e-03
7.665692864750467406e-03
7.620018112229782863e-03
7.832551809112044822e-03
7.805838318777627398e-03
7.857942362533672925e-03
7.832551809112044822e-03
7.827663509559467866e-03
7.627934864769690161e-03
7.850147488656235295e-03
7.686011915921533467e-03
7.665692864750467406e-03
7.812886392890391885e-03
7.843056022014349704e-03
7.838426662135021192e-03
7.680991478113703870e-03
7.777940809981120050e-03
7.665692864750467406e-03
7.665743058345516822e-03
7.808257033011064240e-03
7.802643849342903899e-03
7.783128293608491087e-03
7.857288095326892680e-03
7.853001704543654399e-03
7.816727983543318714e-03
7.831293335363177788e-03
7.796601414657278357e-03
7.635573429221559003e-03
7.859919022632482627e-03
7.829802622748550933e-03
7.625587871627269136e-03
7.812886392890391885e-03
7.719335914334271402e-03
7.853001704543654399e-03
7.843064921414368701e-03
7.802643849342903899e-03
7.859919022632482627e-03
7.812886392890391885e-03
7.818742505208881727e-03
7.808257033011064240e-03
7.827663509559467866e-03
7.843056022014349704e-03
7.777940809981120050e-03
7.624305072311717002e-03
7.665743058345516822e-03
7.832772247399954688e-03
7.806858754765248418e-03
7.797493880435510047e-03
7.797493880435510047e-03
7.288704535370300192e-03
7.655842286797576515e-03
7.831587835639915868e-03
7.650187741353740682e-03
7.819977859532277475e-03
7.787784273029045405e-03
7.829749393508524807e-03
7.665743058345516822e-03
7.853001704543654399e-03
7.855610688425725130e-03
7.862941876523910772e-03
7.783128293608491087e-03
7.802643849342903899e-03
7.752958664484533267e-03
7.708890637782427925e-03
