9.317656106966282215e-01
-1.340396540182083318e-01
-5.154271558375433937e-01
-5.432044209692099557e-01
1.272040480494168735e+00
8.333883729343792846e-01
2.623428381467119985e-01
7.969497488736924096e-01
1.356217624228589214e-01
2.882262371588030780e-01
-2.922582259870337706e-01
-1.323583848015568165e-01
-4.715272762096071602e-01
1.458886709815486959e+00
2.290866116013165144e+00
-1.313102353121135546e-01
-5.226834186362740997e-01
-7.375061377869851498e-01
1.412186899862276079e-01
9.682046708724375561e-01
-2.554540911139631040e-02
-7.978050991503224942e-01
-4.887316024509403417e-02
-2.708245072735763759e-01
-6.481104944132254353e-01
6.221735551721029323e-01
1.332067452620181669e+00
-6.082209344970438414e-01
1.142406345061767331e-01
-5.556657695106972383e-01
-8.401147184828589021e-02
2.517916481486849323e-01
-1.013750502439046075e+00
-6.804752075379975063e-01
-2.039187186147212449e-01
-1.631251805588540549e+00
4.158929774211937991e-01
8.418852271873630277e-01
3.718531478061585238e-01
-7.736601845594891502e-01
-8.368585908933257045e-01
2.631206425958038775e+00
-8.129674671418158916e-01
-1.773391795988269459e+00
-1.520771512878522358e-01
-1.647318105260977994e+00
3.475828026347078659e-01
-7.396745179377366419e-01
6.406482682588647837e-01
-2.098249318746473246e+00
-9.428866185990800730e-01
2.437717076742078604e+00
-8.939022743266324122e-02
-3.718784155459382568e-01
-5.037410725872408790e-01
-1.265028068335333877e+00
2.266005811622071875e-01
4.471054266332836757e-01
2.316623339502940915e-01
-2.335467578985847212e-02
-2.242810988657749638e-01
-5.747694662864907267e-01
1.833276875829147556e+00
-5.401859928768886210e-01
-7.794024804965297148e-01
-3.970996445414920473e-02
-1.034674424240959123e+00
-7.140222821192189206e-01
2.886923464296600184e-01
2.502786302264554119e-01
7.958868233027851513e-01
-2.454181551925062044e-01
-1.063269530838723220e+00
-1.876870828789098056e+00
1.729019586633443739e-01
-6.837661374502922440e-01
-5.142816199408211109e-01
-1.124326087791794659e+00
-1.177165117259449278e+00
8.494492555862788452e-02
8.473685623393139021e-01
1.531917386464952680e-01
1.516683025606870849e+00
9.461527582371216660e-02
5.303850883727706522e-01
-7.193381365818365403e-01
-4.441462593546821602e-01
1.469644665853519605e+00
-1.315717757523619857e+00
4.114342141978489242e-01
-1.075756720131149438e-02
2.982024204164864245e-01
2.503550276014510079e-01
-1.687799555694728115e-01
1.009559021343708674e+00
3.537339693797434959e-01
-3.196827211466821139e-01
-1.001137260335615897e+00
8.425488725760115205e-01
3.403980545433652471e-01
-3.387719224266259599e-01
1.537680613768361848e+00
-5.711736717605527813e-01
6.651585172240551680e-01
7.527030299869335028e-01
7.795414773472761905e-01
-1.490013363963401893e+00
2.828307394863999180e-01
-9.253085921893071664e-01
2.902332936645281580e-01
2.008375625597257075e-01
-8.972426076604163026e-01
1.602934206775674664e+00
7.349820165930124327e-01
7.099116712492165027e-01
2.818384553875682985e-01
7.969664843639889806e-01
-9.276966711043326264e-01
-4.480935416278482575e-01
1.431373602984830740e+00
1.336580423911607030e+00
1.013542039216858148e+00
3.973126595831334013e-02
-4.868000744630240906e-01
-5.191430286560191343e-01
-2.815863139646385127e-02
-1.001579154470905314e-01
-1.336631183218552898e-01
3.012472866793670101e-01
6.059361165333736476e-01
1.143081743704865150e-01
1.219902020555128780e-01
-1.129597738463967049e+00
9.027156171143885244e-01
4.709586842777260807e-01
2.309252794544713328e-01
9.717630409634291366e-01
5.212053666681516484e-01
7.498418747464767886e-01
9.328454330820310503e-01
-1.159439148798017571e+00
-1.409107276103229944e+00
-2.813490579042535189e-01
5.557597275406421788e-01
-1.163140755021825568e+00
-1.232839319419136492e+00
1.711018148839687392e+00
1.558969605265450586e-01
1.251759801171405728e+00
5.080294157670753874e-01
-2.148360738017488725e+00
1.512536906729660569e+00
5.976374442306650048e-01
-5.297630814402407573e-01
1.419498050852714854e+00
-1.187378636226593231e+00
-1.656398993179893364e-01
-1.227029666094811899e+00
4.732597135864276272e-02
-2.565691803500327883e-01
-2.243860814701773704e-02
2.126711059812017302e-01
1.135437765862959747e+00
1.047717852549455569e-01
1.652444706779100825e+00
-2.410604695172995082e-01
6.617070602917109190e-02
-3.339214993516552710e-01
-7.664645761856010431e-01
-2.029284834790041625e-01
-6.164010726801337769e-01
1.107704428635816640e+00
-7.082641047176924110e-01
-8.235350509828572863e-01
-1.540266066599184358e-01
3.018994309325623848e-01
-4.383378826810491735e-01
-1.126903546603575501e+00
1.628300636236426735e+00
-2.780462934488064364e-01
8.361637099435550446e-01
-7.397250518427950228e-01
-2.343739868929121339e+00
1.369198188758014467e+00
-1.299063447191107223e-01
1.038822012173254095e+00
-4.321027645284704621e-01
-1.165995694933843474e+00
-5.046011375364369000e-02
-8.461235415832836226e-01
-1.903076241065543017e-01
2.420853113074975804e-01
1.269303191284889998e+00
-7.161253642029642430e-01
-1.625146943419201406e+00
-3.989542124006936752e-01
-9.786321984590885120e-03
-5.200684514407304393e-01
1.129220342209525940e+00
-5.202209230093075565e-01
9.348164965362651957e-01
-1.173547315506955346e+00
-6.378453744521221935e-01
-9.351869007393717181e-01
2.380017408258836842e-01
-2.114880195176679578e+00
-7.197412351347135528e-01
2.261076313342587518e+00
1.845481867880727489e-01
-1.694538576315680611e-01
-1.234860432245928008e+00
5.017675241220622695e-01
2.920198336136308748e-01
3.252535380480642058e+00
2.718225275592986989e+00
-3.952800849870455324e-01
6.009551513258878930e-02
1.716705991445875989e+00
-1.507485192664687723e+00
3.742664537805631686e-01
1.787810818325262563e+00
-1.498707670451371543e+00
-7.476760213120081655e-01
-7.326140628726343085e-01
-3.886081833889132864e-01
1.120451398477217086e+00
-1.358314780626055374e+00
-1.452733981994314361e+00
-1.311983399902420633e+00
7.589832395839722912e-01
1.339237111148905646e+00
3.711641455945013934e-01
2.250542637164612558e-01
-6.699939007840171046e-01
-7.025325775251898275e-01
2.503161429901845092e-01
-4.599586031798815200e-01
2.327818000086686323e-01
-9.119787993936807613e-01
-8.384106607687863422e-01
1.822910745605097194e-01
7.560466660574204356e-01
6.724034822434927783e-01
-1.363450050978485706e+00
4.277675728499568120e-01
2.029887308527090539e+00
2.337281603417835640e+00
2.219953600422065687e+00
-1.565518606640400878e-02
-1.574524927346288017e-01
3.339695092554554878e-01
5.016235201798288079e-01
-3.180297557476243209e-01
-6.511489358136017813e-01
-9.914111003799259692e-01
-1.149801949166961768e+00
6.090153118049834724e-01
