1.869226882772663436e-03
1.804209305803655813e-03
1.868855492410852973e-03
1.851723459350340531e-03
1.741371116932466986e-03
1.785555776782609457e-03
1.792463326537724376e-03
1.813469286818537949e-03
1.878703120851693683e-03
1.750247781739425060e-03
1.745134376527966106e-03
1.745825943426348873e-03
1.799017074856885858e-03
1.817330275321808134e-03
1.739258323388741170e-03
1.873482180797800441e-03
1.739258323388741170e-03
1.846077132958934882e-03
1.739258323388741170e-03
1.745825943426348873e-03
1.916627033557143566e-03
1.809117396624483533e-03
1.739096316332603212e-03
1.843306333279004505e-03
1.739258323388741170e-03
1.838045454410670940e-03
1.739258323388741170e-03
1.745825943426348873e-03
1.823840742999953629e-03
1.905147022293185357e-03
1.841285778145922928e-03
1.876450073976215337e-03
1.741185416199867667e-03
1.833844011250358340e-03
1.852364556125893173e-03
1.920163997905767689e-03
1.875965689937538145e-03
1.817330275321808134e-03
1.809117396624483533e-03
1.826620820046806438e-03
1.781702379058460210e-03
1.871623288363017485e-03
1.865800432852915761e-03
1.849115926710932518e-03
1.813469286818537949e-03
1.863371723796140595e-03
1.877374595803648835e-03
1.835069389263581374e-03
1.878253568302957728e-03
1.840762920204171019e-03
1.896806597661263591e-03
1.739258323388741170e-03
1.842587125480052912e-03
1.781864386114598168e-03
1.778196450028568347e-03
1.833844011250358340e-03
1.859159922432213931e-03
1.783977179658323984e-03
1.863371723796140595e-03
1.869226882772663436e-03
1.911461555136709971e-03
1.908406495578772758e-03
1.914229351088874483e-03
1.874163217961876716e-03
1.885912396004861503e-03
1.883368982930028017e-03
1.869226882772663436e-03
1.880651517136527938e-03
1.781702379058460210e-03
1.841285778145922928e-03
1.878357864198719734e-03
1.875995089304232288e-03
1.868855492410852973e-03
1.863371723796140595e-03
1.826620820046806438e-03
1.865800432852915761e-03
1.916088243523657439e-03
1.911461555136709971e-03
1.851723459350340531e-03
1.896806597661263591e-03
1.813469286818537949e-03
1.882077765119649941e-03
1.918571752663395143e-03
1.855740171325694554e-03
1.869995416481182171e-03
1.813291729437271731e-03
1.862540959567328359e-03
1.783977179658323984e-03
1.756411012131029077e-03
1.851723459350340531e-03
1.859159922432213931e-03
1.868855492410852973e-03
1.898346234051551552e-03
1.879535439270941339e-03
1.792853844465282058e-03
1.750247781739425060e-03
1.851723459350340531e-03
1.838514797366581043e-03
1.865747229969704803e-03
1.798679715420065930e-03
1.859936338047665132e-03
1.859159922432213931e-03
1.876450073976215337e-03
1.820802512754425128e-03
1.739258323388741170e-03
1.916088243523657439e-03
1.846077132958934882e-03
1.880987657524301479e-03
1.846815368529512811e-03
1.792463326537724376e-03
1.869226882772663436e-03
1.914229351088874483e-03
1.852364556125893173e-03
1.817330275321808134e-03
1.809117396624483533e-03
1.781864386114598168e-03
1.863371723796140595e-03
1.859159922432213931e-03
1.914229351088874483e-03
1.820765661070283597e-03
1.888683195684791663e-03
1.826620820046806438e-03
1.888683195684791663e-03
1.862540959567328359e-03
1.785555776782609457e-03
1.799017074856885858e-03
1.833844011250358340e-03
1.920163997905767689e-03
1.820802512754425128e-03
1.856075349544394730e-03
1.750247781739425060e-03
1.868855492410852973e-03
1.838381594798444481e-03
1.799017074856885858e-03
1.878164838551496345e-03
1.833844011250358340e-03
1.741371116932466986e-03
1.829171191146832399e-03
1.911461555136709971e-03
1.838381594798444481e-03
1.851723459350340531e-03
1.763323747266963819e-03
1.805929809992820601e-03
1.739258323388741170e-03
1.770685666711414733e-03
1.787740439253823104e-03
1.859936338047665132e-03
1.831557155236019719e-03
1.883368982930028017e-03
1.781864386114598168e-03
1.863371723796140595e-03
1.889176130981416908e-03
1.898346234051551552e-03
1.835069389263581374e-03
1.885193188205909910e-03
1.831557155236019719e-03
1.833844011250358340e-03
1.898658614344101315e-03
1.859159922432213931e-03
1.901765985158070712e-03
1.799017074856885858e-03
1.787740439253823104e-03
1.868855492410852973e-03
1.843306333279004505e-03
1.869995416481182171e-03
1.781702379058460210e-03
1.785555776782609457e-03
1.788432006152205871e-03
1.851723459350340531e-03
1.846815368529512811e-03
1.781702379058460210e-03
1.817330275321808134e-03
1.813469286818537949e-03
1.878164838551496345e-03
1.851723459350340531e-03
1.903615174303243274e-03
1.756411012131029077e-03
1.908353292695561584e-03
1.880987657524301479e-03
1.869226882772663436e-03
1.862540959567328359e-03
1.852364556125893173e-03
1.891721989436789516e-03
1.877374595803648835e-03
1.875965689937538145e-03
1.911461555136709971e-03
1.846570068255559910e-03
1.874163217961876716e-03
1.871777253872689397e-03
1.919980658529505833e-03
1.820765661070283597e-03
1.849115926710932518e-03
1.912601479207039169e-03
1.799017074856885858e-03
1.889176130981416908e-03
1.869995416481182171e-03
1.823840742999953629e-03
1.840762920204171019e-03
1.846815368529512811e-03
1.823840742999953629e-03
1.885912396004861503e-03
1.878253568302957728e-03
1.828161839508466455e-03
1.918571752663395143e-03
1.889176130981416908e-03
1.770685666711414733e-03
1.813291729437271731e-03
1.805929809992820601e-03
1.871623288363017485e-03
1.741371116932466986e-03
1.889176130981416908e-03
1.920770901277353343e-03
1.763323747266963819e-03
1.756411012131029077e-03
1.781702379058460210e-03
1.874163217961876716e-03
1.835069389263581374e-03
1.778196450028568347e-03
1.813469286818537949e-03
1.781864386114598168e-03
1.878164838551496345e-03
1.851723459350340531e-03
1.829171191146832399e-03
1.839471702393792943e-03
1.770685666711414733e-03
1.745825943426348873e-03
1.835069389263581374e-03
1.880987657524301479e-03
1.756411012131029077e-03
1.851723459350340531e-03
1.770685666711414733e-03
1.836097058125836902e-03
1.763323747266963819e-03
1.885912396004861503e-03
1.813291729437271731e-03
1.741371116932466986e-03
1.879535439270941339e-03
1.920770901277353343e-03
1.820765661070283597e-03
1.891721989436789516e-03
1.843306333279004505e-03
1.843306333279004505e-03
1.878357864198719734e-03
1.875965689937538145e-03
1.826620820046806438e-03
1.912601479207039169e-03
1.785555776782609457e-03
1.846077132958934882e-03
1.809117396624483533e-03
1.920770901277353343e-03
1.835069389263581374e-03
1.841285778145922928e-03
1.863371723796140595e-03
1.781702379058460210e-03
1.756411012131029077e-03
1.739096316332603212e-03
1.865800432852915761e-03
