1.720167399503751529e-07
1.720288694087585782e-07
1.729548806088712549e-07
1.726795801344665799e-07
1.721736089236016795e-07
1.725003471469973577e-07
1.719891897339121370e-07
1.723762464882814600e-07
1.719754521900482545e-07
1.781860561354621374e-07
1.719754521900482545e-07
1.720370563629913227e-07
1.738944704570964260e-07
1.726420681177783963e-07
1.720176906823846309e-07
1.720125775607123264e-07
1.721869164778190064e-07
1.735082733722131756e-07
1.720288694087585782e-07
1.720125775607123264e-07
1.720176906823846309e-07
1.720176906823846309e-07
1.719891897339121370e-07
1.732891703563516499e-07
1.721869164778190064e-07
1.723929884648101868e-07
1.720421905941279416e-07
1.720279393655285193e-07
1.721464366698315686e-07
1.723762464882814600e-07
1.719754521900482545e-07
1.731742451798254667e-07
1.720481802412023438e-07
1.720176906823846309e-07
1.721736089236016795e-07
1.719447234534176067e-07
1.719754521900482545e-07
1.770004362594433364e-07
1.720481802412023438e-07
1.719687184822044805e-07
1.791007375274235230e-07
1.720902255848285483e-07
1.720481802412023438e-07
1.719447234534176067e-07
1.721053370185535650e-07
1.771881457610850515e-07
1.727590586842570018e-07
1.720279393655285193e-07
1.723297700820796049e-07
1.719548958515579261e-07
1.723616104308960694e-07
1.723055209743532890e-07
1.722268306886313172e-07
1.719754521900482545e-07
1.720584068341266350e-07
1.720279393655285193e-07
1.720504291156731253e-07
1.721869164778190064e-07
1.729255174574666040e-07
1.721464366698315686e-07
1.721224101393612085e-07
1.725671131730664325e-07
1.721053370185535650e-07
1.724936141279361065e-07
1.720176906823846309e-07
1.719891897339121370e-07
1.719447234534176067e-07
1.719754521900482545e-07
1.735552387585078244e-07
1.723297700820796049e-07
1.722905000692137655e-07
1.781227964375200069e-07
1.726128109841898533e-07
1.721704148628445167e-07
1.719891897339121370e-07
1.723616104308960694e-07
1.719548958515579261e-07
1.729447040639919655e-07
1.720481802412023438e-07
1.733784294538647379e-07
1.720504291156731253e-07
1.734817874014123940e-07
1.807140069574804135e-07
1.729255174574666040e-07
1.744517743692581967e-07
1.726420681177783963e-07
1.720279393655285193e-07
1.724414932318104353e-07
1.719754521900482545e-07
1.721224101393612085e-07
1.720902255848285483e-07
1.719891897339121370e-07
1.774405681131567214e-07
1.722905000692137655e-07
1.741226469823018224e-07
1.719448742706979011e-07
1.724936141279361065e-07
1.731742451798254667e-07
1.722905000692137655e-07
1.767106455734483290e-07
1.721224101393612085e-07
1.720125775607123264e-07
1.721224101393612085e-07
1.719548958515579261e-07
1.725331849836453389e-07
1.719447234534176067e-07
1.720279393655285193e-07
1.725331849836453389e-07
1.720584068341266350e-07
1.723616104308960694e-07
1.722131215539113697e-07
1.720176906823846309e-07
1.720421905941279416e-07
1.720614688533222446e-07
1.722647606071416664e-07
1.720614688533222446e-07
1.739126388473502015e-07
1.721464366698315686e-07
1.720747930749920099e-07
1.719754521900482545e-07
1.720504291156731253e-07
1.719891897339121370e-07
1.720504291156731253e-07
1.735741145721046936e-07
1.734817874014123940e-07
1.721138002621882137e-07
1.722268306886313172e-07
1.774405681131567214e-07
1.719754521900482545e-07
1.720421905941279416e-07
1.720176906823846309e-07
1.729255174574666040e-07
1.721464366698315686e-07
1.722281445557958008e-07
1.719687184822044805e-07
1.722131215539113697e-07
1.720421905941279416e-07
1.725003471469973577e-07
1.720134073355535452e-07
1.720902255848285483e-07
1.733784294538647379e-07
1.722376193434941256e-07
1.719448742706979011e-07
1.721442226640962976e-07
1.719687184822044805e-07
1.720421905941279416e-07
1.720747930749920099e-07
1.720815071100441948e-07
1.719754521900482545e-07
1.719891897339121370e-07
1.719687184822044805e-07
1.719548958515579261e-07
1.744114299829050592e-07
1.720481802412023438e-07
1.719448742706979011e-07
1.724085018744695706e-07
1.720504291156731253e-07
1.719448742706979011e-07
1.721704148628445167e-07
1.724414932318104353e-07
1.719548958515579261e-07
1.735741145721046936e-07
1.722268306886313172e-07
1.720421905941279416e-07
1.720279393655285193e-07
1.719532319287268353e-07
1.723055209743532890e-07
1.721217280200535881e-07
1.721053370185535650e-07
1.720176906823846309e-07
1.769996450332063048e-07
1.720584068341266350e-07
1.720125775607123264e-07
1.720815071100441948e-07
1.719687184822044805e-07
1.734817874014123940e-07
1.724414932318104353e-07
1.724414932318104353e-07
1.735741145721046936e-07
1.730732258461263040e-07
1.736136563699757377e-07
1.720614688533222446e-07
1.720370563629913227e-07
1.721053370185535650e-07
1.719532319287268353e-07
1.719754521900482545e-07
1.720176906823846309e-07
1.721217280200535881e-07
1.720370563629913227e-07
1.720125775607123264e-07
1.719447234534176067e-07
1.720288694087585782e-07
1.719891897339121370e-07
1.721053370185535650e-07
1.720584068341266350e-07
1.720993607773534696e-07
1.719754521900482545e-07
1.720421905941279416e-07
1.766380990427366883e-07
1.721594971619243268e-07
1.935650587355739448e-07
1.848671369759546447e-07
1.719754521900482545e-07
1.719448742706979011e-07
1.766380990427366883e-07
1.736890039681584457e-07
1.720993607773534696e-07
1.720481802412023438e-07
1.720815071100441948e-07
1.720504291156731253e-07
1.720279393655285193e-07
1.720134073355535452e-07
1.720815071100441948e-07
1.720066619141753968e-07
1.722281445557958008e-07
1.726128109841898533e-07
1.720279393655285193e-07
1.720167399503751529e-07
1.736604428086689952e-07
1.726128109841898533e-07
1.723055209743532890e-07
1.721442226640962976e-07
1.719891897339121370e-07
1.738220718402589327e-07
1.739385497143974462e-07
1.719754521900482545e-07
1.719754521900482545e-07
1.720176906823846309e-07
1.720279393655285193e-07
1.725331849836453389e-07
1.720134073355535452e-07
1.720176906823846309e-07
1.720125775607123264e-07
1.719448742706979011e-07
1.720815071100441948e-07
1.720614688533222446e-07
1.722131215539113697e-07
1.719447234534176067e-07
1.720167399503751529e-07
1.720288694087585782e-07
1.735741145721046936e-07
1.720066619141753968e-07
1.720066619141753968e-07
1.720747930749920099e-07
1.767106455734483290e-07
1.720176906823846309e-07
1.720584068341266350e-07
1.720504291156731253e-07
1.719891897339121370e-07
1.723003723402827286e-07
1.720176906823846309e-07
1.720176906823846309e-07
1.721217280200535881e-07
1.721053370185535650e-07
1.720421905941279416e-07
1.726420681177783963e-07
1.720176906823846309e-07
1.722131215539113697e-07
1.720993607773534696e-07
1.719754521900482545e-07
1.719891897339121370e-07
1.757526271345601792e-07
1.719448742706979011e-07
1.720481802412023438e-07
1.719447234534176067e-07
1.721594971619243268e-07
1.720176906823846309e-07
1.720902255848285483e-07
1.720421905941279416e-07
1.720134073355535452e-07
1.719687184822044805e-07
1.733926337626531811e-07
1.726420681177783963e-07
1.719891897339121370e-07
1.727765916958140192e-07
1.719447234534176067e-07
1.721594971619243268e-07
1.747906659490150481e-07
1.725003471469973577e-07
1.744114299829050592e-07
1.722268306886313172e-07
1.719548958515579261e-07
1.725003471469973577e-07
1.724414932318104353e-07
1.720993607773534696e-07
1.720288694087585782e-07
1.719754521900482545e-07
1.719687184822044805e-07
1.719754521900482545e-07
1.741226469823018224e-07
1.729447040639919655e-07
1.719532319287268353e-07
1.720993607773534696e-07
1.719687184822044805e-07
1.719548958515579261e-07
1.720902255848285483e-07
1.721224101393612085e-07
1.719532319287268353e-07
1.720279393655285193e-07
1.722647606071416664e-07
1.722281445557958008e-07
1.719891897339121370e-07
1.735741145721046936e-07
1.721594971619243268e-07
1.727765916958140192e-07
1.723929884648101868e-07
1.839230080515627348e-07
1.720066619141753968e-07
1.720370563629913227e-07
1.720176906823846309e-07
1.725331849836453389e-07
1.721869164778190064e-07
1.720815071100441948e-07
1.721594971619243268e-07
1.721217280200535881e-07
1.720125775607123264e-07
1.839230080515627348e-07
1.719532319287268353e-07
