2.899944067197800061e-03
2.792491721476100027e-03
2.495668514978200206e-03
2.822208312573700091e-03
2.644773185863999974e-03
2.654277521748100045e-03
2.699851075593200176e-03
2.505357855307199788e-03
2.790054954561200194e-03
2.533634934365000188e-03
2.796715635290999893e-03
2.664984877762600034e-03
2.759487671330800116e-03
2.978990003974400173e-03
2.729187049799300206e-03
2.605178673004799987e-03
2.520424417959900038e-03
2.602054922703499890e-03
2.682960665183000120e-03
2.939019013418499998e-03
2.869426938273700062e-03
3.017257465036999979e-03
2.582007652081499786e-03
2.663907381448399857e-03
2.806640621029199856e-03
2.681564644370500097e-03
2.568831498240900079e-03
3.008608406106799953e-03
2.467231780585000134e-03
2.588838334389199913e-03
2.915142243201599825e-03
3.074259011694000128e-03
2.586531145411199994e-03
3.327331053987300086e-03
2.817488363724899962e-03
2.794351577854699894e-03
2.333030201072899910e-03
2.939557455650700091e-03
2.639639813049099882e-03
2.914493928103000040e-03
2.663677578605500029e-03
2.883132491618200198e-03
3.079011559262899867e-03
2.646349287981499855e-03
2.802770679283300183e-03
3.087694406974600056e-03
2.792377843072000199e-03
2.688419407627999982e-03
2.891397710853099885e-03
2.658279136037799886e-03
2.722360366577099896e-03
2.578368875573200034e-03
2.492502480222100105e-03
2.946352091162899884e-03
2.705017774519099995e-03
2.917597013073600001e-03
2.920481044842499884e-03
2.742253179703800069e-03
2.695560083451300180e-03
2.800256355030499890e-03
2.689614221606499971e-03
2.670575696000800081e-03
2.665285057292399867e-03
2.572377643279499804e-03
2.616530460001399976e-03
2.590054298556999923e-03
2.601252161144200058e-03
2.969389516762799882e-03
2.642774426717899808e-03
2.569589776362800164e-03
2.599595267501099947e-03
2.614332023144200125e-03
2.942421145728099912e-03
2.343503003534400022e-03
2.626614034521699940e-03
2.508887528962300186e-03
2.591750651461300139e-03
2.786263243460900072e-03
2.717900967682599939e-03
2.701385621555899789e-03
2.729921842614199939e-03
2.589567224117900104e-03
2.513458562979400176e-03
2.853166585905500194e-03
3.182128835648200156e-03
2.779920560426299946e-03
2.490470831966400123e-03
2.601108985652899989e-03
2.876573476909599809e-03
2.571209755613200129e-03
2.480446279984600041e-03
2.077622020975600052e-03
2.815574407308099950e-03
2.915109625949000027e-03
2.750395123281099835e-03
2.920085166003799897e-03
2.213333483015899900e-03
2.641475480596300069e-03
2.604102581338199867e-03
2.654862146598700214e-03
2.638888494376100211e-03
2.884228783331499891e-03
2.905260477492900041e-03
2.699659157830300131e-03
2.965500071220599984e-03
2.720894044454200047e-03
2.719019350524899941e-03
2.764961851094900093e-03
2.797029841046700088e-03
2.569847983994399954e-03
2.833949882816500128e-03
2.718891450464899946e-03
2.806913571358100011e-03
2.603278625042699992e-03
2.689523215331700041e-03
2.718525632602299819e-03
2.766428831428799969e-03
2.509945608404999962e-03
2.531682070700700012e-03
2.920278418018500133e-03
2.589716407987400094e-03
2.680483715356299802e-03
2.751619506960600089e-03
2.576719551471799968e-03
2.786153588293400086e-03
2.699272142432900066e-03
2.923949103939099854e-03
2.423360159296100019e-03
2.920403977609500098e-03
2.650987124269000086e-03
2.956017389196599881e-03
2.740608348372399784e-03
3.000964429983600003e-03
2.564714381108700210e-03
2.553189633668699957e-03
2.670780430829499882e-03
2.567680941303500126e-03
2.736457172553199892e-03
2.664476169317600129e-03
2.850087458400599877e-03
2.534245811782599982e-03
2.593680112969700118e-03
2.911007937328299790e-03
2.942811880002900015e-03
2.658862403578299803e-03
2.610466548552499953e-03
3.224484133814100109e-03
2.782732784995600207e-03
3.180756539555899820e-03
2.591891316682499915e-03
2.919114760464999996e-03
2.817533834105199943e-03
2.585185903060100050e-03
2.738789555130900170e-03
2.774546299325900134e-03
2.663026773615100127e-03
2.683964249256599790e-03
2.645405728816000151e-03
2.833508124084499827e-03
2.946118478379700176e-03
2.729605319322999865e-03
2.738976778650000117e-03
2.276559407754299991e-03
2.817477917254400128e-03
2.641018531439599977e-03
2.702802525309599881e-03
2.641039934816599970e-03
2.745497776488200082e-03
2.507685820568900104e-03
2.697296171051100002e-03
3.108821271061199855e-03
2.414340376883200058e-03
3.150832761314499835e-03
3.137053930016299973e-03
2.985769603535999919e-03
2.290707972104399914e-03
2.347754717176500118e-03
2.625314863303199880e-03
2.572386971909200112e-03
3.130356034867299957e-03
2.525265609221899986e-03
2.808146343410099915e-03
1.987376195224399913e-03
2.511697008774800132e-03
2.599264738475699863e-03
2.723522778555600120e-03
2.468219904126600205e-03
2.881208968776700040e-03
2.934222956585200159e-03
3.042074183103100037e-03
2.667085320833499987e-03
2.774408361280299856e-03
2.738181859728900172e-03
2.755850874349500147e-03
2.459653885319899869e-03
3.005202707259200211e-03
3.131843999197300027e-03
2.890711580231200128e-03
2.542757136406800008e-03
2.539823454386699788e-03
3.072224893716200139e-03
2.775259903153299949e-03
2.844178696349400175e-03
3.147510310226800043e-03
2.984413262733299956e-03
2.475737953086400156e-03
3.276425074146399868e-03
2.854669477277799964e-03
2.466674322526099875e-03
3.074400088032200155e-03
2.472741148018999923e-03
2.727289436832400042e-03
3.150859790356399896e-03
2.857617180823199959e-03
2.645923545710400157e-03
2.773586255090700059e-03
3.073318710818700138e-03
2.982245788353000190e-03
2.652473538813799811e-03
2.682795560807599983e-03
3.074118323834799937e-03
2.680992723114099946e-03
3.131127916937499929e-03
2.580135662676400193e-03
2.793026699437500208e-03
2.765915614853199905e-03
2.714804920094599817e-03
2.218322081362599819e-03
2.864013057153000103e-03
2.568947602790500051e-03
2.686385179584600130e-03
2.700145941293299965e-03
2.807730821956200187e-03
2.663619739363100140e-03
2.922130135534300142e-03
2.453896996230599866e-03
2.554433518021699805e-03
2.556965619347899808e-03
2.885915264579499984e-03
2.593533942469400128e-03
2.205303346844500207e-03
2.590417271553100125e-03
2.788207260505399816e-03
2.864730849625100103e-03
2.697877006080499820e-03
2.627616944505300079e-03
2.701787031615900201e-03
2.874297478169399959e-03
2.925625645796799991e-03
3.054914561002900104e-03
3.127173971552800035e-03
2.437208944610999833e-03
2.700798840547800114e-03
2.962860475890500070e-03
2.958818175949199866e-03
2.664679941003500040e-03
2.628722129470299936e-03
2.637707307790700031e-03
2.757160778572399946e-03
2.624616738623200118e-03
2.627627919732799903e-03
2.595858437155300173e-03
2.714414466254999950e-03
2.630095464102599929e-03
2.879850800244099923e-03
2.815912302715300151e-03
3.017738720302200108e-03
2.696544916412199969e-03
2.523916608135100183e-03
2.532784696836200018e-03
2.523479448209000209e-03
2.437684779971399825e-03
2.716425858164300215e-03
2.976555980794300029e-03
2.427142209193600131e-03
2.801802602138199916e-03
2.693198568916299867e-03
2.768150790832200111e-03
2.978653306702099858e-03
2.983372606197100090e-03
2.711995052901100198e-03
3.159691694549800114e-03
2.916636395896299912e-03
2.740225190400400086e-03
2.781079825964500023e-03
3.267940205124099991e-03
3.452578094391000208e-03
2.921106515241900063e-03
2.235467337202800067e-03
2.466417626354999813e-03
3.116169162953600063e-03
2.591217965456799836e-03
2.801639465964400177e-03
2.993053204643900209e-03
2.977620104345100101e-03
2.653971751775300193e-03
2.832772869360599896e-03
2.874769603596700075e-03
2.904708147450499930e-03
3.018077548819800022e-03
2.577733689139299900e-03
2.770902918020299970e-03
2.952701410172800089e-03
2.641846689124699790e-03
2.521011692711599972e-03
2.660694353769500146e-03
2.693039542607899954e-03
2.851917428876300179e-03
2.681807482331799962e-03
2.848115135533999843e-03
2.812433833093000001e-03
2.879928832219700186e-03
2.696304910584000191e-03
2.642829395678300206e-03
2.548066978184799960e-03
2.940571605792600008e-03
2.894058509161399808e-03
2.673819520508399859e-03
2.798385510104499894e-03
3.183431988747200021e-03
2.689447410633300124e-03
2.489834038389099856e-03
3.028035388850399898e-03
2.716817012199199827e-03
2.392031874684400188e-03
2.491872000133199885e-03
2.599209491985499977e-03
2.682200004827300054e-03
2.620828216220799905e-03
2.810361398455400121e-03
2.733214894891799855e-03
2.527819701754200048e-03
2.656459190450699819e-03
2.879536541674099920e-03
2.734474511018600024e-03
2.552086562615599793e-03
2.443779331448499813e-03
2.865120729991699981e-03
2.697034414528099843e-03
2.584523464965500159e-03
2.961673431060699892e-03
2.368243666874499977e-03
2.511508008628299867e-03
2.666544829312000008e-03
2.845332777678100198e-03
3.000876580741100152e-03
2.723663948665099900e-03
2.663224851952199820e-03
2.703248068639199902e-03
2.591677574836399964e-03
2.592206590777199841e-03
2.745196760075100176e-03
2.838716465018399897e-03
2.764458710219800091e-03
2.641369856747400203e-03
2.642546675309799791e-03
2.853709780366899852e-03
2.525372908675100128e-03
2.837818673397999886e-03
2.789439160142400103e-03
2.575001715915100145e-03
2.899611816705499959e-03
3.005915219968800182e-03
2.657937139746199828e-03
2.950964825056899901e-03
2.617731275590199844e-03
2.758104472332100019e-03
3.036820280254899987e-03
3.179599867620700078e-03
2.403423891708699953e-03
2.468760711705500054e-03
2.770870120600899857e-03
2.769567463414800146e-03
2.690970202879500086e-03
2.430784091915800128e-03
2.604423201901500100e-03
2.623233309424600080e-03
2.360229298331299914e-03
2.705865277780300070e-03
2.659853794981700045e-03
2.733683236271499967e-03
2.612984121329699812e-03
2.690223459296800079e-03
2.951793497481299943e-03
2.847017164468600061e-03
2.584372808456099953e-03
2.897582869655699993e-03
2.845756039047500109e-03
3.044175853082099845e-03
2.940482147230099978e-03
2.669378106812700206e-03
2.824661081788899884e-03
2.964476387550099828e-03
2.775989378316199956e-03
2.831633859719899938e-03
2.647173635816900059e-03
2.539262813091399795e-03
2.523702584838700101e-03
2.435914225599800087e-03
2.749834536525100001e-03
2.850453832746399803e-03
2.449148142217900167e-03
2.669731801028499881e-03
2.952906256242700169e-03
2.664289868031499784e-03
2.694840079546899879e-03
2.502985179310200040e-03
2.758785549327299937e-03
2.899244098066299912e-03
2.917801383123299827e-03
2.792287817290700028e-03
3.041016512741499984e-03
2.375179520871299917e-03
2.457478616105100017e-03
2.816734883217699922e-03
2.466317880588700037e-03
3.003392083169000026e-03
2.746240604704899922e-03
2.923075430292099933e-03
2.919017037247700029e-03
2.782724638836699994e-03
2.676501007372299786e-03
2.860877496423299988e-03
2.484853592728600118e-03
2.920712914418299982e-03
2.492981903131000123e-03
2.566242345033999898e-03
2.894341723128299789e-03
2.193109015007499961e-03
2.688723918412200091e-03
2.658925707833199956e-03
2.859215420650899984e-03
2.697071588371899916e-03
2.526147928172899938e-03
2.762071705744000190e-03
2.775283240910000199e-03
2.565623848749600065e-03
2.808659844869099836e-03
2.967058482679300023e-03
2.293479465288200073e-03
2.897787992243400050e-03
2.592797390604300190e-03
2.663188040379399837e-03
3.326144576870200108e-03
2.876635671261500160e-03
2.599296702943100067e-03
2.522127203501599996e-03
2.627374309289400110e-03
2.846372945312999978e-03
2.812437312695299872e-03
2.962847017811100041e-03
3.062281504676600020e-03
2.807374864120399868e-03
2.636828385137300005e-03
2.920109421210999832e-03
2.867510747990800139e-03
2.785643144449300151e-03
2.626419990369300086e-03
3.130369314844100043e-03
2.328598833194999839e-03
2.699967963543900215e-03
2.650446283024800089e-03
2.618311230083800005e-03
2.635911134482099832e-03
2.464561585826599999e-03
2.937636166025000151e-03
2.919723736427800188e-03
2.626556421722700107e-03
2.779080378142099843e-03
2.479534581425300085e-03
2.461901576003600132e-03
2.918302543293400074e-03
2.674391274192000189e-03
3.339934152892300081e-03
2.505515990684300046e-03
2.510713376544999962e-03
2.248147639803800037e-03
2.704791995644999832e-03
2.670345936109899850e-03
2.565060798963000009e-03
2.739546330862699906e-03
2.533521678962600068e-03
2.911313608123600096e-03
2.912858792272099862e-03
3.092535694870000070e-03
3.230895658626599994e-03
3.260705577695899825e-03
2.528471108312399865e-03
3.050544268933899975e-03
2.777606179345600175e-03
2.837436784779399923e-03
2.898875402565500008e-03
2.655581246793499873e-03
2.403857182638499939e-03
2.933175748530799948e-03
2.720402889343599868e-03
2.875284247627700115e-03
2.834606840734900032e-03
2.668113972809799898e-03
2.627609916436499972e-03
2.646696259917100027e-03
2.836052342370199830e-03
2.402441490501899899e-03
2.556438763689899800e-03
2.805959759816400133e-03
2.758829578554499850e-03
2.814530851914100011e-03
1.851551177264400098e-03
2.581666789339299908e-03
3.072945562261399869e-03
2.978796114431500001e-03
2.356172802421100179e-03
2.659123472857199792e-03
3.149947112130699854e-03
2.256779250874800091e-03
2.986967611502999807e-03
2.491823890077599947e-03
2.519500297346999925e-03
3.012693927142999842e-03
2.786952444129200089e-03
2.761267640407500008e-03
2.885681821122599786e-03
2.662422109802799891e-03
3.180439652620800032e-03
3.296992926974000055e-03
2.455053294986899934e-03
2.793364503773800023e-03
3.015295619506299860e-03
2.666239002932500098e-03
2.457734189351299878e-03
3.008628416546200047e-03
2.774088497481500080e-03
2.364427936706999835e-03
3.125192283508499824e-03
3.198281270575000206e-03
2.407718248733599787e-03
2.988680109726000057e-03
2.639296204829199785e-03
2.888312647203099791e-03
2.827559105994300031e-03
2.878887245665799881e-03
3.330069420867999910e-03
2.641880890139399786e-03
3.016928371043899916e-03
2.592455709466600072e-03
2.684853663208800010e-03
2.708896974538600125e-03
2.602288389766099948e-03
2.875690787608799984e-03
2.975752485510799877e-03
2.762263715166799957e-03
2.591484667073399792e-03
3.017455845444800156e-03
2.930178722476900217e-03
3.117366585750899928e-03
2.527512345487300215e-03
2.805529290558099898e-03
2.842122420152199801e-03
2.269364292617999986e-03
2.463529203948600088e-03
2.934843455911499872e-03
2.516236653796700192e-03
2.810377313383900181e-03
2.137256699263700033e-03
2.718208348197399902e-03
2.881530774302499924e-03
2.437874936506899837e-03
2.619663802054899866e-03
2.417830022266199887e-03
2.647167581383799793e-03
2.580150874955000184e-03
2.731168033041199948e-03
2.743247279826999986e-03
2.987755162985300094e-03
2.177027017752099919e-03
2.826320029149799982e-03
2.717873362036099874e-03
2.893150910562899969e-03
2.805474778970099871e-03
2.626562135164000038e-03
3.372869019394300096e-03
2.766280397698999902e-03
2.992901714340300088e-03
2.859947940324199852e-03
2.715118577358799964e-03
2.782535825286000172e-03
2.448519410876300127e-03
2.902078439722199834e-03
2.615825891985499793e-03
2.206874306910599961e-03
2.589656375628700095e-03
2.707711850444999811e-03
2.512788947201899988e-03
2.914770602863599874e-03
3.246987483515600178e-03
2.531445871931799988e-03
2.238303383281800042e-03
2.899674414274900063e-03
2.836791085678700211e-03
2.561964379876100102e-03
2.731772177107199932e-03
2.379256658819699916e-03
2.909137877865100065e-03
2.571716181083799797e-03
2.829055981776300039e-03
2.888726635013300070e-03
2.771800865894499810e-03
2.802987092986600030e-03
2.903697696664200075e-03
3.136032064637200075e-03
2.512228732716600098e-03
2.599238078470999906e-03
2.252930304449000075e-03
2.775421892218700101e-03
3.018091055075000206e-03
2.683035042907600063e-03
3.099177976572200111e-03
2.564389567059799976e-03
2.483709274878600094e-03
2.872198977252700056e-03
2.708902913096600078e-03
2.713574567205999898e-03
2.927279046212599798e-03
2.834324827058499856e-03
2.791553400741499883e-03
2.963392578528299941e-03
2.956645868403800191e-03
3.068868057825499800e-03
2.917522788348600026e-03
2.966458382999000078e-03
3.063254332374199841e-03
2.607713497017499858e-03
2.755751317082699801e-03
2.613642456295499870e-03
2.509392885381699859e-03
2.370445769122000133e-03
2.685134616901199874e-03
2.628355927490400208e-03
2.621531095322299828e-03
2.762544713301299994e-03
2.582632605214899967e-03
2.602540805323200028e-03
3.024998963889100143e-03
2.698709040540699794e-03
2.411776732559000030e-03
2.918601141918400043e-03
2.744470663712800153e-03
2.739293311323900103e-03
2.953035491124399951e-03
2.601474146391300011e-03
3.073374426604900088e-03
3.088842503488500087e-03
2.520278227614399912e-03
2.768489861350799993e-03
2.977731663397399902e-03
2.873168478640299867e-03
3.083441774823400018e-03
2.774375725854599881e-03
2.764222131866200024e-03
2.766609799462799949e-03
3.017366715856100150e-03
2.404266976257200036e-03
3.012849383507700159e-03
2.729759934726900053e-03
2.810107798012900174e-03
2.736887320855300142e-03
2.761905729266900169e-03
2.718366512326199965e-03
2.561932287870900132e-03
3.248877462752200115e-03
3.069223613698299907e-03
3.130975263192900017e-03
2.343973043335200075e-03
2.246946883221400196e-03
2.326419486033100194e-03
2.704042557992700040e-03
2.494226060410100095e-03
2.827669048955999947e-03
2.386363818091500211e-03
2.452220911197899866e-03
2.752990566852799807e-03
2.826884961785099907e-03
2.754755185230300073e-03
3.005230969503999879e-03
2.755718584714000191e-03
2.994306011225199987e-03
2.589053488158299821e-03
3.057978202710099833e-03
2.676632471815999868e-03
2.375706834506699852e-03
2.861683217748000035e-03
2.692937235572799830e-03
2.564552072295200099e-03
3.149051444431099928e-03
2.554593242611200195e-03
2.853095445267499891e-03
2.669296553019200133e-03
2.754567077848700009e-03
2.843775980365699854e-03
2.800804699019799997e-03
2.696544771982499998e-03
2.885418322455800180e-03
2.541117320846700191e-03
2.712639232020400051e-03
2.584554575312800195e-03
2.708423963177299804e-03
3.045020674872099889e-03
2.637796329568300145e-03
3.083835454176700203e-03
2.871097057166400058e-03
2.451924188932899998e-03
2.601361084863299932e-03
2.527961449386400064e-03
2.792947087144800108e-03
2.637031633407299885e-03
2.792545117462599986e-03
3.151970597038900122e-03
2.801836353752999807e-03
2.611384479763200102e-03
2.682186174154100027e-03
2.460678305338300214e-03
2.554265198195300023e-03
2.602951553935199842e-03
3.077984567930599873e-03
2.678823143439700103e-03
2.721321370676600161e-03
2.540801701465299992e-03
2.489207804953999948e-03
2.949411403073700158e-03
2.668262751959500113e-03
3.002242071402400070e-03
2.561609065843200098e-03
2.894881107284599797e-03
2.814251756381999821e-03
2.522345166502900065e-03
2.539930552279699976e-03
2.737257354028100123e-03
2.798979070842100032e-03
2.776028927270000196e-03
2.954711616018099868e-03
2.641434501813900125e-03
2.877633570684700118e-03
2.867812014140400188e-03
3.017701311623200138e-03
2.843333236175099848e-03
2.765219634103100073e-03
3.207224954790100120e-03
2.885812566023499958e-03
2.574041654721000074e-03
2.808252592603900210e-03
3.264577282581300217e-03
2.785125154799799989e-03
2.441182303045700153e-03
2.787568403316900093e-03
2.794315958717900113e-03
3.046141753987199972e-03
2.867832744000199836e-03
2.933394338659999975e-03
2.680756215408999950e-03
2.509763905362500172e-03
2.298053494331299840e-03
2.866627897489600063e-03
2.364856052872500031e-03
2.955234891677599972e-03
2.622739571192799889e-03
2.797543532333799862e-03
2.879253955944499795e-03
2.719460457530399784e-03
2.875383461407299973e-03
3.269081466791800162e-03
2.583163405552699795e-03
3.048475231481299983e-03
2.606979471001099821e-03
2.780584500428299934e-03
2.783154074408599864e-03
3.034449297665399968e-03
2.716168529234000081e-03
2.949826732016300017e-03
2.823214127876600039e-03
2.825636965508799940e-03
2.811457005256199834e-03
2.635844418337899946e-03
3.053220818423399950e-03
2.824208271283100077e-03
3.055649826185299987e-03
3.213826790100599885e-03
2.480299624682999818e-03
2.695201229339100162e-03
2.742286308820899871e-03
2.629541460891100021e-03
2.640063713177100060e-03
3.043396025921000017e-03
2.748334307859199785e-03
3.076485698182199885e-03
2.623345375866999868e-03
3.036492140602899993e-03
2.734701980217199915e-03
2.758326503183099968e-03
2.552570666771300165e-03
2.788682547764700145e-03
2.696369562536300203e-03
2.775034464822699869e-03
2.595697083142199831e-03
3.070663858473300211e-03
2.993946351290500095e-03
2.591307660807199917e-03
2.663193762287499947e-03
3.007882289277900162e-03
2.724629372769700204e-03
2.721662606803199828e-03
2.962119627063200013e-03
2.553641592003299838e-03
2.697581341287399927e-03
2.861965376482900145e-03
2.596804986821900103e-03
2.643055817048899948e-03
2.703325828157100100e-03
2.902913168281699794e-03
2.768145213741799934e-03
2.664829520397600082e-03
2.541444852593199941e-03
2.739879470728400022e-03
2.878968765499700065e-03
2.744757311506200188e-03
2.794826237156699915e-03
2.633925852020400048e-03
2.551547507116700125e-03
2.657608530995900133e-03
2.274969034366000013e-03
2.470671040048499911e-03
2.807923437425200158e-03
2.951062961872199901e-03
2.780323242376700216e-03
3.407350860954699856e-03
2.792091255395800012e-03
2.881264150377599829e-03
2.872903856619799835e-03
2.525668743471000052e-03
2.863040702419500025e-03
3.111375839027999846e-03
2.761698096482799979e-03
2.359729075341100192e-03
2.833430750338700090e-03
2.717472706710799980e-03
2.521570817317699952e-03
2.635984872659600034e-03
2.640411957864500017e-03
2.762834069315800098e-03
2.908322906013899832e-03
2.894794483584500148e-03
2.710641177957800151e-03
2.576415517597900173e-03
2.871363636918299826e-03
2.826407419194099969e-03
2.842908228326999995e-03
2.523471763634599786e-03
2.853627983292899867e-03
2.883158437994999893e-03
2.798595780924699981e-03
2.835095135267100188e-03
2.783086183401999904e-03
2.687661911928999805e-03
2.550178340184700021e-03
2.792212483311600022e-03
2.603822536611500021e-03
2.930172617603500011e-03
2.456271938852800079e-03
2.752929980774099835e-03
2.683783151882499982e-03
2.743350655980799930e-03
2.923242631072900041e-03
2.677214434191799945e-03
2.747965205360300162e-03
2.904083407610899906e-03
2.778613109859699986e-03
2.370534257155200008e-03
2.591728789629899835e-03
2.652682695037000132e-03
3.039678658706100167e-03
2.830841069772500017e-03
2.669920745786499936e-03
2.906861250597600130e-03
2.456550492426200129e-03
2.992762837598500047e-03
2.479077604139000215e-03
2.826460056593700036e-03
2.656232382248900192e-03
2.752375959231600014e-03
3.044228479434999898e-03
2.884753441675299949e-03
2.885729386892100026e-03
2.600947238146699998e-03
3.031063737979000031e-03
2.400139895727100049e-03
2.588579013298500028e-03
2.556758324081199931e-03
2.944093265851399979e-03
2.805513812345799933e-03
2.886680013221900112e-03
2.820444718490200137e-03
2.821078971449000102e-03
2.900204479809400087e-03
2.634259470226100151e-03
2.305615454645800182e-03
2.737596796411999843e-03
2.902770056149799917e-03
2.895940952795500109e-03
2.653331079153999853e-03
3.016973329136900077e-03
2.615136125265400159e-03
2.569259073595499872e-03
2.653960385623699986e-03
2.923604158231299811e-03
2.919775492022200214e-03
2.748331533053800010e-03
2.734925969546600152e-03
3.007063357506899876e-03
2.900813249487699946e-03
3.144338369176099841e-03
3.260247733785599962e-03
2.653462337747299841e-03
3.164625506468999889e-03
2.381825258734099858e-03
2.554634883548100206e-03
2.942595928355299859e-03
2.769605142982500042e-03
2.804185516982399869e-03
2.411043037014400092e-03
2.847617489896799980e-03
2.342218259435500070e-03
3.007829004566699941e-03
2.680889570907900050e-03
2.590633860153900101e-03
2.554237974201499853e-03
2.812167475533200022e-03
3.057337561586900062e-03
2.500081235163799809e-03
2.812798270467600174e-03
2.441447072818900017e-03
2.980377503337900205e-03
2.460336297323899909e-03
2.830096597063699957e-03
2.733333714271399956e-03
2.632942361283299813e-03
2.719748114331899981e-03
2.654622944685500110e-03
2.756042034284899786e-03
2.803847048194100123e-03
2.750420700105100143e-03
2.963558115089599994e-03
2.992633289672399968e-03
2.976944925735800114e-03
2.768423333959599882e-03
2.769057407459600030e-03
2.693024435611100168e-03
2.984792880021399936e-03
2.793832023226700077e-03
2.572096049698800041e-03
2.921755852609099913e-03
2.434890053884300118e-03
2.826256591059699962e-03
2.896667076917399872e-03
2.757736442975400066e-03
3.017945429694700137e-03
2.605973574515600168e-03
2.813988386065299861e-03
2.656801613049900208e-03
2.507181286476800001e-03
2.953142096901899879e-03
2.427053230063599878e-03
2.911314967881300196e-03
2.829751842546700084e-03
2.920636594724500008e-03
3.054097100130700147e-03
2.988265223882099857e-03
2.514066945058999938e-03
2.942366109985699880e-03
2.632789439583900059e-03
2.627961639571500200e-03
2.725500743558899840e-03
2.464588685830599972e-03
2.645219564820599882e-03
2.913771408965000215e-03
2.658365585005800086e-03
2.606484758090799828e-03
2.428344653201300156e-03
2.561356910071799914e-03
2.611646196229799790e-03
2.698318903789500168e-03
2.843296160210299819e-03
2.544065579070900040e-03
2.368154890704399912e-03
2.799148299421400001e-03
2.697661247763499890e-03
2.417377026520900127e-03
2.687703679724200156e-03
3.054482680665699876e-03
2.858539610173599799e-03
2.638373335096499874e-03
3.084545557877699934e-03
2.994249875062800041e-03
2.409532337665399801e-03
2.796801979266599902e-03
2.735583414483299877e-03
2.622217729660100173e-03
2.720142973090500151e-03
2.902516038574699808e-03
2.795856865869600187e-03
2.911293863636200008e-03
2.692929328852399894e-03
2.844260698046200200e-03
2.899021454785199840e-03
2.773023795395400046e-03
3.134003481753599909e-03
2.794152107483900086e-03
2.782023905639799920e-03
2.789821358536399842e-03
2.833828282244999983e-03
3.050675362704299842e-03
2.483465112058900158e-03
2.615599311484000187e-03
2.864120359031499790e-03
2.669619904976999834e-03
2.590775110884199848e-03
2.707186684977199841e-03
2.532285051556800066e-03
2.753276040869799979e-03
