1.566231749558442372e-07
1.567402635974643380e-07
1.567500824746507446e-07
1.567559326942692804e-07
1.572360231607667706e-07
1.566664530371321082e-07
1.566980014953807026e-07
1.567029595230331112e-07
1.567602146498232599e-07
1.570446851048191724e-07
1.571618094193504579e-07
1.578152444560774515e-07
1.568723729383172673e-07
1.566641093768626971e-07
1.572644805073798743e-07
1.572546720131582223e-07
1.572644805073798743e-07
1.568646652788860457e-07
1.572644805073798743e-07
1.578152444560774515e-07
1.569099611046705986e-07
1.567308738361884819e-07
1.572857111566673531e-07
1.568548571556682128e-07
1.572644805073798743e-07
1.616001689745597844e-07
1.572644805073798743e-07
1.578152444560774515e-07
1.565914141466612885e-07
1.567359815147002506e-07
1.567401338319553029e-07
1.567024498864524148e-07
1.574035550586666913e-07
1.566468368426771072e-07
1.568055823517641543e-07
1.572348499028514916e-07
1.569920191834763327e-07
1.566641093768626971e-07
1.567308738361884819e-07
1.565745431710959113e-07
1.571903372411434227e-07
1.568142368995779475e-07
1.567127743835608269e-07
1.568450170879052196e-07
1.567029595230331112e-07
1.566646430353147448e-07
1.570827857534261108e-07
1.567031744370344507e-07
1.572102125642334129e-07
1.568184494050884340e-07
1.688953183532866096e-07
1.572644805073798743e-07
1.598715816742134562e-07
1.571825546132094580e-07
1.566601704135047121e-07
1.566468368426771072e-07
1.567229225411441787e-07
1.571666253512185687e-07
1.566646430353147448e-07
1.566231749558442372e-07
1.567711676771935157e-07
1.567389806354724844e-07
1.568304005838187863e-07
1.566568681330503956e-07
1.569096145972837437e-07
1.568746065827502308e-07
1.566231749558442372e-07
1.614981792629847203e-07
1.571903372411434227e-07
1.567401338319553029e-07
1.896745176279441210e-07
1.572423677894858802e-07
1.567500824746507446e-07
1.566646430353147448e-07
1.565745431710959113e-07
1.567127743835608269e-07
1.572570952820894111e-07
1.567711676771935157e-07
1.567559326942692804e-07
1.688953183532866096e-07
1.567029595230331112e-07
1.603308170475291423e-07
1.569995533780705978e-07
1.567603321532653398e-07
1.573163646559071898e-07
1.566800554167034817e-07
1.567046084207919459e-07
1.571666253512185687e-07
1.569090841313407230e-07
1.567559326942692804e-07
1.567229225411441787e-07
1.567500824746507446e-07
1.568015613552936863e-07
1.610134710413193278e-07
1.569978324475398501e-07
1.570446851048191724e-07
1.567559326942692804e-07
1.713359362861157909e-07
1.574804280433892846e-07
1.567279290590011713e-07
1.567001943475975021e-07
1.567229225411441787e-07
1.567024498864524148e-07
1.566501055453896125e-07
1.572644805073798743e-07
1.572570952820894111e-07
1.568646652788860457e-07
1.568211763091650157e-07
1.567591077693528514e-07
1.566980014953807026e-07
1.566231749558442372e-07
1.568304005838187863e-07
1.568055823517641543e-07
1.566641093768626971e-07
1.567308738361884819e-07
1.571825546132094580e-07
1.566646430353147448e-07
1.567229225411441787e-07
1.568304005838187863e-07
1.566238111988703553e-07
1.569171786268243246e-07
1.565745431710959113e-07
1.569171786268243246e-07
1.567046084207919459e-07
1.566664530371321082e-07
1.568723729383172673e-07
1.566468368426771072e-07
1.572348499028514916e-07
1.566501055453896125e-07
1.567337760741880297e-07
1.570446851048191724e-07
1.567500824746507446e-07
1.567644314727118975e-07
1.568723729383172673e-07
1.571585240621806672e-07
1.566468368426771072e-07
1.572360231607667706e-07
1.565779656158928956e-07
1.567711676771935157e-07
1.567644314727118975e-07
1.567559326942692804e-07
1.567853883855841565e-07
1.567581475133036440e-07
1.572644805073798743e-07
1.566984349134494135e-07
1.571040819559977582e-07
1.567001943475975021e-07
1.566029099799921096e-07
1.568746065827502308e-07
1.571825546132094580e-07
1.566646430353147448e-07
1.593307092991903432e-07
1.568015613552936863e-07
1.567031744370344507e-07
1.598735951837235698e-07
1.566029099799921096e-07
1.566468368426771072e-07
1.582262282104542131e-07
1.567229225411441787e-07
1.567593545312377511e-07
1.568723729383172673e-07
1.571040819559977582e-07
1.567500824746507446e-07
1.568548571556682128e-07
1.573163646559071898e-07
1.571903372411434227e-07
1.566664530371321082e-07
1.576899658944341914e-07
1.567559326942692804e-07
1.567591077693528514e-07
1.571903372411434227e-07
1.566641093768626971e-07
1.567029595230331112e-07
1.571585240621806672e-07
1.567559326942692804e-07
1.577923057227907458e-07
1.569090841313407230e-07
1.574905682357481804e-07
1.568211763091650157e-07
1.566231749558442372e-07
1.567046084207919459e-07
1.568055823517641543e-07
1.568944407072950730e-07
1.570827857534261108e-07
1.569920191834763327e-07
1.567711676771935157e-07
1.593197368853862237e-07
1.566568681330503956e-07
1.566295859224834893e-07
1.570869194535540152e-07
1.566238111988703553e-07
1.568450170879052196e-07
1.573223797941307725e-07
1.568723729383172673e-07
1.593307092991903432e-07
1.573163646559071898e-07
1.565914141466612885e-07
1.568184494050884340e-07
1.567591077693528514e-07
1.565914141466612885e-07
1.569096145972837437e-07
1.572102125642334129e-07
1.566642182490487060e-07
1.569995533780705978e-07
1.593307092991903432e-07
1.566984349134494135e-07
1.566800554167034817e-07
1.567581475133036440e-07
1.568142368995779475e-07
1.572360231607667706e-07
1.593307092991903432e-07
1.571600717526657265e-07
1.567853883855841565e-07
1.569090841313407230e-07
1.571903372411434227e-07
1.566568681330503956e-07
1.567031744370344507e-07
1.566601704135047121e-07
1.567029595230331112e-07
1.571825546132094580e-07
1.571585240621806672e-07
1.567559326942692804e-07
1.565779656158928956e-07
1.603435292105277181e-07
1.566984349134494135e-07
1.578152444560774515e-07
1.567031744370344507e-07
1.568211763091650157e-07
1.569090841313407230e-07
1.567559326942692804e-07
1.566984349134494135e-07
1.567036619514576697e-07
1.567853883855841565e-07
1.569096145972837437e-07
1.566800554167034817e-07
1.572360231607667706e-07
1.610134710413193278e-07
1.571600717526657265e-07
1.566238111988703553e-07
1.568944407072950730e-07
1.568548571556682128e-07
1.568548571556682128e-07
1.896745176279441210e-07
1.569920191834763327e-07
1.565745431710959113e-07
1.573223797941307725e-07
1.566664530371321082e-07
1.568646652788860457e-07
1.567308738361884819e-07
1.571600717526657265e-07
1.567031744370344507e-07
1.567401338319553029e-07
1.566646430353147448e-07
1.571903372411434227e-07
1.569090841313407230e-07
1.572857111566673531e-07
1.567127743835608269e-07
