2.989632421676899875e-03
2.978843689735099880e-03
3.910219332113600010e-03
3.215731953972799945e-03
4.374261604928099748e-03
3.461472967663600016e-03
3.511332450333999947e-03
3.052795362860600149e-03
2.847748787840399896e-03
3.138353109666000215e-03
3.494965570825599947e-03
3.532287315945899925e-03
3.656430064598200063e-03
3.563462284499499793e-03
4.579305574055599591e-03
3.084772781907699993e-03
3.741144193452299819e-03
3.361653703300299979e-03
2.795088194623799975e-03
3.112910527711299988e-03
3.440962493215000192e-03
3.633747127771399903e-03
4.006914198798000072e-03
1.151307711524499977e-03
2.262939789689600006e-03
3.304933212943899842e-03
3.599734827823500120e-03
2.314743362986699908e-03
2.722239875933099920e-03
2.462735353857699837e-03
2.312790471832800159e-03
4.009293508505900293e-03
4.805214912336899964e-03
4.121712368772400235e-03
2.544862597873699932e-03
3.755140241779299833e-03
3.852719685880000040e-03
4.286747049475399945e-03
4.160426842646099653e-03
4.566437004141199983e-03
3.277002317116999974e-03
3.663449151337900157e-03
2.240907451830199872e-03
3.802721016283600129e-03
3.859282766232300169e-03
3.173658313648900029e-03
2.417590178279800054e-03
4.901721202968800130e-03
2.436379008412599845e-03
3.664982105195800210e-03
2.797732235195599798e-03
3.714222925286200187e-03
3.754263081507700200e-03
3.950458534278099634e-03
2.910825626452900102e-03
2.713710905327799960e-03
3.873362989561300075e-03
4.683168827735900361e-03
2.688984065839099963e-03
3.216091789549100060e-03
2.315708076356000171e-03
3.148601363767100213e-03
3.397088555446999957e-03
2.115775111440900205e-03
1.328555196369699942e-03
2.881380115449699939e-03
3.029095880255799986e-03
4.347962188887300253e-03
2.787261977328699819e-03
3.509920850974099921e-03
3.259511437112699861e-03
4.236766969514900102e-03
3.699639231722299994e-03
3.912476521517199886e-03
3.655583544115199954e-03
3.942330845087899799e-03
3.284879879023800027e-03
1.820170740478800099e-03
2.690954472425899791e-03
4.147374452625200020e-03
2.657378881565399843e-03
3.083974157044800084e-03
3.916148946493600014e-03
2.952807738331399926e-03
2.442401070651399955e-03
3.297590797936299917e-03
4.158943286414400024e-03
2.757745359182600144e-03
1.891121085468000030e-03
3.954415102887700283e-03
3.771361542427899890e-03
3.978724253437099755e-03
4.076602820246600159e-03
3.821184761000500068e-03
3.515303168763399960e-03
3.365808227657500137e-03
3.075149766179799838e-03
4.371539310934200069e-03
2.334610139175199994e-03
3.653277526029900107e-03
4.074571367688299868e-03
5.088629403296999858e-03
3.186717232263600215e-03
3.844996848748300205e-03
3.093498801126200182e-03
3.379112410074100199e-03
3.609391597812800119e-03
2.049430215060200206e-03
4.074571367688299868e-03
2.732438834230699939e-03
3.932470161673499651e-03
3.518524113931499955e-03
3.489068422398100121e-03
2.120951746740399810e-03
3.415114689480899801e-03
3.636313905199600131e-03
4.401847218949500422e-03
3.655337262621699817e-03
3.983312620531399839e-03
3.139709498681700177e-03
3.473394121185699804e-03
3.909328487870900037e-03
3.343751619993800064e-03
2.928525217060700108e-03
4.690192856553400402e-03
3.627755766605299942e-03
6.704585227904000244e-04
4.619230009439499740e-03
3.733137805855500039e-03
3.957256784312099783e-03
3.721635550811999791e-03
2.411721914068800168e-03
3.861408592181900072e-03
2.698748415341799961e-03
2.681267404174199950e-03
3.603436793790000103e-03
3.544653969102300184e-03
2.689540874331799915e-03
3.286157100530700138e-03
2.818210656900400207e-03
3.375158589963100138e-03
1.858391151261000072e-03
1.824165144632300048e-03
3.927181855849499852e-03
4.135296562018300065e-03
2.547156752133399905e-03
4.283346741956500087e-03
3.314316591702200134e-03
2.350866820160299984e-03
3.197380666011199850e-03
4.307410218555999919e-03
2.109154026490000101e-03
3.112758691360600037e-03
2.344244368043699785e-03
3.056695833025199933e-03
2.696446998993400068e-03
1.956686878725100078e-03
4.495170966811300010e-03
2.114984414962399820e-03
2.139736552108700059e-03
3.444876528658799824e-03
3.613452211889899793e-03
2.548716109116399859e-03
2.878530408611400162e-03
3.268351199555200124e-03
2.538028728894000177e-03
3.808773154906100206e-03
4.502309524322099972e-03
4.274488685313699785e-03
2.896727087366799975e-03
3.347154937969500001e-03
3.488102377541899956e-03
2.676075933672600153e-03
3.725790509422699862e-03
3.644622788593399922e-03
2.988092737019800143e-03
3.062228842357999931e-03
2.109512383578500145e-03
3.594035988775800151e-03
2.696492493543999926e-03
1.742238425726300036e-03
3.791885837422100027e-03
2.155440887403499862e-03
3.041217387714300040e-03
2.391414916322999809e-03
2.843910096424599916e-03
3.195652528355700118e-03
1.414246588085199974e-03
3.710335311745300083e-03
3.058406424982599951e-03
5.191110639886699699e-03
3.429706693766599972e-03
3.587122797988700172e-03
3.354822704641899876e-03
3.297590797936299917e-03
4.479797288689000428e-03
1.841664511258499963e-03
1.963038796542799884e-03
1.133198402605000094e-03
4.206809970388999780e-03
3.900494583319600098e-03
3.416342100109200173e-03
3.743598471550300000e-03
3.306238146945600191e-03
4.925180728512899668e-03
2.625392694479000179e-03
4.401847218949500422e-03
3.411537913508999858e-03
4.942290322803699794e-03
3.878170280393400133e-03
5.555401296172699822e-03
3.628882768068599982e-03
3.341734734569700056e-03
2.424446431480399827e-03
3.202087745872700137e-03
4.060290275407199903e-03
3.530496621871799870e-03
2.871594598801699948e-03
3.464587403790000009e-03
4.013213258510200075e-03
2.639991455903000200e-03
3.594966868153900118e-03
3.677480609361899813e-03
3.615765402506299943e-03
3.982369665875899918e-03
2.951348546731799929e-03
4.538147040201500303e-03
3.567188427163399921e-03
3.833825980787399987e-03
2.135092933530900045e-03
2.743035365786699979e-03
2.795713405113100201e-03
2.712687083616800200e-03
3.951594360690500150e-03
3.786660246240699992e-03
2.241722973998599901e-03
3.707331404087699841e-03
3.620925847058799937e-03
3.565594813775799839e-03
3.664179658189100058e-03
3.977100833724899788e-03
3.614222626550000084e-03
2.331081890392099933e-03
2.030362869684900016e-03
3.184945832077300081e-03
2.342404761523400082e-03
4.267772697329800212e-03
3.912249152470999823e-03
3.002932133905799900e-03
3.221096983782800131e-03
3.242824278843499993e-03
3.741725771521699825e-03
2.913871797179399918e-03
3.071129195570300105e-03
3.170707728719399966e-03
2.729474205924000037e-03
3.603436793790000103e-03
2.857138239500599860e-03
4.663470819733200011e-03
2.258707337886199911e-03
3.910221200302399849e-03
3.893105201686899823e-03
3.652677717146700104e-03
3.664089762292199997e-03
4.062148047307000132e-03
3.842772918532100148e-03
3.092908766295200153e-03
3.390668958395399828e-03
2.365915548911799813e-03
3.893881586714600159e-03
3.753538845433800064e-03
3.350837204760699888e-03
3.474892192907300201e-03
3.656293806009700085e-03
3.412687019166299809e-03
3.219695513689300147e-03
2.050378712722099924e-03
3.542714047602799933e-03
2.628665170281499919e-03
3.107374435175599969e-03
3.695988131828200143e-03
3.762196041484199959e-03
2.589913518972300141e-03
2.063177036370599914e-03
3.664603752770299872e-03
2.437752199206900169e-03
2.155347859670999917e-03
3.282336849527099989e-03
2.417857262926499835e-03
3.441483532069499959e-03
3.281268164839599814e-03
2.668707961407000215e-03
3.485963096071800164e-03
4.726191461184499690e-03
3.690031079512900037e-03
3.934788659394499767e-03
3.502471228576299871e-03
2.494994852227299959e-03
2.965124916127700148e-03
2.782357003629199865e-03
2.976140317678700135e-03
2.714338113012300206e-03
4.042393551367399682e-03
3.638171310723499821e-03
3.497142406937200042e-03
4.135462901450099801e-03
3.151405173111999913e-03
3.480990011761600153e-03
3.850099718108999838e-03
3.276979447369000095e-03
3.556180468377600091e-03
3.058604958758699959e-03
2.562031843397199939e-03
3.530132086847500173e-03
3.427053071605899812e-03
4.179753800965999716e-03
2.620760541638200193e-03
2.875144533173500192e-03
3.127672226461199797e-03
3.916953687730800188e-03
3.539642226751299990e-03
3.385993849750600082e-03
3.639612760064899876e-03
4.186675890744499806e-03
3.120185497955900184e-03
2.424439137631699895e-03
3.623696430251099974e-03
2.574391879792999830e-03
4.184866401732500324e-03
2.976126675984300165e-03
3.723856369716299890e-03
3.795763534016300105e-03
3.028613286176199803e-03
3.826604395486200155e-03
3.447270271448000037e-03
1.931214103605999972e-03
3.580467578735899853e-03
1.484476984013099934e-03
2.249398569775299967e-03
2.328826490852300198e-03
3.230739184904399784e-03
1.821190013706500003e-03
3.601869029952900134e-03
3.600695164650600123e-03
3.242494170123500202e-03
3.537320562343800046e-03
4.113817517177200019e-03
1.592237269754400060e-03
3.296594071936500073e-03
3.778571395246500125e-03
3.517998227138999928e-03
3.656293806009700085e-03
3.660834299090799833e-03
4.088187535890499581e-03
1.977582577989600056e-03
3.588210821256899823e-03
4.109549840979599862e-03
1.900444443911000021e-03
2.172051526653299893e-03
3.801767781032300200e-03
3.148155818529800067e-03
3.618921575219600020e-03
5.271376592346999936e-03
2.893970108546800070e-03
2.824407408435100110e-03
4.850388051691400040e-03
3.479201640083699927e-03
2.578282727223899905e-03
3.997847579787099960e-03
2.748871392776500080e-03
4.084277480830600035e-03
2.799707037840199961e-03
1.871414361805000086e-03
3.999084912646199905e-03
3.519517348163600165e-03
2.112614146358800151e-03
3.698960581804099958e-03
2.494126886952100029e-03
5.530629877801600085e-03
2.979873125489699865e-03
3.903268748936200051e-03
2.348172436100600009e-03
2.039701332406800103e-03
2.452268719163800195e-03
2.895115022080899797e-03
3.180193096025699974e-03
3.111676582281900066e-03
3.834197945239399899e-03
3.891890515531900002e-03
4.197040200358000128e-03
3.938353228155599788e-03
2.993411265951699974e-03
1.790342155184899975e-03
2.996115847833200063e-03
4.202640500070099587e-03
3.027677584893299911e-03
3.630472943624700119e-03
3.728594801083600068e-03
4.367496373544999845e-03
3.561351356602000025e-03
3.712552221715500166e-03
3.511253894207199810e-03
2.310447634068200050e-03
4.000322002247900383e-03
3.821477017343200000e-03
3.707675359808999989e-03
3.706779548645300088e-03
3.423335959958799957e-03
1.891097796714399969e-03
2.789205025201599818e-03
3.275404858932999801e-03
3.333412905808099975e-03
3.977857247465199815e-03
2.735386450640100130e-03
2.581365073741799954e-03
5.297588731995200341e-03
1.360875743074899894e-03
4.208620779905200039e-03
3.912937705247599915e-03
3.823309600426099894e-03
3.445714798583500004e-03
4.122824769321699855e-03
3.088548351021899903e-03
1.299778546926299953e-03
3.729980041284300125e-03
4.075297649501899606e-03
2.814892446797200194e-03
3.050639149290399876e-03
2.035618993394299869e-03
3.071508472549399921e-03
2.452883766456299790e-03
4.879612002737200409e-03
3.635677246586499836e-03
3.517704926610500105e-03
3.556743148488400192e-03
2.240577327070000097e-03
3.493688861469400157e-03
3.338577448790799786e-03
3.923151909619199997e-03
3.541376565175699802e-03
2.816871658798699926e-03
4.000614441731800003e-03
3.517704926610500105e-03
3.403475244480300144e-03
2.052656519569099908e-03
3.480990011761600153e-03
2.688379764782099918e-03
3.655378496986199949e-03
3.960309123289700028e-03
3.341734734569700056e-03
2.629263348657500179e-03
2.984897627774399983e-03
3.162706393656700057e-03
4.008727238086500291e-03
2.834139373183199896e-03
4.672022283091500396e-03
4.276120723103600009e-03
2.582676033950200185e-03
3.007618929864099878e-03
3.793542450812599932e-03
2.661473650912599999e-03
2.124543674620599839e-03
3.444005338059199974e-03
3.481820430078400030e-03
3.375158589963100138e-03
4.010173155504900312e-03
3.459170434371999867e-03
3.141859666965399894e-03
2.618210623608000030e-03
3.907799068514600238e-03
4.040161317224899573e-03
4.895403463571299831e-03
3.957655468223400183e-03
2.350895319069199862e-03
3.098628571118000087e-03
2.330197918314100107e-03
3.426957792527900084e-03
2.896214857120999863e-03
2.033592034511299933e-03
3.229297483834599886e-03
3.345252455286999889e-03
3.308831462750299809e-03
2.856876467024200075e-03
3.308340762146299956e-03
4.033693787086400050e-03
2.671103973413399991e-03
3.861408592181900072e-03
3.806374659326300109e-03
4.109762439219200383e-03
3.361352330517999865e-03
3.051369138300400168e-03
2.664945719120100000e-03
4.177182294491300039e-03
2.502844174681800003e-03
3.474892192907300201e-03
3.308831462750299809e-03
4.168175812377199890e-03
3.157642233671000085e-03
3.509852896315000022e-03
3.516341192267200075e-03
3.594966868153900118e-03
3.686523533253500094e-03
3.870693405011900023e-03
4.124385150712999749e-03
3.383969025519499834e-03
3.312064618798900122e-03
3.424251093433999804e-03
3.560513214897300001e-03
3.082985880667999789e-03
2.326512189498300062e-03
3.831874096868099783e-03
3.970156331488700063e-03
3.275404858932999801e-03
2.723980099445100136e-03
3.887534220218999935e-03
3.325794624145699940e-03
3.747831426256599974e-03
3.592327703623100082e-03
3.143341709645899786e-03
3.316648996384000212e-03
3.140934028862599984e-03
3.192400399016700075e-03
4.507374308029500100e-03
4.196921066822199842e-03
2.532763915228700060e-03
3.952087581223799953e-03
4.829564554090899631e-03
2.241539889360699960e-03
3.241401614491999910e-03
2.601638279111700199e-03
3.560224579429400148e-03
2.150550078136000045e-03
2.553639225244800151e-03
3.734520017050599935e-03
3.051369138300400168e-03
3.722389792325900195e-03
3.560513214897300001e-03
4.104315528257599863e-03
3.663642170572500075e-03
3.104837444650899916e-03
2.829905037148700096e-03
3.962223333043400110e-03
3.465922623301300083e-03
2.712191869759200073e-03
3.428280598223800053e-03
3.326069326193200129e-03
3.040768730665500009e-03
3.583043121713200014e-03
2.922143918813800093e-03
3.277950561299800003e-03
3.322139830035300036e-03
2.442521335118400059e-03
3.074767807041699913e-03
4.032866511978800035e-03
4.689134317865000130e-03
3.874667309539600157e-03
2.263025152905399819e-03
2.531179664784500172e-03
3.818623963698199956e-03
3.197380666011199850e-03
2.923918053246999868e-03
3.477278467752099953e-03
3.759272962747600092e-03
2.912920892596600198e-03
2.061150435969699886e-03
3.699402343994899912e-03
2.287391869431800156e-03
2.930083924115700188e-03
3.017283598556299955e-03
4.790524184060999946e-03
2.206914623733599850e-03
3.077640972436900078e-03
2.628462989942799855e-03
2.478894726319299992e-03
3.446560636996799914e-03
3.577072796638399929e-03
3.234894173163499909e-03
2.607448317701000114e-03
3.022411788977099820e-03
2.737012971773799923e-03
3.486432207570000063e-03
4.905813957264099773e-03
2.832090667887100007e-03
2.903212134572299985e-03
2.634937282391800004e-03
2.586503576453400184e-03
3.184276878268900088e-03
2.726863052822400043e-03
3.304117348064000009e-03
3.482745650134200146e-03
3.307680222694600082e-03
4.127544905904100350e-03
2.221931174049800086e-03
3.549765439432599982e-03
3.669877514536499987e-03
3.303628315464999902e-03
3.888085845297400110e-03
4.637068441862700341e-03
3.180100624762699849e-03
3.126779142492899961e-03
3.005583656067600026e-03
4.184537572608599751e-03
3.368171472005499888e-03
3.666663547806499942e-03
2.404384536805000052e-03
3.901451724203999945e-03
3.486432207570000063e-03
3.400105476479600188e-03
3.270988996754499965e-03
2.817809418791999889e-03
3.325397780340399838e-03
3.624313635784000200e-03
3.532955474819399894e-03
3.405754206624300121e-03
3.424611050134199891e-03
3.087045767978900158e-03
3.497320474066899828e-03
4.107236986447600040e-03
2.844536590776799816e-03
2.603898888585200102e-03
3.354151823033400207e-03
3.892979139199699914e-03
3.819498871388000115e-03
2.661601068527300138e-03
2.819434729798900134e-03
2.165425558743799828e-03
3.767516721012699899e-03
1.221915385718800066e-03
2.414401047110300083e-03
2.780191376815799916e-03
3.562765026272700017e-03
2.767217895047999893e-03
4.700657015879200311e-03
2.322072489482499783e-03
3.798118787607399939e-03
3.477278467752099953e-03
3.486057108838200042e-03
5.138860511501699806e-03
2.775455346647700151e-03
2.955641789300599877e-03
4.424225784681199737e-03
3.021319639581499916e-03
2.168284412314399993e-03
3.316648996384000212e-03
2.706423459285099871e-03
2.353808782402299835e-03
3.597786985912300103e-03
3.891675836059700026e-03
2.585027972036699987e-03
2.340499869253200027e-03
3.739384089820599853e-03
4.098798889895999623e-03
3.495868201454600029e-03
2.776876635675799929e-03
4.051207647909499734e-03
4.097288675055600106e-03
3.764683346404599888e-03
2.226411384551400027e-03
5.082381296784100298e-03
4.811474132356900225e-03
2.504653821564499939e-03
3.493688861469400157e-03
3.082884999302299908e-03
2.444934392178600095e-03
4.042449310256299860e-03
4.035896389028400394e-03
2.256292582359300126e-03
2.443013563056099964e-03
3.136250118643200014e-03
3.319821432553800213e-03
3.724013337741700035e-03
2.739157833927799955e-03
3.457692693695800078e-03
4.950230922560999725e-03
2.989644978940600092e-03
4.440111070958600165e-03
2.688429404092100052e-03
3.844996848748300205e-03
3.357951606796600024e-03
2.142811621980799872e-03
1.920348551941499990e-03
2.411838089286199877e-03
1.714713693698400026e-03
4.077580764857200064e-03
4.002394682836399667e-03
2.866351216394699957e-03
4.084737471020899978e-03
2.165356934713699895e-03
4.160587391476999568e-03
2.265887024000599968e-03
2.211606619337000163e-03
2.375704575096500119e-03
1.306424375386000102e-03
3.656546816035000091e-03
2.238880011447500016e-03
4.213777943526299773e-03
3.986452738202000100e-03
3.863103119931599917e-03
3.761209419004500100e-03
5.735980139903500141e-03
2.990441817173700167e-03
2.253222176080800151e-03
3.797318766200499796e-03
2.473879371121200186e-03
1.886312829228299973e-03
3.381968914471400033e-03
3.454938041563400137e-03
3.509046894238899983e-03
2.952465520670999842e-03
3.818623963698199956e-03
4.084737471020899978e-03
3.618449234454999830e-03
3.483636283786300039e-03
2.812672019611100072e-03
3.741124151759099830e-03
3.587091749568900156e-03
2.745007259031699998e-03
2.567798926518899839e-03
1.717494666047199997e-03
4.875604560909199692e-03
3.883599997452099814e-03
2.385113788572399991e-03
2.777065501820399906e-03
2.972029712929200214e-03
3.192400399016700075e-03
3.235108755890999960e-03
3.201010445051299860e-03
3.452511415222299807e-03
3.031428315953100128e-03
3.172384658469099873e-03
3.609173736825500162e-03
1.486557253553100070e-03
3.635730411040500026e-03
2.414599360669400074e-03
2.674993027363199889e-03
2.734342658486800092e-03
3.925913503443999655e-03
3.473135502721699797e-03
5.025705191191900088e-03
3.027024887955300121e-03
3.935733676509499748e-03
2.936125852501499881e-03
2.895161875597500149e-03
2.990092376204300101e-03
3.832113611146499999e-03
2.195382686190999917e-03
2.450379305109000056e-03
3.893189158840400059e-03
2.186213856104300083e-03
3.693683850391699889e-03
3.870786071573400176e-03
2.592496296424700013e-03
3.855277722462599997e-03
3.663449151337900157e-03
3.019335010060100050e-03
2.980634705742999865e-03
3.744547062878200022e-03
3.566126188070800011e-03
3.417850788702699993e-03
3.912249152470999823e-03
4.748939995342299665e-03
1.874982933292099934e-03
2.059624085896400152e-03
3.909742159361699956e-03
3.412687019166299809e-03
4.425368433807500175e-03
2.523199862840299918e-03
2.776252467963799975e-03
4.436299439456400408e-03
3.763509947768199811e-03
3.720826683313100108e-03
2.457536291270099801e-03
3.552738055193700034e-03
1.753610488016999923e-03
3.869561715051200203e-03
2.696615452861900186e-03
3.847945187325699842e-03
2.112614350454099840e-03
2.212971321891500209e-03
4.412951690047299709e-03
3.813749835768600119e-03
2.714873300778900076e-03
3.600607537836200082e-03
4.202596342387000111e-03
2.140006968694600081e-03
4.471729821328000211e-03
3.585531217104100197e-03
2.078336249135800170e-03
3.806245355842500198e-03
3.976944330855199626e-03
3.498398846375600033e-03
7.663065006535000126e-04
3.338577448790799786e-03
2.880167728528800104e-03
3.830253132701800112e-03
2.277873916134100143e-03
2.973487332233599924e-03
4.558036616090999950e-03
2.968475561661999829e-03
2.970078056663199868e-03
2.212532260182499804e-03
3.137916969093399854e-03
2.488046982218499945e-03
2.718902359984200039e-03
3.849854021772000211e-03
3.339707571522900105e-03
3.274711827820200004e-03
2.788888578120399860e-03
2.906106909542000190e-03
2.596994388020799991e-03
4.249633619936400014e-03
2.073029619545099789e-03
3.988583642002900033e-03
3.236451170965199894e-03
3.559847942491999907e-03
3.315924285572799824e-03
3.663642170572500075e-03
3.616820279907099860e-03
2.225341729162300022e-03
3.758227604295099906e-03
3.772399097359100013e-03
2.264500407021600038e-03
3.906105404102099866e-03
3.148988567200799917e-03
2.571532160564099848e-03
3.578723675930299813e-03
3.403896193086699846e-03
3.733137805855500039e-03
3.264346332974100116e-03
3.327364090313100070e-03
3.022347150551300040e-03
5.155420167995600038e-03
4.605409557692800339e-03
3.223316894927800210e-03
3.440962493215000192e-03
4.260867116704000410e-03
2.984913678029000195e-03
1.156266651555199962e-03
3.041515063177499967e-03
4.600894559702100109e-03
2.962291721129899861e-03
3.323821047360400131e-03
3.821469086636500138e-03
3.361793763682399943e-03
3.129248488329600120e-03
4.422748246735199763e-03
2.751006137976600048e-03
2.665862503212899914e-03
2.150260691749299961e-03
3.529960926432200007e-03
2.384505321682100099e-03
2.900391707627899846e-03
3.205504776492399972e-03
3.743808745981000007e-03
3.603236037262800163e-03
3.257816063490699861e-03
1.961117662725499981e-03
3.891890515531900002e-03
1.736942149408800002e-03
4.116962833037200037e-03
2.143885951162999813e-03
1.832371849966800024e-03
3.472859856302900131e-03
2.953226216247399963e-03
3.803323153464099882e-03
3.115480304631300119e-03
2.655071124230799860e-03
3.798233100395900178e-03
4.759990486470700062e-03
2.267995726474699922e-03
3.738851344776300024e-03
3.038361651393799850e-03
2.094742438693599808e-03
3.742215412511600090e-03
3.464007697303199840e-03
2.710325501696999890e-03
3.446110601599900163e-03
3.318928826925400186e-03
3.618611011852599941e-03
2.431063827371599852e-03
3.624956108928499825e-03
2.345085736272299864e-03
1.956788276530199884e-03
2.774259296933900051e-03
3.746400960339599934e-03
3.676466168267199849e-03
4.176117693192199845e-03
3.710335311745300083e-03
2.308227783388400092e-03
2.133321345251499787e-03
3.303628315464999902e-03
2.443589504806100050e-03
3.736817044845800167e-03
2.003439637664200176e-03
3.404862760165599991e-03
4.920819533355600024e-03
2.752187974968500154e-03
2.894287259934999901e-03
3.376338744743300011e-03
2.995784642905200031e-03
3.438723018520199997e-03
3.838709313600500213e-03
3.813749835768600119e-03
2.114684878213000073e-03
3.584556246525399947e-03
2.776555236151099972e-03
3.258856785874599850e-03
4.565561124385299901e-03
2.247930602588400165e-03
2.178998488855800157e-03
1.677170677796999913e-03
3.346117548150099978e-03
2.450061329320800136e-03
2.719843653341299898e-03
3.499096932833799939e-03
3.381260435167400026e-03
2.913870394585699880e-03
4.474982889555599933e-03
3.569309981808300135e-03
2.791217691921699974e-03
3.801269450925899834e-03
2.531049325077899988e-03
2.014546229561100035e-03
4.737227000036399807e-03
4.218309026311899655e-03
3.316324550923299870e-03
3.518773704218899987e-03
3.700718073018500077e-03
2.277895075742099925e-03
3.263502658335499986e-03
2.219574113640100134e-03
3.856077210601699997e-03
3.303787451715600124e-03
3.374203526059100025e-03
2.663554445547200097e-03
3.572859866167300055e-03
5.035710076420099948e-03
3.027677584893299911e-03
3.930201264595600125e-03
1.181250963046800084e-03
4.961019076480699917e-03
3.244901423691800083e-03
2.255468347037699849e-03
2.960732215276300032e-03
2.882589233223300119e-03
3.111407454355800007e-03
3.304117348064000009e-03
2.121300196034700200e-03
2.461164695060800208e-03
3.173658313648900029e-03
2.410792197252100214e-03
3.864986522498799811e-03
3.970069053201299818e-03
1.277471230574399926e-03
3.060869933266199914e-03
2.053894694424400046e-03
2.997455417157100094e-03
2.908778367221699981e-03
3.182288980226199819e-03
3.644572584153100026e-03
3.798702405884500210e-03
3.630692960070700057e-03
3.677600315766200133e-03
2.756792362966700195e-03
3.513637777747500093e-03
3.586251519372200131e-03
3.157642233671000085e-03
3.038141778754100113e-03
2.957818145525299789e-03
3.146981846375799825e-03
2.674254375826299809e-03
3.902075134844299863e-03
3.064663735526800079e-03
2.744670803263600002e-03
3.405457007771700139e-03
3.456557237446299894e-03
4.078463853221300089e-03
2.452818707466599898e-03
2.564867006538800072e-03
4.007090042163600346e-03
2.767506561108299887e-03
3.703221559976199988e-03
2.785247308954599994e-03
3.842325044151699825e-03
3.059212013686700166e-03
1.910410950996400091e-03
3.724819677534900019e-03
2.779155795530200042e-03
2.866351216394699957e-03
1.760951090581499949e-03
3.268916283971899997e-03
2.675770041774599897e-03
3.111113176700799812e-03
3.190701628758699834e-03
3.968675933257300066e-03
3.977369261181600349e-03
4.051741874630400420e-03
3.153371008162000021e-03
3.357951606796600024e-03
3.439803915020499866e-03
3.553529374491600206e-03
3.398874724532100194e-03
4.184594365885700024e-03
3.943486421905700000e-03
3.997743472849600403e-03
3.632136931848599804e-03
3.968675933257300066e-03
2.260137717775599978e-03
4.520096756660999839e-03
2.204346549982499903e-03
2.446063857331899974e-03
3.449361181843500074e-03
3.011873716586200081e-03
2.805278694321899913e-03
3.803932268216799785e-03
3.533622981663799879e-03
3.176413819246999993e-03
2.557761414903699914e-03
3.939513905628399919e-03
3.871023161698899841e-03
3.929004600388000430e-03
2.912735113898100216e-03
3.541376565175699802e-03
2.566029871514499943e-03
3.995706163483500085e-03
2.654279014559599893e-03
3.530917343690499841e-03
3.591629839265499807e-03
2.530331751280499863e-03
3.767090519851700164e-03
3.629546546308000127e-03
2.972697304929699819e-03
3.385796055114599894e-03
3.516892557627499926e-03
3.474012249293700113e-03
2.166111312151399858e-03
1.478009064098700052e-03
3.684377531714800192e-03
2.316790190206200178e-03
3.143196588920500051e-03
2.804338690622799803e-03
4.862614680267700155e-03
4.427627634596099579e-03
3.286157100530700138e-03
3.359223377473199990e-03
3.076048592599299990e-03
4.052441424108600178e-03
3.595472406957800088e-03
4.148231185286900026e-03
3.754143729238100177e-03
4.031999348671900033e-03
3.109113485560300021e-03
3.445714798583500004e-03
4.003859391812399603e-03
4.023909646246899736e-03
3.529142859657100149e-03
3.940802578338700041e-03
2.104865034702300096e-03
3.471299073399599939e-03
2.964185558151800209e-03
5.342970268520199836e-03
3.304071255370800032e-03
3.395581141747199862e-03
3.663698753763999956e-03
3.863232211454699968e-03
3.184945832077300081e-03
3.316324550923299870e-03
4.986302029129000175e-03
2.402851545778099916e-03
3.833390156520600188e-03
2.347439973400099883e-03
5.177613636893599672e-03
3.122626983157000130e-03
2.955784958302799890e-03
2.795782621054500056e-03
3.546781463955699966e-03
5.437359949234100293e-03
1.702143960975400095e-03
3.046707864254100204e-03
3.517865054699300005e-03
3.996890653074299839e-03
3.209230870312600181e-03
3.749761507702099872e-03
2.634394543347900065e-03
4.233950100248799926e-03
2.877440513887500034e-03
2.226125280744100082e-03
1.991619281844699951e-03
2.110635706973500170e-03
2.689750524853600118e-03
3.524660689519900150e-03
2.803154846330199908e-03
2.546022034193599990e-03
2.508266457252399887e-03
3.320425554137499888e-03
3.147217097181700084e-03
3.094748997015799811e-03
2.260433873487200165e-03
4.042248445651500099e-03
2.166121308419100173e-03
3.167300993935499940e-03
3.987422649909399749e-03
3.548237604950199835e-03
3.845676447650300204e-03
3.855355484515200076e-03
2.534944917063300211e-03
4.411551315050400365e-03
3.293384748496900206e-03
2.127525522912000061e-03
3.613715004534400182e-03
2.020008579435799909e-03
2.871838214606300000e-03
2.678697743773500103e-03
3.761307988897099816e-03
4.511414567579700302e-03
2.990441817173700167e-03
2.025353300147600052e-03
4.647902593651400370e-03
1.290027215586099984e-03
4.491520822709400319e-03
2.543678792355400214e-03
4.058922236454300114e-03
2.870375308655099839e-03
4.426053472341100366e-03
3.151462190956899872e-03
2.763352220566399949e-03
4.784634373287100298e-03
3.196026757405500112e-03
3.845049980822399984e-03
1.322127704593000028e-03
2.165514252215200008e-03
2.244915899284900124e-03
2.323308628915600211e-03
3.356283497313899966e-03
2.840509845937600093e-03
2.534416984128299959e-03
2.170165342045300011e-03
3.230739184904399784e-03
2.895742099177500174e-03
2.630618140418799784e-03
3.801022652228500196e-03
2.781779588175499907e-03
3.218206508151199869e-03
2.686027773757300105e-03
3.765233384680299975e-03
3.858239579773900182e-03
3.296594071936500073e-03
2.979533743797000041e-03
3.455584174167099839e-03
2.445303025274200067e-03
3.548176629971899840e-03
5.082754573263699623e-03
3.695422370575499830e-03
2.721670545395799955e-03
2.482264560809100198e-03
3.116938585800900063e-03
3.686232662883500051e-03
3.748083973763700026e-03
2.093963662006600047e-03
2.695291428843899894e-03
4.789072017850599591e-03
3.296886063208299879e-03
3.137916969093399854e-03
3.206366388136900215e-03
4.184828996360100140e-03
2.441711561520100004e-03
2.151982877087000017e-03
4.688118978335299725e-03
3.459170434371999867e-03
4.094304164199500350e-03
4.054496785629100285e-03
3.296793719417300157e-03
2.443315071698399978e-03
3.452189091549400044e-03
3.879093545910300162e-03
3.056570556679600193e-03
3.690700234653599820e-03
2.946039906844200116e-03
2.605918775551400047e-03
2.095081441495999855e-03
2.462861342565500055e-03
2.218353287843199961e-03
2.365397928169399831e-03
4.011933035253600031e-03
3.996316297064500360e-03
4.148646620386399995e-03
3.180193096025699974e-03
3.792569476659500040e-03
2.855049039507299904e-03
3.797382000495899950e-03
3.277812169493799811e-03
3.461501786778500064e-03
4.396496639377399721e-03
4.189563086043300404e-03
1.886539851599999948e-03
2.178379294346000083e-03
4.380065203606600156e-03
4.625353674994599727e-03
3.789316998951799791e-03
3.567188427163399921e-03
2.399585612397499984e-03
2.620207809063500055e-03
4.270184029405699883e-03
2.080510769913899820e-03
3.693155681262100167e-03
2.639330559597999944e-03
3.143196588920500051e-03
3.838925605618700131e-03
2.213831967237699962e-03
4.476693052010399798e-03
4.950995199373899903e-03
3.228589937085300007e-03
3.705132483028799988e-03
3.473135502721699797e-03
3.785573077434000160e-03
3.280184695249500123e-03
5.102571060445299997e-03
2.467532778994099840e-03
3.428280598223800053e-03
1.571067139969499959e-03
3.439054566890400056e-03
1.686315288763300026e-03
2.295041895652100063e-03
2.744023669648000194e-03
3.732756605673600084e-03
1.828328341020099904e-03
2.372614504545299957e-03
4.564796615491800193e-03
2.516292230087300175e-03
2.981490787084400094e-03
3.042822172955299970e-03
3.326069326193200129e-03
2.190626302911699835e-03
5.093011170057100065e-03
3.546143930034999833e-03
3.504098010915300109e-03
3.085343076729900151e-03
2.649115048248100023e-03
3.194868297563299969e-03
2.821995256287999822e-03
3.650799298527700101e-03
3.743808745981000007e-03
2.645741060333800087e-03
3.515908889265899947e-03
4.003266125329399752e-03
3.677780686707099889e-03
3.052672582997699793e-03
3.434538067483599872e-03
4.884997067934299976e-03
3.885098079233499993e-03
3.543057446961499993e-03
3.789443261839399966e-03
3.852507637119700120e-03
3.623809183912599964e-03
3.082420839680600003e-03
3.584556246525399947e-03
4.709085459972500200e-03
4.162476164786900294e-03
3.443676503007400171e-03
3.426957792527900084e-03
4.114532003581100432e-03
3.971912785471399913e-03
4.614679895340200420e-03
3.669402729210500137e-03
3.677600315766200133e-03
2.587887819556100154e-03
3.060317841946799938e-03
3.091174312011900176e-03
2.993117357933500113e-03
2.886729411859299908e-03
2.107030549306500213e-03
3.228994923823700052e-03
