6.316271575361445158e-03
5.986995929650329104e-03
6.004332322211278737e-03
6.276074427645115909e-03
5.902115809652066190e-03
5.972198949040830041e-03
5.976009779945851835e-03
6.001520800609363299e-03
6.341839679876078335e-03
5.939478838360999317e-03
5.923490048157289793e-03
5.743588438796604946e-03
6.233189017570843309e-03
6.009558446282281009e-03
5.874397326154356946e-03
5.897227440261486667e-03
5.874397326154356946e-03
6.064098771060599455e-03
5.874397326154356946e-03
5.743588438796604946e-03
6.260731694772158490e-03
5.993926387028438059e-03
5.839375800973190499e-03
6.065753363690064293e-03
5.874397326154356946e-03
5.795123958478027096e-03
5.874397326154356946e-03
5.743588438796604946e-03
6.026080537460806394e-03
6.309926870873444095e-03
6.263098193202538098e-03
6.336879684662248026e-03
5.796092437417597887e-03
6.054731644045569308e-03
6.054557249217405734e-03
6.198512453852323550e-03
5.965428123422035663e-03
6.009558446282281009e-03
5.993926387028438059e-03
6.034123534744766440e-03
6.121523841589869216e-03
5.991629335525003666e-03
6.016459768894975510e-03
6.060314316098279301e-03
6.001520800609363299e-03
6.299966640553046962e-03
5.952395588644001680e-03
6.258157820562530553e-03
5.927630888231476790e-03
6.065423223192470924e-03
5.999439564649541173e-03
5.874397326154356946e-03
5.850287125807305567e-03
6.156545366771034797e-03
5.968755449980122675e-03
6.054731644045569308e-03
6.038056660977321466e-03
6.184263850268744041e-03
6.299966640553046962e-03
6.316271575361445158e-03
6.286480362827956588e-03
6.298607809511654228e-03
6.273777376141681517e-03
6.330817852764649561e-03
6.347901404306742143e-03
6.347571263809148774e-03
6.316271575361445158e-03
6.077271999094704946e-03
6.121523841589869216e-03
6.263098193202538098e-03
5.641020662517008330e-03
5.906152315472539167e-03
6.004332322211278737e-03
6.299966640553046962e-03
6.034123534744766440e-03
6.016459768894975510e-03
6.179375480878165385e-03
6.286480362827956588e-03
6.276074427645115909e-03
5.999439564649541173e-03
6.001520800609363299e-03
6.122448826630754251e-03
6.247576164038714380e-03
6.047060415737310832e-03
5.889705818268005724e-03
6.246868526689434292e-03
6.027778830256766245e-03
6.184263850268744041e-03
5.951040976954165458e-03
6.276074427645115909e-03
6.038056660977321466e-03
6.004332322211278737e-03
6.329208456353988682e-03
6.095335285569665473e-03
6.221626878977677168e-03
5.939478838360999317e-03
6.276074427645115909e-03
5.704338200455895576e-03
5.883236221542355662e-03
5.980950152585860248e-03
6.291706486898959727e-03
6.038056660977321466e-03
6.336879684662248026e-03
6.250903490596800526e-03
5.874397326154356946e-03
6.179375480878165385e-03
6.064098771060599455e-03
6.345477114295320145e-03
6.269143970267006954e-03
5.976009779945851835e-03
6.316271575361445158e-03
6.273777376141681517e-03
6.054557249217405734e-03
6.009558446282281009e-03
5.993926387028438059e-03
6.156545366771034797e-03
6.299966640553046962e-03
6.038056660977321466e-03
6.273777376141681517e-03
6.017818599936369112e-03
6.346246811677277305e-03
6.034123534744766440e-03
6.346246811677277305e-03
6.027778830256766245e-03
5.972198949040830041e-03
6.233189017570843309e-03
6.054731644045569308e-03
6.198512453852323550e-03
6.250903490596800526e-03
6.283668841226041149e-03
5.939478838360999317e-03
6.004332322211278737e-03
6.063329073678641427e-03
6.233189017570843309e-03
5.939718895140706431e-03
6.054731644045569308e-03
5.902115809652066190e-03
6.041726867677430640e-03
6.286480362827956588e-03
6.063329073678641427e-03
6.276074427645115909e-03
5.959135260627760645e-03
6.241283301244439363e-03
5.874397326154356946e-03
5.964720486072756442e-03
6.205638088773967644e-03
6.291706486898959727e-03
6.048669812147971711e-03
6.347571263809148774e-03
6.156545366771034797e-03
6.299966640553046962e-03
6.140665275863737248e-03
6.329208456353988682e-03
6.258157820562530553e-03
6.132435166423983418e-03
6.048669812147971711e-03
6.054731644045569308e-03
6.153728974097028535e-03
6.038056660977321466e-03
6.320204701593999316e-03
6.233189017570843309e-03
6.205638088773967644e-03
6.004332322211278737e-03
6.065753363690064293e-03
5.889705818268005724e-03
6.121523841589869216e-03
5.972198949040830041e-03
6.025736479413283664e-03
6.276074427645115909e-03
6.269143970267006954e-03
6.121523841589869216e-03
6.009558446282281009e-03
6.001520800609363299e-03
5.939718895140706431e-03
6.276074427645115909e-03
6.159498648097666042e-03
5.951040976954165458e-03
6.165384262159033513e-03
6.345477114295320145e-03
6.316271575361445158e-03
6.027778830256766245e-03
6.054557249217405734e-03
6.342462356714957152e-03
5.952395588644001680e-03
5.965428123422035663e-03
6.286480362827956588e-03
5.858517235247059397e-03
6.330817852764649561e-03
6.323874908294108491e-03
6.234543629260680397e-03
6.017818599936369112e-03
6.060314316098279301e-03
6.171853858884683575e-03
6.233189017570843309e-03
6.140665275863737248e-03
5.889705818268005724e-03
6.026080537460806394e-03
6.065423223192470924e-03
6.269143970267006954e-03
6.026080537460806394e-03
6.347901404306742143e-03
5.927630888231476790e-03
6.254346989657508758e-03
6.247576164038714380e-03
6.140665275863737248e-03
5.964720486072756442e-03
6.246868526689434292e-03
6.241283301244439363e-03
5.991629335525003666e-03
5.902115809652066190e-03
6.140665275863737248e-03
6.221866935757384282e-03
5.959135260627760645e-03
5.951040976954165458e-03
6.121523841589869216e-03
6.330817852764649561e-03
6.258157820562530553e-03
5.968755449980122675e-03
6.001520800609363299e-03
6.156545366771034797e-03
5.939718895140706431e-03
6.276074427645115909e-03
6.041726867677430640e-03
5.840300786014075533e-03
5.964720486072756442e-03
5.743588438796604946e-03
6.258157820562530553e-03
6.345477114295320145e-03
5.951040976954165458e-03
6.276074427645115909e-03
5.964720486072756442e-03
6.059691639259400485e-03
5.959135260627760645e-03
6.347901404306742143e-03
6.246868526689434292e-03
5.902115809652066190e-03
6.095335285569665473e-03
6.221866935757384282e-03
6.017818599936369112e-03
6.342462356714957152e-03
6.065753363690064293e-03
6.065753363690064293e-03
5.641020662517008330e-03
5.965428123422035663e-03
6.034123534744766440e-03
6.171853858884683575e-03
5.972198949040830041e-03
6.064098771060599455e-03
5.993926387028438059e-03
6.221866935757384282e-03
6.258157820562530553e-03
6.263098193202538098e-03
6.299966640553046962e-03
6.121523841589869216e-03
5.951040976954165458e-03
5.839375800973190499e-03
6.016459768894975510e-03
