1.327787019280262770e+00
-2.945327867112034759e-01
8.326634087703491671e-01
-7.927048314213825941e-01
-1.628938719657198719e+00
-4.168816039631975667e-01
-3.457185873635054696e-01
-8.796809437021858580e-01
-3.230361470745639063e-01
-2.672567287368085021e-01
-1.079426294252761875e-01
9.218315509245572636e-01
-1.325307089433664043e+00
1.631331574118390693e+00
1.105097889125791877e+00
3.344959624373747276e-01
-2.780288966522524996e-01
-9.774645509568645751e-01
-6.612092270004448213e-01
7.070995257599617112e-01
2.057633371282479792e-02
1.826167876347355445e-01
1.042900796993560669e-01
-3.195011844222790942e-01
-1.198395787600856410e+00
3.915911133280474687e-01
8.243232662542578915e-01
6.761535048568060313e-01
-5.657581073411892536e-01
-6.504304708204586838e-01
-1.090105884279102488e+00
-7.087693730384968527e-01
-3.681110620598284089e-01
-1.368923677633951952e+00
-1.386463136747562164e+00
2.817418363490363786e-01
-2.797995982491826572e-01
-4.376681957152291913e-01
-9.021463296509824037e-02
-2.913793264975783059e-01
-1.603750681245786902e+00
1.097671477531051432e+00
1.748644634110055662e+00
-4.629300051794588144e-02
-2.586455132148161029e-01
-5.997477463955210863e-01
1.771352655102888252e-02
-1.892997928147046816e+00
-2.565023506636246453e-01
-1.557661755142837778e+00
2.841681412334095658e+00
2.825559262432166263e-01
-1.209848783555440982e-01
5.307939655274998003e-01
-1.234129419865279131e-01
-4.797232521103699798e-01
6.825383276898667750e-01
3.407091451055128672e-01
-3.406203571156826010e-02
-7.095874390849439273e-01
-3.337109123268070521e-01
-6.624811195710899048e-01
-1.720102308842641481e-01
1.597035361042316998e-02
-1.551872896502888011e-01
-1.148793921662648043e-01
-1.119816461498982646e-02
3.616510550529038470e-01
7.075145540118779608e-02
1.481601857875816775e+00
4.994329622481935016e-01
3.049074567731307472e-01
-2.663538440246499661e+00
-5.227638162776316877e-01
-2.270382869225377742e-01
-1.487749076544375493e+00
7.397471683746320581e-01
-1.142992196598007215e+00
-5.932290295795790147e-01
1.508155546569222460e+00
-5.648640242088348584e-01
-9.189524109489868309e-01
-8.342739796091768190e-01
-6.096371677108851639e-01
-1.310514084400633994e+00
-5.134586350959744472e-01
2.351686240463474409e+00
-3.340774180557179451e-01
-5.757645844130426793e-01
-1.178038212495677861e-01
3.985940669159008243e-01
1.798756499220132588e+00
-8.639385515616272715e-02
1.137800140692155182e+00
-2.294604638904696459e-01
-7.869108357849290414e-01
7.604546244894089257e-01
7.434785419126802575e-01
9.635420607074934862e-01
-8.762106094613758556e-01
-2.403812032866501081e-01
-7.039006305003203678e-01
-1.513022726484206215e+00
1.047795759968917606e+00
-1.462847299171334270e-01
8.971726973833121788e-01
1.690601260161886721e+00
-2.034887036777455194e+00
-1.475441207702063995e-01
1.178087209123273027e-01
1.342079147689594631e-01
-2.118554716366509716e-01
2.129671177666667414e-01
8.742057531310479801e-01
-7.542183211609249094e-01
2.394704313436001097e+00
1.100118925615034549e-01
3.874809201098391997e-02
-1.150030671121039294e+00
2.112532456235442502e-01
-4.527216613106105902e-01
-2.178445064093948169e-01
-3.191218166726573546e+00
-3.603191497366803331e-01
4.095933472525321029e-01
1.367178972356581923e+00
-1.970762847623113156e-01
-7.238920547729859045e-01
-1.486341500889304390e+00
2.294208734719521969e-01
-5.498141500409983173e-01
4.705830000768721488e-01
1.231919417264364103e-01
-9.695154551155326095e-01
1.311022861088204650e+00
-1.248668313624518196e-02
9.608482865245708548e-02
-9.039369900110075795e-01
4.497065178583695144e-01
-6.615726044457542754e-01
-3.812423390539976253e-01
-1.157167038173581686e+00
-1.614293344124932528e+00
5.104349375118077958e-01
1.048512812315938458e-01
-1.051491076529799812e-01
1.277383059557056222e-01
-2.087768504857281104e-01
-4.846376172544996086e-01
-5.706267121210946147e-01
5.216360211292320193e-01
7.111119907659294581e-01
1.067946465285600333e+00
6.545069063076591753e-01
1.163113758780244700e+00
-3.773186368286334247e-01
-8.963834310506582082e-01
1.030691527608295965e+00
-9.785618996489267030e-01
-4.761284336374291826e-01
1.242515878018409098e-01
1.507153730869265296e+00
6.382652773728737516e-01
6.185982262600397963e-01
-2.108228485608817648e-01
4.859006315779630658e-02
-4.131342613441497114e-01
-1.387706370453805294e+00
-1.039278937405716974e+00
-1.143199155117772703e+00
-4.395986325191809652e-01
1.035819732774389434e+00
-6.034834182793115120e-01
8.887143281233601533e-01
-9.082462708941438922e-01
7.082343744299846033e-01
-4.024260553697200371e-01
-1.033651189641699553e+00
-1.015722758275384496e+00
-1.419175844323977032e+00
6.858109496182311637e-02
-1.003136959670996919e+00
-1.125969302000263905e+00
4.724624021026967435e-01
-1.613462861429002526e-01
1.054125018937817515e+00
2.417828959613653517e+00
-1.276006430426862348e+00
-1.226095050421748267e+00
-8.822385944176978079e-01
-8.177922739799211582e-01
-7.737983957899924325e-01
-1.430407721211976346e+00
1.432515123826985370e-01
5.443538375605796453e-01
4.384543577256205804e-01
-7.949191853516120176e-02
-1.212945007439063305e+00
3.637029093864349583e-01
4.326627915438616134e-01
1.185022843285543220e-01
-1.973046018444644334e+00
-7.442289565755165759e-01
8.649489405544572573e-01
5.359294064330706320e-01
-1.412680620918448648e-01
-1.725465323378553573e-01
1.578616692297302615e+00
3.918057249994760793e-01
-1.467537365275040362e-01
1.526764311065432755e-01
1.235710663427003475e-01
3.121598575089850502e+00
6.788705031623649688e-01
2.837355728444978520e-01
-2.890033986621897366e+00
-4.526149791494193386e-01
1.545331565175962485e+00
8.016529401870359228e-01
1.278159502912669554e+00
4.384789121385047062e-01
1.136814760152103698e+00
-1.390146748094080342e+00
1.511325604003293799e-01
2.461606753401985800e-02
2.326414231525244958e+00
-5.749911478435231205e-01
4.758645004692802494e-01
-1.526330561870082203e+00
1.175539500544512395e+00
1.186297070434181755e+00
-5.744736880397051104e-01
3.417013287867606830e-01
1.537740977955908972e-01
6.200159008702180695e-03
1.534450727362901001e-01
7.743252828336244509e-01
3.557167240089055271e-01
6.910260774305944098e-01
-1.979161700039721028e+00
4.065035393032216671e-02
-7.620147276555296889e-01
1.343483183679102133e+00
6.730088113777725756e-01
-9.407162198664119623e-01
7.535932430649716629e-01
1.125553395516992294e+00
9.240219032874668059e-01
-3.857229625650628324e-01
9.550558620636933060e-01
-7.919082236454406676e-01
5.842987150084490988e-01
-5.017098129703490006e-01
-8.130400162304693978e-01
-1.221976894588027385e+00
-1.398201879169709505e+00
-3.926836738572113683e-01
