4.230319217507240263e-03
4.663960142340547316e-03
4.763138484962141719e-03
2.286739457569101838e-03
4.348229332278437734e-03
2.338931392967924516e-03
4.509896319053820907e-03
4.327619673897191085e-03
2.593790739139170340e-03
4.537907668264955403e-03
4.429837770986375274e-03
2.330406262371066857e-03
4.263544772487594912e-03
4.815330420360964397e-03
4.594810906546142361e-03
4.663960142340547316e-03
4.744018690407992948e-03
2.350141012899962384e-03
4.594190697099912249e-03
4.482362556582068780e-03
4.568808235408572567e-03
4.822828908070313746e-03
4.763138484962141719e-03
2.276409972036562424e-03
4.722738515530942351e-03
4.541817613753558469e-03
2.610647911157646522e-03
4.514132149032466616e-03
4.674869454613588861e-03
4.642679967463495851e-03
4.568808235408572567e-03
4.748351575563720429e-03
2.734933685106451760e-03
4.375540940233619072e-03
4.594190697099912249e-03
4.744018690407992948e-03
4.302806975048745035e-03
2.277970068937072018e-03
2.654875137039005260e-03
4.566103496764107456e-03
2.246339488137902470e-03
4.699591067782352138e-03
4.282057758044383045e-03
4.594190697099912249e-03
4.566103496764107456e-03
2.723334948779207107e-03
4.648866783476018200e-03
4.405557864116759967e-03
4.594190697099912249e-03
4.234399925522198613e-03
4.566103496764107456e-03
4.755108854580743921e-03
4.763138484962141719e-03
4.594810906546142361e-03
4.537907668264955403e-03
4.744018690407992948e-03
2.605677227196467188e-03
4.349841673594727863e-03
4.382865523116190667e-03
4.699591067782352138e-03
2.734933685106451760e-03
4.362116306111828677e-03
4.568808235408572567e-03
4.699591067782352138e-03
4.302806975048745035e-03
2.198470427220548980e-03
4.594190697099912249e-03
4.674869454613588861e-03
2.356468520104008924e-03
4.699591067782352138e-03
4.314458473589644245e-03
4.699591067782352138e-03
4.537907668264955403e-03
2.223356483655991242e-03
4.674869454613588861e-03
4.263544772487594912e-03
4.594810906546142361e-03
4.455599488301064705e-03
2.543186008172389212e-03
4.754369096330111899e-03
4.752167245498620414e-03
4.514132149032466616e-03
2.591360171374713049e-03
4.621876161821004102e-03
4.748351575563720429e-03
2.604319986099615063e-03
4.735271872293517897e-03
4.744018690407992948e-03
2.250199742987160113e-03
4.621876161821004102e-03
4.648866783476018200e-03
4.362116306111828677e-03
4.726598770380199994e-03
2.520038560423799867e-03
4.805762933980571583e-03
4.486044948696660956e-03
4.726598770380199994e-03
2.495316947255035722e-03
4.482362556582068780e-03
2.346429880677273865e-03
4.594190697099912249e-03
4.754538246773058578e-03
2.564466183049440677e-03
4.322879502903044686e-03
2.663644525671035081e-03
4.514132149032466616e-03
4.428572425524194417e-03
2.593790739139170340e-03
4.648866783476018200e-03
4.349841673594727863e-03
2.674492742743912049e-03
4.699591067782352138e-03
4.674869454613588861e-03
4.752167245498620414e-03
4.429900221662173496e-03
4.343603320555040545e-03
4.594810906546142361e-03
2.303415031723436875e-03
4.204864924564042511e-03
4.455599488301064705e-03
4.457849120197509771e-03
4.748351575563720429e-03
4.402304008514623147e-03
4.541817613753558469e-03
4.429837770986375274e-03
4.744018690407992948e-03
4.566103496764107456e-03
4.486044948696660956e-03
4.699755511049031123e-03
4.793974722406591470e-03
4.247561125829745453e-03
4.429837770986375274e-03
2.717904733925308701e-03
4.642679967463495851e-03
4.405557864116759967e-03
4.455599488301064705e-03
4.482362556582068780e-03
4.302806975048745035e-03
4.683079936894696087e-03
2.278139219380018697e-03
4.382865523116190667e-03
4.763138484962141719e-03
2.266371332609827365e-03
4.486044948696660956e-03
4.763138484962141719e-03
4.541817613753558469e-03
4.541817613753558469e-03
4.482362556582068780e-03
4.405557864116759967e-03
2.635777913002411259e-03
4.429900221662173496e-03
4.828410123631166062e-03
4.514132149032466616e-03
4.375540940233619072e-03
4.594810906546142361e-03
4.721007388917612679e-03
4.801065936985058312e-03
4.234399925522198613e-03
4.541817613753558469e-03
4.541817613753558469e-03
4.793974722406591470e-03
4.735271872293517897e-03
2.340999665823375459e-03
4.455599488301064705e-03
4.663960142340547316e-03
4.594810906546142361e-03
4.405557864116759967e-03
4.832225793566066047e-03
4.566103496764107456e-03
4.663960142340547316e-03
4.699755511049031123e-03
4.514132149032466616e-03
4.486044948696660956e-03
4.455599488301064705e-03
4.822828908070313746e-03
4.822245233477504001e-03
4.509896319053820907e-03
4.455599488301064705e-03
4.744018690407992948e-03
4.537907668264955403e-03
2.172467756082978318e-03
2.594434194676466417e-03
2.696035768875953628e-03
4.725704385913125950e-03
2.671337525048658387e-03
2.653315040138495666e-03
2.632599638673727843e-03
2.246339488137902470e-03
4.735271872293517897e-03
4.482362556582068780e-03
4.566103496764107456e-03
4.302806975048745035e-03
4.699591067782352138e-03
4.621876161821004102e-03
4.537907668264955403e-03
4.732093597964834482e-03
2.355826766173026166e-03
4.514132149032466616e-03
4.457849120197509771e-03
2.260941117755928959e-03
2.009645921303621074e-03
4.482362556582068780e-03
4.263544772487594912e-03
4.648866783476018200e-03
2.644524731116886310e-03
4.541817613753558469e-03
4.514132149032466616e-03
4.621876161821004102e-03
4.619532519714906506e-03
4.537907668264955403e-03
4.382865523116190667e-03
4.619532519714906506e-03
4.748351575563720429e-03
4.457849120197509771e-03
4.621876161821004102e-03
4.568808235408572567e-03
2.266371332609827365e-03
4.566103496764107456e-03
4.541817613753558469e-03
4.537907668264955403e-03
4.683079936894696087e-03
2.246339488137902470e-03
4.263544772487594912e-03
4.455599488301064705e-03
4.482362556582068780e-03
4.566103496764107456e-03
4.594810906546142361e-03
4.722738515530942351e-03
4.828410123631166062e-03
4.699591067782352138e-03
4.594190697099912249e-03
4.304412827083767441e-03
4.282057758044383045e-03
4.509896319053820907e-03
4.619532519714906506e-03
4.621876161821004102e-03
2.643276400711760607e-03
4.429900221662173496e-03
4.568808235408572567e-03
4.309358297621614098e-03
4.744018690407992948e-03
2.223356483655991242e-03
4.429900221662173496e-03
2.590970419830892005e-03
4.282057758044383045e-03
4.362116306111828677e-03
4.282057758044383045e-03
2.685735775263912821e-03
4.793974722406591470e-03
2.672455356244523260e-03
4.674869454613588861e-03
2.682076999802098134e-03
4.282057758044383045e-03
4.304412827083767441e-03
4.793974722406591470e-03
4.699591067782352138e-03
4.314458473589644245e-03
2.220513574331397892e-03
4.648866783476018200e-03
4.744018690407992948e-03
4.621876161821004102e-03
2.117791669706872368e-03
4.594190697099912249e-03
4.594190697099912249e-03
4.566103496764107456e-03
4.619532519714906506e-03
4.674869454613588861e-03
2.249305358520086069e-03
4.327619673897191085e-03
4.327619673897191085e-03
4.537907668264955403e-03
4.642679967463495851e-03
4.362116306111828677e-03
2.145477134427964221e-03
2.265787658017017620e-03
4.674869454613588861e-03
4.594810906546142361e-03
4.722738515530942351e-03
2.644524731116886310e-03
4.699591067782352138e-03
4.648866783476018200e-03
4.541817613753558469e-03
4.594810906546142361e-03
2.118411879153102480e-03
2.009645921303621074e-03
2.260941117755928959e-03
2.688041091591507337e-03
2.549372824184911561e-03
4.566103496764107456e-03
4.509896319053820907e-03
4.457849120197509771e-03
4.509896319053820907e-03
4.378984978092899036e-03
4.362116306111828677e-03
4.699591067782352138e-03
4.594190697099912249e-03
2.717904733925308701e-03
4.594810906546142361e-03
4.594810906546142361e-03
2.352011096238126181e-03
2.198470427220548980e-03
4.568808235408572567e-03
4.302806975048745035e-03
4.699591067782352138e-03
2.145477134427964221e-03
4.619532519714906506e-03
2.220513574331397892e-03
4.713916174339144970e-03
4.619532519714906506e-03
4.699591067782352138e-03
4.815330420360964397e-03
2.223356483655991242e-03
2.145477134427964221e-03
4.301185041183934639e-03
4.482362556582068780e-03
2.246339488137902470e-03
4.375540940233619072e-03
4.402304008514623147e-03
