2.652021917665024330e-03
2.642313736939416909e-03
2.738189860214281564e-03
2.773833886656704942e-03
2.726575454731881235e-03
2.735858340654695291e-03
2.725192170871420724e-03
2.770528683578740454e-03
2.669690611231678289e-03
2.786032644507107324e-03
2.669690611231678289e-03
2.740036350271626755e-03
2.546911943918957980e-03
2.558618798073752400e-03
2.670802613611762862e-03
2.732965358880741057e-03
2.763732310217828936e-03
2.583822054520482688e-03
2.642313736939416909e-03
2.732965358880741057e-03
2.670802613611762862e-03
2.670802613611762862e-03
2.725192170871420724e-03
2.776198416771102993e-03
2.763732310217828936e-03
2.608045875874624372e-03
2.688035315385473023e-03
2.679664996782776115e-03
2.760397417707745934e-03
2.770528683578740454e-03
2.669690611231678289e-03
2.775746305811763875e-03
2.650335511540303363e-03
2.670802613611762862e-03
2.726575454731881235e-03
2.698710087383440759e-03
2.669690611231678289e-03
2.761135443352174482e-03
2.650335511540303363e-03
2.716821852268723383e-03
2.638825220989170998e-03
2.709146723208167348e-03
2.650335511540303363e-03
2.698710087383440759e-03
2.714589114839514958e-03
2.788600944383521057e-03
2.591056299063477543e-03
2.679664996782776115e-03
2.733371828092793186e-03
2.679470592425364610e-03
2.578229756157260529e-03
2.615386611643208230e-03
2.594797146791374444e-03
2.669690611231678289e-03
2.695808503394793356e-03
2.679664996782776115e-03
2.632533755745730588e-03
2.763732310217828936e-03
2.774936728056923759e-03
2.760397417707745934e-03
2.719266088384200263e-03
2.773015196140642992e-03
2.714589114839514958e-03
2.601473867838435209e-03
2.670802613611762862e-03
2.725192170871420724e-03
2.698710087383440759e-03
2.669690611231678289e-03
2.778499058531687122e-03
2.733371828092793186e-03
2.586234153633179284e-03
2.748875789021159623e-03
2.595775653559700101e-03
2.603813669606786646e-03
2.725192170871420724e-03
2.578229756157260529e-03
2.679470592425364610e-03
2.587420870374828197e-03
2.650335511540303363e-03
2.740355019265542161e-03
2.632533755745730588e-03
2.777511874751489862e-03
2.636343116615813553e-03
2.774936728056923759e-03
2.548662878711189898e-03
2.558618798073752400e-03
2.679664996782776115e-03
2.570889020388676671e-03
2.669690611231678289e-03
2.719266088384200263e-03
2.709146723208167348e-03
2.725192170871420724e-03
2.827468023358964151e-03
2.586234153633179284e-03
2.797233175678211659e-03
2.689178773150972031e-03
2.601473867838435209e-03
2.775746305811763875e-03
2.586234153633179284e-03
2.815846899781189981e-03
2.719266088384200263e-03
2.732965358880741057e-03
2.719266088384200263e-03
2.679470592425364610e-03
2.564317012352487508e-03
2.698710087383440759e-03
2.679664996782776115e-03
2.564317012352487508e-03
2.695808503394793356e-03
2.578229756157260529e-03
2.729333684294025977e-03
2.670802613611762862e-03
2.688035315385473023e-03
2.746303578694115049e-03
2.731578169287804825e-03
2.746303578694115049e-03
2.755838445854116251e-03
2.760397417707745934e-03
2.702879494785679054e-03
2.669690611231678289e-03
2.632533755745730588e-03
2.725192170871420724e-03
2.632533755745730588e-03
2.744292072084012109e-03
2.777511874751489862e-03
2.756422943870147965e-03
2.594797146791374444e-03
2.827468023358964151e-03
2.669690611231678289e-03
2.688035315385473023e-03
2.670802613611762862e-03
2.774936728056923759e-03
2.760397417707745934e-03
2.623391009119126985e-03
2.716821852268723383e-03
2.729333684294025977e-03
2.688035315385473023e-03
2.735858340654695291e-03
2.661553231897493058e-03
2.709146723208167348e-03
2.740355019265542161e-03
2.766490539779973678e-03
2.689178773150972031e-03
2.723240562221798233e-03
2.716821852268723383e-03
2.688035315385473023e-03
2.702879494785679054e-03
2.622787040109023863e-03
2.669690611231678289e-03
2.725192170871420724e-03
2.716821852268723383e-03
2.679470592425364610e-03
2.764633594718877291e-03
2.650335511540303363e-03
2.689178773150972031e-03
2.734777579088565162e-03
2.632533755745730588e-03
2.689178773150972031e-03
2.603813669606786646e-03
2.570889020388676671e-03
2.679470592425364610e-03
2.744292072084012109e-03
2.594797146791374444e-03
2.688035315385473023e-03
2.679664996782776115e-03
2.707959469097710563e-03
2.615386611643208230e-03
2.613178656054355661e-03
2.714589114839514958e-03
2.670802613611762862e-03
2.798292298838122184e-03
2.695808503394793356e-03
2.732965358880741057e-03
2.622787040109023863e-03
2.716821852268723383e-03
2.777511874751489862e-03
2.570889020388676671e-03
2.570889020388676671e-03
2.744292072084012109e-03
2.738589450325816174e-03
2.779790436677985303e-03
2.746303578694115049e-03
2.740036350271626755e-03
2.714589114839514958e-03
2.707959469097710563e-03
2.669690611231678289e-03
2.670802613611762862e-03
2.613178656054355661e-03
2.740036350271626755e-03
2.732965358880741057e-03
2.698710087383440759e-03
2.642313736939416909e-03
2.725192170871420724e-03
2.714589114839514958e-03
2.695808503394793356e-03
2.640970525092733914e-03
2.669690611231678289e-03
2.688035315385473023e-03
2.823065512256867603e-03
2.631954002277322145e-03
2.626561073438076713e-03
2.716491442153308889e-03
2.669690611231678289e-03
2.689178773150972031e-03
2.823065512256867603e-03
2.748962065623284778e-03
2.640970525092733914e-03
2.650335511540303363e-03
2.622787040109023863e-03
2.632533755745730588e-03
2.679664996782776115e-03
2.661553231897493058e-03
2.622787040109023863e-03
2.659943895594971564e-03
2.623391009119126985e-03
2.595775653559700101e-03
2.679664996782776115e-03
2.652021917665024330e-03
2.781448927569959810e-03
2.595775653559700101e-03
2.615386611643208230e-03
2.723240562221798233e-03
2.725192170871420724e-03
2.789256260515679282e-03
2.584068799404905682e-03
2.669690611231678289e-03
2.669690611231678289e-03
2.670802613611762862e-03
2.679664996782776115e-03
2.564317012352487508e-03
2.661553231897493058e-03
2.670802613611762862e-03
2.732965358880741057e-03
2.689178773150972031e-03
2.622787040109023863e-03
2.746303578694115049e-03
2.729333684294025977e-03
2.698710087383440759e-03
2.652021917665024330e-03
2.642313736939416909e-03
2.744292072084012109e-03
2.659943895594971564e-03
2.659943895594971564e-03
2.702879494785679054e-03
2.815846899781189981e-03
2.670802613611762862e-03
2.695808503394793356e-03
2.632533755745730588e-03
2.725192170871420724e-03
2.768735024773752527e-03
2.670802613611762862e-03
2.670802613611762862e-03
2.613178656054355661e-03
2.714589114839514958e-03
2.688035315385473023e-03
2.558618798073752400e-03
2.670802613611762862e-03
2.729333684294025977e-03
2.640970525092733914e-03
2.669690611231678289e-03
2.725192170871420724e-03
2.778421158455795029e-03
2.689178773150972031e-03
2.650335511540303363e-03
2.698710087383440759e-03
2.631954002277322145e-03
2.670802613611762862e-03
2.709146723208167348e-03
2.688035315385473023e-03
2.661553231897493058e-03
2.716821852268723383e-03
2.776765966957820287e-03
2.558618798073752400e-03
2.725192170871420724e-03
2.553899443577529842e-03
2.698710087383440759e-03
2.631954002277322145e-03
2.769330203336584952e-03
2.735858340654695291e-03
2.764633594718877291e-03
2.594797146791374444e-03
2.679470592425364610e-03
2.735858340654695291e-03
2.570889020388676671e-03
2.640970525092733914e-03
2.642313736939416909e-03
2.669690611231678289e-03
2.716821852268723383e-03
2.669690611231678289e-03
2.797233175678211659e-03
2.587420870374828197e-03
2.707959469097710563e-03
2.640970525092733914e-03
2.716821852268723383e-03
2.679470592425364610e-03
2.709146723208167348e-03
2.719266088384200263e-03
2.707959469097710563e-03
2.679664996782776115e-03
2.731578169287804825e-03
2.623391009119126985e-03
2.725192170871420724e-03
2.744292072084012109e-03
2.631954002277322145e-03
2.553899443577529842e-03
2.608045875874624372e-03
2.634019947834021803e-03
2.659943895594971564e-03
2.740036350271626755e-03
2.670802613611762862e-03
2.564317012352487508e-03
2.763732310217828936e-03
2.622787040109023863e-03
2.631954002277322145e-03
2.613178656054355661e-03
2.732965358880741057e-03
2.634019947834021803e-03
2.707959469097710563e-03
