1.236616823907084924e-08
1.236717668852818371e-08
1.243866171056406367e-08
1.241782434287377965e-08
1.237770014696959862e-08
1.240327012138515037e-08
1.236399575887301940e-08
1.239392570411395248e-08
1.236339540703873286e-08
1.309023242479187985e-08
1.236339540703873286e-08
1.236764226403677316e-08
1.252349166673734731e-08
1.241273909004325634e-08
1.236612117809513931e-08
1.236577719247162060e-08
1.237906292053558894e-08
1.248754530271663123e-08
1.236717668852818371e-08
1.236577719247162060e-08
1.236612117809513931e-08
1.236612117809513931e-08
1.236399575887301940e-08
1.246454502015874390e-08
1.237906292053558894e-08
1.239434099872376571e-08
1.236795272225187162e-08
1.236687643763003703e-08
1.237593699225537846e-08
1.239392570411395248e-08
1.236339540703873286e-08
1.245597218497738619e-08
1.236906353860662040e-08
1.236612117809513931e-08
1.237770014696959862e-08
1.236072963560410727e-08
1.236339540703873286e-08
1.286442085196313077e-08
1.236906353860662040e-08
1.236245020181180317e-08
1.291749870214311010e-08
1.237154984081854449e-08
1.236906353860662040e-08
1.236072963560410727e-08
1.237264001807550317e-08
1.281421727534661762e-08
1.242251053097722169e-08
1.236687643763003703e-08
1.238985086609599839e-08
1.236171565112338701e-08
1.239188631415458018e-08
1.238798652965671177e-08
1.238217427971855272e-08
1.236339540703873286e-08
1.236918233441509753e-08
1.236687643763003703e-08
1.236890037324466057e-08
1.237906292053558894e-08
1.243698222466626786e-08
1.237593699225537846e-08
1.237387377785935282e-08
1.240898365361188023e-08
1.237264001807550317e-08
1.240178259733125825e-08
1.236612117809513931e-08
1.236399575887301940e-08
1.236072963560410727e-08
1.236339540703873286e-08
1.248354303253451836e-08
1.238985086609599839e-08
1.238677927400006673e-08
1.307808943449141331e-08
1.241088103456242457e-08
1.237803338523535955e-08
1.236399575887301940e-08
1.239188631415458018e-08
1.236171565112338701e-08
1.243792592486532199e-08
1.236906353860662040e-08
1.247030437660892667e-08
1.236890037324466057e-08
1.247845297163652251e-08
1.314369088462332205e-08
1.243698222466626786e-08
1.257593156480781519e-08
1.241273909004325634e-08
1.236687643763003703e-08
1.239765395468598738e-08
1.236339540703873286e-08
1.237387377785935282e-08
1.237154984081854449e-08
1.236399575887301940e-08
1.280424958526402408e-08
1.238677927400006673e-08
1.253673396527583596e-08
1.236083787901594185e-08
1.240178259733125825e-08
1.245597218497738619e-08
1.238677927400006673e-08
1.274165332027025567e-08
1.237387377785935282e-08
1.236577719247162060e-08
1.237387377785935282e-08
1.236171565112338701e-08
1.240441525692465212e-08
1.236072963560410727e-08
1.236687643763003703e-08
1.240441525692465212e-08
1.236918233441509753e-08
1.239188631415458018e-08
1.238073746239383407e-08
1.236612117809513931e-08
1.236795272225187162e-08
1.236949231426712307e-08
1.238475563771096518e-08
1.236949231426712307e-08
1.251760132524976127e-08
1.237593699225537846e-08
1.237041387545943771e-08
1.236339540703873286e-08
1.236890037324466057e-08
1.236399575887301940e-08
1.236890037324466057e-08
1.248456380101027427e-08
1.247845297163652251e-08
1.237344526034936272e-08
1.238217427971855272e-08
1.280424958526402408e-08
1.236339540703873286e-08
1.236795272225187162e-08
1.236612117809513931e-08
1.243698222466626786e-08
1.237593699225537846e-08
1.238238528888917935e-08
1.236245020181180317e-08
1.238073746239383407e-08
1.236795272225187162e-08
1.240327012138515037e-08
1.236584340967092363e-08
1.237154984081854449e-08
1.247030437660892667e-08
1.238301685854980203e-08
1.236083787901594185e-08
1.237548217373950354e-08
1.236245020181180317e-08
1.236795272225187162e-08
1.237041387545943771e-08
1.237132358145772185e-08
1.236339540703873286e-08
1.236399575887301940e-08
1.236245020181180317e-08
1.236171565112338701e-08
1.256809256945113655e-08
1.236906353860662040e-08
1.236083787901594185e-08
1.239604293217959336e-08
1.236890037324466057e-08
1.236083787901594185e-08
1.237803338523535955e-08
1.239765395468598738e-08
1.236171565112338701e-08
1.248456380101027427e-08
1.238217427971855272e-08
1.236795272225187162e-08
1.236687643763003703e-08
1.236130905874406576e-08
1.238798652965671177e-08
1.237439275712633216e-08
1.237264001807550317e-08
1.236612117809513931e-08
1.286908814944238441e-08
1.236918233441509753e-08
1.236577719247162060e-08
1.237132358145772185e-08
1.236245020181180317e-08
1.247845297163652251e-08
1.239765395468598738e-08
1.239765395468598738e-08
1.248456380101027427e-08
1.244768514114190290e-08
1.248751926605828272e-08
1.236949231426712307e-08
1.236764226403677316e-08
1.237264001807550317e-08
1.236130905874406576e-08
1.236339540703873286e-08
1.236612117809513931e-08
1.237439275712633216e-08
1.236764226403677316e-08
1.236577719247162060e-08
1.236072963560410727e-08
1.236717668852818371e-08
1.236399575887301940e-08
1.237264001807550317e-08
1.236918233441509753e-08
1.237292552302410293e-08
1.236339540703873286e-08
1.236795272225187162e-08
1.276858475048095179e-08
1.237737788200672092e-08
1.426663570411543793e-08
1.412603543448492310e-08
1.236339540703873286e-08
1.236083787901594185e-08
1.276858475048095179e-08
1.249477076572380109e-08
1.237292552302410293e-08
1.236906353860662040e-08
1.237132358145772185e-08
1.236890037324466057e-08
1.236687643763003703e-08
1.236584340967092363e-08
1.237132358145772185e-08
1.236586227490997136e-08
1.238238528888917935e-08
1.241088103456242457e-08
1.236687643763003703e-08
1.236616823907084924e-08
1.249078563141531742e-08
1.241088103456242457e-08
1.238798652965671177e-08
1.237548217373950354e-08
1.236399575887301940e-08
1.250568146291060339e-08
1.252695064484468642e-08
1.236339540703873286e-08
1.236339540703873286e-08
1.236612117809513931e-08
1.236687643763003703e-08
1.240441525692465212e-08
1.236584340967092363e-08
1.236612117809513931e-08
1.236577719247162060e-08
1.236083787901594185e-08
1.237132358145772185e-08
1.236949231426712307e-08
1.238073746239383407e-08
1.236072963560410727e-08
1.236616823907084924e-08
1.236717668852818371e-08
1.248456380101027427e-08
1.236586227490997136e-08
1.236586227490997136e-08
1.237041387545943771e-08
1.274165332027025567e-08
1.236612117809513931e-08
1.236918233441509753e-08
1.236890037324466057e-08
1.236399575887301940e-08
1.238794437251238322e-08
1.236612117809513931e-08
1.236612117809513931e-08
1.237439275712633216e-08
1.237264001807550317e-08
1.236795272225187162e-08
1.241273909004325634e-08
1.236612117809513931e-08
1.238073746239383407e-08
1.237292552302410293e-08
1.236339540703873286e-08
1.236399575887301940e-08
1.269557779287941198e-08
1.236083787901594185e-08
1.236906353860662040e-08
1.236072963560410727e-08
1.237737788200672092e-08
1.236612117809513931e-08
1.237154984081854449e-08
1.236795272225187162e-08
1.236584340967092363e-08
1.236245020181180317e-08
1.247210318926532209e-08
1.241273909004325634e-08
1.236399575887301940e-08
1.242349883469120545e-08
1.236072963560410727e-08
1.237737788200672092e-08
1.260530267776627014e-08
1.240327012138515037e-08
1.256809256945113655e-08
1.238217427971855272e-08
1.236171565112338701e-08
1.240327012138515037e-08
1.239765395468598738e-08
1.237292552302410293e-08
1.236717668852818371e-08
1.236339540703873286e-08
1.236245020181180317e-08
1.236339540703873286e-08
1.253673396527583596e-08
1.243792592486532199e-08
1.236130905874406576e-08
1.237292552302410293e-08
1.236245020181180317e-08
1.236171565112338701e-08
1.237154984081854449e-08
1.237387377785935282e-08
1.236130905874406576e-08
1.236687643763003703e-08
1.238475563771096518e-08
1.238238528888917935e-08
1.236399575887301940e-08
1.248456380101027427e-08
1.237737788200672092e-08
1.242349883469120545e-08
1.239434099872376571e-08
1.335987001274663662e-08
1.236586227490997136e-08
1.236764226403677316e-08
1.236612117809513931e-08
1.240441525692465212e-08
1.237906292053558894e-08
1.237132358145772185e-08
1.237737788200672092e-08
1.237439275712633216e-08
1.236577719247162060e-08
1.335987001274663662e-08
1.236130905874406576e-08
