2.586229736624999823e-04
2.025245006751999900e-04
1.958449447250000021e-04
2.457376750013999848e-04
1.773684729018000083e-04
2.477139055554999892e-04
2.285157488601999960e-04
2.998324350331000232e-04
2.209139582655000086e-04
1.706397794293000093e-04
2.074388555209000012e-04
2.096068894511999875e-04
3.223729700541000040e-04
1.818336347074999966e-04
3.048497785464999955e-04
2.261388056783999946e-04
2.097471257533000083e-04
1.498660318549999929e-04
1.965785654601999997e-04
2.293394579534999990e-04
1.616742194046999991e-04
2.508865251205000041e-04
2.643473368637999925e-04
2.484092038927999957e-04
2.488230803274999814e-04
2.079374205440000126e-04
2.820289594465999992e-04
2.019583628833999988e-04
2.764688177094999752e-04
2.695764261823000037e-04
1.604942820994000041e-04
1.735822098928999958e-04
2.039402886702999871e-04
1.909891575572000041e-04
2.352882985410000005e-04
1.651800759510000066e-04
2.860564376626999997e-04
2.254688767185000070e-04
2.205411902222000130e-04
2.838994752830000228e-04
2.270260391361000050e-04
2.695280532317000251e-04
1.930337006103999969e-04
2.084718067967000082e-04
7.060555157725000421e-04
2.178776110522999876e-04
2.134834927622000105e-04
3.059310914210000109e-04
2.063888372218000017e-04
3.446129842282000255e-04
2.169106867852000080e-04
1.575340194258999888e-04
1.544670688716000024e-04
2.389094250388000128e-04
2.345496158580000071e-04
1.992402455208999940e-04
1.876189820532000096e-04
2.197808643626999992e-04
2.287773470128000005e-04
3.429132790499999869e-04
3.067432704329999958e-04
1.601120291777000115e-04
1.148681777479000019e-04
2.261853422660999870e-04
1.654119969162999918e-04
2.582316299100000166e-04
2.198006898026999892e-04
1.841698453287000015e-04
1.905804483134999926e-04
1.963267777409000061e-04
1.849245735063000063e-04
3.050862280244000203e-04
3.058067942522000259e-04
1.938136525126000055e-04
3.148916861239000231e-04
1.569821264829999996e-04
1.762558005260000070e-04
2.205913896628000084e-04
2.886462834049999759e-04
2.764204955522999731e-04
2.589711800003000226e-04
2.062268326810999888e-04
5.302860627318000449e-04
2.181609238011999910e-04
2.585782233029000187e-04
1.758983723522000058e-04
2.550752593945000268e-04
3.632243556120000154e-04
2.305848429238999912e-04
3.181464316996000037e-04
2.808179410383000100e-04
1.336948633581999928e-04
3.649589732208999987e-04
1.942816334583999979e-04
2.007238723903000100e-04
1.998622294412000125e-04
3.103541182286000230e-04
2.693653511174000001e-04
2.488149551127000095e-04
3.671923836567999775e-04
2.638533027089999929e-04
2.968434892282999921e-04
3.628932309935000268e-04
1.747062868271999890e-04
2.597581425656000204e-04
2.604634248754000023e-04
2.210562657364999900e-04
2.556699526037000043e-04
2.895640010820999801e-04
3.914416379855000091e-04
2.274066990933999884e-04
1.503340723542000113e-04
2.389457819917000013e-04
2.068147641390000028e-04
1.952232631165999978e-04
1.737199617087000023e-04
2.030607134299000063e-04
2.501578933608999966e-04
1.397332216436999877e-04
2.435349988801000019e-04
1.809182881887000003e-04
1.520876483801000129e-04
2.352524235265999976e-04
1.577379465365000017e-04
1.595391529764000123e-04
1.850314509032000021e-04
2.742366058436999910e-04
1.924549802974000016e-04
2.090280704803000004e-04
2.968430116148999907e-04
2.338568840523000121e-04
1.544687384725999910e-04
1.898523742833999929e-04
3.345841340966000015e-04
1.890535926581000123e-04
2.724926745627999792e-04
3.102087698490000006e-04
2.642238794778000019e-04
2.239675348258000128e-04
2.626005783899999974e-04
1.528885326040999872e-04
3.282182231617000235e-04
3.027486209105999899e-04
1.289214127118000052e-04
3.504208851059000267e-04
2.208299257922000049e-04
2.362234555203999965e-04
2.703141810121000173e-04
3.364132398920999787e-04
1.571054597159999894e-04
2.914303741381999878e-04
2.251688856975999882e-04
2.347640860636000034e-04
2.257000768342000104e-04
2.506348149684000152e-04
2.062132564568000092e-04
1.159394104171999971e-04
1.936818487771999910e-04
1.475332216496999895e-04
4.026780707814000106e-04
2.466539467577999771e-04
2.242744719189000095e-04
3.747103048034000172e-04
2.578721835275999915e-04
1.707467702695999968e-04
2.172950190493999959e-04
2.206687605519000049e-04
2.280948965980000018e-04
2.302061420965000103e-04
1.935271393092000049e-04
1.634447834368999916e-04
1.980787654742000004e-04
2.191945290315000061e-04
3.415800388947999979e-04
1.873629398851999958e-04
2.521120582661999987e-04
3.145273056729000157e-04
2.433311066577000111e-04
1.357043087157000039e-04
3.162385021488000160e-04
2.023231010899000082e-04
2.576681808423000246e-04
2.376723443116000075e-04
1.847406014702999944e-04
1.600851646607000017e-04
2.756042428841000251e-04
2.536942595128999938e-04
1.978959865541000116e-04
3.705298540623000242e-04
2.373559065863000024e-04
1.432531509822999915e-04
1.827422011326000021e-04
2.076698545717999955e-04
1.803531605584000029e-04
1.985447993866000071e-04
3.263883579738000094e-04
1.867455313953000115e-04
2.303955367869999870e-04
2.140321064690999886e-04
1.981482994825000115e-04
2.967624401234000213e-04
1.703709039562999877e-04
2.446542343693999919e-04
2.341628052008999867e-04
2.400511524573999990e-04
2.622004463353000219e-04
2.333406888514999965e-04
2.317412234374999908e-04
2.042170732001000069e-04
2.572573332525000247e-04
3.008779992944000080e-04
2.777511324120000022e-04
2.580334563822000039e-04
3.291644678909999870e-04
2.095230946786000087e-04
2.139661012073000048e-04
2.876546892329000086e-04
2.998649372671999963e-04
2.052065171904000039e-04
1.627568977032999996e-04
3.112872204428000170e-04
3.004622131129999958e-04
2.660708023636999819e-04
3.152727899734000219e-04
2.139478309470000132e-04
2.516550467224000259e-04
3.302575254537000069e-04
2.116205951670999943e-04
2.906464024933999731e-04
2.681046970272999938e-04
2.491370330443999767e-04
2.722323569436999849e-04
1.917846180675000041e-04
1.889740441860000028e-04
1.535307143847999887e-04
2.178400698280999958e-04
2.143560056160000074e-04
2.484803177940000246e-04
1.742908103816999908e-04
3.772193752228000232e-04
2.066978128259000015e-04
2.360168959563999980e-04
1.424763936395999971e-04
2.709231950545999755e-04
1.932218259181000099e-04
2.278850894496999978e-04
3.339070324766000089e-04
2.025286154891999945e-04
2.165058159227000107e-04
1.798555303491999999e-04
4.329772384661999913e-04
1.787311888567999973e-04
1.289564243814000065e-04
2.904725092601999890e-04
2.752910707638999929e-04
4.395099297470000206e-04
2.528871781145000165e-04
3.177689836039000000e-04
2.580357988938999730e-04
2.540020763816999813e-04
2.448565362743999971e-04
4.489445783562999752e-04
2.835751913856000167e-04
1.847769001823999964e-04
1.430723734719999910e-04
2.314222098736000064e-04
2.358682821522000133e-04
2.405820644758999963e-04
2.346112420515000124e-04
1.649272638794999990e-04
2.347936716438999880e-04
1.454867326039999890e-04
1.883973070278999900e-04
3.565636864271000102e-04
2.079024685603999959e-04
2.656658613989999794e-04
1.793161540735000001e-04
2.526458101114999817e-04
2.528318883815000020e-04
2.285483121579999911e-04
1.963799498085999867e-04
3.314612608308000093e-04
3.438317677822000222e-04
2.615845663374000260e-04
2.573026393773999803e-04
2.593778520407999822e-04
3.279515151598999729e-04
2.379203474300999879e-04
2.224882627098000013e-04
2.028186420845999886e-04
1.782182116336000018e-04
7.193903864903000321e-04
2.760480312822999761e-04
2.144179144525999909e-04
3.119146373815000054e-04
2.324202912692000032e-04
2.378441487516999987e-04
1.467374018803000086e-04
3.679215396509999967e-04
2.201191223744000127e-04
2.340171361885999947e-04
2.354076545594000131e-04
2.374688822220999906e-04
1.668960399272000105e-04
3.598446778824000128e-04
1.891859662467999911e-04
2.260447505861000071e-04
2.589200512700999763e-04
2.283981486266999951e-04
2.993602388263000248e-04
2.537922229018000166e-04
2.174296496806999931e-04
2.435511454668999999e-04
1.993254847987999882e-04
2.402903514079000034e-04
2.688448864427999850e-04
2.440307684791999865e-04
2.867986796289999970e-04
2.126257269841000126e-04
2.735941320102000225e-04
1.974121056669000073e-04
2.951327708011000097e-04
4.968158325079000256e-04
2.182515127905000120e-04
1.463462872413999884e-04
5.655950056684000025e-04
3.545453854616999949e-04
1.401626803102000104e-04
2.904985690214000223e-04
1.954693380649999933e-04
2.524445156153999831e-04
2.103336520196999980e-04
1.980493781064000044e-04
1.605324817490999902e-04
2.272563172051999939e-04
3.074220416015999982e-04
2.742130654390999788e-04
2.401843214603000052e-04
2.050362425960999943e-04
2.547865378692999987e-04
2.809123427983000235e-04
4.571498622024999987e-04
2.069318322057000104e-04
2.250527522379999984e-04
1.967412304378000053e-04
2.193867510280000065e-04
2.980412157638999936e-04
2.437939739838000132e-04
1.405556280923000111e-04
1.599670215261999933e-04
1.319650491842000082e-04
2.870080903292999757e-04
2.455406786894000193e-04
3.635974662373000241e-04
2.142067450269999882e-04
2.046522006683999925e-04
2.124572480066999906e-04
1.749972248773000005e-04
2.143428798387000131e-04
1.568302587482000047e-04
1.994895932345000034e-04
3.976101200498999896e-04
1.672207782760999943e-04
2.688313729209000267e-04
2.901230720159000119e-04
2.467437563406000190e-04
3.296954366441999843e-04
2.356755282433999998e-04
1.729259080167000126e-04
2.089032033119999959e-04
1.687163781263999987e-04
1.252819874061999984e-04
2.198112389376999886e-04
2.860577935199000053e-04
2.568532671352000032e-04
1.881381616438000096e-04
1.945081520861000090e-04
1.514291847117999899e-04
2.341991638765999919e-04
2.515052726942000236e-04
1.825924791248000046e-04
1.581652627000999962e-04
1.837245667626999954e-04
2.121073892381000108e-04
3.263787525936999770e-04
1.956980894883999893e-04
2.994120493757000201e-04
1.824614478259000067e-04
2.465366233373999789e-04
2.409700209556000128e-04
2.815186789441000213e-04
3.183568040801999918e-04
2.773965986767000231e-04
2.505716702858000054e-04
2.165491419016999882e-04
2.266958849286999900e-04
2.070656083381000113e-04
2.342301423650000093e-04
2.120958900553999960e-04
2.317130234153000085e-04
1.460997576965999999e-04
2.423658231695000130e-04
2.181593723838000072e-04
2.595386973422999740e-04
1.474798175686999979e-04
2.014945656089999902e-04
1.692885789508999936e-04
2.034612804854000112e-04
2.732042552901000221e-04
2.496170896834000214e-04
1.733962617696000060e-04
1.622863823723000125e-04
1.988407365512999999e-04
2.421449954406999935e-04
2.000526171715000104e-04
2.711926962574000028e-04
1.821695081085000008e-04
1.823992621029000118e-04
2.241173816503999995e-04
1.954584811169999973e-04
2.222489315742999906e-04
1.757357005107999988e-04
2.799091738262000223e-04
3.721046648810999924e-04
2.536869974911000101e-04
1.907545390667000071e-04
2.970237882369000052e-04
5.264250795844000125e-04
3.617523105976999729e-04
1.898171348111000025e-04
2.347129435428999922e-04
2.418722337213999990e-04
1.860771154946999997e-04
2.055646002522000082e-04
2.225744618829999871e-04
1.602661530912000089e-04
2.101545806869000073e-04
2.057089177393999944e-04
1.579099434594000097e-04
1.865624971054000093e-04
2.491361018057000002e-04
2.515851131921999955e-04
1.887482617039000087e-04
1.876996496855999890e-04
3.193764202116000130e-04
2.511052496537000047e-04
2.513176040292000092e-04
4.509444821256000202e-04
3.015713529365000021e-04
2.754519449391999828e-04
2.866779790143999780e-04
2.719010576104000229e-04
2.069255825223000110e-04
3.926564933294999886e-04
4.474855564490999756e-04
2.367775580464999874e-04
3.029905101115999851e-04
2.218071072231999903e-04
2.242151467311999922e-04
2.010784434355000045e-04
1.549334017046000058e-04
2.547267422823999749e-04
2.568214502108000230e-04
1.835271572600999954e-04
1.825535522308000002e-04
2.315788179679000079e-04
2.501043556350999986e-04
2.698310226339000156e-04
2.261252820865999901e-04
1.910793255011000095e-04
4.163790654707999841e-04
2.542154162717999801e-04
2.419459323911000125e-04
3.020446594011999943e-04
2.845318116510000216e-04
2.837807858283999886e-04
6.443370159177999905e-04
2.218787366013000078e-04
1.974914963752000003e-04
2.766982203265999814e-04
1.813191565322000063e-04
2.380347788129999898e-04
1.883904115967000048e-04
2.127800475304999952e-04
2.096682523160999922e-04
2.689397557709999765e-04
2.982806167918999950e-04
2.447723951566999848e-04
2.601830762835999735e-04
2.562150103176999948e-04
2.050379178283999882e-04
2.756210717650000122e-04
2.160052760719999938e-04
3.219306233959000080e-04
1.881522381069999884e-04
2.426307037225000044e-04
2.211559465233000113e-04
3.261237096950999909e-04
1.819220284366999865e-04
2.077303676558000015e-04
2.017182960033999956e-04
2.655036940471000063e-04
1.741702332564999927e-04
2.147974830174999902e-04
1.910002201811000040e-04
1.717868423081999934e-04
2.665332992916999888e-04
9.864689625796052455e-05
2.017629651827000095e-04
4.263850855841999827e-04
3.969156065860999973e-04
1.899199650805999981e-04
2.629163302454999747e-04
2.252185904857999970e-04
1.916294277020000011e-04
2.393182781720000030e-04
1.774147591752999961e-04
2.697665891296999988e-04
2.110564510731000076e-04
1.971338380950000003e-04
2.666519375787000266e-04
2.715953359102999732e-04
2.088900015026999969e-04
3.412265004802000098e-04
2.138592090327999940e-04
2.236817338432000083e-04
1.494549104065000071e-04
1.640004607543000040e-04
1.147185388243999966e-04
2.601987016133999785e-04
1.474652721002999995e-04
2.774626247789000236e-04
2.184578496862999970e-04
3.195688644574999951e-04
2.342640476399999961e-04
2.101753460263000063e-04
2.273089620170000099e-04
2.740588893151000064e-04
3.231098172694999858e-04
4.586648653411000030e-04
1.609333606497999943e-04
6.510107426450000099e-04
1.164946526706999965e-04
4.317999243544000062e-04
2.368144300069000008e-04
2.070829465523000082e-04
2.899384413460000037e-04
1.819290500173000068e-04
2.074129985827000079e-04
2.676918023891000100e-04
2.412124422738999921e-04
1.265417464025999988e-04
2.528591877183999871e-04
2.419021352021000063e-04
1.484013442677000047e-04
2.268297718980000059e-04
2.340219810700000069e-04
1.797390030551000045e-04
2.263224834212999989e-04
2.264659723212999933e-04
2.585002905282000169e-04
2.116397163076999880e-04
1.979344205877999992e-04
3.669436448375999835e-04
2.471684536726000050e-04
1.513005079735000062e-04
1.853083367784000030e-04
2.705779701085000229e-04
2.228024174054000107e-04
2.738058257897999967e-04
2.402481657196999876e-04
2.145224551703000008e-04
1.361779879948999978e-04
2.668410911823000209e-04
1.614861181113000019e-04
2.495273110404999813e-04
2.214535661453999923e-04
3.069459705965000185e-04
2.203148329107000104e-04
3.802336162748000208e-04
2.024632962859999961e-04
2.581157783835999844e-04
2.409592189670000035e-04
1.919867019537999922e-04
2.061948857201999945e-04
4.242007504593000200e-04
2.246387947865999908e-04
1.728160594319000007e-04
1.680180429448999992e-04
1.763875377661000055e-04
1.835217307904000029e-04
4.284060409814000134e-04
1.706160901152000049e-04
1.637140526084000021e-04
2.177957322481000025e-04
2.038497856449999904e-04
1.213739921447000057e-04
3.577778398680000029e-04
3.846357871197000184e-04
3.858593905449999922e-04
4.378984765070999870e-04
2.178457498890000021e-04
5.112264760590999515e-04
3.740600329837999970e-04
2.046033165105999889e-04
2.710744383761999783e-04
2.285122468263000098e-04
8.205957932289000174e-04
2.917615107412999749e-04
2.111861282225000077e-04
1.328699031201000034e-04
1.469063137276999933e-04
1.975182626508999867e-04
2.931925994297000034e-04
2.341154403359999936e-04
2.998844110894999964e-04
4.666551499015999865e-04
1.921975638551999880e-04
2.712400752326000011e-04
2.793220396454000067e-04
1.297739920910000015e-04
1.440405284425999913e-04
2.637509081193000144e-04
2.318270392800999939e-04
2.228465858168999949e-04
3.155445395614999847e-04
2.236697210528999942e-04
5.702196400139000147e-04
3.152748864938999794e-04
2.899604348277999826e-04
2.094673535736999868e-04
3.107422387892999930e-04
2.635061250948000184e-04
1.682097579889999916e-04
1.377779079751000058e-04
1.913116980763999878e-04
2.200183073278999925e-04
2.286640617196000031e-04
1.751605335296999900e-04
2.099629939520999944e-04
1.993951232915999901e-04
2.500467504629999820e-04
2.261670593261000135e-04
1.697195852101000032e-04
2.101168125065999974e-04
2.657838881251000057e-04
2.126046292489999919e-04
3.284131644940999832e-04
2.158064559892000124e-04
2.912910829089000145e-04
2.151246133662000029e-04
2.692610326849000026e-04
2.138150312579000076e-04
1.836136583222000085e-04
1.947203212442999930e-04
1.539048182292000072e-04
2.850995165558000083e-04
2.449980462437999825e-04
1.706163073578999896e-04
2.143349338679999912e-04
9.227048106909808652e-05
2.726014412169000122e-04
3.098280724726000263e-04
1.613355108656000124e-04
2.090804895850999971e-04
1.543809785002999877e-04
1.469708315662999879e-04
2.569059376984999914e-04
2.327653884065000083e-04
2.707245932655000047e-04
2.116380227699999922e-04
3.384647508601000250e-04
2.410434987519999891e-04
2.258415151778999958e-04
2.584180548953000076e-04
2.306140553806999968e-04
2.396393285232999951e-04
2.195978681078000056e-04
2.643696330499000196e-04
2.117898015436000083e-04
1.671320404972999969e-04
2.105193327924999866e-04
1.862409817808999919e-04
3.626922567119000179e-04
2.227854206513999998e-04
2.645347348378000100e-04
2.053816401415999970e-04
1.880383618530999921e-04
4.255943146939000126e-04
2.810243233505999830e-04
1.947286146207999975e-04
2.754381935655999918e-04
3.143534006697999814e-04
4.554682197824000130e-04
2.033437879785999938e-04
1.759865179206999985e-04
3.186650992159999847e-04
2.574819905265000116e-04
2.219966342746000122e-04
2.581068838519000059e-04
2.233314197899000054e-04
1.838627063918000029e-04
3.129674057538000122e-04
1.968347045132999996e-04
1.361286716680999991e-04
1.711338233982999987e-04
2.288674070106999940e-04
1.611623565177999957e-04
3.333016872835000083e-04
1.714007509905000036e-04
2.725604732588000206e-04
2.514624545984999967e-04
2.539463499601999903e-04
2.986708751839000264e-04
1.727032712195000004e-04
1.991013127038000047e-04
2.916089751524999856e-04
4.004910263320000008e-04
2.389433907794000017e-04
2.651521278188999939e-04
3.003587551756999952e-04
2.432354296849000041e-04
1.793758723794000110e-04
2.882856564208999988e-04
2.050069029651999889e-04
1.368856237703000079e-04
2.930908152512000180e-04
2.166133225591000027e-04
2.559555338535999831e-04
1.950385340725000090e-04
3.668815605367000093e-04
1.882554669824999978e-04
2.408947307336999912e-04
2.440710051276000062e-04
1.846681352161000096e-04
1.737718896622999934e-04
2.488632516327000206e-04
1.856632164444000017e-04
1.709164253979999896e-04
1.813907342831000045e-04
2.083957565571000078e-04
2.313332639738000017e-04
3.994882615454999736e-04
2.301155245744999965e-04
1.992131874946000104e-04
2.262201711158000090e-04
3.427567524050000080e-04
2.674242232515999795e-04
2.486721440401999813e-04
2.419280928816000130e-04
2.495734499304000159e-04
1.686972162062000120e-04
2.767931383519999997e-04
3.436214885679000127e-04
1.963525116189999932e-04
1.744360997280999998e-04
1.841493899378000008e-04
3.900808420446999773e-04
2.320140815275000066e-04
2.593569104843999797e-04
2.688800409362000006e-04
2.214599546227000030e-04
1.954608616186000105e-04
1.957427007254000108e-04
1.635371102199999866e-04
1.906706847238999914e-04
2.405525932185999987e-04
1.973241663710000081e-04
2.219732802580999954e-04
2.850633866645000108e-04
2.240230720059000011e-04
2.353135628894000096e-04
2.178984342050999958e-04
2.515817828166000240e-04
2.617481444559000025e-04
2.231341107195999873e-04
3.189769379876999933e-04
2.712459824644000185e-04
3.558977341953000265e-04
1.015766905343000063e-04
1.611356365564000064e-04
3.442392957388999849e-04
2.203440294632000036e-04
2.320699262034999941e-04
2.765502362940000188e-04
2.169631268946999915e-04
2.180941662218999894e-04
1.821691477717999881e-04
2.911210765238000258e-04
2.117871659159999977e-04
1.721627782006999888e-04
2.498626676359000159e-04
2.256337065175999983e-04
2.240796746569000011e-04
2.488491035025000163e-04
2.485147752055999882e-04
1.691037302559000042e-04
3.434798961436000232e-04
2.234064858919000067e-04
1.595243190513999907e-04
1.679578687859000104e-04
3.033079371202000176e-04
1.673014128304000086e-04
1.956037783547999963e-04
1.579492954310999955e-04
2.117022442357999873e-04
2.904295533364000090e-04
2.736241327069999923e-04
2.682858826294999750e-04
2.086212001022999985e-04
2.423597242631999932e-04
2.591705947800000188e-04
1.611398408492000043e-04
3.154523857409000250e-04
3.150738510106000125e-04
2.877171356783999896e-04
1.609981574100999887e-04
3.690639079342999951e-04
2.710426913897999966e-04
2.107342341841000010e-04
2.602630823945000210e-04
3.127037303486000157e-04
3.501914940394999787e-04
2.283173433950000061e-04
3.101910594372999969e-04
3.202336628513000071e-04
2.434467757065000100e-04
1.108140210471000029e-04
3.082309740676999750e-04
2.117915329748999915e-04
2.020805804274000076e-04
2.085982416904000043e-04
1.503720862993999886e-04
3.198002857447000040e-04
2.235672640715000007e-04
2.578697245578999864e-04
2.491522113215000013e-04
3.639941563920000159e-04
2.410856501592000098e-04
2.818601303455000066e-04
2.518432311499999867e-04
2.859393474076000032e-04
2.197394105273999887e-04
2.540676844703000105e-04
1.301634012468000075e-04
2.141007954781000032e-04
2.851953064925000225e-04
2.265166916575999930e-04
2.991561110695999896e-04
2.895616882505999863e-04
2.361039636351999955e-04
2.291836228029999996e-04
2.152099700573999999e-04
2.123261028979000120e-04
1.786551728900000083e-04
1.627862774332999895e-04
2.018198026294999996e-04
2.737737368030999734e-04
1.761444545915000085e-04
2.401806966889000053e-04
3.031943392000000220e-04
2.180687435096999879e-04
2.355813503332000107e-04
1.524294113256000050e-04
2.223829557055000085e-04
2.656396555373999931e-04
2.360325985565999882e-04
3.801505829357999973e-04
2.752593312633999862e-04
2.335605162002999866e-04
1.426938039774999962e-04
2.728941820602000115e-04
2.555315531145999964e-04
2.238134400529999868e-04
2.288149161287000096e-04
2.094485151288000128e-04
2.421295892646999949e-04
2.277199763661000092e-04
1.857520451863999976e-04
2.277570800336000084e-04
1.274613661695000132e-04
3.606529605600999823e-04
2.033088935284000048e-04
3.378865080818000181e-04
1.227573910336999987e-04
1.730363957046000020e-04
2.185913546480999987e-04
1.788560923532999986e-04
2.221408982632999891e-04
2.533950840142999749e-04
2.103632104885999978e-04
2.627531941061999818e-04
4.467117349036999873e-04
1.844680401046000029e-04
2.471451909615999870e-04
3.026705235356000182e-04
2.286255761408000130e-04
1.980987069977999983e-04
1.293999086102999943e-04
1.855387583427999985e-04
1.490603737414000101e-04
2.189599137889999955e-04
2.906423169120999966e-04
2.172851498594000129e-04
2.255818089759999926e-04
2.542848075742999876e-04
2.618680644637000105e-04
2.204258727796000071e-04
2.613018145848999916e-04
2.441201709484000081e-04
2.458733320637000188e-04
2.236811777217999927e-04
3.553978581198000163e-04
1.966948358364999994e-04
2.081204330388999922e-04
2.421035518017999953e-04
3.560103806439000006e-04
2.004181423386999946e-04
2.105342413059999897e-04
2.307344289138999925e-04
2.492666860701999950e-04
3.293770127821999956e-04
1.806023695649999978e-04
1.723618846185999962e-04
2.593351006582000060e-04
2.113755920730999945e-04
2.171765145430999905e-04
3.441789323391000180e-04
1.664910364606000037e-04
9.102846330559093710e-05
1.943439538986000076e-04
2.494040980959000005e-04
2.470837096370999972e-04
1.596860860118999971e-04
2.560399794086000175e-04
1.872651343807999890e-04
1.975374365273999914e-04
5.250022121296000176e-04
2.706169565930999785e-04
2.228505691131000123e-04
2.534941207562999748e-04
2.951633655680000043e-04
2.953387231954000196e-04
1.997516741761000024e-04
2.082679348064000026e-04
2.130271633100000092e-04
1.547624487805999960e-04
1.972243559659999973e-04
2.133341648820999989e-04
1.575248165354000091e-04
1.915440697224000076e-04
1.186087448092999964e-04
2.318409935578000008e-04
2.162979111358999970e-04
3.432398390368999737e-04
1.359280819667000055e-04
1.082312894873999949e-04
3.095856141484000209e-04
2.196236504877000081e-04
2.222026166015000134e-04
3.660169346881999805e-04
1.760800178376999939e-04
2.272561891084000081e-04
1.215276283133000061e-04
3.840112596947999730e-04
1.875107239016000123e-04
1.814115463146999960e-04
9.196668262147000361e-04
3.277160897803999971e-04
1.872176040151000010e-04
4.468223512584000101e-04
2.565293138329000121e-04
4.516751986328000016e-04
2.708908419880999867e-04
3.449257545308999947e-04
1.843258533449999902e-04
2.724170405898000257e-04
2.038033082231999877e-04
2.336174059987999917e-04
1.603058318786000126e-04
1.824300007196999886e-04
1.853782080750000056e-04
1.963555545132999959e-04
2.161350903706000040e-04
2.646081114918000026e-04
2.031206190583999943e-04
5.012124918980999551e-04
2.590492291596000070e-04
1.375786732799000019e-04
1.830469747311000016e-04
2.551670192374000216e-04
2.456336364231999857e-04
2.034063252602000098e-04
1.944288066963999900e-04
2.894723626472999758e-04
2.077572136424000050e-04
2.798064389663000064e-04
2.566229872355000252e-04
1.483622442614000064e-04
1.459763658733999900e-04
3.208098527290000122e-04
1.951051937454000094e-04
2.769635559174999924e-04
1.458630083864000094e-04
2.469378965429000028e-04
4.594551424870000071e-04
2.524645080270000123e-04
1.654252146113999904e-04
3.500793921699000091e-04
1.770990000651999948e-04
2.439560810405999917e-04
2.357675473889000030e-04
2.151029668323000126e-04
1.784647108619999921e-04
2.117119004844999878e-04
2.872257520748000082e-04
2.108953109375000105e-04
3.173783196228999745e-04
2.580310305632999750e-04
1.727583738169999935e-04
2.016552674705000055e-04
2.623794420848000043e-04
2.467642323514000128e-04
2.036677821342999936e-04
3.384963185928999791e-04
2.359610710698000012e-04
2.463286809837000164e-04
