5.249514855178865486e-03
5.496948879436117444e-03
5.295294243922981509e-03
5.287011310941348505e-03
5.532367918783578573e-03
5.511301907182425235e-03
5.507149443749978848e-03
5.484398771034791273e-03
5.212777244712024985e-03
5.526521933732406883e-03
5.529336622188788485e-03
5.549171018743496650e-03
5.319860841276699386e-03
5.477336571687033834e-03
5.535741415126610443e-03
5.108952438623032798e-03
5.535741415126610443e-03
5.376590647108298038e-03
5.535741415126610443e-03
5.549171018743496650e-03
5.060846620445419788e-03
5.490948731469246988e-03
5.539582702827719127e-03
5.386807619919791248e-03
5.535741415126610443e-03
4.801809745018197073e-03
5.535741415126610443e-03
5.549171018743496650e-03
5.461825750468738382e-03
5.117695503815731552e-03
5.298424220853223225e-03
5.222373056933013631e-03
5.544017373496736185e-03
5.426310477460911247e-03
5.355773151158528707e-03
4.958959269229333035e-03
5.247614074132129526e-03
5.477336571687033834e-03
5.490948731469246988e-03
5.453452275706763969e-03
5.335645282299820644e-03
5.280630691647870620e-03
5.308914915565838069e-03
5.366282686147970035e-03
5.484398771034791273e-03
5.265862286452357988e-03
5.228980573357116385e-03
5.303212023222080365e-03
5.186762098936857981e-03
5.396925662915081669e-03
4.586654482937308104e-03
5.535741415126610443e-03
4.887709765289298576e-03
5.331803994598712827e-03
5.514917429094276860e-03
5.426310477460911247e-03
5.333588488023549741e-03
5.328430498255680957e-03
5.265862286452357988e-03
5.249514855178865486e-03
5.091356823395083026e-03
5.104977495037939586e-03
5.076693271119972137e-03
5.231719645120670552e-03
5.182870199391893633e-03
5.192988242387184053e-03
5.249514855178865486e-03
4.597872324490298590e-03
5.335645282299820644e-03
5.298424220853223225e-03
4.818817234549032519e-03
5.137006875575019990e-03
5.295294243922981509e-03
5.265862286452357988e-03
5.453452275706763969e-03
5.308914915565838069e-03
4.905015018095134315e-03
5.091356823395083026e-03
5.287011310941348505e-03
4.586654482937308104e-03
5.484398771034791273e-03
4.656769743438804281e-03
5.043676653604231043e-03
5.344921824372786054e-03
5.078731721237076530e-03
5.314184180567468538e-03
5.321632924343630035e-03
5.328430498255680957e-03
5.523798261804597001e-03
5.287011310941348505e-03
5.333588488023549741e-03
5.295294243922981509e-03
5.140984403844887571e-03
4.613128590452464026e-03
5.322584513204508400e-03
5.526521933732406883e-03
5.287011310941348505e-03
5.375549757176751285e-03
5.046897306164943933e-03
5.502361641381120841e-03
5.273399151159135351e-03
5.333588488023549741e-03
5.222373056933013631e-03
5.310980008566379244e-03
5.535741415126610443e-03
4.905015018095134315e-03
5.376590647108298038e-03
5.202969782011988148e-03
5.293011458908218961e-03
5.507149443749978848e-03
5.249514855178865486e-03
5.076693271119972137e-03
5.355773151158528707e-03
5.477336571687033834e-03
5.490948731469246988e-03
5.331803994598712827e-03
5.265862286452357988e-03
5.333588488023549741e-03
5.076693271119972137e-03
5.469799706980255603e-03
5.172653226580399555e-03
5.453452275706763969e-03
5.172653226580399555e-03
5.321632924343630035e-03
5.511301907182425235e-03
5.319860841276699386e-03
5.426310477460911247e-03
4.958959269229333035e-03
5.310980008566379244e-03
5.280461350506893657e-03
5.526521933732406883e-03
5.295294243922981509e-03
5.406907202539885764e-03
5.319860841276699386e-03
5.208743320881090849e-03
5.426310477460911247e-03
5.532367918783578573e-03
5.444716856248613297e-03
5.091356823395083026e-03
5.406907202539885764e-03
5.287011310941348505e-03
5.521040014795529013e-03
5.317102594267630530e-03
5.535741415126610443e-03
5.518121601095367021e-03
5.325399201660890869e-03
5.273399151159135351e-03
5.435657065648568168e-03
5.192988242387184053e-03
5.331803994598712827e-03
5.265862286452357988e-03
4.713308105502561803e-03
5.140984403844887571e-03
5.303212023222080365e-03
4.683772344761400093e-03
5.435657065648568168e-03
5.426310477460911247e-03
4.777214533837415358e-03
5.333588488023549741e-03
5.129651067495651258e-03
5.319860841276699386e-03
5.325399201660890869e-03
5.295294243922981509e-03
5.386807619919791248e-03
5.078731721237076530e-03
5.335645282299820644e-03
5.511301907182425235e-03
5.345233598215598167e-03
5.287011310941348505e-03
5.293011458908218961e-03
5.335645282299820644e-03
5.477336571687033834e-03
5.484398771034791273e-03
5.208743320881090849e-03
5.287011310941348505e-03
4.810202915729529065e-03
5.523798261804597001e-03
4.842959885637046318e-03
5.202969782011988148e-03
5.249514855178865486e-03
5.321632924343630035e-03
5.355773151158528707e-03
5.162345265620071552e-03
5.228980573357116385e-03
5.247614074132129526e-03
5.091356823395083026e-03
4.917245526030460286e-03
5.231719645120670552e-03
5.240779435720714814e-03
5.025043152829217902e-03
5.469799706980255603e-03
5.366282686147970035e-03
4.874794300709178047e-03
5.319860841276699386e-03
4.713308105502561803e-03
5.078731721237076530e-03
5.461825750468738382e-03
5.396925662915081669e-03
5.293011458908218961e-03
5.461825750468738382e-03
5.182870199391893633e-03
5.186762098936857981e-03
5.307364486654526751e-03
5.043676653604231043e-03
4.713308105502561803e-03
5.518121601095367021e-03
5.314184180567468538e-03
5.317102594267630530e-03
5.280630691647870620e-03
5.532367918783578573e-03
4.713308105502561803e-03
5.004805900353192366e-03
5.521040014795529013e-03
5.523798261804597001e-03
5.335645282299820644e-03
5.231719645120670552e-03
5.303212023222080365e-03
5.514917429094276860e-03
5.484398771034791273e-03
5.331803994598712827e-03
5.208743320881090849e-03
5.287011310941348505e-03
5.444716856248613297e-03
4.860707163966701896e-03
5.518121601095367021e-03
5.549171018743496650e-03
5.303212023222080365e-03
5.202969782011988148e-03
5.523798261804597001e-03
5.287011310941348505e-03
5.518121601095367021e-03
5.416714665239923468e-03
5.521040014795529013e-03
5.182870199391893633e-03
5.314184180567468538e-03
5.532367918783578573e-03
4.613128590452464026e-03
5.004805900353192366e-03
5.469799706980255603e-03
5.162345265620071552e-03
5.386807619919791248e-03
5.386807619919791248e-03
4.818817234549032519e-03
5.247614074132129526e-03
5.453452275706763969e-03
4.874794300709178047e-03
5.511301907182425235e-03
5.376590647108298038e-03
5.490948731469246988e-03
5.004805900353192366e-03
5.303212023222080365e-03
5.298424220853223225e-03
5.265862286452357988e-03
5.335645282299820644e-03
5.523798261804597001e-03
5.539582702827719127e-03
5.308914915565838069e-03
