1.330348388150438954e-07
1.331339748595806464e-07
1.331425596724515737e-07
1.331472971656296561e-07
1.335540637044692781e-07
1.330716075263509511e-07
1.330983397291260708e-07
1.331022203157459574e-07
1.331510950050395808e-07
1.333911419835820849e-07
1.334906246441502922e-07
1.340426641452723213e-07
1.332449417307212656e-07
1.330692796472221018e-07
1.335789027386842478e-07
1.335709667689711398e-07
1.335789027386842478e-07
1.332395482933904503e-07
1.335789027386842478e-07
1.340426641452723213e-07
1.332781578806522386e-07
1.331259309227246134e-07
1.335973799234725093e-07
1.332312415484339391e-07
1.335789027386842478e-07
1.372554334840380923e-07
1.335789027386842478e-07
1.340426641452723213e-07
1.330077346055163620e-07
1.331305920305938557e-07
1.331340422135343058e-07
1.331021330842690603e-07
1.336966935483399677e-07
1.330549226390022949e-07
1.331894914721395761e-07
1.335538995806374162e-07
1.333476743338477586e-07
1.330692796472221018e-07
1.331259309227246134e-07
1.329934955456345114e-07
1.335163804460142689e-07
1.331969485871255674e-07
1.331109228922717477e-07
1.332228996294422058e-07
1.331022203157459574e-07
1.330698969351898928e-07
1.334246495533296355e-07
1.331027581442886146e-07
1.335328231009948371e-07
1.332003942699499841e-07
1.434344286043309060e-07
1.335789027386842478e-07
1.357891980636381704e-07
1.335092267192811689e-07
1.330661623937497115e-07
1.330549226390022949e-07
1.331194800836650274e-07
1.334949662015247828e-07
1.330698969351898928e-07
1.330348388150438954e-07
1.331604711876639054e-07
1.331331641909435315e-07
1.332106990939289203e-07
1.330634793153561323e-07
1.332776629243478140e-07
1.332480145398861225e-07
1.330348388150438954e-07
1.371687338614801396e-07
1.335163804460142689e-07
1.331340422135343058e-07
1.610309616763173464e-07
1.335603687994616688e-07
1.331425596724515737e-07
1.330698969351898928e-07
1.329934955456345114e-07
1.331109228922717477e-07
1.335730480818130494e-07
1.331604711876639054e-07
1.331472971656296561e-07
1.434344286043309060e-07
1.331022203157459574e-07
1.361783717010226909e-07
1.333541272480343302e-07
1.331511617040653272e-07
1.336234060458423713e-07
1.330826304358324476e-07
1.331039816981745656e-07
1.334949662015247828e-07
1.332762978602100275e-07
1.331472971656296561e-07
1.331194800836650274e-07
1.331425596724515737e-07
1.331861097557938774e-07
1.367576282175277091e-07
1.333511568782287712e-07
1.333911419835820849e-07
1.331472971656296561e-07
1.454128540146379002e-07
1.337625600573456361e-07
1.331236224335727400e-07
1.331000086296212651e-07
1.331194800836650274e-07
1.331021330842690603e-07
1.330575548685221428e-07
1.335789027386842478e-07
1.335730480818130494e-07
1.332395482933904503e-07
1.332027511478827958e-07
1.331500526838518394e-07
1.330983397291260708e-07
1.330348388150438954e-07
1.332106990939289203e-07
1.331894914721395761e-07
1.330692796472221018e-07
1.331259309227246134e-07
1.335092267192811689e-07
1.330698969351898928e-07
1.331194800836650274e-07
1.332106990939289203e-07
1.330351462423033566e-07
1.332840591821819042e-07
1.329934955456345114e-07
1.332840591821819042e-07
1.331039816981745656e-07
1.330716075263509511e-07
1.332449417307212656e-07
1.330549226390022949e-07
1.335538995806374162e-07
1.330575548685221428e-07
1.331284790464224776e-07
1.333911419835820849e-07
1.331425596724515737e-07
1.331546172718380891e-07
1.332449417307212656e-07
1.334889127724388155e-07
1.330549226390022949e-07
1.335540637044692781e-07
1.329964579626149591e-07
1.331604711876639054e-07
1.331546172718380891e-07
1.331472971656296561e-07
1.331717278514835084e-07
1.331484459457266009e-07
1.335789027386842478e-07
1.330983453226242874e-07
1.334414082634337131e-07
1.331000086296212651e-07
1.330176532966029254e-07
1.332480145398861225e-07
1.335092267192811689e-07
1.330698969351898928e-07
1.353305402127449590e-07
1.331861097557938774e-07
1.331027581442886146e-07
1.357906934360924507e-07
1.330176532966029254e-07
1.330549226390022949e-07
1.343945736640611711e-07
1.331194800836650274e-07
1.331503691753573529e-07
1.332449417307212656e-07
1.334414082634337131e-07
1.331425596724515737e-07
1.332312415484339391e-07
1.336234060458423713e-07
1.335163804460142689e-07
1.330716075263509511e-07
1.339365927374499316e-07
1.331472971656296561e-07
1.331500526838518394e-07
1.335163804460142689e-07
1.330692796472221018e-07
1.331022203157459574e-07
1.334889127724388155e-07
1.331472971656296561e-07
1.340268602222950435e-07
1.332762978602100275e-07
1.337711218243139911e-07
1.332027511478827958e-07
1.330348388150438954e-07
1.331039816981745656e-07
1.331894914721395761e-07
1.332647881044827526e-07
1.334246495533296355e-07
1.333476743338477586e-07
1.331604711876639054e-07
1.353214203203940366e-07
1.330634793153561323e-07
1.330403194876868936e-07
1.334282249328332959e-07
1.330351462423033566e-07
1.332228996294422058e-07
1.336285043486321824e-07
1.332449417307212656e-07
1.353305402127449590e-07
1.336234060458423713e-07
1.330077346055163620e-07
1.332003942699499841e-07
1.331500526838518394e-07
1.330077346055163620e-07
1.332776629243478140e-07
1.335328231009948371e-07
1.330696952526528735e-07
1.333541272480343302e-07
1.353305402127449590e-07
1.330983453226242874e-07
1.330826304358324476e-07
1.331484459457266009e-07
1.331969485871255674e-07
1.335540637044692781e-07
1.353305402127449590e-07
1.334902974913598207e-07
1.331717278514835084e-07
1.332762978602100275e-07
1.335163804460142689e-07
1.330634793153561323e-07
1.331027581442886146e-07
1.330661623937497115e-07
1.331022203157459574e-07
1.335092267192811689e-07
1.334889127724388155e-07
1.331472971656296561e-07
1.329964579626149591e-07
1.361893825163257798e-07
1.330983453226242874e-07
1.340426641452723213e-07
1.331027581442886146e-07
1.332027511478827958e-07
1.332762978602100275e-07
1.331472971656296561e-07
1.330983453226242874e-07
1.331031065056135123e-07
1.331717278514835084e-07
1.332776629243478140e-07
1.330826304358324476e-07
1.335540637044692781e-07
1.367576282175277091e-07
1.334902974913598207e-07
1.330351462423033566e-07
1.332647881044827526e-07
1.332312415484339391e-07
1.332312415484339391e-07
1.610309616763173464e-07
1.333476743338477586e-07
1.329934955456345114e-07
1.336285043486321824e-07
1.330716075263509511e-07
1.332395482933904503e-07
1.331259309227246134e-07
1.334902974913598207e-07
1.331027581442886146e-07
1.331340422135343058e-07
1.330698969351898928e-07
1.335163804460142689e-07
1.332762978602100275e-07
1.335973799234725093e-07
1.331109228922717477e-07
