8.657620108333000108e-03
8.269765346584299556e-03
1.031950983282759957e-02
8.166671649429200000e-03
1.012034836880740078e-02
8.328010596173600344e-03
7.184131839484299634e-03
7.921277775238400390e-03
8.879592042680500147e-03
7.967409711837000752e-03
7.482321123700699968e-03
9.802887848618699329e-03
8.444468842999800287e-03
8.919511945332700767e-03
8.441236847034100377e-03
7.628179669844000269e-03
8.680869590874900135e-03
6.952959236562500367e-03
8.273441924375100204e-03
7.842907275587899379e-03
9.621658277424900707e-03
8.807474124889200576e-03
1.005132931606949991e-02
9.615773652925100473e-03
7.565201380791699952e-03
7.445668036227100217e-03
8.727122867982699955e-03
7.250930052385000033e-03
1.024904495539260066e-02
9.814779078865399492e-03
1.020008709293060076e-02
8.513487639494400280e-03
8.613297682745799794e-03
7.466772445660600430e-03
8.391283744076700676e-03
8.589013197577500744e-03
6.825192377411799620e-03
7.280114550251300110e-03
8.016881113953600035e-03
7.832365240408400639e-03
8.393935382750100649e-03
7.232005179784900192e-03
9.684080969610200582e-03
6.896680073707199717e-03
8.802117469318299428e-03
7.668139738035899787e-03
8.860697627907700505e-03
7.984231670819200155e-03
7.634013642110900298e-03
7.581686331085800076e-03
9.320539598919399399e-03
9.415163675217400052e-03
8.511673389561099506e-03
7.920690594517200422e-03
8.204446821683199567e-03
9.315918217197500725e-03
9.002064737905400571e-03
9.236444799509699669e-03
9.166943351013600444e-03
8.143870163546800336e-03
8.038564824324500799e-03
9.448030027465999584e-03
9.277960324112100032e-03
9.178670413376499582e-03
8.816159050658800567e-03
9.047077417860000664e-03
7.835381126848799463e-03
1.054046115091360029e-02
8.943313514970999481e-03
8.005613811594999504e-03
8.611489126126600432e-03
8.455883226034199146e-03
6.999279975257699862e-03
8.005796207640900053e-03
7.339388841626599651e-03
7.894674446798300577e-03
8.551157661276700267e-03
8.019687624662799955e-03
8.717460056144899286e-03
8.734156572673899485e-03
8.765886255277199196e-03
1.060605382061319962e-02
7.033813910011700414e-03
7.472035912657899910e-03
9.186899101603900747e-03
8.448843185194300151e-03
7.299333112917499866e-03
8.190471165441899279e-03
8.008330510293199325e-03
9.131596581095999948e-03
1.006386811826730059e-02
8.699766594410499390e-03
8.587808712489599164e-03
9.266851421461200569e-03
9.959561267190799455e-03
1.019473796252949940e-02
7.369928183103400046e-03
8.698249910265399426e-03
6.955671021292400211e-03
1.001105778890470054e-02
1.118861524310259953e-02
7.337113216010699920e-03
8.576948463793299809e-03
9.461285955394400579e-03
9.340297641288899597e-03
9.064372916372300318e-03
9.696358513355899864e-03
8.389201422307399764e-03
8.746896380528399254e-03
9.403350638268000508e-03
8.589608168708399993e-03
9.473069359538999895e-03
6.354792464235699961e-03
9.051814538249500566e-03
9.770792355061900386e-03
9.383268167331400636e-03
7.834675528517199769e-03
9.986821697888099633e-03
9.212956360080699209e-03
8.612374330098499647e-03
8.145653475254800019e-03
7.933172114656500060e-03
7.803287435491500397e-03
8.540016297150400740e-03
9.256809142506499180e-03
7.814932534703000755e-03
8.733311797507100835e-03
9.391908091711500400e-03
7.772124878209499960e-03
8.099666331568300751e-03
7.847411818811699316e-03
9.283555721160499999e-03
7.838428894338500541e-03
8.248639085228800030e-03
7.639415299769100262e-03
9.088129765240100799e-03
7.906220077859399745e-03
1.065504666559169943e-02
8.474391019165999905e-03
6.773246834627100199e-03
7.995388455328400826e-03
8.787503861244400777e-03
8.451088579794600181e-03
8.840087892592000257e-03
8.432411450858800714e-03
7.604068352018600319e-03
7.813785868788799757e-03
7.467855539253699659e-03
7.327372881773599848e-03
9.751894336523200466e-03
8.545607589175899244e-03
7.715180351836200233e-03
7.871266941756899921e-03
9.210180352507599602e-03
9.266041934096099983e-03
9.081422136404799367e-03
9.510521146339500492e-03
7.939318674743799792e-03
8.493171227196000608e-03
7.644350958965500167e-03
8.790957321658200360e-03
9.551528304889799273e-03
9.183021511436999934e-03
6.916082773625800185e-03
8.770232520178800409e-03
7.817646103468800511e-03
8.828726166020900434e-03
9.866703162550800182e-03
9.577478289673299616e-03
1.017556743901839970e-02
8.957043826291500102e-03
8.470644826741700537e-03
7.562111140917899578e-03
9.103368734785500377e-03
6.872365233144500304e-03
8.862511420944799850e-03
9.635394870417599358e-03
7.158561730110600367e-03
8.044437682014999799e-03
7.780128847194699680e-03
9.517813424213400486e-03
5.894568920912400360e-03
8.033388161821999190e-03
1.007320844298850021e-02
9.702631501491599739e-03
8.131661339882299486e-03
9.366873586707300317e-03
8.694760129495099701e-03
8.709878047095300641e-03
8.470181651017500563e-03
8.491268501838599922e-03
7.874001297081899275e-03
8.826236415723300727e-03
9.396102393484399504e-03
9.043067051774999338e-03
8.060505417240199783e-03
8.563027883811099791e-03
7.722008227599099980e-03
8.178050350487499343e-03
7.161166823784100022e-03
8.966706926812799752e-03
9.566894080503400219e-03
8.587300457719300797e-03
9.730380082669399383e-03
8.813292735033799799e-03
7.311302635147100271e-03
8.818944294625499780e-03
8.457087046776900346e-03
1.000691028259339914e-02
6.659268086500199670e-03
1.063262357010509931e-02
9.392956902285700196e-03
9.895784422606600239e-03
7.856385342578700234e-03
8.063418817535099661e-03
8.703542255090200574e-03
8.669761165595500640e-03
8.216127844375000627e-03
9.153043597887300029e-03
8.207421132404999625e-03
7.726586132611799711e-03
8.877770415391599695e-03
7.516189610950700130e-03
7.317884150285600131e-03
1.007940594883250003e-02
9.843472038679700747e-03
7.578263660963999691e-03
9.436954287261999780e-03
8.269145313352800619e-03
9.447173622629000123e-03
8.800678157485000014e-03
9.702246002158099528e-03
1.113517232537420028e-02
9.342005475736700482e-03
8.102943440589999852e-03
1.015321421642829958e-02
1.016212083198099990e-02
7.160950997459600287e-03
8.563289577386499693e-03
7.379032123462099697e-03
8.742976299828900816e-03
9.489608687074699289e-03
9.242826443546500736e-03
9.469591783393099815e-03
8.831546993604499907e-03
7.631231953718600226e-03
8.336500722128600133e-03
8.901653872285699223e-03
9.583158048182299771e-03
1.127960737807980063e-02
8.011380482082299664e-03
9.410238272432699252e-03
9.386801443820100635e-03
8.563696474246200452e-03
8.940049060073899240e-03
7.783486600998500149e-03
8.093447021285900267e-03
9.000437398251700735e-03
7.442898512421899926e-03
8.406023053756400687e-03
8.465606934176200457e-03
8.219569550897500715e-03
8.353922879821800221e-03
1.055680903535950038e-02
9.345644133978899329e-03
7.713983374590000289e-03
8.452622349269500387e-03
8.317521004116699632e-03
9.601372696587099145e-03
8.979821858954500219e-03
8.385279177779200038e-03
8.400707953902099984e-03
9.088605725949199660e-03
8.980791484811500094e-03
8.267330079783899791e-03
7.490526404274800223e-03
9.471161655754900544e-03
8.771233494681099710e-03
9.222136143223000002e-03
9.101437915603100698e-03
9.134161544438199401e-03
8.039833516201300156e-03
8.149809692630700236e-03
8.990734680845199889e-03
8.379862817465600494e-03
7.066352832819499698e-03
8.932658482327899413e-03
8.970745640990400102e-03
9.341636693222800727e-03
8.718284050880599836e-03
8.619148427878500079e-03
8.286871326855699965e-03
7.874276753757500358e-03
8.427715579662400230e-03
8.720322046816299938e-03
6.354750536888800067e-03
8.551056746129699279e-03
8.796643971102899306e-03
7.481557889842199716e-03
7.601638455629599993e-03
8.894595615953000342e-03
7.991678520209500799e-03
8.817084047443799963e-03
1.039571232642940053e-02
8.904426045374499304e-03
9.713835259888500134e-03
6.802560474141300037e-03
8.183302990141999578e-03
9.681171109806600145e-03
8.289630329352700583e-03
9.459446155942600673e-03
8.912528095281700355e-03
8.344352234227499568e-03
8.704248681160100046e-03
9.613594874814000366e-03
1.088525328115529968e-02
8.677668393584300061e-03
1.028553741441110003e-02
8.829363661093700411e-03
7.185321988332099910e-03
9.692184707897099835e-03
9.339221570018299903e-03
8.314491837417699663e-03
7.868734396139500167e-03
8.308499788973300326e-03
8.798710181588899684e-03
8.514127884761699475e-03
9.558910535248399745e-03
8.772210489273899944e-03
6.522154746733699673e-03
9.072674256440000501e-03
8.647752092862500545e-03
6.854501880278599836e-03
7.819708858610000674e-03
9.406418669848900030e-03
7.637450092909299666e-03
7.382232959858000231e-03
9.170835832950400071e-03
9.343339204083700444e-03
7.297178356165900243e-03
8.744634483690999840e-03
8.119541695437200099e-03
7.226448661911500336e-03
1.027797644513680012e-02
7.443694529845700132e-03
8.780416598210700682e-03
7.924921201124399822e-03
8.280013917923099639e-03
9.026394758400099749e-03
8.427326618270600256e-03
8.082396210354699309e-03
8.515512149086100491e-03
8.576496580746899648e-03
8.467090386684899411e-03
1.051258285282419963e-02
7.165784110177600245e-03
8.977846667178900064e-03
9.356573373991599815e-03
9.084068664419900005e-03
8.555827060684199209e-03
8.891242592966199301e-03
8.127725033910699476e-03
7.243535892756200294e-03
8.158827144789000674e-03
7.979973070640000374e-03
9.528613996020699958e-03
9.362466943847999601e-03
9.220966962760699867e-03
8.632906470781000208e-03
9.686225043300699528e-03
9.057793946923799536e-03
9.668330704124799418e-03
8.940813640871299317e-03
8.083142972106700450e-03
9.369235016493499338e-03
8.033255784412699288e-03
8.968428351225700076e-03
1.019476394625240014e-02
1.007272136610870041e-02
8.701620747763399999e-03
8.328031067502300253e-03
1.036830124718999928e-02
8.986397401273299446e-03
8.145604449684699933e-03
7.388704884728000341e-03
7.711356434406999895e-03
8.048056749003499460e-03
8.566532141483699722e-03
8.091887862387800792e-03
8.922935174701699182e-03
8.104313760646599668e-03
7.604007673898199697e-03
9.014153324113699864e-03
7.733454933693100115e-03
9.120978950785400136e-03
8.502188954422099446e-03
8.296480779976899214e-03
8.560180456796500498e-03
8.199578766638199873e-03
8.755067250567899820e-03
8.866208140718399161e-03
9.771172597157800482e-03
7.430760671726099886e-03
8.739347911020500098e-03
9.405343264572100376e-03
1.076708052576669933e-02
9.270049308205999608e-03
8.116221960557300219e-03
8.418023509818800196e-03
7.792592822695999961e-03
8.949718112514399443e-03
9.505509044660300291e-03
8.499125394631100103e-03
8.511510855102200762e-03
9.063740539973400012e-03
9.900756008536900493e-03
1.003621338460159926e-02
8.895152475671000772e-03
8.394723335914400231e-03
8.511650912917299860e-03
8.195643150968500573e-03
1.019127682155099995e-02
7.967165362038699378e-03
8.957738985858899536e-03
7.942479482951099803e-03
8.735841466270899761e-03
8.955812382757499801e-03
9.166264582082599491e-03
8.150416013551799177e-03
9.083647753008400674e-03
9.930279312099200839e-03
9.100221533530000045e-03
8.768497881210500500e-03
1.004367434974899956e-02
8.724601693825599635e-03
9.540415529598299249e-03
8.500515023356499181e-03
1.012796453120689937e-02
8.699115485670099943e-03
8.629692510199800382e-03
9.228944444920400211e-03
7.437807764512399840e-03
8.974332447642899974e-03
8.826704627370099768e-03
8.241417847968000518e-03
8.452125781444700184e-03
7.915570661949800774e-03
8.289302229038600714e-03
9.342791160337699310e-03
7.182966091587300074e-03
7.261184564416800144e-03
7.516873013137599820e-03
9.378710491724999432e-03
8.514873720788400380e-03
9.342521792684400223e-03
7.918299181494300662e-03
1.037804043236340013e-02
8.355332835448599227e-03
9.276571225217800087e-03
7.880008823396199291e-03
8.388988420985900654e-03
8.844114560710899728e-03
9.363396313037399346e-03
8.548601805340899293e-03
8.324486500054399662e-03
8.527536171392400763e-03
9.074439773763900291e-03
8.259597055419400438e-03
9.243490871212799859e-03
7.955129014688299208e-03
7.648273843993099938e-03
8.375812304941800818e-03
1.052916944879240049e-02
8.598730767970800409e-03
7.447438368136500252e-03
8.238842593565399650e-03
8.791772683745400357e-03
1.042405302308030066e-02
9.058823117247099752e-03
8.239626523276899137e-03
8.806634263940200241e-03
9.265383205895899588e-03
7.840198585855299648e-03
1.046199630455199939e-02
8.442055702904500622e-03
9.728305135316500651e-03
7.316885267954699630e-03
8.133703280975200511e-03
9.149813818039699911e-03
9.030584140939100155e-03
1.132459610200860049e-02
9.690092777772399413e-03
1.000544327150760041e-02
9.505097502050800784e-03
8.287116545938099169e-03
9.168095539979499720e-03
8.505605722346199632e-03
8.375769039888899398e-03
9.974039973645900531e-03
8.455113296081999408e-03
9.680113709607199995e-03
7.039316390751299696e-03
9.402268836927300116e-03
8.550393116580599223e-03
8.689505704005999476e-03
8.029082527739199449e-03
7.449132659682399654e-03
7.145587656705700355e-03
1.011991182947759998e-02
7.814053782208899707e-03
7.441467697239499864e-03
8.415963269634100033e-03
8.926210574556000393e-03
7.942859240270100721e-03
9.930939699730099990e-03
6.072408543804200080e-03
9.253756706080499758e-03
8.865398927892400097e-03
8.264515470597800367e-03
8.811929760352499308e-03
8.468609961468099787e-03
8.687932589558699376e-03
8.209895136980900621e-03
8.314189574105299366e-03
7.732109090771899576e-03
9.418130087789099159e-03
8.308894577921100560e-03
1.115263243682870081e-02
9.676996206808599968e-03
9.195057010370799241e-03
8.292267693952800472e-03
7.551256737428699815e-03
9.431163095894500026e-03
7.470253337294100252e-03
8.841600908051099397e-03
8.779838330566900120e-03
8.424367526974299580e-03
7.299565422593100317e-03
8.643090949944700133e-03
8.555228053687299189e-03
8.829630110613400154e-03
7.066237094001600293e-03
9.046465942965299656e-03
7.120738263910299584e-03
8.302778446014199773e-03
7.312421023916599976e-03
8.414255747875399455e-03
8.413158436725999556e-03
9.251284875480799211e-03
9.343600196403600497e-03
6.223738497713800222e-03
8.381262306736600096e-03
8.305939901272499370e-03
7.493079532096399639e-03
8.500745525556799992e-03
8.687769199712999310e-03
7.802992080419999567e-03
8.117206894315999802e-03
7.898822780002399263e-03
6.915330629326900402e-03
5.913624741642500154e-03
7.072303164735600431e-03
9.474740413991900381e-03
8.724984214575700822e-03
7.189285495914900410e-03
9.370492605568599837e-03
7.693490780456900373e-03
9.310044896664400674e-03
8.528709946778900708e-03
7.982772264426400005e-03
8.234420140858600065e-03
9.925840465243300492e-03
8.740059747542000199e-03
8.426911909398100697e-03
8.931092780773300030e-03
8.421983963179700133e-03
7.804028966718600316e-03
7.425844411062700393e-03
7.527370596892500078e-03
9.090228304057300715e-03
9.048617721555499496e-03
7.589640301517999732e-03
8.076832207815199879e-03
7.102064916814299772e-03
8.943748857394099791e-03
7.291661817076300345e-03
8.046887106137599541e-03
7.850156348856600352e-03
8.941474756253599276e-03
8.049442286840300179e-03
8.816711114961199927e-03
8.104920019889100616e-03
8.404358186462299388e-03
1.069865621991500024e-02
8.717337733321599974e-03
9.728819789859200276e-03
8.774001669028900011e-03
7.174263690318799687e-03
7.595429851081900163e-03
9.285202474346400045e-03
8.151670998242599442e-03
8.399035967203299230e-03
8.094163969086999588e-03
8.472811975646700813e-03
8.706810739647000488e-03
8.033884032094099764e-03
7.449596007795300165e-03
1.025316775396829978e-02
1.006471592690429996e-02
9.004251781540899280e-03
8.745580982898600378e-03
9.678364919088600429e-03
7.524727159163599986e-03
8.015844811036100526e-03
9.150822527678499282e-03
8.019977009875599652e-03
7.606319665572900020e-03
1.001801808924440013e-02
7.909597065929099835e-03
8.317604067253500655e-03
9.787265017961600810e-03
9.242955618856499647e-03
7.200280444049800277e-03
8.174729771550700436e-03
8.518171837745400557e-03
8.364047726777099762e-03
8.446714211228599847e-03
7.633287430011399637e-03
8.387696319125299144e-03
8.407740569050799889e-03
9.033006087739599982e-03
6.884454023693999808e-03
8.738200703825400525e-03
8.694204944066899823e-03
8.487393888146900836e-03
7.896923203014199338e-03
8.119098300972999935e-03
8.469778771534600820e-03
8.111226851517999367e-03
1.060656375354000064e-02
7.704296667893699782e-03
7.981292824062699229e-03
8.061807200492199926e-03
8.092199164062899991e-03
9.453284482295199603e-03
8.128241210064699601e-03
7.972398528423999334e-03
8.425348149756199667e-03
8.083964047927199442e-03
7.279143787226299844e-03
7.787996281066800197e-03
9.751405190353799879e-03
8.159608080014500719e-03
8.884154244370199432e-03
8.744449823585000170e-03
9.558565402123499199e-03
8.265188221960800136e-03
7.792535183691800225e-03
1.049558948628549933e-02
7.913165310731100355e-03
8.018183470160599596e-03
9.810138253998399935e-03
7.537314664585299806e-03
7.772880944556199989e-03
9.667410857015300285e-03
9.183839241855300609e-03
8.987620252112199157e-03
8.647408992027899588e-03
7.898977062931199916e-03
7.953061004716299384e-03
8.644197927053899957e-03
8.040034901116299357e-03
9.451159394769099997e-03
9.350899776396999832e-03
8.877711627180800286e-03
7.611455068199200237e-03
8.240936248640499603e-03
8.661552961847599277e-03
8.397209508877699624e-03
8.831041555811899521e-03
7.055652847392099997e-03
8.756622205563500613e-03
7.864845544257400081e-03
8.422934061176700835e-03
9.884341593812099799e-03
9.478242334957099821e-03
9.793662857867100127e-03
8.245573491343600320e-03
1.009509802951859964e-02
9.123840733413499451e-03
8.264114014751199749e-03
8.121915114478099260e-03
8.090207773044999842e-03
8.125368756196500383e-03
1.173271604431799960e-02
8.704210168018700067e-03
9.605031337170999439e-03
9.297176819508099280e-03
8.396806949333000814e-03
8.830795160246800862e-03
1.062312783455929971e-02
9.777177875566400375e-03
8.609225413402900318e-03
1.007342811623719928e-02
8.636939764745599907e-03
8.002308229224300642e-03
8.679886415577200628e-03
9.175173566149399940e-03
7.719255312033800227e-03
8.218448151240700245e-03
8.282474597787300302e-03
9.045024586399399991e-03
8.409709806381700584e-03
8.844014936145099676e-03
8.609787124949799461e-03
9.100628420518999326e-03
8.964276629576399882e-03
8.758327252991899778e-03
9.168384349737700514e-03
7.521283115998100149e-03
8.499434094305299836e-03
9.847237972303600484e-03
9.937866600643300782e-03
8.714706945284599743e-03
7.539145460006699967e-03
9.729697859022400780e-03
8.543748484566000487e-03
8.635843604418999911e-03
8.058942480240199532e-03
7.007855482272899901e-03
7.923702551204699421e-03
9.202286258024600443e-03
9.763679246335699169e-03
9.283738016138600585e-03
8.401412859328299954e-03
8.900100995922600663e-03
7.190174537515499689e-03
9.126338400214800001e-03
9.492446837717700633e-03
8.435303753803800528e-03
7.688036149489699787e-03
9.564956081216000397e-03
7.561435506417999580e-03
9.396343110947700389e-03
8.629480419030600286e-03
9.825342186787900181e-03
7.174845909126000183e-03
9.655695182607599777e-03
9.447953391523199532e-03
8.571087634813999781e-03
7.607625959280399711e-03
7.428006676583900035e-03
7.929404623749100253e-03
7.846866825826699643e-03
8.875751615418399701e-03
8.453150041797100056e-03
7.224725695343599957e-03
7.741214719346900357e-03
7.889573998191399748e-03
7.518945586090499886e-03
8.012074002551999516e-03
9.461804433226399941e-03
9.075946371203800003e-03
9.565564799539200830e-03
9.418894922173300099e-03
9.083689264827400286e-03
7.756861340701699803e-03
8.874495712102499836e-03
9.465183538551299319e-03
8.084295703061900387e-03
9.153078401107399287e-03
8.851681825745000287e-03
8.998845785324600596e-03
8.787611754036800740e-03
8.860572901658099465e-03
9.068025347348100326e-03
8.269086871813300516e-03
8.452065518182300813e-03
7.317747758089699836e-03
1.005985244390989949e-02
8.859341841332499939e-03
1.003634704227769972e-02
9.098086930023299712e-03
9.840066363676200009e-03
7.922438007543899929e-03
1.066747498704940025e-02
1.087360344541240045e-02
9.423590140142500821e-03
9.956172991691299504e-03
7.019065423480999946e-03
1.085193058146429954e-02
8.474458754596700047e-03
8.694073449990000202e-03
6.675861192063300108e-03
8.060517098479800385e-03
1.026470878361689966e-02
7.617402989915199839e-03
8.238376487582400182e-03
8.981744719675700817e-03
9.897715840300599574e-03
7.981466707661200033e-03
7.826926611238299233e-03
9.093735211958799830e-03
8.878877166663199164e-03
7.605856831390199989e-03
8.249960582962099359e-03
9.048944613270999693e-03
7.892057456378999761e-03
7.677039667714100242e-03
9.913961038229500075e-03
6.995205174054899833e-03
8.188806769772899799e-03
7.664248066511900395e-03
7.774781403698799789e-03
6.936327593516799887e-03
8.541487657300499137e-03
9.931847020760900535e-03
9.664036540518200491e-03
7.617903781359999793e-03
8.546076967425200385e-03
7.450880476890200076e-03
7.501423356371599883e-03
8.633758079523800796e-03
8.357855637340500660e-03
8.368827373479199513e-03
7.766484389526400432e-03
9.952782469661700451e-03
8.915633899886999184e-03
8.737524429883000709e-03
8.188938079902299827e-03
9.195984178073499452e-03
7.343835282937300271e-03
8.638503639946799179e-03
8.852284757378699881e-03
8.414565179707600082e-03
7.992842633255699616e-03
8.716907117367800675e-03
7.047532388781699991e-03
8.290286114840799206e-03
7.562171130183899595e-03
1.000277644018100071e-02
9.560681137181399614e-03
6.741443878652900179e-03
8.225190154241500060e-03
8.586982006625000843e-03
8.273465869388400493e-03
8.024783720431000189e-03
7.652364346603100428e-03
8.113124650238499533e-03
8.138941475835100720e-03
8.416230958210799140e-03
8.345426174236600381e-03
8.129620346670800302e-03
8.569158515101399365e-03
8.792317399304300576e-03
8.847220028279300166e-03
8.833136727214200429e-03
9.163167458272999250e-03
9.903755771244100031e-03
8.503625735555499221e-03
9.477509615483600131e-03
8.150915306797200388e-03
8.411413386614500359e-03
7.977370494141400661e-03
8.725240985722899564e-03
8.195261398772699449e-03
1.010290553076069985e-02
8.383364840663400791e-03
8.267537210154300362e-03
7.484299823860399853e-03
1.072525171741989941e-02
8.846409377886199285e-03
6.940565466690700076e-03
6.310773688809699807e-03
7.837487630121899723e-03
9.539518061560300563e-03
8.583080009006599162e-03
9.526818749273899267e-03
7.251263387214700387e-03
7.847338921810399423e-03
7.939672478332099673e-03
8.301666583907100702e-03
8.286116597743099429e-03
8.462020416473500437e-03
6.836471697771799756e-03
9.683961572867499576e-03
8.439324440906099609e-03
7.740806992328500002e-03
9.636872522601400842e-03
8.502022925094899694e-03
8.037928726785999178e-03
8.832274542250700272e-03
7.497899283596100306e-03
9.220432930112799907e-03
9.341858330214000000e-03
7.693330557768300257e-03
8.857709381950200703e-03
6.876037283132499858e-03
1.116952174811810042e-02
9.414086804575300810e-03
9.377530246062099756e-03
7.766812035145300407e-03
7.397364411688100300e-03
9.726006160750099577e-03
9.185752126440899570e-03
7.994989491957900721e-03
7.892901626655599717e-03
8.440776822877199201e-03
8.379706058930999624e-03
9.572285989645400173e-03
9.742277420372100552e-03
8.565287435498900384e-03
7.302097678179599732e-03
9.874400147191099777e-03
8.306017861188799700e-03
6.289397458010199601e-03
8.310096511554199497e-03
8.765752441004300705e-03
1.020676755435930005e-02
7.741829112813600026e-03
7.432729714907800392e-03
9.485406198521300139e-03
9.373468129589999573e-03
6.654434594602000319e-03
8.952098631656000421e-03
9.357559065710299717e-03
7.595480891367799824e-03
8.746953497862400631e-03
9.078083441619500329e-03
1.026801437753169927e-02
7.886148030721799179e-03
9.015997944176500425e-03
7.683738809128100311e-03
8.863493293056299779e-03
7.818707796980099364e-03
9.048374861492800361e-03
9.572249982142500696e-03
8.307773915266200571e-03
8.529807595570100542e-03
7.841388117909100369e-03
7.389870510797900277e-03
8.519727536676700852e-03
7.042199034074800128e-03
8.746614743540199674e-03
8.311370506384700013e-03
7.760833386642599849e-03
9.836404691296799299e-03
7.712547877790299801e-03
1.042654654509289971e-02
8.768045978351400246e-03
8.763396360330300006e-03
8.787071476400900097e-03
8.630058238856300537e-03
8.679434148733700463e-03
8.098555290174100363e-03
8.931332302551100652e-03
7.714035732907499610e-03
7.521221506639400381e-03
8.551834622353900531e-03
8.077433523900300061e-03
9.174166284853100400e-03
8.031658900738999560e-03
7.776500077946900229e-03
1.001233002523850037e-02
8.346880250021700490e-03
8.649895681679599380e-03
9.449154072752300251e-03
8.235476743043300754e-03
9.236159696072299488e-03
8.312004597653899901e-03
7.322782638362899769e-03
7.794207632935299702e-03
9.141099717661600038e-03
7.869523490553899381e-03
8.306063902950000175e-03
6.869088306132900036e-03
8.373969791482799643e-03
7.660328767951900091e-03
8.581041107610300200e-03
8.415208163872799421e-03
9.145853072388500371e-03
8.013010564152999587e-03
7.432422988202100171e-03
8.071689165506100092e-03
9.453684647272799987e-03
1.156557005669840016e-02
7.583500178012200429e-03
9.527087637751299742e-03
8.847276439817499533e-03
9.591215339812299984e-03
9.017375769093399426e-03
7.743707557959099777e-03
9.444139748226700048e-03
9.276500902021400305e-03
8.156450620637700072e-03
7.519778150214800200e-03
8.701238802062000177e-03
6.518271474514600317e-03
9.872057980459099380e-03
8.101022906501399376e-03
7.194945902591800245e-03
8.044035157322399626e-03
6.964303637801799902e-03
8.767147240378400652e-03
9.083489131499500671e-03
9.228108103602200227e-03
8.362252353392699358e-03
9.555414362432599479e-03
8.261028786455199696e-03
8.632479962327599746e-03
7.766651288233400105e-03
8.750272168735100456e-03
8.814307415111199279e-03
7.652756316748800074e-03
6.888477090663099912e-03
8.937965440634699707e-03
9.245288003637599714e-03
8.412479946592199206e-03
8.435552583756000811e-03
9.373565905688399647e-03
9.677866859881999184e-03
9.608613618918600621e-03
8.625177816514999207e-03
8.795260620604400392e-03
6.677107988375699694e-03
8.322535381808099722e-03
8.131061767571000007e-03
