2.385995052685423563e-07
2.348866278120186445e-07
2.348668406723820426e-07
2.363621212117582878e-07
2.453472910701867680e-07
2.361046253438659672e-07
2.346696555380103296e-07
2.354571122183354721e-07
2.397180722990263202e-07
2.346331342052093391e-07
2.347556827089909546e-07
2.386876516515874839e-07
2.353311756158946538e-07
2.351516322905066802e-07
2.347536457387687379e-07
2.348866278120186445e-07
2.348107763070401314e-07
2.366702571837328483e-07
2.346053341235406778e-07
2.347206820433546526e-07
2.347231430076213041e-07
2.352591090182009389e-07
2.348668406723820426e-07
2.362395925320132734e-07
2.347577527531721582e-07
2.347032234818399022e-07
2.376974576582797061e-07
2.346956543431746722e-07
2.346674824925636822e-07
2.348375836859515511e-07
2.347231430076213041e-07
2.354329247905566849e-07
2.373854767196936774e-07
2.348626414629619227e-07
2.346053341235406778e-07
2.348107763070401314e-07
2.351071189376723747e-07
2.359637454495529522e-07
2.371923701320274650e-07
2.346116848804169528e-07
2.364772883062902832e-07
2.347092650368764489e-07
2.352113389527421656e-07
2.346053341235406778e-07
2.346116848804169528e-07
2.374805825433391042e-07
2.346347968946273422e-07
2.349518198309087788e-07
2.346053341235406778e-07
2.356465210268911010e-07
2.346116848804169528e-07
2.359787235413990541e-07
2.348668406723820426e-07
2.347536457387687379e-07
2.346331342052093391e-07
2.348107763070401314e-07
2.376633158162792521e-07
2.349335492623287869e-07
2.350532586986130715e-07
2.347092650368764489e-07
2.373854767196936774e-07
2.351684289624535437e-07
2.347231430076213041e-07
2.347092650368764489e-07
2.351071189376723747e-07
2.365788020042992879e-07
2.346053341235406778e-07
2.346674824925636822e-07
2.363604202539002916e-07
2.347092650368764489e-07
2.356470256772103889e-07
2.347092650368764489e-07
2.346331342052093391e-07
2.362067275543081887e-07
2.346674824925636822e-07
2.353311756158946538e-07
2.347536457387687379e-07
2.347853042400352260e-07
2.378225627908009685e-07
2.357682083738143380e-07
2.355863183199088509e-07
2.346956543431746722e-07
2.385696948466428885e-07
2.346134633745636569e-07
2.354329247905566849e-07
2.416371562012090157e-07
2.352034549366666331e-07
2.348107763070401314e-07
2.373282513189744529e-07
2.346134633745636569e-07
2.346347968946273422e-07
2.351684289624535437e-07
2.382194332176648685e-07
2.378757012116279850e-07
2.350634113892180191e-07
2.347016263210662234e-07
2.382194332176648685e-07
2.379248662043781165e-07
2.347206820433546526e-07
2.360636470464132551e-07
2.346053341235406778e-07
2.362163395777138863e-07
2.377628528262838979e-07
2.398659431516338699e-07
2.378531609085219843e-07
2.346956543431746722e-07
2.450252808424694467e-07
2.397180722990263202e-07
2.346347968946273422e-07
2.349335492623287869e-07
2.375828829555366364e-07
2.347092650368764489e-07
2.346674824925636822e-07
2.355863183199088509e-07
2.348625604163684110e-07
2.353009198504807364e-07
2.347536457387687379e-07
2.362960409060449121e-07
2.786350454607196275e-07
2.347853042400352260e-07
2.347216729661134749e-07
2.354329247905566849e-07
2.348030037048154529e-07
2.347032234818399022e-07
2.347556827089909546e-07
2.348107763070401314e-07
2.346116848804169528e-07
2.347016263210662234e-07
2.349924029250919235e-07
2.349897412152109304e-07
2.354729247733527499e-07
2.347556827089909546e-07
2.377420658409515516e-07
2.348375836859515511e-07
2.349518198309087788e-07
2.347853042400352260e-07
2.347206820433546526e-07
2.351071189376723747e-07
2.349382839147248856e-07
2.361180919036371776e-07
2.350532586986130715e-07
2.348668406723820426e-07
2.359548620499686175e-07
2.347016263210662234e-07
2.348668406723820426e-07
2.347032234818399022e-07
2.347032234818399022e-07
2.347206820433546526e-07
2.349518198309087788e-07
2.373679883355125772e-07
2.348625604163684110e-07
2.353898454643103867e-07
2.346956543431746722e-07
2.348626414629619227e-07
2.347536457387687379e-07
2.384742578797936151e-07
2.383835065915952136e-07
2.356465210268911010e-07
2.347032234818399022e-07
2.347032234818399022e-07
2.349897412152109304e-07
2.352034549366666331e-07
2.370355266594289735e-07
2.347853042400352260e-07
2.348866278120186445e-07
2.347536457387687379e-07
2.349518198309087788e-07
2.355467524165384162e-07
2.346116848804169528e-07
2.348866278120186445e-07
2.349924029250919235e-07
2.346956543431746722e-07
2.347016263210662234e-07
2.347853042400352260e-07
2.352591090182009389e-07
2.373066311318570963e-07
2.346696555380103296e-07
2.347853042400352260e-07
2.348107763070401314e-07
2.346331342052093391e-07
2.366305132735796545e-07
2.375927458258162048e-07
2.378361655903258509e-07
2.351201258116047426e-07
2.377528864860343955e-07
2.372778016401237970e-07
2.376311628947946445e-07
2.364772883062902832e-07
2.352034549366666331e-07
2.347206820433546526e-07
2.346116848804169528e-07
2.351071189376723747e-07
2.347092650368764489e-07
2.346134633745636569e-07
2.346331342052093391e-07
2.379438213826654135e-07
2.360491086114456285e-07
2.346956543431746722e-07
2.347216729661134749e-07
2.369338925861750175e-07
2.367518179573932133e-07
2.347206820433546526e-07
2.353311756158946538e-07
2.346347968946273422e-07
2.379169579613942024e-07
2.347032234818399022e-07
2.346956543431746722e-07
2.346134633745636569e-07
2.347925615532040198e-07
2.346331342052093391e-07
2.350532586986130715e-07
2.347925615532040198e-07
2.354329247905566849e-07
2.347216729661134749e-07
2.346134633745636569e-07
2.347231430076213041e-07
2.359548620499686175e-07
2.346116848804169528e-07
2.347032234818399022e-07
2.346331342052093391e-07
2.349382839147248856e-07
2.364772883062902832e-07
2.353311756158946538e-07
2.347853042400352260e-07
2.347206820433546526e-07
2.346116848804169528e-07
2.347536457387687379e-07
2.347577527531721582e-07
2.353898454643103867e-07
2.347092650368764489e-07
2.346053341235406778e-07
2.358852585072605636e-07
2.352113389527421656e-07
2.346696555380103296e-07
2.347925615532040198e-07
2.346134633745636569e-07
2.372978471638949586e-07
2.348625604163684110e-07
2.347231430076213041e-07
2.512244132614704577e-07
2.348107763070401314e-07
2.362067275543081887e-07
2.348625604163684110e-07
2.381397377830474820e-07
2.352113389527421656e-07
2.351684289624535437e-07
2.352113389527421656e-07
2.377422269363082990e-07
2.349897412152109304e-07
2.376170470360913207e-07
2.346674824925636822e-07
2.622839509484484918e-07
2.352113389527421656e-07
2.358852585072605636e-07
2.349897412152109304e-07
2.347092650368764489e-07
2.356470256772103889e-07
2.384609585682419658e-07
2.346347968946273422e-07
2.348107763070401314e-07
2.346134633745636569e-07
2.367482170799014813e-07
2.346053341235406778e-07
2.346053341235406778e-07
2.346116848804169528e-07
2.347925615532040198e-07
2.346674824925636822e-07
2.360618677412988903e-07
2.354571122183354721e-07
2.354571122183354721e-07
2.346331342052093391e-07
2.348375836859515511e-07
2.351684289624535437e-07
2.366862766972470832e-07
2.367397444405583386e-07
2.346674824925636822e-07
2.347536457387687379e-07
2.347577527531721582e-07
2.379169579613942024e-07
2.347092650368764489e-07
2.346347968946273422e-07
2.347032234818399022e-07
2.347536457387687379e-07
2.365089589934150871e-07
2.367518179573932133e-07
2.369338925861750175e-07
2.408593403078119737e-07
2.381144888517421136e-07
2.346116848804169528e-07
2.346696555380103296e-07
2.347216729661134749e-07
2.346696555380103296e-07
2.427739661537237576e-07
2.351684289624535437e-07
2.347092650368764489e-07
2.346053341235406778e-07
2.377420658409515516e-07
2.347536457387687379e-07
2.347536457387687379e-07
2.360436855486922083e-07
2.365788020042992879e-07
2.347231430076213041e-07
2.351071189376723747e-07
2.347092650368764489e-07
2.366862766972470832e-07
2.347925615532040198e-07
2.384609585682419658e-07
2.350514687441303640e-07
2.347925615532040198e-07
2.347092650368764489e-07
2.351516322905066802e-07
2.362067275543081887e-07
2.366862766972470832e-07
2.378322385961894586e-07
2.347206820433546526e-07
2.364772883062902832e-07
2.348626414629619227e-07
2.348030037048154529e-07
