5.074859353496147252e-01
-2.616469030711001120e-01
-3.214038928546686935e-01
-6.308622534871294665e-03
8.193115934027787040e-01
1.128806242512689684e+00
-9.689966596862633619e-01
-2.229735541041867108e+00
-1.884195938066685727e+00
-2.194320287074643938e-01
-6.344815760563632390e-01
1.201496074253391777e+00
-9.055785808743227472e-02
2.028184969750952416e+00
1.916892617761690731e+00
2.439440718855804935e+00
-1.508767811450485663e+00
-4.963709002718973418e-01
-5.469621103578887339e-02
4.097522903938456418e-01
4.186937462226278384e-01
-6.712634494596581014e-02
3.638166811689530489e-01
-1.538091307409368946e+00
6.939155423437410874e-01
1.071390228516648557e+00
1.481620134880546336e-01
9.255298972475862751e-01
-1.945689919448452820e-01
-8.997998657177108672e-01
-7.434758671013853570e-01
1.275593782335069593e+00
2.955906094715403110e-01
-9.016618412918098180e-01
6.561805492997324629e-01
4.284379460644292537e-01
5.034193031632935300e-01
-7.998528814594441094e-02
-1.407927241591870049e-01
1.012321626784504769e+00
-1.444090214597918642e+00
8.299208036612550909e-01
1.666411970056020708e+00
-2.251507495055367514e+00
-1.038495189015426812e+00
-6.836673528806622713e-01
4.673286982539004986e-01
-1.090132420061052931e+00
-4.868342723342854450e-01
-2.418274932806331545e+00
7.137806881338698561e-01
1.587688261094094277e-01
5.217823445111702263e-01
-2.666479730386686064e-01
4.146838948265997304e-01
-1.147981775593693632e+00
1.810448520187087240e+00
3.458780052910958580e-01
-4.892560823655964786e-01
-5.876487959459965049e-01
-4.147300507601273667e-01
9.895910689522838810e-01
3.813723516788557477e-01
1.817164166412627457e+00
-7.248608672051601309e-02
4.588461007436570038e-01
2.758846813537921827e-01
2.855048328214019104e+00
8.087507069426788098e-01
2.062166983884244686e+00
1.091492730988531612e+00
2.395468771656780849e+00
-2.154578165526408018e+00
-2.253717918277662768e+00
7.491328183670284968e-01
1.190385512939875046e+00
-2.277605718478967478e-01
-2.365081952467892601e-01
2.199474561331810352e-01
2.054509430369678924e+00
1.117920578262472653e-01
1.468194851100238729e+00
-3.757274598000060473e-01
9.894832518758815976e-01
8.883378920131363987e-01
-1.145281933622583459e+00
5.265657203203228942e-01
-2.289487485001170386e-01
9.767997916699294736e-01
1.024600349832696988e+00
-9.787800190803805922e-01
1.141423663918990083e+00
2.111049385672652545e-01
7.394373277310997139e-01
6.150204683560400037e-02
-1.269815948842083486e-01
4.935862843622807472e-01
-9.995580272401253241e-01
1.272046112901673576e+00
3.323070123134021170e+00
1.126677166269397290e+00
-2.084460463220878246e-01
1.093240316593574901e+00
-6.521008253733687754e-01
1.641102295812412404e+00
4.525458845331486457e-01
8.016785123812711911e-01
4.829851034382213193e-01
-1.437491915551029065e+00
5.027933800763709771e-01
3.007758830297172503e-01
4.340002716537976618e-02
9.923832302685917650e-01
4.694765817770311656e-01
7.525353551241752148e-02
-2.835243181985680483e-01
2.235095684181868325e+00
8.074860546066128797e-02
-1.103654517320774575e+00
-2.434056926154381725e-02
-4.164556032635257643e-01
7.519181238093786135e-01
3.205558197096922135e-01
-1.226980921681804615e+00
-1.297432049241629359e+00
-8.306951239982451884e-01
1.833822388153370231e-01
-7.525251276722303428e-01
-1.789622496674121876e+00
-1.401431133377361790e-02
-7.221052269519703248e-01
1.928963640794598478e+00
-6.726814394132271113e-01
8.631926673513677928e-01
-7.495177921199249749e-01
-1.497216804919075495e+00
5.824317973118290359e-01
-6.931744403934095855e-01
-7.627714705064531087e-01
-3.131583589852172944e-02
1.696760537550017767e-01
-1.391737281557980044e+00
-1.228068850665133827e+00
3.858949422422698339e-01
6.877822455700901561e-01
6.639307481400603672e-01
4.388001963960789786e-01
-4.932944305502323101e-01
-1.544541646248121625e+00
-7.289441140462768476e-02
-4.532105484416713015e-01
-1.542116701216774022e+00
7.585231493719336582e-01
-4.239460086651471449e-01
1.231247406812333578e+00
-1.279071204903606818e+00
-7.688181733581015420e-01
-4.365095275690634713e-01
-9.287005832876928935e-01
-3.261373216472507885e-01
-1.237569400555552923e-01
5.434837220153329040e-01
1.474893377925220239e+00
1.491061792147997167e+00
-4.172996737523993471e-01
2.289424914346973039e-01
6.276945474503332623e-01
-1.640803501219576743e+00
7.377476160218826573e-01
-3.231078861726643381e-01
-6.449867598849475803e-01
-6.675325073789902808e-01
-5.591588098892338321e-01
2.996451184190032646e-01
5.171375361856263009e-01
1.009073005826326641e+00
-9.504472290520140643e-01
-1.423988255167251804e+00
3.108133137385726830e-01
1.181217734444719891e+00
7.007120069657696293e-01
-1.271446124614866724e+00
-2.410497806458685499e+00
-3.590906850466522027e-01
1.048089668960991316e+00
4.130817396009291431e-01
-2.827752948671142796e-01
-6.610731987834633783e-02
-8.800138826954996274e-01
5.288247812597729469e-01
-1.388513272677501131e+00
4.706565314142478751e-02
-9.604160729868168600e-01
-1.887451638016540922e+00
2.249498511113371957e-01
1.501017103319329804e+00
5.362639058170178830e-01
-8.864599629141785009e-01
1.774309567186301839e+00
3.466844525935665056e-01
1.204309559452318545e+00
-1.682883244090321861e-01
-2.007809200960184004e+00
1.535430526252155869e-01
-3.190641856545377020e-01
-1.578795026726997897e+00
3.277649750067104240e-01
1.961773301022118332e+00
1.390315333412306620e+00
-1.562304813422319194e+00
-2.037225420831139111e+00
1.056341586108475346e-02
4.644831686362345113e-01
-1.459486248879266201e-01
-1.179920120069378187e-01
-8.739912981863421360e-01
4.188167113284979037e-01
1.215875674624677494e+00
-1.724060349255027436e-01
1.726753635164061107e+00
2.576025463258360126e-01
3.655099238036377263e-01
-8.351117136565070487e-01
8.660779648452586743e-01
-4.432699100552802141e-01
8.949403895531892195e-01
5.984132362729105425e-01
2.338404541687437721e-01
-1.494118260339779791e+00
-5.275529278777892905e-01
1.322331875842388982e+00
-7.531492759269639015e-01
1.827973884169630248e-01
-6.718006329571905022e-01
-6.830044259611008917e-01
-9.577426505691101211e-01
-1.787743621633272051e-01
-1.200991864391633135e-02
-1.401433392636286968e+00
-1.107151825961915748e+00
1.439790896509078655e+00
1.004676355653448816e+00
-6.407882780152793778e-01
6.951310967114819883e-01
-1.175978019336064023e-01
1.787995080624688038e-01
1.219172006000166064e+00
-4.275546381164738730e-01
2.092274272701307947e+00
5.310273087049877105e-01
-1.863922192889649665e+00
-4.377631616864758324e-01
1.911610530168205146e-01
-6.153797425339351257e-01
-1.155528159300083457e+00
-7.130493763228848980e-01
1.094506991118760375e+00
