1.242809126656140017e-02
1.081055226710149995e-02
8.319204127341399760e-03
8.420782185333399589e-03
6.943987024107100420e-03
1.092775176426529979e-02
1.191629061946839971e-02
1.406841751869000040e-02
1.223942060688850038e-02
1.165338586484030055e-02
1.179267636076409935e-02
6.954310109609999901e-03
1.290049430388679960e-02
1.227137770487229940e-02
1.359467640087680049e-02
1.117130758089419917e-02
1.218427792057310069e-02
1.243521417435160085e-02
1.319784168392639997e-02
1.199316825691220008e-02
1.409784634629960079e-02
1.439183884992810067e-02
1.184032811376529992e-02
6.972961760355099806e-03
1.233338495467799917e-02
1.233833704347419950e-02
1.416515986634989989e-02
1.142540414688869924e-02
1.242452528361680068e-02
6.274014545292599769e-03
1.235198088925729999e-02
1.093005515820810042e-02
1.323989967799099957e-02
1.251013958833270025e-02
1.194848024109980075e-02
1.202269859703079986e-02
1.142859818481390018e-02
7.353583590614799596e-03
7.353983311175199891e-03
1.350246582896190081e-02
7.013621623426899779e-03
1.329113994972950033e-02
1.137888250682330023e-02
7.028778973314799700e-03
1.291588396337320019e-02
1.204747369718489960e-02
1.421343437850879944e-02
1.187332425100100057e-02
1.201606490664470020e-02
1.185894860037890047e-02
1.225966276491500043e-02
1.144157724804120008e-02
1.271740683584809961e-02
1.374244091454459964e-02
7.272473623610199722e-03
1.264784021779860081e-02
7.424680658054699615e-03
1.256195399718330018e-02
7.025381874168900274e-03
1.109679728403860019e-02
1.127893358166149988e-02
1.284042207967349934e-02
1.321043178351490044e-02
1.247797427595970059e-02
1.241349435290130081e-02
1.229445129526060033e-02
6.963159424088200336e-03
1.162023737516420033e-02
1.234914279094029982e-02
1.214663653411679999e-02
1.208516486355989961e-02
1.179168696906770022e-02
1.315823010520649969e-02
7.320947377236100388e-03
1.299647444810680084e-02
6.753353732063599978e-03
1.283012667279109960e-02
7.453174524532199703e-03
1.118375521236840073e-02
1.390132142755019957e-02
1.348992872772149937e-02
1.284586804270619956e-02
1.225951988060420064e-02
1.188814519766430086e-02
7.360876471959599578e-03
1.219219001542439992e-02
1.224519409484759944e-02
6.798364402611000411e-03
1.232013915337150031e-02
7.296930702856700007e-03
1.208185180597729988e-02
1.202163302433940061e-02
1.178862650924509918e-02
7.163455386779400171e-03
1.320588690086010007e-02
1.275884130813179952e-02
1.042987908008599987e-02
1.258255065694030041e-02
1.302862848478759938e-02
1.323456446952350068e-02
1.076990894779270014e-02
1.203765360926009956e-02
7.424680658054699615e-03
1.246823779131099943e-02
1.201522704339880003e-02
1.268997565646430049e-02
7.724837297672600134e-03
1.100452247586959989e-02
7.825911004841399482e-03
1.201480811455800032e-02
1.236680074108249990e-02
7.407196540031999593e-03
1.219276170533920012e-02
1.229723746793059957e-02
7.433246488347499716e-03
1.299797775663709930e-02
1.238379700955600030e-02
1.196952906232410033e-02
1.131844563081049922e-02
1.192071672853320038e-02
1.330256034974889971e-02
1.292036862202509961e-02
1.273454001857439975e-02
1.247067310532379986e-02
1.280891423263180035e-02
1.237639915944640026e-02
7.066947710767999651e-03
1.161712787878270078e-02
1.228171197017560029e-02
1.304927298467749991e-02
1.203489853499689968e-02
1.397676870095479994e-02
1.256114478064519931e-02
1.209801454855580043e-02
1.294080744591179916e-02
1.146021292297400018e-02
1.285346452045220064e-02
1.245990394078570068e-02
1.234853518949029921e-02
1.069298452704610033e-02
1.254246452808670080e-02
1.206690807708869946e-02
1.240607875369349918e-02
7.715865767065299870e-03
1.276100604450489985e-02
7.932762142731999283e-03
1.213785614471490047e-02
1.271735154234980049e-02
1.311372758883130006e-02
1.254874057987460066e-02
6.839047612032200102e-03
7.863645175452599334e-03
1.249961312247029922e-02
7.552376367933299681e-03
1.371385193561850020e-02
7.144733354564000022e-03
1.150930706429069937e-02
1.148910455771100063e-02
1.123686118789360075e-02
1.082857673595820011e-02
1.223446191532889978e-02
1.136352902683680083e-02
1.145664080866379969e-02
7.494748463548300300e-03
1.413289518407630056e-02
1.242109555782579949e-02
1.249827419524109952e-02
1.180001848953349947e-02
7.762617783562899762e-03
7.418954504994999984e-03
8.230691104765500143e-03
1.188178879312410015e-02
1.261226760694770035e-02
9.294077575171999853e-03
7.571996235093999932e-03
1.202517991055299974e-02
1.274444138144649984e-02
1.159881835311740023e-02
1.091007981413799968e-02
1.115651004032429915e-02
1.306400086810110064e-02
1.248396649761190046e-02
1.251835872752530068e-02
1.292279363506440050e-02
1.304969297509040067e-02
1.287862829558509940e-02
1.161830470428430045e-02
1.184319419192570062e-02
1.201188890120929997e-02
1.182028720603939959e-02
1.306639121626359916e-02
1.162042535949790040e-02
6.678368443284700244e-03
7.151651842342199653e-03
1.287596001692200079e-02
1.261997845085830079e-02
1.211031836243590086e-02
1.310028456256439981e-02
1.257342110932489938e-02
1.196310564283250069e-02
1.186004706901350007e-02
1.309153872459450051e-02
1.219701323063539927e-02
1.153656141734279994e-02
1.180874810826229929e-02
7.029297215195099910e-03
1.283908725109529983e-02
1.264118856602279919e-02
1.144260686298050056e-02
1.197007993627349949e-02
1.350579084709170076e-02
1.224392005926129914e-02
1.112121199217959953e-02
1.286688378061860011e-02
6.940063460268800291e-03
1.143484264803830072e-02
7.913447574561700837e-03
7.738245325962500414e-03
6.801349501514500004e-03
1.153749957569540074e-02
1.198210742644120058e-02
1.304371054485299955e-02
1.233140842482370082e-02
1.327248888971840034e-02
1.308518288920700046e-02
1.335454260446499938e-02
1.270558113840469967e-02
7.228384289997800104e-03
1.136959934891029929e-02
6.955828362942399930e-03
1.174585818328189972e-02
1.254859736775769917e-02
1.234312505010310042e-02
8.509431151959000530e-03
1.219216518033370070e-02
1.272034762169350040e-02
1.331700589467059957e-02
1.281065126395200017e-02
8.040785364321600612e-03
1.305928010873740053e-02
7.630473259809899753e-03
1.351463756835290068e-02
1.178894852898700052e-02
7.287635506235600087e-03
1.137422037285949934e-02
1.263308726651489987e-02
1.265219140164799971e-02
1.156148627219629951e-02
1.242401447019719947e-02
1.252937429568799950e-02
1.195223529187319951e-02
1.166751561271390028e-02
8.399828619714699504e-03
1.503403842744920060e-02
1.325312260902660084e-02
1.297374186792049980e-02
1.218761408205479985e-02
1.188236627202570068e-02
1.265616562892469925e-02
1.160725298903560014e-02
7.144733354564000022e-03
1.237332815890999915e-02
1.241101070236400039e-02
7.151651842342199653e-03
1.181498590044310036e-02
7.656124363798900122e-03
1.206749637295989955e-02
6.752439267767899704e-03
1.227374560871660053e-02
1.270905639008589917e-02
7.049235994866499995e-03
7.015182806625000315e-03
1.055604901808190020e-02
1.289115683253760046e-02
1.360883934771200086e-02
1.196236552467659989e-02
1.155778425670649957e-02
7.320947377236100388e-03
1.259462665460799914e-02
7.309109735171500331e-03
1.271687316085919929e-02
7.743980745120599904e-03
1.223034187886459963e-02
7.909098671577999631e-03
7.595823916817999802e-03
1.197416439140959986e-02
1.032896080227999926e-02
7.341619630076100418e-03
1.203471079703049944e-02
1.122187329653250021e-02
1.277344640185209927e-02
6.533057343227900195e-03
7.108922283693800380e-03
1.306505818983720070e-02
1.291415209831650070e-02
1.435866400521649926e-02
1.155036371225320012e-02
7.739481647134499945e-03
1.223755897821830058e-02
1.240423586970509917e-02
1.268056974349660027e-02
1.244653986188149972e-02
1.196758933261339933e-02
1.340101699160240085e-02
1.229582691472939915e-02
1.097363559279200020e-02
1.274446785325500028e-02
7.526306973413599694e-03
6.951412068009900358e-03
1.240653021618200007e-02
1.178403239596209975e-02
1.306518608238290031e-02
1.292094881324369962e-02
7.298181894606899783e-03
1.415400849454680025e-02
1.150283304317139925e-02
1.196194942635570024e-02
1.180927037851500078e-02
1.291770013897070024e-02
1.144611623054679964e-02
6.950723210888599783e-03
1.154598269627809919e-02
1.139986199748549943e-02
1.221454026523299992e-02
6.880154222739899746e-03
1.145255308489600068e-02
7.403915112096100259e-03
1.194635379989049916e-02
1.034386431433650076e-02
1.228749456874239990e-02
7.360876471959599578e-03
1.147588781640990034e-02
1.195134014066880079e-02
7.413117156012500111e-03
1.256850478295470051e-02
1.225220093826650050e-02
7.918465217629299530e-03
1.133829748897129987e-02
1.282517457161949995e-02
1.116911658901699987e-02
1.105118173076059980e-02
1.197290499150720049e-02
1.372878304642660002e-02
1.250235918726999920e-02
1.261890602256819996e-02
1.254643522629939924e-02
8.266733139387000273e-03
1.174447092627040057e-02
7.637655512406100328e-03
1.127934947114509964e-02
1.122922064460520064e-02
1.210143793664720038e-02
1.457387599925939921e-02
1.258472455670439985e-02
1.262761051847370065e-02
1.334373258281009930e-02
1.149655557017910043e-02
6.873175467453499984e-03
1.200088146364500057e-02
1.304587895978489946e-02
1.125675401639029960e-02
1.121737799300999948e-02
1.491710662423370061e-02
1.247267108302170004e-02
1.222314629285960012e-02
1.072214039101859924e-02
1.361863443224049959e-02
1.225208852591319966e-02
1.248584920735970084e-02
1.252206695374019976e-02
7.354461854451300150e-03
1.270686969260960072e-02
1.238007377710599946e-02
1.223619505036849936e-02
1.300870999145779978e-02
1.257377641493090045e-02
1.294067317070599944e-02
7.900619902846000436e-03
1.224153799482009981e-02
1.206151853133300041e-02
1.140168174940539916e-02
1.362482376205269990e-02
6.808462043103900158e-03
1.453232089193710018e-02
1.237537151502710042e-02
7.066947710767999651e-03
1.362790622415500051e-02
7.533999505292599853e-03
1.129716129532190062e-02
1.124242452726159983e-02
1.206929010273400001e-02
1.179004062833939950e-02
8.230691104765500143e-03
1.279338178541910079e-02
1.158934205806269949e-02
1.419656370688569987e-02
1.323837355724710035e-02
7.958217116125099189e-03
1.321936965004119960e-02
1.154860755862630040e-02
1.280400533338059942e-02
1.217477719850680075e-02
1.255726380833300029e-02
1.223692072258089972e-02
1.233089941640999956e-02
1.301144760010129915e-02
1.269306588015249940e-02
7.201896238416599996e-03
1.186988061278780072e-02
1.231608341261669973e-02
1.236113143942530086e-02
1.209343684872589940e-02
7.253761251817299714e-03
1.114058370377460014e-02
1.154816584787870040e-02
7.366888544791999963e-03
1.311705209038610022e-02
1.266167686674520010e-02
1.259340545666430035e-02
1.155090473433760014e-02
1.265750555439919961e-02
1.459692919619389948e-02
7.935534673388200400e-03
1.200406088805669978e-02
1.252376731853569944e-02
7.453174524532199703e-03
1.501016441967309954e-02
7.276312268146199747e-03
1.263640996288739951e-02
1.229068777868340054e-02
1.292957824314449992e-02
1.317107344187319964e-02
7.501644264076100417e-03
1.278169664375309982e-02
1.362767369407080070e-02
7.004631725043400196e-03
7.068334938762800036e-03
1.201139693087189923e-02
1.218035106097680072e-02
6.839838886379699667e-03
1.342894491462789941e-02
1.355110619927239919e-02
1.156102177508229988e-02
7.712048462079900378e-03
1.348700537405760069e-02
1.117849340456040022e-02
1.298373949755459930e-02
1.239808696221660067e-02
1.203420486405669919e-02
1.266287208072530007e-02
1.194940507939599994e-02
1.236816004939489920e-02
1.185333599720450083e-02
1.331386218292470065e-02
1.090752304276349990e-02
1.257567667004299942e-02
1.197096252436750073e-02
1.300127378169559957e-02
7.652919104020599640e-03
1.490004993653290012e-02
1.251676743960979978e-02
1.241835694805880005e-02
1.287232420398999946e-02
8.420782185333399589e-03
1.214848766570740014e-02
1.331393407208180009e-02
6.831474512098300103e-03
1.207374477995089984e-02
1.335032466721799982e-02
7.750869649311199934e-03
1.228380175294519969e-02
1.187844499313469963e-02
1.229423616327210075e-02
7.016253806033099713e-03
1.166738473426410030e-02
1.189703950933299927e-02
1.187673298304360060e-02
1.271442375528730045e-02
1.266293517519499930e-02
7.837514584541099838e-03
1.028927994709910067e-02
1.110996236847669981e-02
1.260431372650920069e-02
8.320804723740200803e-03
1.224107303424819965e-02
1.220484723239509926e-02
1.114810682851619973e-02
6.624858011457899695e-03
1.158730463394909947e-02
7.537923181311700221e-03
7.051685154209600195e-03
1.205885818615829927e-02
1.163113080613270046e-02
7.991673059135300308e-03
7.595823916817999802e-03
1.327583680160549992e-02
7.435574046527599831e-03
1.242910453912400050e-02
1.136525757280430066e-02
1.181233879144790062e-02
1.245383901644850008e-02
1.263210717086600023e-02
1.114323711757840042e-02
1.184429065443019964e-02
1.155242631272460074e-02
1.317354144364809958e-02
7.996684089293399494e-03
1.160274285593529929e-02
1.302788499782940070e-02
7.239182152445500056e-03
1.341039280638449925e-02
1.149876146617150041e-02
1.234452825929460013e-02
1.198112189422270019e-02
1.274800424587579917e-02
1.212586765693910058e-02
1.356105985761030079e-02
1.262557904975439987e-02
1.130731162984030015e-02
1.272819947728050065e-02
1.392688071130349960e-02
7.898720318360100134e-03
1.268678889705780050e-02
7.713738446389600129e-03
1.217456368070599960e-02
1.110891758556250067e-02
1.137138556796049929e-02
1.228243659372420075e-02
1.178502007641180072e-02
1.483344760921150030e-02
1.330742990177449965e-02
1.249997523124810050e-02
1.107102143856629993e-02
1.415724039984539960e-02
1.135433259818839982e-02
1.196406882139739933e-02
7.900619902846000436e-03
6.866426101292700049e-03
7.211751726091100191e-03
1.292342614137440004e-02
6.966286176668399881e-03
1.264158758192900078e-02
1.184720388498199974e-02
1.265778219634829983e-02
7.533999505292599853e-03
1.302291529860889925e-02
7.719746668150499758e-03
1.240729681407880085e-02
1.343429170937459997e-02
1.230958933166360035e-02
7.712304415957899756e-03
1.203044562654599983e-02
1.366232898787670021e-02
1.057257088667700080e-02
1.123107068392260009e-02
1.152295175808520054e-02
1.247081251070859993e-02
1.116460921674570020e-02
1.323775520706989978e-02
1.084932735541870030e-02
1.209490769512380076e-02
1.304963586268760058e-02
1.305437426401079987e-02
1.291767582758739964e-02
1.135889536104369921e-02
1.387657630446269968e-02
1.335020662962850026e-02
1.129785925345229945e-02
1.167397241315940026e-02
1.206602233537959999e-02
1.316045808023819964e-02
1.214532400321360027e-02
1.190090373713559996e-02
1.214321379290719989e-02
8.778206706798300646e-03
6.844140662507499674e-03
1.139610696035609980e-02
1.238491866358949929e-02
1.260361884053349917e-02
1.224647941636819969e-02
1.237821077474529977e-02
1.331446607285330028e-02
1.215651300329780027e-02
1.345878766687380081e-02
1.161763427186219937e-02
1.279190580244310080e-02
1.293114238479270081e-02
1.244291240917609967e-02
1.198030959203410031e-02
1.221020803879580008e-02
1.085326334148620057e-02
1.220561929927930014e-02
1.256148491311080001e-02
1.314649470266520022e-02
1.425162181376199953e-02
1.163944529736929932e-02
1.306872417463159942e-02
1.227921871977320084e-02
7.474879671792999947e-03
1.182380970680779915e-02
6.515875706406400354e-03
7.237173995063799978e-03
7.076293733987999712e-03
7.381915280571599985e-03
1.189759825085769974e-02
1.308678525139039990e-02
1.283492994228439994e-02
1.229935888250499945e-02
1.260066332020570029e-02
7.623212278660199820e-03
1.250135016820779973e-02
1.369939460796839974e-02
1.332029516668319959e-02
1.163424443225809929e-02
1.227580798364319957e-02
1.173003067459870048e-02
1.369632415399149941e-02
1.293044941867809924e-02
1.258343237390839933e-02
1.331806928118690024e-02
1.253612401027300038e-02
1.142056227650549947e-02
1.137321979458890027e-02
1.325976267945119975e-02
1.110237452733089936e-02
7.433246488347499716e-03
1.181026032281140038e-02
1.303302479011990075e-02
1.235574052057149957e-02
1.284855561433160057e-02
1.048686588494389914e-02
7.932762142731999283e-03
6.755910696502299799e-03
1.326700299253580004e-02
1.152350034985019991e-02
1.156141331356260078e-02
1.249722679718649927e-02
1.210369910773179992e-02
1.230285691073659989e-02
1.129089038207060046e-02
6.963108011663999598e-03
1.180974596736240022e-02
1.203979070193239923e-02
1.375269208195390065e-02
8.015499041557900065e-03
1.345209631465549976e-02
7.681596594281600229e-03
1.275360484871869947e-02
1.148771994729820035e-02
1.227303211280770037e-02
1.210736230372209954e-02
1.175676630537790014e-02
1.227633258071310005e-02
1.313099342072489989e-02
1.144917642529539974e-02
7.560984701767000174e-03
1.375097482267999965e-02
1.300775242298029925e-02
1.200677905795560080e-02
1.173465123160370022e-02
9.294077575171999853e-03
1.216749569099479997e-02
1.146140587082919958e-02
1.219783894871729994e-02
1.306704428376219938e-02
1.157759718275700074e-02
7.559797754895600068e-03
7.021734152311400433e-03
1.317599637267150015e-02
1.220838790305310041e-02
7.768124959339000116e-03
6.988752720826599783e-03
1.305795719203630030e-02
1.257419729110030061e-02
7.999549666041600240e-03
1.340513981185549944e-02
1.178230610793250081e-02
1.247742140692779944e-02
1.174095704029359984e-02
1.162935534918329954e-02
7.760617234321099886e-03
1.181782108763849981e-02
1.232309228620230047e-02
1.209821453590819926e-02
1.224710295106280072e-02
1.357576400043639976e-02
1.250258613633489953e-02
1.266016060733160010e-02
1.175877220032790077e-02
1.258689901756560037e-02
1.160982568472710037e-02
1.335074409908730032e-02
1.243255491035000042e-02
1.275188915836560077e-02
1.452519780138939939e-02
1.261904734988509962e-02
1.246339014812570048e-02
1.307475017031139997e-02
1.130012213630279989e-02
7.560984701767000174e-03
1.239168725456279985e-02
1.292614099676729980e-02
6.963108011663999598e-03
1.313487500464720001e-02
1.182420158122710063e-02
1.252838820788020058e-02
1.270932334662949921e-02
1.143818339547759966e-02
1.300580457775649991e-02
6.839838886379699667e-03
1.234230876766970013e-02
8.320804723740200803e-03
1.175702475390909968e-02
1.224500400333809920e-02
1.253578887928699995e-02
1.404933700391619925e-02
1.153550584700489996e-02
1.223172676790000059e-02
1.043396102359899977e-02
1.262950015073350044e-02
1.132915775330609921e-02
1.134311897912490021e-02
7.411727576982400124e-03
1.227538490789100052e-02
1.187090628825420054e-02
7.762617783562899762e-03
7.854651952656900235e-03
1.218540838827360077e-02
6.603351466250999974e-03
1.136102852270680016e-02
6.539163604571200140e-03
7.506923396320800378e-03
7.821561319524699546e-03
1.294036515377919999e-02
7.879674622813200024e-03
7.568654147357099793e-03
1.338261116124070046e-02
1.203183603009999950e-02
1.260669400586019936e-02
1.166492502456330065e-02
1.153405554327299916e-02
7.011114397708900249e-03
1.213850685959880042e-02
1.253953061584179955e-02
1.161263905421209934e-02
1.288923591327480016e-02
6.873552791203800180e-03
1.205856660549789981e-02
1.134615355451120029e-02
8.509431151959000530e-03
1.448632838843970025e-02
8.446807579486900058e-03
1.368535453942999920e-02
7.744087043080299937e-03
1.308052845439209959e-02
7.208605302076100119e-03
1.232888672788609932e-02
1.170775375482160062e-02
1.193424492462990052e-02
7.494748463548300300e-03
1.227095181003499957e-02
7.291934114425900094e-03
8.024881450258900678e-03
1.174956305463459999e-02
1.146723587920960019e-02
6.198718350235299726e-03
1.322567968353799937e-02
1.199924588686459952e-02
7.187467851140900282e-03
8.116255086781000092e-03
1.243243320018760055e-02
7.667645822466999730e-03
8.008047098611099229e-03
1.156750126610659943e-02
1.198947508539290052e-02
1.117610396099059933e-02
1.325724016983119945e-02
1.332425684539640005e-02
1.179307965156230036e-02
1.151290450057249927e-02
1.135574912081819925e-02
1.166664020299850064e-02
1.196522808835710078e-02
1.216429138698480079e-02
7.276927896035899866e-03
1.280708706487370015e-02
1.156069819217770030e-02
1.184241150948340052e-02
1.138178159137519935e-02
7.170198180300200140e-03
1.304327059774229927e-02
1.244290039925900065e-02
1.157991143202839919e-02
7.672039880226600231e-03
1.374445530405120006e-02
1.191828304233530020e-02
1.151190609688240024e-02
1.122074608102580084e-02
1.170330359769030000e-02
1.227558116126379988e-02
1.216949129637730047e-02
1.217565106830999916e-02
1.135974947673410070e-02
1.099649927207389973e-02
6.562098356701900372e-03
7.047255842638399694e-03
7.837514584541099838e-03
1.235706257576399923e-02
1.199109875091259984e-02
1.171212924823719984e-02
1.139965559046129950e-02
1.254404116100880061e-02
1.183537707545189929e-02
1.314137751552029929e-02
6.737192375152799804e-03
1.314169734841419933e-02
1.467961117487440008e-02
1.229599353022369987e-02
1.165529153849160018e-02
1.237799473659390026e-02
6.603351466250999974e-03
1.093851171413320021e-02
7.403915112096100259e-03
1.312873420588249983e-02
6.966286176668399881e-03
1.152806201082359934e-02
1.172450917071470033e-02
7.411727576982400124e-03
1.211826041062829921e-02
7.537923181311700221e-03
1.215183682869109931e-02
1.208755509917660079e-02
1.266483371725029942e-02
1.164743861460119934e-02
1.271253179957959958e-02
1.244603659618710029e-02
7.423128822606200362e-03
1.117835834249730070e-02
1.197244081435260010e-02
1.294883405433949926e-02
1.120958001026750063e-02
8.140900875220399152e-03
1.298284987555419975e-02
7.712003489136400047e-03
1.182959291786410058e-02
1.293143631407039917e-02
1.120125432134489937e-02
1.312438626844830009e-02
1.224437198679270006e-02
1.266142744069279936e-02
1.151507155257899991e-02
7.037981278781599813e-03
6.954310109609999901e-03
1.298788658038890070e-02
1.227486794947890009e-02
1.331448754083340048e-02
8.017071899771799348e-03
6.988752720826599783e-03
1.356871531558979938e-02
6.562098356701900372e-03
1.265503740373899975e-02
1.157995899245899997e-02
1.377438779255019986e-02
1.347190050828529946e-02
1.189685399626840001e-02
1.412072048474959964e-02
1.082728135964479942e-02
7.959693447683099249e-03
1.181350007094470085e-02
1.271421303060480019e-02
6.552462022244499862e-03
1.322644043936200067e-02
1.240877681226790034e-02
1.158360608693819946e-02
1.171392626194140037e-02
7.287635506235600087e-03
1.261757654993300032e-02
1.244925430723740033e-02
7.471145793626099950e-03
1.301214849929879964e-02
1.211800746426150086e-02
1.238890529662449967e-02
7.000884849739899725e-03
1.350372659054810062e-02
1.250841986535740011e-02
6.963159424088200336e-03
1.203462414675809944e-02
1.385267587649450030e-02
6.951412068009900358e-03
1.223113305421939974e-02
6.585123254390299642e-03
1.115844003388449975e-02
1.345517184030619977e-02
1.145771711637890052e-02
1.206221356599820015e-02
1.145873050271549974e-02
1.219664823985290060e-02
1.224791380074180015e-02
1.229147162204830002e-02
7.667645822466999730e-03
1.143066884227439926e-02
1.213052839903079952e-02
1.481323931174349968e-02
1.247617216558540021e-02
6.844140662507499674e-03
1.258141836313429913e-02
1.230747997399909976e-02
1.252206695374019976e-02
7.052951369309499660e-03
1.127093700590309916e-02
1.222055135522080033e-02
1.268971525955439952e-02
1.342943141475889945e-02
1.095488556075640066e-02
1.253011559428770030e-02
1.269058263349879916e-02
1.242714895699979956e-02
1.281778678535970030e-02
1.190615391400850001e-02
7.385187891311199848e-03
7.303444524954199983e-03
1.355547509369520003e-02
1.285638971403250085e-02
1.143332095770989952e-02
1.197395653337049969e-02
7.083362325349800218e-03
6.796018428331200394e-03
1.258651389764369952e-02
6.917603795400999872e-03
7.567643940995199929e-03
1.285142014307610013e-02
1.237301175042120061e-02
1.182737566846719934e-02
1.200781193946709978e-02
1.272359992642869975e-02
7.858275235828000860e-03
6.785938414800300050e-03
7.049235994866499995e-03
1.319935818092489964e-02
1.132629187746980043e-02
6.625909132994899954e-03
1.287652848165580025e-02
1.212125258639819986e-02
7.164917315757599568e-03
1.389978815752370041e-02
1.178777311260269939e-02
1.142785638639600039e-02
1.315865594025520009e-02
8.399828619714699504e-03
1.251104622336179917e-02
1.188158297824929918e-02
7.167257760574700237e-03
1.172569266229600039e-02
1.273915646895910046e-02
7.201896238416599996e-03
1.309775653925420065e-02
1.147204112991649996e-02
8.446807579486900058e-03
1.376448323132739918e-02
7.371510894750799882e-03
7.571404582551099702e-03
7.506923396320800378e-03
1.265756444814519939e-02
1.147164728300150045e-02
1.189219589102790027e-02
1.137032551833440028e-02
1.167175136894470049e-02
1.245316273299999950e-02
1.269523749937400033e-02
1.214179078453610054e-02
1.141936749048000008e-02
1.316442150577240046e-02
1.291947566908890031e-02
1.118916634188669990e-02
6.926083586830900259e-03
1.274983882815210016e-02
1.185393773274130008e-02
1.375596759721210011e-02
1.309376977657330035e-02
1.252136382544359952e-02
7.124831610445699938e-03
1.135115836317029947e-02
1.261292166388260083e-02
1.232422562614669988e-02
1.315590523095920041e-02
1.333056500746430083e-02
1.265484667322559938e-02
1.234881437057229990e-02
1.239578797392809975e-02
1.154143302744150071e-02
1.168540495770679921e-02
6.755910696502299799e-03
1.339439366337370069e-02
1.181946342745429993e-02
1.084792599531480065e-02
1.230454886459420027e-02
7.239991199919399920e-03
1.167249943904359946e-02
1.230851216278579935e-02
1.240780398970319984e-02
1.268690407701660028e-02
7.371027969277599637e-03
1.088699742785240003e-02
7.987129334425099522e-03
1.351738811599170059e-02
1.323083357933120020e-02
1.099666806044229984e-02
1.126451882254130010e-02
6.785491096220499715e-03
1.200062189960299924e-02
1.072759170011629987e-02
1.153147664000589954e-02
1.276502666215430064e-02
1.314352493049939993e-02
1.311583060602170003e-02
1.340632731873410075e-02
1.226201710571529942e-02
1.320300065786760013e-02
1.192561264226500023e-02
1.156378071075879997e-02
1.144941154527349958e-02
1.237452504116180046e-02
7.138252214906800133e-03
7.729061525986300266e-03
1.338623672241659977e-02
1.369305573035619998e-02
6.752439267767899704e-03
6.936279933930199725e-03
1.113968023851360026e-02
6.940063460268800291e-03
6.198718350235299726e-03
1.191497683977369923e-02
1.289036496052899973e-02
1.385094392572979935e-02
7.239182152445500056e-03
1.201613929478750030e-02
1.238254742015230080e-02
1.198546277713019928e-02
1.270473616099869994e-02
1.344255275019290083e-02
1.506843755771760003e-02
1.326011690269339981e-02
1.124931683625969916e-02
1.316253332742920064e-02
7.282902055650700146e-03
1.248478877086199937e-02
1.317540263288020062e-02
1.278096820595609959e-02
7.381915280571599985e-03
7.503009021075799680e-03
1.287616092580549931e-02
7.018271690857699578e-03
1.238943241624679975e-02
6.744465150047600048e-03
1.214680736387580007e-02
1.123141122706739978e-02
7.527478107661699641e-03
1.234048700102110055e-02
7.076453508287900394e-03
1.204286879281759974e-02
1.133157186952709998e-02
7.425262413473600158e-03
1.248467370411429980e-02
1.271238708588330081e-02
1.242745181579429925e-02
1.323953378673490069e-02
1.297673173698410051e-02
1.207094900351489940e-02
1.206240243509140025e-02
1.150638529316909929e-02
1.145171116333749961e-02
1.128850600662540012e-02
1.253217151015839984e-02
1.225723997687950054e-02
1.220671260814019943e-02
1.263679782272199986e-02
1.095511455781989982e-02
1.247536528786260049e-02
1.168192068562099936e-02
1.328528445904260044e-02
1.151477861483220060e-02
1.201619370674530084e-02
1.326519502272589975e-02
1.170774845884799999e-02
1.217041424084169994e-02
1.194964797389969947e-02
7.681596594281600229e-03
1.154800700491740058e-02
1.332472651902980032e-02
7.288814696470500426e-03
6.874904365858299643e-03
1.244588952239020045e-02
1.185721189105200073e-02
1.292353132784269942e-02
1.256508325541380068e-02
1.190510337829060045e-02
1.120870948502500006e-02
1.424019937523850025e-02
1.145550550894390042e-02
7.037981278781599813e-03
1.232030108080790082e-02
7.842687779932100769e-03
6.929465271849399866e-03
1.239328120300980073e-02
1.208307939461920021e-02
1.256289778549830004e-02
1.302760127255910005e-02
7.313486328729500337e-03
1.194560412045029933e-02
1.230497879735630018e-02
7.296930702856700007e-03
1.335897643585690076e-02
1.273594770826650020e-02
1.177996212358219975e-02
1.371445371199470076e-02
1.221668919059699931e-02
6.899430346885400411e-03
1.256319747157690070e-02
6.706275075796300049e-03
1.114124341700769953e-02
1.219217901889649985e-02
1.192811365525489956e-02
1.230810098329170044e-02
1.029157532783540017e-02
6.755679566703700137e-03
1.113427686255519938e-02
1.184546573098690068e-02
6.970011207612500023e-03
1.250391577256950056e-02
1.130593864918190070e-02
1.406908299251660027e-02
1.346012240468739962e-02
1.278593220537799918e-02
1.307734346879839936e-02
1.344918618751719981e-02
7.758948452683100093e-03
1.341514643277150025e-02
6.615655719396399889e-03
1.280867224520440030e-02
1.132262870033669960e-02
6.866510971394000108e-03
7.187467851140900282e-03
1.300856789749289984e-02
1.215108858556909928e-02
1.307754751557550082e-02
1.130244701693489985e-02
1.273978647865989938e-02
1.149201216960010069e-02
1.062492041562509981e-02
1.230602042135270011e-02
1.235102784678429946e-02
1.163482150600749984e-02
1.358731067221879973e-02
1.227288170241190059e-02
8.040785364321600612e-03
1.412594169117870058e-02
1.200514608121690079e-02
1.321808791066570073e-02
1.291638582904050016e-02
1.232068804990089916e-02
8.286374150400200103e-03
1.136841334625510007e-02
1.115760495642510036e-02
7.967983407678000396e-03
1.275459108160370038e-02
1.271777746327030015e-02
1.164668365787079919e-02
1.181280048897350061e-02
1.235148381198969934e-02
7.297106663893999923e-03
1.210831811721140017e-02
1.314513666347419917e-02
1.075350230333580077e-02
1.324369964968019966e-02
1.442829788748280044e-02
1.269664787267119933e-02
1.208709482264420064e-02
8.024881450258900678e-03
1.248416412804399973e-02
1.218712499861489967e-02
7.298181894606899783e-03
1.225605557644030008e-02
6.552462022244499862e-03
1.210319738478769953e-02
1.187091302327519977e-02
1.140707634932719948e-02
1.095201697245909954e-02
8.008047098611099229e-03
7.718863304256399875e-03
6.748529184970900215e-03
1.363473416704519964e-02
8.389754826147899358e-03
1.162533374988099916e-02
1.259000547066350083e-02
1.222065377547120087e-02
1.208457056348100078e-02
7.249651767178899586e-03
1.281591765100269925e-02
1.205896307033879969e-02
7.935534673388200400e-03
7.418954504994999984e-03
1.258725689828060074e-02
7.190838015773500305e-03
1.235354016937400060e-02
7.052951369309499660e-03
1.409858613046669970e-02
1.231730928205699953e-02
1.345265196609270013e-02
1.305307500196769936e-02
1.213571438079889993e-02
6.798364402611000411e-03
1.197949959243019974e-02
1.234025061445019958e-02
1.219879244006360011e-02
1.222838205213629993e-02
1.225648293371480076e-02
1.199518731268319968e-02
1.172331897057590083e-02
7.479158680037800017e-03
1.134623017929510015e-02
1.206245186267210050e-02
7.300528496698499743e-03
1.178233855071049961e-02
1.253701699036220002e-02
1.181642801223790028e-02
1.250603182449449950e-02
1.232814247399469966e-02
1.198652851362379951e-02
1.125395268558279996e-02
1.295517865676469940e-02
1.144759336392470010e-02
1.146556378850109928e-02
7.730253585525300418e-03
1.216906585736129975e-02
1.425172033478449944e-02
1.305226071577699973e-02
1.185750722948050034e-02
1.228621505428680039e-02
1.189859287726159967e-02
1.383529742550189921e-02
7.338929832453399728e-03
1.254146200458590085e-02
1.195908685401319942e-02
1.461030942277350038e-02
1.193506815768700068e-02
8.720547661034399461e-03
1.281607541630149991e-02
7.768124959339000116e-03
1.274922841956229944e-02
7.290988735568399576e-03
1.185723386244029974e-02
1.200837856779450076e-02
6.851989590419800026e-03
7.571925719487999744e-03
1.256243332889639928e-02
1.344480321171910055e-02
1.119576610000370086e-02
8.408180766063599182e-03
1.280132116644380064e-02
1.163551800850659915e-02
1.235679407925199987e-02
1.176019849061910039e-02
1.168084109692620054e-02
1.113732454833639939e-02
7.270885506863399711e-03
1.188534581958520034e-02
1.137685990035739933e-02
6.826581821737299702e-03
7.798739036716600091e-03
7.011114397708900249e-03
7.750935699755900389e-03
1.261625532379660047e-02
