1.131077696441548999e-02
1.258496844042202543e-02
1.299449010878779391e-02
7.624899861963341935e-03
1.182893507326895390e-02
7.766863978682951239e-03
1.229498081298976628e-02
1.176800751633247724e-02
7.211672586536445849e-03
1.237335997346661852e-02
1.193767707473264612e-02
6.551264302197513760e-03
1.145961034362623018e-02
1.313645422550740322e-02
1.239536588222710407e-02
1.258496844042202543e-02
1.294227217867914559e-02
7.799766201723699888e-03
1.252992725549051736e-02
1.221757183604454608e-02
1.232376676480972065e-02
1.315677220223642266e-02
1.299449010878779391e-02
7.458151140800783896e-03
1.288404585567155120e-02
1.224926084401809293e-02
7.210041616595685467e-03
1.217262351723339721e-02
1.275266962048422423e-02
1.252674211741443104e-02
1.232376676480972065e-02
1.281459447677587779e-02
7.670832206564404294e-03
1.178460470175501408e-02
1.252992725549051736e-02
1.294227217867914559e-02
1.157584197294639003e-02
7.461439941559027192e-03
7.313528468307284140e-03
1.245193392009392649e-02
7.514455608847099219e-03
1.282058653714618704e-02
1.151491487437696602e-02
1.252992725549051736e-02
1.245193392009392649e-02
7.639270482160227631e-03
1.268107050306684080e-02
1.199891998021044084e-02
1.252992725549051736e-02
1.136897057510552131e-02
1.245193392009392649e-02
1.283321967610040297e-02
1.299449010878779391e-02
1.239536588222710407e-02
1.237335997346661852e-02
1.294227217867914559e-02
7.200075504759308360e-03
1.171146228401658863e-02
1.193314571120351018e-02
1.282058653714618704e-02
7.670832206564404294e-03
1.187221861263408618e-02
1.232376676480972065e-02
1.282058653714618704e-02
1.157584197294639003e-02
7.383079373659772252e-03
1.252992725549051736e-02
1.275266962048422423e-02
7.815454879057904050e-03
1.282058653714618704e-02
1.172627431336264146e-02
1.282058653714618704e-02
1.237335997346661852e-02
7.313055582114622727e-03
1.275266962048422423e-02
1.145961034362623018e-02
1.239536588222710407e-02
1.214190844001213423e-02
7.009240397338236013e-03
1.283103018838347917e-02
1.282496842009295257e-02
1.217262351723339721e-02
7.197052158845169446e-03
1.260656458227521308e-02
1.281459447677587779e-02
7.228594712976758006e-03
1.277915048725028306e-02
1.294227217867914559e-02
7.394530564715392357e-03
1.260656458227521308e-02
1.268107050306684080e-02
1.187221861263408618e-02
1.276412081153984433e-02
6.945781078812871857e-03
1.311050439039299076e-02
1.209463018183680634e-02
1.276412081153984433e-02
6.877864162150909046e-03
1.221757183604454608e-02
7.787181955411970682e-03
1.252992725549051736e-02
1.283197677769667283e-02
7.067466720345830407e-03
1.169292238807676833e-02
7.476988388711598883e-03
1.217262351723339721e-02
1.189429135205096084e-02
7.211672586536445849e-03
1.268107050306684080e-02
1.171146228401658863e-02
7.540318569207403281e-03
1.282058653714618704e-02
1.275266962048422423e-02
1.282496842009295257e-02
1.206876602227370879e-02
1.181691408188335034e-02
1.239536588222710407e-02
7.670359320371742881e-03
1.161846526504044415e-02
1.214190844001213423e-02
1.201605623520949837e-02
1.281459447677587779e-02
1.186026809778742593e-02
1.224926084401809293e-02
1.193767707473264612e-02
1.294227217867914559e-02
1.245193392009392649e-02
1.209463018183680634e-02
1.268264582893907470e-02
1.307848280244023817e-02
1.141070377807535709e-02
1.193767707473264612e-02
7.629474817902297777e-03
1.252674211741443104e-02
1.199891998021044084e-02
1.214190844001213423e-02
1.221757183604454608e-02
1.157584197294639003e-02
1.263718637053067376e-02
7.462386530872220855e-03
1.193314571120351018e-02
1.299449010878779391e-02
7.429878217154850528e-03
1.209463018183680634e-02
1.299449010878779391e-02
1.224926084401809293e-02
1.224926084401809293e-02
1.221757183604454608e-02
1.199891998021044084e-02
7.261648767174088033e-03
1.206876602227370879e-02
1.317189821503299794e-02
1.217262351723339721e-02
1.178460470175501408e-02
1.239536588222710407e-02
1.275125502447699809e-02
1.310855876273411824e-02
1.136897057510552131e-02
1.224926084401809293e-02
1.224926084401809293e-02
1.307848280244023817e-02
1.277915048725028306e-02
7.777386291154040829e-03
1.214190844001213423e-02
1.258496844042202543e-02
1.239536588222710407e-02
1.199891998021044084e-02
1.318227215835007272e-02
1.245193392009392649e-02
1.258496844042202543e-02
1.268264582893907470e-02
1.217262351723339721e-02
1.209463018183680634e-02
1.214190844001213423e-02
1.315677220223642266e-02
1.315878295019128064e-02
1.229498081298976628e-02
1.214190844001213423e-02
1.294227217867914559e-02
1.237335997346661852e-02
7.311480256242388828e-03
7.183014830950283126e-03
7.578717919550952316e-03
1.275320065213587060e-02
7.543066912868449415e-03
7.310239667549040844e-03
7.259571648029425513e-03
7.514455608847099219e-03
1.277915048725028306e-02
1.221757183604454608e-02
1.245193392009392649e-02
1.157584197294639003e-02
1.282058653714618704e-02
1.260656458227521308e-02
1.237335997346661852e-02
1.277707336810562054e-02
7.812681911525620748e-03
1.217262351723339721e-02
1.201605623520949837e-02
7.420082552896920675e-03
6.725039935012354364e-03
1.221757183604454608e-02
1.145961034362623018e-02
1.268107050306684080e-02
7.424770458602950561e-03
1.224926084401809293e-02
1.217262351723339721e-02
1.260656458227521308e-02
1.246328279888906689e-02
1.237335997346661852e-02
1.193314571120351018e-02
1.246328279888906689e-02
1.281459447677587779e-02
1.201605623520949837e-02
1.260656458227521308e-02
1.232376676480972065e-02
7.429878217154850528e-03
1.245193392009392649e-02
1.224926084401809293e-02
1.237335997346661852e-02
1.263718637053067376e-02
7.514455608847099219e-03
1.145961034362623018e-02
1.214190844001213423e-02
1.221757183604454608e-02
1.245193392009392649e-02
1.239536588222710407e-02
1.288404585567155120e-02
1.317189821503299794e-02
1.282058653714618704e-02
1.252992725549051736e-02
1.169248987035501584e-02
1.151491487437696602e-02
1.229498081298976628e-02
1.246328279888906689e-02
1.260656458227521308e-02
7.281966743903107477e-03
1.206876602227370879e-02
1.232376676480972065e-02
1.177632802175153544e-02
1.294227217867914559e-02
7.313055582114622727e-03
1.206876602227370879e-02
7.190665483839744042e-03
1.151491487437696602e-02
1.187221861263408618e-02
1.151491487437696602e-02
7.557379243016428515e-03
1.307848280244023817e-02
7.540300474329694226e-03
1.275266962048422423e-02
7.326788434139453431e-03
1.151491487437696602e-02
1.169248987035501584e-02
1.307848280244023817e-02
1.282058653714618704e-02
1.172627431336264146e-02
7.334033690735401387e-03
1.268107050306684080e-02
1.294227217867914559e-02
1.260656458227521308e-02
7.160337008666065386e-03
1.252992725549051736e-02
1.252992725549051736e-02
1.245193392009392649e-02
1.246328279888906689e-02
1.275266962048422423e-02
7.383610405311418629e-03
1.176800751633247724e-02
1.176800751633247724e-02
1.237335997346661852e-02
1.252674211741443104e-02
1.187221861263408618e-02
7.236974335450761103e-03
7.431888965109708506e-03
1.275266962048422423e-02
1.239536588222710407e-02
1.288404585567155120e-02
7.424770458602950561e-03
1.282058653714618704e-02
1.268107050306684080e-02
1.224926084401809293e-02
1.239536588222710407e-02
7.025775635402652097e-03
6.725039935012354364e-03
7.420082552896920675e-03
7.571134121529188819e-03
7.163568782990645777e-03
1.245193392009392649e-02
1.229498081298976628e-02
1.201605623520949837e-02
1.229498081298976628e-02
1.186573106413046398e-02
1.187221861263408618e-02
1.282058653714618704e-02
1.252992725549051736e-02
7.629474817902297777e-03
1.239536588222710407e-02
1.239536588222710407e-02
7.802307968208545969e-03
7.383079373659772252e-03
1.232376676480972065e-02
1.157584197294639003e-02
1.282058653714618704e-02
7.236974335450761103e-03
1.246328279888906689e-02
7.334033690735401387e-03
1.272117906418311802e-02
1.246328279888906689e-02
1.282058653714618704e-02
1.313645422550740322e-02
7.313055582114622727e-03
7.236974335450761103e-03
1.165220144722817035e-02
1.221757183604454608e-02
7.514455608847099219e-03
1.178460470175501408e-02
1.186026809778742593e-02
