3.689730240024631513e-02
-9.666713078553151872e-01
-1.343064561733319784e-01
2.174315675248750801e-01
-9.831624202558362224e-01
1.483549758323033096e-01
2.242333211924467107e-01
-4.566375891439151680e-01
-4.805670070409476247e-01
-2.413203725687368406e-01
-9.572960000354879817e-01
1.817675011914206218e+00
1.178848686761620579e+00
6.071786178113735000e-01
2.671369275093198326e-01
6.527862713272313266e-01
-7.188903699902313704e-01
7.887563335955700694e-01
-1.029421248764225583e+00
3.265441037870029511e-02
-1.240350503763773427e+00
4.695622971029031478e-01
4.315203252421285773e-01
-6.966348951830867442e-01
6.248234597928187251e-01
-1.107212202866718759e-01
9.643169630563527828e-02
7.480571662632252705e-01
-8.146287370182077048e-01
-1.722069863216407093e+00
-3.770881623972902053e-01
5.033838122882228205e-01
7.288578126411755786e-02
1.378815204702608932e-01
-2.241577910831969722e-01
4.757210603516389552e-02
8.152432079663585185e-01
-1.535056286052812524e+00
-7.228068230807730421e-01
-1.134175675274693207e+00
-3.659071586013742383e-01
1.580393759656989472e-01
-2.215355536623581090e-02
8.296578621873611226e-02
-5.499333357876142747e-01
7.131943109467224762e-01
-4.135896654921803473e-01
-8.037341958777364237e-01
-2.259615432109653987e+00
1.623884952555846528e+00
-6.129552811486627117e-01
1.399645453086495683e+00
2.014591319224223298e+00
9.833660332469076337e-01
-6.866851663735862310e-01
2.159178594945375451e+00
-8.559699843252753793e-01
3.725217724175641232e-01
6.957658361684376791e-01
-8.910078328191954888e-01
-5.984821881339126293e-01
-1.140133207427008966e+00
-1.037846182685022267e+00
1.219477672184815287e+00
-4.455618104778893418e-01
1.475424124583767371e+00
9.258574523564367942e-01
-1.074905380462709115e+00
-5.454788960118748253e-01
1.881497263514702034e+00
7.616461976919335353e-01
2.742406432790810200e+00
5.373665395343893980e-01
-1.252677736244582229e+00
-8.422051569355752942e-01
1.919112333993648611e-01
-1.325821919546392946e+00
2.140117595844201581e+00
7.351625722636947469e-01
1.155030135987059836e+00
1.477572005554777412e+00
-5.089523864139159359e-01
-5.257365238723483714e-01
-2.339913873868557370e-01
3.961960376464045419e-01
-3.295207373770292492e-01
-4.178032524460709163e-01
-4.728843795141265405e-01
-8.432847897642128387e-01
-2.305533152228031124e+00
-1.506762933715415365e+00
1.828381947468860513e+00
-7.149839374240114787e-02
1.060716017415414547e-01
3.098526689929747002e-01
2.566596198839941056e+00
1.480182675650323076e-01
1.292678505393590471e-01
-1.489060647638222080e-02
-7.275505291888710868e-01
-1.553190878400131147e+00
8.088310506075084838e-01
-7.004301936637118142e-02
7.648544410490291101e-01
3.878075770762888785e-01
-7.415715106497962061e-01
-6.987786627820044005e-01
1.093004669748855573e+00
1.500841181170450289e+00
-2.343952348012169562e+00
-1.138530358882542531e-01
2.900177565910391775e-01
-3.775421802062224330e-01
-1.344040647337671812e+00
-9.828665946326192726e-01
-4.211824525544555220e-01
3.121737122076327919e-01
4.828257213617959676e-01
1.667894208664321143e+00
1.132683410672960855e+00
-1.112066576095396497e+00
1.532972664297994836e+00
1.004815077402911649e+00
-1.480816406510108596e+00
-7.926006296942001983e-01
-5.743822369515078075e-02
-1.363918683524586228e+00
3.092388243337036990e-01
2.194665466864189174e+00
8.671184105740511461e-01
-8.419177955909052935e-01
-3.110893141257562999e-01
-4.650727863251166161e-01
1.644730799599980919e+00
-4.557822223116782534e-01
-1.211437250689600509e+00
4.571812480543924195e-01
8.703544354945233485e-02
5.869144642964210234e-01
1.061150279959995668e+00
1.378295336935440263e+00
1.717510032903467376e+00
-4.301541114668777088e-01
-3.777983796482310974e-01
1.751709985210412462e-02
-1.141225227639140360e+00
-1.025088243396751198e+00
-7.326100162405448923e-01
-6.156321196191698597e-01
-5.694175741113404188e-01
-1.454358114369583843e+00
8.591896653491807312e-01
2.317574623084812241e-02
-7.016132780903687749e-01
1.250078363511443191e-01
-4.112557854884768549e-01
-1.197891270709316780e+00
-1.537827057553861065e+00
-1.016380098843879143e+00
-7.484564976559341387e-01
1.086352494434960070e+00
-1.159998507508773979e+00
2.928834664911498797e-01
9.483114010553109763e-01
-1.076322424410784517e+00
9.855659113396196824e-01
-6.611567498192797432e-01
1.079190290794086682e+00
-9.559255159353373665e-01
1.372995906661848675e+00
2.335820391201647528e+00
1.200313371687897979e+00
2.877062797132501792e+00
1.346068695671873705e+00
1.327244131294233576e+00
-1.342902932785350112e+00
-2.509671289259930993e-01
-3.879555317443615370e-01
8.194743419917714655e-02
-2.149696006973100537e-01
4.213651643971123573e-01
5.153334062067452953e-02
-8.988098335581069520e-01
3.433334944988442605e-01
2.845128785479062450e-01
-1.643326560651790225e-01
-2.961234121416695397e-01
-2.096250308698514864e-01
-1.551779546561076785e-02
-1.647669292922316897e-01
1.620423105451694046e-01
2.116364466417059109e+00
3.914911313812706184e-01
-2.741450571244642642e+00
-5.009496920903736689e-02
5.884738142285532714e-01
9.665721108243092718e-01
5.404399478415674585e-01
2.860971986018896462e+00
8.272337996427223117e-02
9.326831794405624487e-01
-1.183278645033001286e+00
9.628746541449388907e-01
1.527711223541889707e+00
1.406545749249414057e-01
4.768182952340780933e-01
-2.190031368625226516e-01
-7.364965708967302627e-01
-8.757830242642540286e-01
-1.102644809804722154e-01
4.375580524605799382e-01
7.711649409711661685e-01
-7.986787186695196161e-02
7.473708338773217275e-01
1.138296128956572950e-01
3.540664479105694595e-01
5.099337038563110935e-01
-1.441058699255622244e+00
1.396930521815374027e+00
5.499256344242737793e-01
-1.010398605996416288e+00
4.081239132102554290e-01
7.049892348828533661e-01
1.294009195058013040e+00
-3.027870526522452588e-01
1.633705952879030421e-01
3.728787879307083886e-01
5.106412504203335923e-01
2.011914648275086481e+00
-9.131198342344531982e-01
1.062569673732988607e+00
-7.637458164364763213e-01
1.465505508515413946e-01
4.538411437064917009e-01
1.809713487322075043e+00
-1.102318445671274905e+00
-2.813166341548236082e-01
1.312232600419981132e+00
-3.957137283960498464e-01
5.663357927812769921e-01
-1.338569540144892933e+00
-7.481121228375240406e-01
-4.307732148607608669e-01
1.168293730061495062e+00
8.448880099588983450e-01
1.705811435189814818e+00
3.188104451645500711e-03
6.081981482200644606e-01
2.781787786620520286e+00
3.289606723502846997e-01
7.288080570488653098e-01
3.937264135201595794e-01
1.816682306328232521e-01
3.596546337054741804e-01
9.035454479901400271e-02
1.008891405427694954e+00
4.767312472872420326e-01
-6.842810332062802814e-02
-8.387583601352334162e-01
1.887808414146342206e-01
1.421264488611157839e+00
4.460773751877974425e-01
-3.040450082546596877e-01
2.754957660362347127e-01
-2.299434214656855269e-01
-3.501483999440985206e-01
1.622694808606160166e-01
5.330823087052204423e-01
7.050939951616641554e-01
4.544124583618440738e-01
2.301101374171543867e-01
9.734890486999057124e-01
1.899901783984924153e-01
1.890137456760764834e-01
-1.010384120491889526e+00
-4.815355478160573410e-01
2.849104655866000479e-01
6.701664413347688809e-01
-5.277478412201646041e-01
5.743707270595135306e-01
8.358560005398828485e-01
-8.235901269168911798e-02
-1.439592885586454818e+00
-4.679423485116359083e-01
1.902161093142274773e+00
-6.394222879770397050e-01
-1.591102085937058930e-01
-6.038572622664388767e-01
-3.194172425164122364e-01
-3.820520597134465235e-01
1.087846549076795455e+00
-2.977231839638756039e+00
1.385234301140216395e+00
-1.720560473068005525e+00
3.667289023892507660e-01
-2.186318118480359729e+00
-3.811692518404957708e-01
-8.933771846222769986e-01
8.271516347538727665e-01
-2.114448883607193408e-01
1.475424124583767371e+00
2.294616646549487715e-01
6.990957758896845786e-02
8.804335931924299752e-01
1.264472210354841364e+00
9.610674380583158483e-01
-6.842810332062802814e-02
-3.791565289697165775e-01
-2.689909171121940834e-01
-2.841432572226238462e-01
5.210861946215977758e-01
-1.252677736244582229e+00
2.498207394051337626e+00
-1.127555840909453710e+00
9.867274176770568506e-01
4.081239132102554290e-01
8.286180511241079960e-02
-2.154178554685282354e-01
