4.200640583653299578e-03
3.807321131529000161e-03
4.490321276605999633e-03
3.969094278695299745e-03
4.675961809741799834e-03
4.362651750037600112e-03
4.484146459809199882e-03
3.601284232255200050e-03
3.900970315496799824e-03
4.078950514874399649e-03
4.248384503385599711e-03
4.062630921404499808e-03
4.417718624357899748e-03
4.474292487390599607e-03
4.605883862183400047e-03
3.631102482391799884e-03
4.321048155278599950e-03
4.018013324111899612e-03
3.532888967182699902e-03
4.096461676053799773e-03
3.994210399225900376e-03
4.351312583490999850e-03
4.142604427773599780e-03
2.802903484473999798e-03
3.353270523245500088e-03
3.786964465212400155e-03
4.104565462338299713e-03
3.558757813988899787e-03
3.861978851013600153e-03
3.681555547319899889e-03
3.378495685256300077e-03
4.211065292501600145e-03
4.790168061372599741e-03
4.359771995580699611e-03
3.805382474027199820e-03
4.377917498445799659e-03
4.512478822904700433e-03
4.713173093143500046e-03
4.748750736134599824e-03
4.868978051834899588e-03
3.944227322913799669e-03
3.993384917665800116e-03
3.496101353934299993e-03
4.113349553651900019e-03
4.206890324224999735e-03
4.029628082242300152e-03
3.807904519475900206e-03
4.846149296088999789e-03
3.399983969886500191e-03
4.294191660593299834e-03
3.484197432966199860e-03
4.307687814175000136e-03
4.345651340377099624e-03
4.124131465763399701e-03
3.670095074089300188e-03
3.956872930975999583e-03
4.341740376328899649e-03
4.216398421845599792e-03
3.853941256240099936e-03
3.632417054711799959e-03
3.508799148554999844e-03
4.282205970917499910e-03
4.328698461948800140e-03
3.300576636150099989e-03
3.210706461221500031e-03
3.767662705246099981e-03
3.748812487916300049e-03
4.078932348042000125e-03
3.855435581668700123e-03
4.258758199086099677e-03
4.002387769768099568e-03
4.458928554727500070e-03
4.204042075501400119e-03
4.106731850011900026e-03
4.539369417007399661e-03
4.444796867757300034e-03
4.285953269252599715e-03
3.023695364574200111e-03
3.952852798626899609e-03
4.589166465090099671e-03
3.816840487790899850e-03
3.854925912997500016e-03
4.472107626634899691e-03
4.030219113656799933e-03
3.828114769702599916e-03
4.157756042386999591e-03
4.636509091883300043e-03
4.000021204725400133e-03
3.257260845101399988e-03
4.414988052408900035e-03
4.278521490712700048e-03
4.294936195000999789e-03
4.234343530799099774e-03
3.785861106370499822e-03
4.226175993629699770e-03
4.162145328032799615e-03
3.931405983150299682e-03
4.566445147720399854e-03
3.702368833979700121e-03
4.018930667496799572e-03
4.280230433238999682e-03
5.059915982764400140e-03
4.111795996267699968e-03
4.431573932897400238e-03
4.058876671862499987e-03
4.186559300756599600e-03
4.295880720205799697e-03
3.484450577084500025e-03
4.280230433238999682e-03
3.805538668015999958e-03
3.966727179530399848e-03
3.886284299730700161e-03
4.039471438456499613e-03
3.712636192149400185e-03
4.232192832147399671e-03
4.243263087989899811e-03
4.722717055364400104e-03
4.174793032627299727e-03
4.645430123861800029e-03
3.990446982565900094e-03
4.068230779564000095e-03
4.828878058745400027e-03
4.207451174417099760e-03
3.590704489152799980e-03
4.677886194789499658e-03
4.578310997811699951e-03
2.600314457571599805e-03
4.929278367657399795e-03
4.423393852299799603e-03
4.453835561406299659e-03
4.432571370504400331e-03
3.564503247966600060e-03
4.650479261281799913e-03
3.445642028597200191e-03
3.750434232412900096e-03
4.365238334759899939e-03
4.480251731647099875e-03
3.760820533244699920e-03
4.462839297329599872e-03
3.861326970477300079e-03
4.084719554110999816e-03
3.139058079374200047e-03
3.373680830887499857e-03
4.335616329565099639e-03
4.670024896230099733e-03
3.667978252388399800e-03
4.462564582811199936e-03
4.093769540437500014e-03
3.560721546739200119e-03
3.895171493012300045e-03
4.832391172063499850e-03
3.275747446761599797e-03
4.314325620593200024e-03
3.734341984793200075e-03
4.176058454432200057e-03
3.973372941990499681e-03
3.085483494641000010e-03
4.644969605193800116e-03
3.301687443495599818e-03
3.188841614441400088e-03
4.177304260359900046e-03
4.216328263747900346e-03
3.710573942136600068e-03
3.952720039875699809e-03
4.062734947737199620e-03
3.714784030394199799e-03
4.366786140455499766e-03
4.681313057961399883e-03
4.546967129011299756e-03
4.045522117876600154e-03
3.920230244866399968e-03
3.792081826477299890e-03
3.844662383731200020e-03
4.289006873549400072e-03
4.327918434650099809e-03
3.860133748335999905e-03
4.139254760200899823e-03
3.664583404140399868e-03
4.004086117737199781e-03
3.774982074152000155e-03
3.428974045420700185e-03
4.051895604182599586e-03
3.248967527700499791e-03
3.847153430642499816e-03
3.428135129968599808e-03
3.924538746726899917e-03
4.154028654342299676e-03
2.888665891734199832e-03
4.130990572334399674e-03
4.272297958326299813e-03
5.182118585606699732e-03
3.718517208445099899e-03
4.396298743297400065e-03
4.047304354029999593e-03
4.157756042386999591e-03
4.791936904621999817e-03
3.546993102456199795e-03
3.583395544601799924e-03
3.089790893482199929e-03
4.666881286702499743e-03
3.962578192763999661e-03
4.231533820958199854e-03
4.306945590507599807e-03
4.187619907847799604e-03
5.104153728630199741e-03
3.532612750131300036e-03
4.722717055364400104e-03
4.023723555234000153e-03
5.249918335164799679e-03
4.442287703579599588e-03
5.514029001222799792e-03
4.236275668452999833e-03
4.442971090179099851e-03
3.972531982791499723e-03
3.849393971315700179e-03
4.556152497004999601e-03
4.490844483479299910e-03
3.760247237613000004e-03
4.176252702552499772e-03
4.273712708945999819e-03
3.931241876761099735e-03
4.537306518783200057e-03
4.245718013258699582e-03
4.139760357398899679e-03
4.827525328735300311e-03
3.609281533065699862e-03
4.869863166596499933e-03
4.195599655350299578e-03
4.385454123703500136e-03
3.558144591223600089e-03
4.033828006830999895e-03
3.782798724253800138e-03
3.297297877269800021e-03
4.466273365280500063e-03
4.132530741520899949e-03
3.721659481072899824e-03
4.018482690389299852e-03
4.009636076004199912e-03
3.905823897429399998e-03
4.198308727645899685e-03
4.725075482731500194e-03
3.884685527562100043e-03
3.639759920053500190e-03
3.701360189345200002e-03
4.029004397946099776e-03
3.555184490187400081e-03
4.591294713151400017e-03
3.975301817728899879e-03
4.117510046547899656e-03
3.914795710629999717e-03
3.953452249258199679e-03
4.612162686393399963e-03
4.074789474094999905e-03
3.614472756367699893e-03
3.998913598039799747e-03
3.851953317088300036e-03
4.365238334759899939e-03
3.980513432669199707e-03
4.854831621794599740e-03
3.542908159347399853e-03
3.974864198567299584e-03
4.660373136510099872e-03
4.155861566734199777e-03
4.118201516270799702e-03
4.553021369225899832e-03
4.393697775317000065e-03
3.624708146296899865e-03
3.994838915739300049e-03
3.738925777039000132e-03
3.989224567055200087e-03
4.252338298557399761e-03
4.209401115730499604e-03
4.537244459851499934e-03
4.332357781744800192e-03
4.347391358007099589e-03
4.253738034285199643e-03
3.422695543454300129e-03
4.140362933871299597e-03
4.006689590601199800e-03
3.839514388292200077e-03
3.592259988524000060e-03
4.643591640468500148e-03
3.770754311294600199e-03
3.292096715737500082e-03
4.369442622418899698e-03
3.732182314860000173e-03
3.705499436800699896e-03
4.297054049485799811e-03
3.801914418338000080e-03
4.082868665478999945e-03
4.317904382685000021e-03
3.476892056927700057e-03
4.255606321634899589e-03
5.014641120321799636e-03
4.686739688169100360e-03
4.224068431228999651e-03
4.112459373560899828e-03
3.646602443746300212e-03
3.832450298884499881e-03
3.533728199306600173e-03
3.842088625172000119e-03
3.958444504785500057e-03
4.409778266423299703e-03
4.081822586256499651e-03
4.425948386216499615e-03
4.339389899694699737e-03
4.067979244693599797e-03
4.233428206848200044e-03
4.264239204757300054e-03
4.242613515817499938e-03
4.122190426737199799e-03
3.948200670525600121e-03
3.860948482808700035e-03
4.509891965408400170e-03
4.024566181081400129e-03
4.453388688292599963e-03
3.734387567233000190e-03
4.288199159767400181e-03
3.968432258758800013e-03
4.456386118289299911e-03
4.605980899361800281e-03
3.903252102450099903e-03
4.244804601247299802e-03
4.868771501044900051e-03
3.884411212310099996e-03
3.927595499264299912e-03
4.198301081652200395e-03
3.862968100097299851e-03
4.814452127451699683e-03
4.031952628117100104e-03
4.479326043212199931e-03
4.300051455244999730e-03
3.925871460275999654e-03
4.306250104714900127e-03
4.180653379039899614e-03
3.477484703574500180e-03
3.774335944624999939e-03
2.898112860699199843e-03
3.642917785455199869e-03
3.696237434438700079e-03
4.049348933697199775e-03
3.020299870531900199e-03
4.313413148507999617e-03
4.222223907460499748e-03
4.069241631615799944e-03
4.561117785137100249e-03
4.554296418721099672e-03
3.091519847169999988e-03
4.313295013665899985e-03
4.131265014741899826e-03
4.130609413308199661e-03
4.332357781744800192e-03
4.374349534262200051e-03
4.562505553661100159e-03
3.306843400433100155e-03
3.769539675754200129e-03
4.135495061013200017e-03
3.481462943613000075e-03
3.394349815939399877e-03
3.913881713493799763e-03
3.971570152737399773e-03
4.506805854924299769e-03
5.390360528589000118e-03
4.083190816356699684e-03
4.110106990091000161e-03
5.104052988460499631e-03
4.502891344448500290e-03
3.658234452547700060e-03
4.515952966424200375e-03
3.918480828719999969e-03
3.960611109633099640e-03
3.883169852051999819e-03
3.263695945782399931e-03
4.498541609097100012e-03
4.280264056348399675e-03
3.608394611398399801e-03
4.447413217142299688e-03
3.743371396699400003e-03
5.576077712040299582e-03
3.821725034886799821e-03
4.605228559300699777e-03
3.684645284587500114e-03
3.521243374510000124e-03
3.887546737965900164e-03
4.125158259848899639e-03
3.991422432891899956e-03
3.899610316343399795e-03
4.363283874814200165e-03
4.018475182359900269e-03
4.597512499799100323e-03
4.376587933784499736e-03
3.945062583446399748e-03
3.557584073975899978e-03
3.931459216964999781e-03
4.568403955895399687e-03
3.957583808202200237e-03
4.174193493681499847e-03
4.507562343860499650e-03
4.367594203905299580e-03
4.435384020650999688e-03
4.591896355154200145e-03
4.187368185816000080e-03
3.852436787023800178e-03
4.738356674324899730e-03
4.608680942466200116e-03
3.830551461245799982e-03
4.203582728438000002e-03
4.152157759905799814e-03
3.264288842324499819e-03
3.979325082184299867e-03
4.220021257342899609e-03
3.873975682126000204e-03
4.542512918748900161e-03
4.045262997004899636e-03
3.861970909537599909e-03
5.553714349206199941e-03
2.981905780340700016e-03
4.696560944811000067e-03
4.536015968508999574e-03
4.555675330721599761e-03
4.481108094556400176e-03
4.259835169078299982e-03
4.025972908824299729e-03
3.198502848655099956e-03
4.049940879769799683e-03
3.779723853106800070e-03
3.323880762572400168e-03
4.185898502488599737e-03
3.415528674703799915e-03
4.029592612696399935e-03
3.556540657093799906e-03
4.697797461722399981e-03
4.100861869292899732e-03
4.657095086457199891e-03
4.354428018716699662e-03
3.658567949236100035e-03
4.342782279206899680e-03
4.244893567616399646e-03
4.229525978261999657e-03
3.894352440866299860e-03
3.785816651589299885e-03
4.260949641640900121e-03
4.657095086457199891e-03
4.310355901381899765e-03
3.350262879524200117e-03
4.233428206848200044e-03
3.793582276779399950e-03
4.503483784236799597e-03
4.452160827566599595e-03
4.442971090179099851e-03
3.442529400500700040e-03
3.871285503681500071e-03
4.125314340481399736e-03
3.928996534907199835e-03
3.812284090476399795e-03
4.555666778452299899e-03
4.014492770090899616e-03
3.743270263908800126e-03
4.065204093928000140e-03
4.391071831391899633e-03
3.777450901523900142e-03
3.640559345366100111e-03
4.135835444453199970e-03
4.009919330131299711e-03
4.084719554110999816e-03
4.532698195736400114e-03
3.941601155422799936e-03
3.724680208195599827e-03
3.923658059405099770e-03
4.673848088608999890e-03
4.681381761408600316e-03
5.095592263744799788e-03
4.217801314295799645e-03
3.525834152776599791e-03
3.805142281361500144e-03
3.759338470390000044e-03
3.960574806101999946e-03
3.877244950801000175e-03
3.560075873626400173e-03
4.013511174277099684e-03
3.973852016435799710e-03
4.073701734725000342e-03
3.930882508805499595e-03
3.699107198813199934e-03
4.499396362498299731e-03
3.956761337202599656e-03
4.650479261281799913e-03
4.530555184244399597e-03
4.489416169770299794e-03
4.069640728448799781e-03
4.204939911934799796e-03
3.430974262786100001e-03
4.691108399912299713e-03
3.470622967632799871e-03
4.537244459851499934e-03
4.073701734725000342e-03
4.549570142868200086e-03
4.047820203449100165e-03
4.150028324539500359e-03
4.182739479064900151e-03
4.537306518783200057e-03
3.874244752529999898e-03
4.361468188244299778e-03
4.406604876277499944e-03
3.988981092253800036e-03
4.159773800300600385e-03
3.977798755766599748e-03
4.472189024191100190e-03
3.977453541921099726e-03
3.334967830166899946e-03
3.953333632817399891e-03
4.595011475599299934e-03
4.220021257342899609e-03
3.863995089942800013e-03
4.336299215131399730e-03
3.965780090655800054e-03
4.559424083404399995e-03
4.532649856997799688e-03
4.126861210932700023e-03
4.572814265438199764e-03
4.152122369152099791e-03
4.047095093331999800e-03
4.716401624902400065e-03
4.636888932175399838e-03
4.046033211460299886e-03
4.712124633251300182e-03
4.914998247695899665e-03
3.208820130362799797e-03
4.132203603995799647e-03
3.589285370323400202e-03
4.278416174091599807e-03
3.744873105324200008e-03
3.742244834869999995e-03
4.409109348840900208e-03
4.204939911934799796e-03
4.348300300267600102e-03
4.472189024191100190e-03
3.963441379933399684e-03
4.351815211782700081e-03
4.238768375868599662e-03
3.638977745518199962e-03
4.578252257145000274e-03
4.279418029072799834e-03
3.478150092439799904e-03
4.638297252653100257e-03
4.243215018210099929e-03
3.827827416870000117e-03
4.178411932613200139e-03
3.681613432084100083e-03
4.211004001060099887e-03
4.089390882691899647e-03
3.649827910974700208e-03
3.920006588391199663e-03
4.351588041253000132e-03
4.799750306087500161e-03
4.599703419960499660e-03
3.525328007903299858e-03
3.738338146414299859e-03
4.075618702570499644e-03
3.895171493012300045e-03
3.943657519832700041e-03
3.955608487370400328e-03
4.372242068920099804e-03
4.113924180452599617e-03
3.336726395032099841e-03
4.616361861244499577e-03
3.208117189430499845e-03
3.966040957198400073e-03
3.881666810314299797e-03
4.604742743960299825e-03
3.450856196286100196e-03
4.225359771849899679e-03
3.921841850795899573e-03
3.658367985684400029e-03
4.010290336590599698e-03
4.430803144355299934e-03
3.655154981667099907e-03
3.546732932814399865e-03
3.585364263255699964e-03
3.557608947725899792e-03
4.075948190251300202e-03
5.233804626642899784e-03
3.906412684964400035e-03
3.994060245997599692e-03
3.811845986844099830e-03
3.601902831781500156e-03
4.046527823804899580e-03
4.012090747901499686e-03
3.469253108380900008e-03
4.210498182069800227e-03
3.593519710891199953e-03
4.543166315816500080e-03
3.679700755135699788e-03
4.121399494515500146e-03
4.298165097194200229e-03
4.180565596258899695e-03
4.457989506224199587e-03
4.941535090894099910e-03
4.198565953584100161e-03
4.142624031939600403e-03
3.840402303750900005e-03
4.755051520943400119e-03
4.109260856668400276e-03
4.591385386176799650e-03
3.739514392035099902e-03
4.776268575215799651e-03
4.075948190251300202e-03
4.142806951884899641e-03
4.346628659764899781e-03
4.052707693792800131e-03
3.827200681186700149e-03
3.784216676526399974e-03
4.374354102420099748e-03
4.188650317690599881e-03
4.102131131509000050e-03
3.622572613768799792e-03
4.087668307097699731e-03
4.655597132255599735e-03
3.430928158058500071e-03
3.857939289668300097e-03
4.402859746934199674e-03
4.068239473855799621e-03
4.367626169574899582e-03
3.549116476875799862e-03
3.983337589544599759e-03
3.347759749145000005e-03
4.207117762599899696e-03
2.835437812308800199e-03
3.773879784048799792e-03
3.979268755694299886e-03
4.047991501114799745e-03
4.078056652506399649e-03
4.519749928184199628e-03
3.714302829710800120e-03
4.270310559916799809e-03
3.955608487370400328e-03
3.932161700470999770e-03
5.236137398139400004e-03
3.816881360010899830e-03
3.754466869105899801e-03
4.582325331956799662e-03
3.521019628776499849e-03
3.604511062478000117e-03
4.572814265438199764e-03
3.866186591631699983e-03
3.466118937501600026e-03
4.503045747189699660e-03
4.744915221276099597e-03
4.011045261744700108e-03
3.793602205926100042e-03
4.477647956775099650e-03
4.710671924428699864e-03
4.061722425380699664e-03
3.784092998943200045e-03
3.872219764260199926e-03
4.063700648004000236e-03
4.114564372941100119e-03
3.166579944808099907e-03
5.211372987269699726e-03
4.949368117964299783e-03
3.786075615876799937e-03
4.342782279206899680e-03
3.842188406624699910e-03
3.648548715450400035e-03
4.210905649769699881e-03
4.649438153710899573e-03
3.338924459127600147e-03
3.469775059246300170e-03
4.067182818180499829e-03
4.008880052606299781e-03
4.512467215706699938e-03
3.890253635239700018e-03
3.695977999964899976e-03
4.847468005070699679e-03
3.862403578027699853e-03
4.491854893421100108e-03
3.292456551328599990e-03
4.431573932897400238e-03
4.107511940577300395e-03
3.543425419350900146e-03
3.415413979902599990e-03
3.706877133138200033e-03
3.169031584614299783e-03
4.242489552692000135e-03
4.499466906392899680e-03
3.796017729762100196e-03
4.210391691619099624e-03
3.188797911130999800e-03
4.388805138697300136e-03
3.364399922465400195e-03
3.470242386248299955e-03
3.831581227982799875e-03
2.923303827339200113e-03
3.844950363698900180e-03
3.352548770609000122e-03
3.982145628455799856e-03
4.144021726798699685e-03
4.407445389776699918e-03
4.246725845665599852e-03
4.723152137438999844e-03
3.658322818937599901e-03
3.741657465500499921e-03
4.794021541255099640e-03
3.761607869861900103e-03
3.552856590466100129e-03
3.879275739489099900e-03
4.077440084077299694e-03
4.323114151164399871e-03
3.966492687003999977e-03
4.075618702570499644e-03
4.210391691619099624e-03
4.311326418931699968e-03
3.880957915648099860e-03
3.598870685259100005e-03
4.298315725524099601e-03
3.952084789637699651e-03
3.634806400747600010e-03
3.355393396872800166e-03
3.080771978164699790e-03
4.607956314405499756e-03
4.574415868025900368e-03
3.798707398772100102e-03
3.936374993741100121e-03
4.078827550051999755e-03
4.047095093331999800e-03
3.745295000728900061e-03
4.169574535315299577e-03
4.001914231784899946e-03
4.161593569412499680e-03
3.780819516277999885e-03
4.531572526938199875e-03
2.805199270684300035e-03
4.129246685074999812e-03
3.814282076150699897e-03
3.804862573103699915e-03
3.461207192956399989e-03
4.333362346483200095e-03
3.857176663259599941e-03
4.537064672171200151e-03
3.440882919219200031e-03
4.652062288292099605e-03
4.132780412544900112e-03
3.478385911328000114e-03
3.488124575469700103e-03
4.506393318295200123e-03
3.340911283996599902e-03
3.784534637762199810e-03
4.347725116673500055e-03
3.457443018355100140e-03
4.054393256328199871e-03
4.373336343417300043e-03
3.699731471960700062e-03
4.320957345465699720e-03
3.993384917665800116e-03
3.607830919638899993e-03
3.861873088286099827e-03
4.498336986119700134e-03
4.144364819052399895e-03
4.146201815976699803e-03
3.975301817728899879e-03
4.537131828143700120e-03
3.065749795929900105e-03
3.545931606364400093e-03
4.376538850558300137e-03
4.347391358007099589e-03
5.109201967861599740e-03
3.921213425088700133e-03
3.590100569439100189e-03
4.710181750993599689e-03
4.204721738120699784e-03
4.923157208862500266e-03
3.613406319776899835e-03
4.244287796575699732e-03
3.383031200016799883e-03
4.098573332975499924e-03
4.027632083493199941e-03
4.496354632914799712e-03
3.680432411364000130e-03
3.443830630172200168e-03
4.602250949333200163e-03
4.406973800371199665e-03
3.934281073074999587e-03
4.298090794344299609e-03
4.711535943254100030e-03
3.092511448330699866e-03
4.479867812642099670e-03
3.961522400059799831e-03
3.361025118873399962e-03
4.302920394829899686e-03
4.457579514111699968e-03
4.414294518401399962e-03
2.611401151136400010e-03
4.244893567616399646e-03
3.991158708765599888e-03
4.815991537136099856e-03
3.324139023783500169e-03
4.081792942661599706e-03
4.589244983615299589e-03
3.627802880760800080e-03
4.094796615818100012e-03
3.338855663533799902e-03
4.096832240686400402e-03
3.634974694718500193e-03
3.877478280816500002e-03
4.298260896888599775e-03
4.391193149207299994e-03
4.339848509668799668e-03
3.477047293108500182e-03
3.772668567788899953e-03
3.753912059898500096e-03
4.511131400387100032e-03
3.278632909294100159e-03
4.560256129130999675e-03
4.320498199464999946e-03
4.109402585908999983e-03
3.867176648681600135e-03
4.351815211782700081e-03
4.447893092271199868e-03
3.333591292281000082e-03
4.508605028507400164e-03
4.167403893214599586e-03
3.642973004473600181e-03
4.088532896393700343e-03
3.689530430040399885e-03
3.785413140095800037e-03
4.434130407093599818e-03
4.202537313829599573e-03
4.423393852299799603e-03
4.140802052607400058e-03
3.731130458316000206e-03
3.592343278880100015e-03
5.229017591851499967e-03
4.666696174391199957e-03
4.123434468058300058e-03
3.994210399225900376e-03
4.246740066238300151e-03
3.903550148795500215e-03
3.138952051089599973e-03
4.080946089954199697e-03
4.769186132802199704e-03
3.734705942546800213e-03
3.942473266777099701e-03
4.306349833174199886e-03
4.229401410592400178e-03
4.037027914952399758e-03
4.478365220050699660e-03
3.616686652897199879e-03
3.538193214599900157e-03
3.649067628773899896e-03
4.116818345864000153e-03
3.748804159947599982e-03
3.534621719528500093e-03
4.017846873001799587e-03
4.635445369044199904e-03
4.145658998698499749e-03
4.045008577711900130e-03
3.519498675750199965e-03
4.018475182359900269e-03
3.216323235958000199e-03
4.429145747021100143e-03
3.684557108760999969e-03
3.238828866628100031e-03
4.099200439239000099e-03
4.145393982043999760e-03
4.356254286827099774e-03
3.772883236841200177e-03
3.821630193363500030e-03
4.171868967895900164e-03
5.008869154745399649e-03
3.665227065633800112e-03
4.256582269162000054e-03
3.906128233245400021e-03
3.571445741517399915e-03
3.986968701758000257e-03
4.044695962280599882e-03
3.803784582949300101e-03
4.020060277171000340e-03
4.071672404774300154e-03
4.394672895226699703e-03
3.547957325000699984e-03
4.337846096015000007e-03
3.767103062121099875e-03
3.165151618067099833e-03
3.948091499729100042e-03
4.473171818254299999e-03
3.949868166107400012e-03
4.432597026452700199e-03
4.130990572334399674e-03
3.323250810436099989e-03
3.539397740892499811e-03
4.180565596258899695e-03
3.805015122507199830e-03
4.448029767256099845e-03
3.597745310711299854e-03
4.021373843436399677e-03
4.974995172395800178e-03
3.875603017658700057e-03
4.146544802890800123e-03
4.269034864683199718e-03
3.968853916177400055e-03
4.007412943903000159e-03
4.483507886113199600e-03
4.406973800371199665e-03
3.577760303974000192e-03
4.266813238301600184e-03
3.881812688529100164e-03
3.918150575879800028e-03
4.561605418445600045e-03
3.547606508450000008e-03
3.648778676532200144e-03
3.445451137283899942e-03
3.918461831641399662e-03
3.747535513955400129e-03
3.807439794970900009e-03
4.281930942802100043e-03
3.899585388210400141e-03
3.995669946304099621e-03
4.430211443516299946e-03
4.412053000536900367e-03
4.074857071674800081e-03
3.908935832613300021e-03
3.594942223974900101e-03
3.529734027662399798e-03
4.897071715612899903e-03
4.502089052600900115e-03
3.871948535075699950e-03
4.447007726254699825e-03
4.401971154259699814e-03
3.737402755215699784e-03
4.142079600573199578e-03
3.632122386203100097e-03
4.704860883667900083e-03
4.175391203266799744e-03
3.891588420681200023e-03
3.297441166549099946e-03
4.515835642262900143e-03
5.352692119781400117e-03
3.957583808202200237e-03
4.532627243306800065e-03
2.721758937371599948e-03
4.952190659044299580e-03
3.849616122324100217e-03
3.771918447112000174e-03
3.121967212970699901e-03
3.582673518934599913e-03
3.944307267599999646e-03
3.469253108380900008e-03
3.162344861895600122e-03
3.732646756924399949e-03
4.029628082242300152e-03
3.784518196993400061e-03
4.584119741259999777e-03
4.414309359553099908e-03
2.795876471096100154e-03
4.113700222103599917e-03
3.449905656897500009e-03
3.760575648342400108e-03
4.113366012176099783e-03
4.227344757204700050e-03
4.278618871688499685e-03
4.001604306853099972e-03
4.390525890323499977e-03
4.582397750129099667e-03
3.816901007517200118e-03
4.210239309382499823e-03
4.208342545901000084e-03
4.047820203449100165e-03
4.087898290417799584e-03
3.521816830200199915e-03
4.110296234950999890e-03
3.921984995684199907e-03
4.561867687370499760e-03
4.167740130011699830e-03
4.080234479647899815e-03
3.688013910785699866e-03
4.159688024679000090e-03
4.260255092238199835e-03
3.671935666150099795e-03
3.492974188093299868e-03
3.888563022675799868e-03
3.716371141358499990e-03
4.288568167283599714e-03
4.042070569809499969e-03
4.549078661517900156e-03
3.939874844295699653e-03
3.200563984445199857e-03
4.337598119959799707e-03
3.582403726218499895e-03
3.796017729762100196e-03
3.322630924523600066e-03
3.868246214964799964e-03
3.393120493811099987e-03
4.012915298453099619e-03
3.785355180324800027e-03
4.783043987683000334e-03
4.343279581768299570e-03
4.216604416203900002e-03
3.977869807515199869e-03
4.107511940577300395e-03
4.293894905764699711e-03
4.020885211470500049e-03
4.117403081550399628e-03
4.468886550270800319e-03
4.379686652570899917e-03
4.224223549643999626e-03
4.395877960859499896e-03
4.783043987683000334e-03
3.582141937991000034e-03
4.598981331991700006e-03
3.308792088475199893e-03
3.490059724672900029e-03
4.302540032090700420e-03
3.665395631743300145e-03
3.779239084411500135e-03
4.080451535188100130e-03
4.408949872321600051e-03
3.792831134773399886e-03
3.963233257521400071e-03
3.634380505378299962e-03
4.520403124839800051e-03
4.226104606115699790e-03
4.166323445507699730e-03
3.894352440866299860e-03
3.804027483608599970e-03
3.832067109338799932e-03
3.798368087215699823e-03
4.501996184402799750e-03
4.042804591236399785e-03
3.781034768673900096e-03
4.342199715506599861e-03
4.250869104418400143e-03
3.957514541322600110e-03
4.224351017955800362e-03
4.349776087503499748e-03
4.028675041255799782e-03
3.591000148915200058e-03
2.816999099263499916e-03
4.232198203833599688e-03
3.837377339402400171e-03
4.463054947327099731e-03
3.747393668240900019e-03
4.850247921599899932e-03
4.988741460807299966e-03
4.462839297329599872e-03
4.279690661374799601e-03
3.972288849414099855e-03
5.001712979673600228e-03
4.419799573705199963e-03
4.457009317137000312e-03
4.168920286441299937e-03
4.135946825555399803e-03
4.194897390836400085e-03
4.481108094556400176e-03
4.346499405261599648e-03
4.216978815090000401e-03
4.141498402230999777e-03
4.484612590727099848e-03
3.239936877986100174e-03
4.444165859992199770e-03
3.661029754706199985e-03
4.521293936552499629e-03
4.324434546039799578e-03
4.343486904494899686e-03
4.549406654604499708e-03
3.841216901865399797e-03
4.029004397946099776e-03
3.871948535075699950e-03
5.088807074938499729e-03
3.671428482983699927e-03
4.199865733434600054e-03
3.487274144074199896e-03
5.170464666127499997e-03
4.084066416508399730e-03
3.732306259177200006e-03
3.481118901306600160e-03
4.074865822273499721e-03
5.556021823080899841e-03
3.385207341939500039e-03
4.066576001864499572e-03
3.871985839575300004e-03
4.788637430508200371e-03
3.673121393530100112e-03
4.035618227920499679e-03
3.517999709720299843e-03
4.614356260760299651e-03
3.949273231591599737e-03
3.436923141354100014e-03
3.636118914318000033e-03
3.568466476844900110e-03
3.650097217908499989e-03
3.943944456647799877e-03
3.754412323390500083e-03
3.426911214709000078e-03
3.645951409299400068e-03
4.235302729104199575e-03
3.668908081153899811e-03
3.900705698425799804e-03
3.373334028771800015e-03
4.083391144164299873e-03
3.451298357717199825e-03
4.020205143738999655e-03
4.410360794600299943e-03
4.447524180747899729e-03
4.454325574262599577e-03
4.199068061402499649e-03
3.599806905901299821e-03
4.090887857284299621e-03
3.896887583377100020e-03
3.316545325308800033e-03
4.129612523737199829e-03
3.477242909305199893e-03
3.911512760584199590e-03
4.107895290928099616e-03
4.270383531856799912e-03
4.541032215434499635e-03
3.658322818937599901e-03
3.393313660685399850e-03
4.858539886895299649e-03
3.218419069379500116e-03
4.802406159198299891e-03
3.899598567043699969e-03
3.988021734978699877e-03
3.614605606216800184e-03
4.585085203676200066e-03
3.866674656440799787e-03
3.949182089270499713e-03
4.507421802537599914e-03
4.192363906273299627e-03
4.473894752464699885e-03
3.234509008663699961e-03
3.184919410883100144e-03
3.565968821989499993e-03
3.590542000650600186e-03
4.158012552835099740e-03
4.052049962520299850e-03
3.482654716168100042e-03
3.605857155806299792e-03
4.049348933697199775e-03
4.062446016359300138e-03
3.795912683158000032e-03
3.810194261696799901e-03
3.680917751970400140e-03
4.361609031661499609e-03
3.909192181357800007e-03
4.423476868304399706e-03
4.753308369705400334e-03
4.313295013665899985e-03
4.194856224238699936e-03
4.243354017141500421e-03
3.590208276164999837e-03
4.403504799638200198e-03
4.661919725005499691e-03
4.534408387475199684e-03
3.931139711663800100e-03
3.582619804559000146e-03
3.966196601898000149e-03
4.514969647818499986e-03
4.532970723741199665e-03
3.435924676938100115e-03
3.590181688868500018e-03
5.005335667533399729e-03
4.003864309050099955e-03
4.096832240686400402e-03
4.251632886529400218e-03
3.874207574093600087e-03
3.415603244582099927e-03
3.121024038552500188e-03
4.449995538552399717e-03
3.941601155422799936e-03
4.564606040423399569e-03
4.450100810700400276e-03
4.159888212667300043e-03
3.878023866918899921e-03
4.146701407467799985e-03
4.126982084847699572e-03
4.145871183391700021e-03
4.348517463843799835e-03
4.037777475065999766e-03
3.865919031958600042e-03
3.497575243736400150e-03
3.613071146692899832e-03
3.635506713776499865e-03
3.472508809439900108e-03
4.370830920561299959e-03
4.378227146271200174e-03
4.723300752000199679e-03
3.991422432891899956e-03
4.431334812189899851e-03
3.959536308189499573e-03
4.148605039949100105e-03
4.041642872917200133e-03
4.210760729148600029e-03
4.727260998931700001e-03
4.344248210516699765e-03
3.302010174426999942e-03
3.540473829138799863e-03
4.439622039340600061e-03
4.439954014136600173e-03
4.274092102685199922e-03
4.195599655350299578e-03
3.783250386395300025e-03
3.719618798196600018e-03
4.200597218730900070e-03
3.570169437763000102e-03
4.521004484032399573e-03
3.586833227127200069e-03
4.463054947327099731e-03
4.698687691928099888e-03
3.583144459396400174e-03
4.749822630633500180e-03
4.943923604543099849e-03
3.949780036697500031e-03
4.174158669066100127e-03
3.857176663259599941e-03
4.403003220445699840e-03
3.994693214828200049e-03
4.457754122540499853e-03
3.823338439542699890e-03
4.638297252653100257e-03
3.185833449189200053e-03
4.412307709422300279e-03
3.229186713545499805e-03
3.298520240162200121e-03
3.789384887071999865e-03
4.538083839461099639e-03
3.497634339755200002e-03
3.591172072463099871e-03
4.778955842443299677e-03
3.691985002374899814e-03
4.071512648559899583e-03
4.133216850294999661e-03
4.243215018210099929e-03
3.718192360504799995e-03
5.151802077464199582e-03
3.966189418841899704e-03
3.938172939994299612e-03
3.981693404485999940e-03
3.730674822275000056e-03
4.271225979907199675e-03
3.956156071210499905e-03
4.260342712158999602e-03
4.635445369044199904e-03
3.437773613607900038e-03
4.230072203864799693e-03
3.839105641819599846e-03
3.994098840130499636e-03
4.068764940300399931e-03
4.368300911167999866e-03
4.350582949774199799e-03
4.385517146215899865e-03
4.260054604352699927e-03
4.377551576279200066e-03
4.382764813469800132e-03
4.198285500367600169e-03
3.804777190788899942e-03
4.266813238301600184e-03
4.610176817427600118e-03
4.528825288506599898e-03
4.333999545968399668e-03
3.960574806101999946e-03
4.639560684349199743e-03
4.410939664902599998e-03
4.577807876922099749e-03
4.315177146550299575e-03
4.582397750129099667e-03
3.371720027408400128e-03
3.962714974992599670e-03
3.918192390310699588e-03
4.132907586123799569e-03
4.124305203610299612e-03
3.399802834517799861e-03
3.908792122082199727e-03
