3.820922641826207428e-09
3.823731841014110936e-09
3.824007080939718671e-09
3.824116110149692048e-09
3.835678604917422997e-09
3.821979218063499782e-09
3.822739190868936985e-09
3.822812083746671279e-09
3.824243671706874405e-09
3.830952952840840558e-09
3.833809643821244042e-09
3.849312037073124600e-09
3.826773056260508764e-09
3.821873060252808047e-09
3.836470100308230367e-09
3.836288522812875875e-09
3.836470100308230367e-09
3.826752496065801430e-09
3.836470100308230367e-09
3.849312037073124600e-09
3.827876889780699759e-09
3.823492922242801980e-09
3.837052622222979848e-09
3.826516649241957525e-09
3.836470100308230367e-09
3.941315596152836775e-09
3.836470100308230367e-09
3.849312037073124600e-09
3.820129383213222639e-09
3.823665120684690962e-09
3.823754576610389922e-09
3.822849869142786452e-09
3.839812695651062186e-09
3.821497185469691204e-09
3.825330446094177847e-09
3.835770255158768922e-09
3.829851272237599281e-09
3.821873060252808047e-09
3.823492922242801980e-09
3.819731097423700426e-09
3.834727660977473509e-09
3.825556499803149928e-09
3.823104990460788674e-09
3.826279344423644975e-09
3.822812083746671279e-09
3.821910159947900420e-09
3.832047403513759240e-09
3.822868960557466765e-09
3.835146906403076682e-09
3.825639814781480945e-09
4.116660494028367971e-09
3.836470100308230367e-09
3.899445037549293432e-09
3.834458651491540230e-09
3.821810262338407310e-09
3.821497185469691204e-09
3.823343578573514188e-09
3.833963566073286203e-09
3.821910159947900420e-09
3.820922641826207428e-09
3.824521835275433307e-09
3.823741732834875267e-09
3.825954026274134058e-09
3.821747405872299056e-09
3.827839369337222541e-09
3.826998129025734952e-09
3.820922641826207428e-09
3.938818111364855774e-09
3.834727660977473509e-09
3.823754576610389922e-09
4.615574884157911279e-09
3.835966410230041692e-09
3.824007080939718671e-09
3.821910159947900420e-09
3.819731097423700426e-09
3.823104990460788674e-09
3.836350916223148182e-09
3.824521835275433307e-09
3.824116110149692048e-09
4.116660494028367971e-09
3.822812083746671279e-09
3.910514921117066027e-09
3.830043000953586079e-09
3.824242281192440248e-09
3.837799043798648278e-09
3.822233789115835403e-09
3.822905224461972482e-09
3.833963566073286203e-09
3.827694045159757290e-09
3.824116110149692048e-09
3.823343578573514188e-09
3.824007080939718671e-09
3.825237605089670409e-09
3.927082936208112581e-09
3.829782400478943699e-09
3.830952952840840558e-09
3.824116110149692048e-09
4.162439919182600391e-09
3.841771101480042423e-09
3.823449090580963629e-09
3.822764813463850934e-09
3.823343578573514188e-09
3.822849869142786452e-09
3.821556166430994297e-09
3.836470100308230367e-09
3.836350916223148182e-09
3.826752496065801430e-09
3.825712400420697397e-09
3.824202007891367465e-09
3.822739190868936985e-09
3.820922641826207428e-09
3.825954026274134058e-09
3.825330446094177847e-09
3.821873060252808047e-09
3.823492922242801980e-09
3.834458651491540230e-09
3.821910159947900420e-09
3.823343578573514188e-09
3.825954026274134058e-09
3.820904111112602402e-09
3.828019845967168744e-09
3.819731097423700426e-09
3.828019845967168744e-09
3.822905224461972482e-09
3.821979218063499782e-09
3.826773056260508764e-09
3.821497185469691204e-09
3.835770255158768922e-09
3.821556166430994297e-09
3.823576008539868593e-09
3.830952952840840558e-09
3.824007080939718671e-09
3.824337643747228555e-09
3.826773056260508764e-09
3.833884887776686235e-09
3.821497185469691204e-09
3.835678604917422997e-09
3.819822558575637976e-09
3.824521835275433307e-09
3.824337643747228555e-09
3.824116110149692048e-09
3.824749114657445006e-09
3.824063560670506260e-09
3.836470100308230367e-09
3.822697293264322877e-09
3.832374655969877775e-09
3.822764813463850934e-09
3.820431988978527259e-09
3.826998129025734952e-09
3.834458651491540230e-09
3.821910159947900420e-09
3.886363629732145318e-09
3.825237605089670409e-09
3.822868960557466765e-09
3.899462458092626449e-09
3.820431988978527259e-09
3.821497185469691204e-09
3.859745098537617597e-09
3.823343578573514188e-09
3.824224200091741308e-09
3.826773056260508764e-09
3.832374655969877775e-09
3.824007080939718671e-09
3.826516649241957525e-09
3.837799043798648278e-09
3.834727660977473509e-09
3.821979218063499782e-09
3.846305769695267183e-09
3.824116110149692048e-09
3.824202007891367465e-09
3.834727660977473509e-09
3.821873060252808047e-09
3.822812083746671279e-09
3.833884887776686235e-09
3.824116110149692048e-09
3.849288191758011560e-09
3.827694045159757290e-09
3.842010736270237696e-09
3.825712400420697397e-09
3.820922641826207428e-09
3.822905224461972482e-09
3.825330446094177847e-09
3.827471626875827584e-09
3.832047403513759240e-09
3.829851272237599281e-09
3.824521835275433307e-09
3.886125559900334012e-09
3.821747405872299056e-09
3.821084054270836333e-09
3.832157751066244739e-09
3.820904111112602402e-09
3.826279344423644975e-09
3.837944024443200871e-09
3.826773056260508764e-09
3.886363629732145318e-09
3.837799043798648278e-09
3.820129383213222639e-09
3.825639814781480945e-09
3.824202007891367465e-09
3.820129383213222639e-09
3.827839369337222541e-09
3.835146906403076682e-09
3.821922632276265287e-09
3.830043000953586079e-09
3.886363629732145318e-09
3.822697293264322877e-09
3.822233789115835403e-09
3.824063560670506260e-09
3.825556499803149928e-09
3.835678604917422997e-09
3.886363629732145318e-09
3.833932991792845421e-09
3.824749114657445006e-09
3.827694045159757290e-09
3.834727660977473509e-09
3.821747405872299056e-09
3.822868960557466765e-09
3.821810262338407310e-09
3.822812083746671279e-09
3.834458651491540230e-09
3.833884887776686235e-09
3.824116110149692048e-09
3.819822558575637976e-09
3.910856338147223073e-09
3.822697293264322877e-09
3.849312037073124600e-09
3.822868960557466765e-09
3.825712400420697397e-09
3.827694045159757290e-09
3.824116110149692048e-09
3.822697293264322877e-09
3.822870999998836117e-09
3.824749114657445006e-09
3.827839369337222541e-09
3.822233789115835403e-09
3.835678604917422997e-09
3.927082936208112581e-09
3.833932991792845421e-09
3.820904111112602402e-09
3.827471626875827584e-09
3.826516649241957525e-09
3.826516649241957525e-09
4.615574884157911279e-09
3.829851272237599281e-09
3.819731097423700426e-09
3.837944024443200871e-09
3.821979218063499782e-09
3.826752496065801430e-09
3.823492922242801980e-09
3.833932991792845421e-09
3.822868960557466765e-09
3.823754576610389922e-09
3.821910159947900420e-09
3.834727660977473509e-09
3.827694045159757290e-09
3.837052622222979848e-09
3.823104990460788674e-09
