-1.346220615854689884e+00
1.019852534294036772e+00
-2.013937464996490956e+00
3.729653614719542487e-01
-6.419788436606330695e-01
-1.533885711744467084e+00
3.262380895320542429e-01
-3.194589178319443001e-01
9.006177018532794953e-01
-1.148189508661546787e+00
3.174750649177282558e-01
-4.075893403776819079e-01
-3.824714374971124875e-02
8.811008408842203599e-01
9.889935228362795039e-01
3.534268760089503414e-01
2.738319616405858747e-01
3.071160827835953122e-01
-1.359767578080171235e+00
1.263553168005843164e-01
-9.396681508618238698e-01
-3.922044503464380827e-01
1.213824012403030173e+00
1.666856172862814844e+00
-5.009677949346621473e-01
-7.498842954565826391e-01
-2.958342386498019616e-01
-1.570090909553198300e+00
-1.878931288207961847e+00
3.300325777065111210e-01
3.183572903965284362e-01
-9.029374946380240852e-01
1.446351269928654926e+00
-4.806048795095042014e-01
9.598396545241301148e-01
4.179691385819769289e-01
3.822783973151763215e-01
-9.223554610369304463e-01
-2.943227067294793553e+00
5.863391064545470099e-01
-1.916409419160366223e+00
-7.812220442436118573e-01
-5.826404823122759424e-01
1.266315088299639458e+00
4.180951259091648664e-01
1.504611529069230513e-01
-1.159077082094737587e+00
-1.769942372807948583e-01
8.754732471845535491e-01
-8.415931274341664770e-01
-8.870619558473675781e-01
-8.915778179244856494e-01
7.408660081654586671e-01
5.792312064766882429e-01
6.410708614195996802e-01
3.611472698490994504e-01
3.130105742048793771e-01
2.961191193764880396e-04
1.197743039234961504e+00
8.242009643209923242e-01
-9.642669793792219002e-01
-2.438984393684558438e-01
-1.406667657922837933e-01
8.310579543586574802e-01
-2.124290363614783406e+00
-1.279098290031539520e+00
6.203706830747470757e-01
-1.108958075715662073e+00
-9.865847980712174614e-01
2.381945285015849845e-01
1.011139052458674525e+00
-5.678024787156127351e-01
8.288726804768640211e-01
-3.991428951894734345e-01
6.524894389844325682e-01
2.284525274321319355e+00
-4.294654336634331354e-02
1.427943075542660534e+00
6.954365081904002599e-01
3.516753974176131115e-01
5.180714072159878780e-01
-1.153421134777827373e+00
-8.283834998593133658e-01
1.466204138553783620e+00
-1.015660086843666932e+00
-1.126953828967466764e+00
9.971106617804033068e-01
5.835452832149012892e-01
3.694827087512746466e-01
9.367652961491365060e-01
7.015141470156924797e-01
-1.181732100228336108e-01
-2.260295159463602932e+00
-3.035821335949941413e-01
-6.512705482077879582e-01
-1.280070447313516935e+00
-1.729092642947082759e+00
2.803976713252803066e+00
-7.059879436940643682e-01
-2.252393457154546308e+00
2.075755838187353763e+00
-2.185760051077882682e-01
2.241037112301464074e+00
-4.739080790146387168e-01
-1.027856346714191238e+00
2.210146502679160574e-01
-1.645824459328055323e+00
9.198469664367400211e-01
1.036426882466270905e-02
8.354844363833797971e-02
-2.137907129575772336e-02
4.057820172306870338e-02
6.549419901902706620e-01
1.662241018412187465e-01
-1.525021429594264899e-01
-2.103185842001959571e+00
2.953806835252618668e-01
1.313170294678967398e+00
2.037062492926141333e-01
-1.127994030123786517e+00
8.829955872153248952e-01
7.777376162741205246e-01
1.529970065954337821e+00
5.352878029284660055e-01
8.360198003349099682e-01
-2.477950267744807311e-01
-7.058024120464106987e-01
9.772240271317780280e-01
-4.033757671718986582e-01
-1.894060504104286169e+00
1.412598020800098109e+00
1.231738541379957086e+00
1.702732542490076051e-01
4.986489879930880442e-01
-8.916892598594736707e-01
-1.504690762195727949e+00
-5.858921078646514013e-01
-6.059255431762204701e-04
-3.857775436272158510e-03
1.401318994779095495e-01
6.182730682950762224e-01
5.987155930155806383e-01
-7.190560359612708785e-01
5.115634079987351202e-01
2.014477641834869215e-01
8.283591269297935211e-01
-1.326049054944472116e+00
-3.756609890981068567e-01
4.500136758731161368e-01
-1.344651200101706356e-01
8.967599590115725439e-02
1.193806245314989134e+00
-4.418534602315816184e-01
-1.503486465595993415e+00
3.720094659460963515e-01
9.844071132877019181e-01
2.071808001506043162e+00
6.163636814594116720e-01
5.163978784679751355e-01
2.513152321957618507e-01
-3.667593381438237210e-01
4.985639683892659213e-02
1.471483834363967125e+00
8.861175179574921901e-02
-1.488505589663193573e+00
-7.876945952974471199e-01
5.110614093838322658e-01
1.508333732100954006e+00
2.458123743660575400e+00
-7.591187386424615990e-01
-1.104434996517171363e+00
1.129116501294277430e+00
1.725677885882495044e-01
2.164608716437072256e-01
2.134155193599265754e+00
1.588178386806720077e+00
-3.713503197443062120e-01
-4.731820629397378020e-01
1.622936138904177206e+00
5.640550619838563540e-02
-5.675194517303393943e-02
-1.632551144878894744e+00
2.126676136081782964e+00
-3.338437551412939408e-01
-1.168875586406936451e+00
-7.850374095587102641e-01
-6.016508776666823488e-01
6.522696681025511589e-01
-2.045921741966282292e-01
1.574236646605534862e+00
-4.522296387599167855e-01
-1.179184454669994109e+00
1.419666866660429516e+00
1.344612337062440766e+00
-1.154260371980660782e+00
-1.702374589876202160e+00
7.623733201751874411e-01
3.569815486477979638e-01
9.550167584898727746e-01
1.706192243754511007e-01
7.886305872937834360e-01
1.105147639766471457e+00
-2.953004141658356896e-01
-4.033334996536087624e-01
4.585211691561305036e-01
-3.635238114423207378e-02
-5.520675720783120299e-01
-6.691926983711884436e-01
1.223198975614619544e+00
5.837105578370579972e-02
3.627344533682048677e-01
5.639193353497591321e-01
-1.185120811542260233e+00
3.861773385739581399e-01
5.708378793158307429e-01
9.818231951193562290e-01
1.218281810808134746e-01
-1.009173281043355352e+00
2.800834464240618882e+00
-3.675670382882322840e-01
-2.535167821084588491e-01
1.717486511303356389e+00
4.699952718135871343e-01
1.146710562755255181e+00
1.048446043753827439e+00
1.226279769484853954e+00
-6.800563967104675811e-01
-9.672655581308193806e-01
1.033593104647043681e+00
5.069466385593572877e-01
-1.323320132945459804e+00
9.336309247562367686e-01
7.402221719382784393e-01
1.238641085117107576e-01
2.143621707223893225e+00
5.943725358496360078e-01
6.132165105435635200e-01
1.839185492047266668e-01
-2.237437155693151325e-01
-8.350546994564962411e-01
7.762764654602810621e-01
-7.914002889773807947e-01
-5.891343970008832143e-01
-2.026752259045111249e+00
1.733339286321410100e+00
1.418280624844178162e-01
-7.121419794974035433e-01
1.382028657137609917e+00
-2.666034601581778185e-01
-1.023559886966065591e+00
1.376390292657556857e+00
-3.138265664115995057e-01
3.527566928409534563e-01
-1.574166447810378677e-01
7.418666381308145485e-01
1.392137194035560244e+00
-2.777661065431603071e-01
