2.700159430018972840e-03
2.795482958477232219e-03
2.795834689674502483e-03
2.698041031061275928e-03
2.787072080148757670e-03
2.794035389269558262e-03
2.794516128063407028e-03
2.796435565460088368e-03
2.701103855489710159e-03
2.790165473897804078e-03
2.788775299938261142e-03
2.776206038106305684e-03
2.693365364262254556e-03
2.796889714374313496e-03
2.785009679300052155e-03
2.794253580026810884e-03
2.785009679300052155e-03
2.798838229633204919e-03
2.785009679300052155e-03
2.776206038106305684e-03
2.696983717850216355e-03
2.795964404055649357e-03
2.782541962162902224e-03
2.799015286982901602e-03
2.785009679300052155e-03
2.825666845857058990e-03
2.785009679300052155e-03
2.776206038106305684e-03
2.797720061467178203e-03
2.698920596542015923e-03
2.697074584046699718e-03
2.700957186861587325e-03
2.779622793508067236e-03
2.798880559855960320e-03
2.798215609906574194e-03
2.695908369363102502e-03
2.794516126296279351e-03
2.796889714374313496e-03
2.795964404055649357e-03
2.798082803013345835e-03
2.684618589168528795e-03
2.795352239234617873e-03
2.796337560372380310e-03
2.798567355016480691e-03
2.796435565460088368e-03
2.699396749487715120e-03
2.794196227381550313e-03
2.696592755069033599e-03
2.793837153620286166e-03
2.799101320363789770e-03
2.753257146491397411e-03
2.785009679300052155e-03
2.805433921802902211e-03
2.687086306305678726e-03
2.793518416021197135e-03
2.798880559855960320e-03
2.797337035374665871e-03
2.689148707154384674e-03
2.699396749487715120e-03
2.700159430018972840e-03
2.697911316680129054e-03
2.698414187378006882e-03
2.697428866240244444e-03
2.700746407529599439e-03
2.701091913988528173e-03
2.701177947369416341e-03
2.700159430018972840e-03
2.727743472862685994e-03
2.684618589168528795e-03
2.697074584046699718e-03
2.874255268061941173e-03
2.793964923895695968e-03
2.795834689674502483e-03
2.699396749487715120e-03
2.798082803013345835e-03
2.796337560372380310e-03
2.696330207032437455e-03
2.697911316680129054e-03
2.698041031061275928e-03
2.753257146491397411e-03
2.796435565460088368e-03
2.711320244342023313e-03
2.696592753301905922e-03
2.797799876095348297e-03
2.794724471229972310e-03
2.694995700094709578e-03
2.796843969536388919e-03
2.689148707154384674e-03
2.791288737256627985e-03
2.698041031061275928e-03
2.797337035374665871e-03
2.795834689674502483e-03
2.699876503100975302e-03
2.721360552453493033e-03
2.692242100903430649e-03
2.790165473897804078e-03
2.698041031061275928e-03
2.658717071450790708e-03
2.795443872733499070e-03
2.794997957041072713e-03
2.698966341379940067e-03
2.797337035374665871e-03
2.700957186861587325e-03
2.695595043026823706e-03
2.785009679300052155e-03
2.696330207032437455e-03
2.798838229633204919e-03
2.701179685097731750e-03
2.697559585482859224e-03
2.794516128063407028e-03
2.700159430018972840e-03
2.697428866240244444e-03
2.798215609906574194e-03
2.796889714374313496e-03
2.795964404055649357e-03
2.687086306305678726e-03
2.699396749487715120e-03
2.797337035374665871e-03
2.697428866240244444e-03
2.797320122482088115e-03
2.700914856638831924e-03
2.798082803013345835e-03
2.700914856638831924e-03
2.796843969536388919e-03
2.794035389269558262e-03
2.693365364262254556e-03
2.798880559855960320e-03
2.695908369363102502e-03
2.695595043026823706e-03
2.698512192465714939e-03
2.790165473897804078e-03
2.795834689674502483e-03
2.799103058092104745e-03
2.693365364262254556e-03
2.793964275892265106e-03
2.798880559855960320e-03
2.787072080148757670e-03
2.798401618804356120e-03
2.697911316680129054e-03
2.799103058092104745e-03
2.698041031061275928e-03
2.792191225243973503e-03
2.694267852249600075e-03
2.785009679300052155e-03
2.792919073089082573e-03
2.690851926943888146e-03
2.698966341379940067e-03
2.798669780523972868e-03
2.701177947369416341e-03
2.687086306305678726e-03
2.699396749487715120e-03
2.704406287069050733e-03
2.699876503100975302e-03
2.696592755069033599e-03
2.707510548808529215e-03
2.798669780523972868e-03
2.798880559855960320e-03
2.700009449309707672e-03
2.797337035374665871e-03
2.699413662380292442e-03
2.693365364262254556e-03
2.690851926943888146e-03
2.795834689674502483e-03
2.799015286982901602e-03
2.794724471229972310e-03
2.684618589168528795e-03
2.794035389269558262e-03
2.678282665111932689e-03
2.698041031061275928e-03
2.697559585482859224e-03
2.684618589168528795e-03
2.796889714374313496e-03
2.796435565460088368e-03
2.793964275892265106e-03
2.698041031061275928e-03
2.698564565458625754e-03
2.791288737256627985e-03
2.697520499739125641e-03
2.701179685097731750e-03
2.700159430018972840e-03
2.796843969536388919e-03
2.798215609906574194e-03
2.700643982022107262e-03
2.794196227381550313e-03
2.794516126296279351e-03
2.697911316680129054e-03
2.802329660063424162e-03
2.700746407529599439e-03
2.700478245809982691e-03
2.696272854387177318e-03
2.797320122482088115e-03
2.798567355016480691e-03
2.696801098235598881e-03
2.693365364262254556e-03
2.704406287069050733e-03
2.794724471229972310e-03
2.797720061467178203e-03
2.799101320363789770e-03
2.697559585482859224e-03
2.797720061467178203e-03
2.701091913988528173e-03
2.793837153620286166e-03
2.696112016275184833e-03
2.696592753301905922e-03
2.704406287069050733e-03
2.792919073089082573e-03
2.694995700094709578e-03
2.694267852249600075e-03
2.795352239234617873e-03
2.787072080148757670e-03
2.704406287069050733e-03
2.696040902897891677e-03
2.792191225243973503e-03
2.791288737256627985e-03
2.684618589168528795e-03
2.700746407529599439e-03
2.696592755069033599e-03
2.793518416021197135e-03
2.796435565460088368e-03
2.687086306305678726e-03
2.793964275892265106e-03
2.698041031061275928e-03
2.798401618804356120e-03
2.809243617336396742e-03
2.792919073089082573e-03
2.776206038106305684e-03
2.696592755069033599e-03
2.701179685097731750e-03
2.791288737256627985e-03
2.698041031061275928e-03
2.792919073089082573e-03
2.799027228484083155e-03
2.792191225243973503e-03
2.701091913988528173e-03
2.694995700094709578e-03
2.787072080148757670e-03
2.721360552453493033e-03
2.696040902897891677e-03
2.797320122482088115e-03
2.700643982022107262e-03
2.799015286982901602e-03
2.799015286982901602e-03
2.874255268061941173e-03
2.794516126296279351e-03
2.798082803013345835e-03
2.696801098235598881e-03
2.794035389269558262e-03
2.798838229633204919e-03
2.795964404055649357e-03
2.696040902897891677e-03
2.696592755069033599e-03
2.697074584046699718e-03
2.699396749487715120e-03
2.684618589168528795e-03
2.791288737256627985e-03
2.782541962162902224e-03
2.796337560372380310e-03
