4.326996847202683740e-08
4.330210557808625856e-08
4.330497951113904052e-08
4.330644317591870752e-08
4.343840382321973529e-08
4.328192994111279471e-08
4.329060277969634177e-08
4.329175474485491530e-08
4.330773171363964111e-08
4.338528004265186525e-08
4.341763601381339529e-08
4.359618858906203126e-08
4.333778199645193517e-08
4.328106045267876071e-08
4.344670551060488125e-08
4.344425632875505704e-08
4.344670551060488125e-08
4.333641195485969258e-08
4.344670551060488125e-08
4.359618858906203126e-08
4.334901464517808508e-08
4.329946658422208831e-08
4.345286329147219454e-08
4.333371813133934613e-08
4.344670551060488125e-08
4.464041755838623296e-08
4.344670551060488125e-08
4.359618858906203126e-08
4.326111049621311741e-08
4.330109092184819838e-08
4.330218676437432981e-08
4.329184153670761760e-08
4.348490341624859424e-08
4.327649531234446355e-08
4.332017425085517596e-08
4.343862705825480306e-08
4.337156307992041320e-08
4.328106045267876071e-08
4.329946658422208831e-08
4.325650960793371160e-08
4.342652173110650786e-08
4.332263448133577576e-08
4.329470753229745492e-08
4.333101073067746321e-08
4.329175474485491530e-08
4.328131615080766207e-08
4.339655845112751711e-08
4.329204806847826304e-08
4.343172138310663124e-08
4.332371085028009924e-08
4.664423804078252585e-08
4.344670551060488125e-08
4.416419920734809841e-08
4.342401371959341228e-08
4.328012279340974671e-08
4.327649531234446355e-08
4.329747005246693281e-08
4.341913170036354639e-08
4.328131615080766207e-08
4.326996847202683740e-08
4.331080601173924224e-08
4.330193560096132835e-08
4.332711406782053650e-08
4.327929071605871730e-08
4.334878690282044086e-08
4.333917288476904962e-08
4.326996847202683740e-08
4.461219577537243989e-08
4.342652173110650786e-08
4.330218676437432981e-08
5.234952784798168406e-08
4.344075970981561914e-08
4.330497951113904052e-08
4.328131615080766207e-08
4.325650960793371160e-08
4.329470753229745492e-08
4.344494087328185341e-08
4.331080601173924224e-08
4.330644317591870752e-08
4.664423804078252585e-08
4.329175474485491530e-08
4.429047651968295746e-08
4.337367989097997660e-08
4.330774299077703598e-08
4.346132496462713210e-08
4.328533814026972348e-08
4.329244840391264252e-08
4.341913170036354639e-08
4.334803874623937924e-08
4.330644317591870752e-08
4.329747005246693281e-08
4.330497951113904052e-08
4.331908595991898321e-08
4.447868550893617918e-08
4.337221174282805295e-08
4.338528004265186525e-08
4.330644317591870752e-08
4.725618481653812220e-08
4.350651703147906823e-08
4.329877997395109534e-08
4.329108135453171126e-08
4.329747005246693281e-08
4.329184153670761760e-08
4.327730361876784980e-08
4.344670551060488125e-08
4.344494087328185341e-08
4.333641195485969258e-08
4.332449114777915729e-08
4.330735886390296522e-08
4.329060277969634177e-08
4.326996847202683740e-08
4.332711406782053650e-08
4.332017425085517596e-08
4.328106045267876071e-08
4.329946658422208831e-08
4.342401371959341228e-08
4.328131615080766207e-08
4.329747005246693281e-08
4.332711406782053650e-08
4.326999061120969688e-08
4.335085789136518226e-08
4.325650960793371160e-08
4.335085789136518226e-08
4.329244840391264252e-08
4.328192994111279471e-08
4.333778199645193517e-08
4.327649531234446355e-08
4.343862705825480306e-08
4.327730361876784980e-08
4.330032326965218868e-08
4.338528004265186525e-08
4.330497951113904052e-08
4.330885723898437545e-08
4.333778199645193517e-08
4.341743715877207221e-08
4.327649531234446355e-08
4.343840382321973529e-08
4.325749151412831534e-08
4.331080601173924224e-08
4.330885723898437545e-08
4.330644317591870752e-08
4.331419309741058748e-08
4.330657258677915707e-08
4.344670551060488125e-08
4.329048402504585232e-08
4.340156715549321773e-08
4.329108135453171126e-08
4.326438768390159852e-08
4.333917288476904962e-08
4.342401371959341228e-08
4.328131615080766207e-08
4.401527536984510348e-08
4.331908595991898321e-08
4.329204806847826304e-08
4.416461344853639534e-08
4.326438768390159852e-08
4.327649531234446355e-08
4.371158498468751505e-08
4.329747005246693281e-08
4.330749812814192214e-08
4.333778199645193517e-08
4.340156715549321773e-08
4.330497951113904052e-08
4.333371813133934613e-08
4.346132496462713210e-08
4.342652173110650786e-08
4.328192994111279471e-08
4.356180239607256609e-08
4.330644317591870752e-08
4.330735886390296522e-08
4.342652173110650786e-08
4.328106045267876071e-08
4.329175474485491530e-08
4.341743715877207221e-08
4.330644317591870752e-08
4.359227567442250448e-08
4.334803874623937924e-08
4.350928436644905212e-08
4.332449114777915729e-08
4.326996847202683740e-08
4.329244840391264252e-08
4.332017425085517596e-08
4.334460440297489384e-08
4.339655845112751711e-08
4.337156307992041320e-08
4.331080601173924224e-08
4.401237635177427660e-08
4.327929071605871730e-08
4.327176269844019619e-08
4.339774294635781045e-08
4.326999061120969688e-08
4.333101073067746321e-08
4.346297936883766469e-08
4.333778199645193517e-08
4.401527536984510348e-08
4.346132496462713210e-08
4.326111049621311741e-08
4.332371085028009924e-08
4.330735886390296522e-08
4.326111049621311741e-08
4.334878690282044086e-08
4.343172138310663124e-08
4.328130325846370256e-08
4.337367989097997660e-08
4.401527536984510348e-08
4.329048402504585232e-08
4.328533814026972348e-08
4.330657258677915707e-08
4.332263448133577576e-08
4.343840382321973529e-08
4.401527536984510348e-08
4.341791108308229220e-08
4.331419309741058748e-08
4.334803874623937924e-08
4.342652173110650786e-08
4.327929071605871730e-08
4.329204806847826304e-08
4.328012279340974671e-08
4.329175474485491530e-08
4.342401371959341228e-08
4.341743715877207221e-08
4.330644317591870752e-08
4.325749151412831534e-08
4.429412920950968615e-08
4.329048402504585232e-08
4.359618858906203126e-08
4.329204806847826304e-08
4.332449114777915729e-08
4.334803874623937924e-08
4.330644317591870752e-08
4.329048402504585232e-08
4.329213913597535983e-08
4.331419309741058748e-08
4.334878690282044086e-08
4.328533814026972348e-08
4.343840382321973529e-08
4.447868550893617918e-08
4.341791108308229220e-08
4.326999061120969688e-08
4.334460440297489384e-08
4.333371813133934613e-08
4.333371813133934613e-08
5.234952784798168406e-08
4.337156307992041320e-08
4.325650960793371160e-08
4.346297936883766469e-08
4.328192994111279471e-08
4.333641195485969258e-08
4.329946658422208831e-08
4.341791108308229220e-08
4.329204806847826304e-08
4.330218676437432981e-08
4.328131615080766207e-08
4.342652173110650786e-08
4.334803874623937924e-08
4.345286329147219454e-08
4.329470753229745492e-08
