3.113768842465131369e-05
3.070444600886866143e-05
3.070168347445390917e-05
3.089497040951369027e-05
3.200100749359524973e-05
3.086281027027317631e-05
3.067623375596894306e-05
3.077716369428933172e-05
3.127017203351203283e-05
3.067167274241473887e-05
3.068726956326134684e-05
3.118758509886472168e-05
3.076156825001546193e-05
3.073757912541423028e-05
3.068748270069272306e-05
3.070444600886866143e-05
3.069458940606693668e-05
3.093242810443106350e-05
3.066835087052464291e-05
3.068268699826046667e-05
3.068355855604724372e-05
3.075099766398362093e-05
3.070168347445390917e-05
3.087907131651624395e-05
3.068788128116504765e-05
3.068095564604818017e-05
3.106074148714593872e-05
3.067990174857418325e-05
3.067642961067944447e-05
3.069819495370997123e-05
3.068355855604724372e-05
3.077356458918357638e-05
3.102355453867211365e-05
3.070091287516118578e-05
3.066835087052464291e-05
3.069458940606693668e-05
3.073264432436462456e-05
3.084497728886503924e-05
3.099922122572529889e-05
3.066905162224033718e-05
3.090962726627621160e-05
3.068173975894903700e-05
3.074616842093250098e-05
3.066835087052464291e-05
3.066905162224033718e-05
3.103550697714994833e-05
3.067224638939163039e-05
3.071242374775123006e-05
3.066835087052464291e-05
3.080095431274830768e-05
3.066905162224033718e-05
3.084146515527694520e-05
3.070168347445390917e-05
3.068748270069272306e-05
3.067167274241473887e-05
3.069458940606693668e-05
3.105625783863691120e-05
3.071007189174639008e-05
3.072557103868954112e-05
3.068173975894903700e-05
3.102355453867211365e-05
3.074045797000689534e-05
3.068355855604724372e-05
3.068173975894903700e-05
3.073264432436462456e-05
3.092273869829042300e-05
3.066835087052464291e-05
3.067642961067944447e-05
3.089393168737695106e-05
3.068173975894903700e-05
3.080068246666856253e-05
3.068173975894903700e-05
3.067167274241473887e-05
3.087493505800478966e-05
3.067642961067944447e-05
3.076156825001546193e-05
3.068748270069272306e-05
3.069093828825533927e-05
3.107655258843158814e-05
3.081530926416977008e-05
3.079268629900999872e-05
3.067990174857418325e-05
3.114187449182812532e-05
3.066947367153334607e-05
3.077356458918357638e-05
3.152199329334834149e-05
3.074479146641512082e-05
3.069458940606693668e-05
3.101611130344821113e-05
3.066947367153334607e-05
3.067224638939163039e-05
3.074045797000689534e-05
3.112293792978713887e-05
3.108322485571998821e-05
3.072651473275165803e-05
3.068055886395864158e-05
3.112293792978713887e-05
3.108943611184445907e-05
3.068268699826046667e-05
3.085769428114827151e-05
3.066835087052464291e-05
3.087098901073856812e-05
3.106911015008125264e-05
3.128084370231264317e-05
3.108135039382719649e-05
3.067990174857418325e-05
3.190800640101703885e-05
3.127017203351203283e-05
3.067224638939163039e-05
3.071007189174639008e-05
3.104362327790044263e-05
3.068173975894903700e-05
3.067642961067944447e-05
3.079268629900999872e-05
3.070087817362260031e-05
3.075743789357796254e-05
3.068748270069272306e-05
3.088666665518740190e-05
3.570972439395805306e-05
3.069093828825533927e-05
3.068301217239447138e-05
3.077356458918357638e-05
3.069327173637538433e-05
3.068095564604818017e-05
3.068726956326134684e-05
3.069458940606693668e-05
3.066905162224033718e-05
3.068055886395864158e-05
3.071796183559325871e-05
3.071723208586201424e-05
3.077948506095868231e-05
3.068726956326134684e-05
3.106631779460760907e-05
3.069819495370997123e-05
3.071242374775123006e-05
3.069093828825533927e-05
3.068268699826046667e-05
3.073264432436462456e-05
3.071104028089496397e-05
3.086402731012426290e-05
3.072557103868954112e-05
3.070168347445390917e-05
3.084386551870052935e-05
3.068055886395864158e-05
3.070168347445390917e-05
3.068095564604818017e-05
3.068095564604818017e-05
3.068268699826046667e-05
3.071242374775123006e-05
3.102075068387476003e-05
3.070087817362260031e-05
3.076726101821479232e-05
3.067990174857418325e-05
3.070091287516118578e-05
3.068748270069272306e-05
3.115583213678126384e-05
3.114335398059153920e-05
3.080095431274830768e-05
3.068095564604818017e-05
3.068095564604818017e-05
3.071723208586201424e-05
3.074479146641512082e-05
3.097834398402754194e-05
3.069093828825533927e-05
3.070444600886866143e-05
3.068748270069272306e-05
3.071242374775123006e-05
3.078673140608303055e-05
3.066905162224033718e-05
3.070444600886866143e-05
3.071796183559325871e-05
3.067990174857418325e-05
3.068055886395864158e-05
3.069093828825533927e-05
3.075099766398362093e-05
3.100577271338088965e-05
3.067623375596894306e-05
3.069093828825533927e-05
3.069458940606693668e-05
3.067167274241473887e-05
3.092944580239008809e-05
3.104329988945845454e-05
3.107838503765291446e-05
3.073425010330871023e-05
3.105671569171601702e-05
3.100935004354386809e-05
3.105240533014782319e-05
3.090962726627621160e-05
3.074479146641512082e-05
3.068268699826046667e-05
3.066905162224033718e-05
3.073264432436462456e-05
3.068173975894903700e-05
3.066947367153334607e-05
3.067167274241473887e-05
3.108768480096974390e-05
3.085575125765042384e-05
3.067990174857418325e-05
3.068301217239447138e-05
3.096593488080750590e-05
3.094464151127613493e-05
3.068268699826046667e-05
3.076156825001546193e-05
3.067224638939163039e-05
3.108928825471707921e-05
3.068095564604818017e-05
3.067990174857418325e-05
3.066947367153334607e-05
3.069245613907828097e-05
3.067167274241473887e-05
3.072557103868954112e-05
3.069245613907828097e-05
3.077356458918357638e-05
3.068301217239447138e-05
3.066947367153334607e-05
3.068355855604724372e-05
3.084386551870052935e-05
3.066905162224033718e-05
3.068095564604818017e-05
3.067167274241473887e-05
3.071104028089496397e-05
3.090962726627621160e-05
3.076156825001546193e-05
3.069093828825533927e-05
3.068268699826046667e-05
3.066905162224033718e-05
3.068748270069272306e-05
3.068788128116504765e-05
3.076726101821479232e-05
3.068173975894903700e-05
3.066835087052464291e-05
3.082954076343565015e-05
3.074616842093250098e-05
3.067623375596894306e-05
3.069245613907828097e-05
3.066947367153334607e-05
3.101220116711152019e-05
3.070087817362260031e-05
3.068355855604724372e-05
3.266364068881941662e-05
3.069458940606693668e-05
3.087493505800478966e-05
3.070087817362260031e-05
3.109593142768342816e-05
3.074616842093250098e-05
3.074045797000689534e-05
3.074616842093250098e-05
3.106679358338209035e-05
3.071723208586201424e-05
3.104461058538633830e-05
3.067642961067944447e-05
3.328086401576169410e-05
3.074616842093250098e-05
3.082954076343565015e-05
3.071723208586201424e-05
3.068173975894903700e-05
3.080068246666856253e-05
3.116127761455090390e-05
3.067224638939163039e-05
3.069458940606693668e-05
3.066947367153334607e-05
3.094468799151202094e-05
3.066835087052464291e-05
3.066835087052464291e-05
3.066905162224033718e-05
3.069245613907828097e-05
3.067642961067944447e-05
3.085702349869375369e-05
3.077716369428933172e-05
3.077716369428933172e-05
3.067167274241473887e-05
3.069819495370997123e-05
3.074045797000689534e-05
3.093667312839467470e-05
3.094147591314511570e-05
3.067642961067944447e-05
3.068748270069272306e-05
3.068788128116504765e-05
3.108928825471707921e-05
3.068173975894903700e-05
3.067224638939163039e-05
3.068095564604818017e-05
3.068748270069272306e-05
3.091323412845683625e-05
3.094464151127613493e-05
3.096593488080750590e-05
3.145124285533932798e-05
3.111424883925976553e-05
3.066905162224033718e-05
3.067623375596894306e-05
3.068301217239447138e-05
3.067623375596894306e-05
3.170212444074664327e-05
3.074045797000689534e-05
3.068173975894903700e-05
3.066835087052464291e-05
3.106631779460760907e-05
3.068748270069272306e-05
3.068748270069272306e-05
3.085516252580263922e-05
3.092273869829042300e-05
3.068355855604724372e-05
3.073264432436462456e-05
3.068173975894903700e-05
3.093667312839467470e-05
3.069245613907828097e-05
3.116127761455090390e-05
3.072551154071254099e-05
3.069245613907828097e-05
3.068173975894903700e-05
3.073757912541423028e-05
3.087493505800478966e-05
3.093667312839467470e-05
3.105336998208461734e-05
3.068268699826046667e-05
3.090962726627621160e-05
3.070091287516118578e-05
3.069327173637538433e-05
