1.146289684556659957e-02
1.048263856349290063e-02
8.932056550038699333e-03
8.185431791163700482e-03
8.141644752138700245e-03
1.031263669330950011e-02
1.145401442122779938e-02
1.298741904176189954e-02
1.158113155588709996e-02
1.112188143036970008e-02
1.103777647213179981e-02
7.913793843842499912e-03
1.223064606169770030e-02
1.165124488606010013e-02
1.299347313181659948e-02
1.022250948213039926e-02
1.142310514405030057e-02
1.176607060430050027e-02
1.261460506585979947e-02
1.134927279733020065e-02
1.336496208477220074e-02
1.354858538961390031e-02
1.106121531782930031e-02
7.632166235617699954e-03
1.156057517626320023e-02
1.156002847484710085e-02
1.317403480832579979e-02
1.072437879006920072e-02
1.189091608146079955e-02
8.194274867330200371e-03
1.171187516504089941e-02
1.044201933424590036e-02
1.238376814822620027e-02
1.166197296507399950e-02
1.124334894005359943e-02
1.131708537531330057e-02
1.058088024068849949e-02
9.085782565856100404e-03
9.053907542607800632e-03
1.255317617406529959e-02
7.847552487938900048e-03
1.259900546623020021e-02
1.072577174825129973e-02
9.410224133476099984e-03
1.217385840078499988e-02
1.173835928586549997e-02
1.346805151006040015e-02
1.108182108818120057e-02
1.108731876316450086e-02
1.119227396215029952e-02
1.180994286138039966e-02
1.072878246018670045e-02
1.192669215481209979e-02
1.324307406647379920e-02
7.705600997096599680e-03
1.165612814025820086e-02
8.629265893776100552e-03
1.176609128222090052e-02
8.988066933621299479e-03
1.008526137312350072e-02
1.032309028086200037e-02
1.191486113584939999e-02
1.276963110328289963e-02
1.170860573878539958e-02
1.148413398542479959e-02
1.151063215877760025e-02
8.090336454976100253e-03
1.126472402058210052e-02
1.119862973763140028e-02
1.126070569435549951e-02
1.137957353461580001e-02
1.118591635621690034e-02
1.269087188260909979e-02
7.991232071664199771e-03
1.218974840989420043e-02
7.608454016707799812e-03
1.196342409619340075e-02
8.043750190901199915e-03
1.003030151984679944e-02
1.350754119164030050e-02
1.269633578433199995e-02
1.189711100365400086e-02
1.131116871158369987e-02
1.132326410485329921e-02
9.508628063372199721e-03
1.161529787441550020e-02
1.134221929413019997e-02
7.532515176196699636e-03
1.164107877747280057e-02
7.548854569999600278e-03
1.132137182253309914e-02
1.147605457884789959e-02
1.121593179440999975e-02
9.139668184404699941e-03
1.212260866226680042e-02
1.197778860780509928e-02
9.611142055970899392e-03
1.172051159814110032e-02
1.218278561748280080e-02
1.216725314272180079e-02
1.026235682070780059e-02
1.113120360795689934e-02
8.629265893776100552e-03
1.165139153835400079e-02
1.145100798388610022e-02
1.205105038654609960e-02
9.734252988499799905e-03
1.034545935723189987e-02
6.332199687840299636e-03
1.118556401136520072e-02
1.167096209872369936e-02
7.456004868091699669e-03
1.131074895702450026e-02
1.162165719583960026e-02
9.474124644244800303e-03
1.264943580750619960e-02
1.164249169451660008e-02
1.125271677375070008e-02
1.064201421794640050e-02
1.116066759332680000e-02
1.275931746202199971e-02
1.210329319657489980e-02
1.201018109888980084e-02
1.166286699470740068e-02
1.192172751209179954e-02
1.175997141901599999e-02
8.564965145298600313e-03
1.108475416131620046e-02
1.150413082983289988e-02
1.238833517994239984e-02
1.125099660439170084e-02
1.302218841850259941e-02
1.161043547576619955e-02
1.137472472916849914e-02
1.186472515908110030e-02
1.043001035435689970e-02
1.175727243717440001e-02
1.178511730759869945e-02
1.150114999235169952e-02
9.614015151605100062e-03
1.171565984406009939e-02
1.095642419956589959e-02
1.170755387105120067e-02
7.522519332107900289e-03
1.149324092532709972e-02
8.227550186683599276e-03
1.137384867222470015e-02
1.219535701475889938e-02
1.235587701390560011e-02
1.218156758067829963e-02
7.868426134782299450e-03
8.361359993229400267e-03
1.159384402552040075e-02
1.055270912872850048e-02
1.319123156245689994e-02
7.119390361614699736e-03
1.057176255100610029e-02
1.074187812949960012e-02
1.068404223590480040e-02
1.000412425938130082e-02
1.150550264723899929e-02
1.023021164553910081e-02
1.051228245781559920e-02
7.982108400947500806e-03
1.333630258753520058e-02
1.181297088843779979e-02
1.160865117495260036e-02
1.093300112754650062e-02
8.258924813297100626e-03
8.082407307058800047e-03
8.314125533269199966e-03
1.123354015632319937e-02
1.189736251252729998e-02
8.383669857154000399e-03
8.875832112522099443e-03
1.131119420705280036e-02
1.217371631854139921e-02
1.069775146074370027e-02
1.023004186839819932e-02
1.031597248552099978e-02
1.218427576106459985e-02
1.138227864355039962e-02
1.190035320944849914e-02
1.207733688789629917e-02
1.223065925971490026e-02
1.219193977538209940e-02
1.107411248223950061e-02
1.092808083309970008e-02
1.136343954239329990e-02
1.133465150422639962e-02
1.226710583164499976e-02
1.106929322488390058e-02
8.448614319240299250e-03
7.835543610530900510e-03
1.214430089703989919e-02
1.181171154924619965e-02
1.175012978981889930e-02
1.226323380597810035e-02
1.159156991733500085e-02
1.131491068683010068e-02
1.120426438877250054e-02
1.232333086022019929e-02
1.156285100065839941e-02
1.088936500001889962e-02
1.113234655859079991e-02
7.897487419667599193e-03
1.231028700719839948e-02
1.171424838337879921e-02
1.057006349430150011e-02
1.122654273964259972e-02
1.279319151038380009e-02
1.139800963913539973e-02
1.061665065924320001e-02
1.158419986155929948e-02
6.697242308438900241e-03
1.125151605721349916e-02
8.731677841303100290e-03
9.314069051802799371e-03
7.323124894028000369e-03
1.099755600590440058e-02
1.148758292147909928e-02
1.238551692789370030e-02
1.177718951179169971e-02
1.256162464367380042e-02
1.226862579890329943e-02
1.225105402136109946e-02
1.196014501112640030e-02
7.463547682482299904e-03
1.036550196978900003e-02
8.728234547898899506e-03
1.097958997227839982e-02
1.181585567162720014e-02
1.157136426320420040e-02
8.942362485778600212e-03
1.146362029203430027e-02
1.174353905747189952e-02
1.247262502989109935e-02
1.173467638520230005e-02
7.631885441284000371e-03
1.220792776068310020e-02
9.386179555715199255e-03
1.306231574499529952e-02
1.118276119608030070e-02
9.275282595858800813e-03
1.107739504304900043e-02
1.199284944294990059e-02
1.167657147036229963e-02
1.049249335740749974e-02
1.147091910991459955e-02
1.172380377598329984e-02
1.134164493097459918e-02
1.106734940377080041e-02
7.203909313059100004e-03
1.365678154978190034e-02
1.224357769814649922e-02
1.237611871602030053e-02
1.109039074176339928e-02
1.155007483746840063e-02
1.171412622363540018e-02
1.039282386312630029e-02
7.119390361614699736e-03
1.174513828467610085e-02
1.167375216329000036e-02
7.835543610530900510e-03
1.139043552836650069e-02
9.211674272533800639e-03
1.137926667237990075e-02
7.463019208002900050e-03
1.185951112648669925e-02
1.220002161843880030e-02
8.199360503384500037e-03
1.002393369610909968e-02
1.004267364994559930e-02
1.201779217890880033e-02
1.245117951778429953e-02
1.133156713057520068e-02
1.105274906307150001e-02
7.991232071664199771e-03
1.156260370396509918e-02
7.411159123907800315e-03
1.200153310709499953e-02
9.832254881367200050e-03
1.145395541273369969e-02
8.017318366766799931e-03
8.024575578942200541e-03
1.106693491281430033e-02
9.934616969588300553e-03
9.277577882783900193e-03
1.143199436182519915e-02
1.056575100048679980e-02
1.190601058494239993e-02
8.057949422657900013e-03
9.715561219399600212e-03
1.180833407658180012e-02
1.192287164597089985e-02
1.355606276616250043e-02
1.087960044565280081e-02
8.755687751813699682e-03
1.197314564459250018e-02
1.142724414357629975e-02
1.168357127747790027e-02
1.156524624654979919e-02
1.140794801283409945e-02
1.275751645397829939e-02
1.175332503625070059e-02
1.020037345860779973e-02
1.195373908274069939e-02
9.399622141526800534e-03
9.191905285651899918e-03
1.174060934304060021e-02
1.112286559442960017e-02
1.181604768824619928e-02
1.203954354895490041e-02
8.271007027129200287e-03
1.331331595947130020e-02
1.122465305518870020e-02
1.129108797367700014e-02
1.103182657520749947e-02
1.191301049975279983e-02
1.086383963929769998e-02
8.610571814014700287e-03
1.086517240124469999e-02
1.098767661756640084e-02
1.166448987355090013e-02
7.016872915633700324e-03
1.095972890772949938e-02
9.802198666602800550e-03
1.114861561211590024e-02
9.302993870557999673e-03
1.130909743518689926e-02
9.508628063372199721e-03
1.073251334091280054e-02
1.127814052293510047e-02
9.782192677354299704e-03
1.164483969562750063e-02
1.176282612051660070e-02
9.020205925430700711e-03
1.131774194527990045e-02
1.219292161472849967e-02
1.050853605073829959e-02
1.041068997298089972e-02
1.141130884486690061e-02
1.281657395981249982e-02
1.163177875662759972e-02
1.171278497352690011e-02
1.204099657938020006e-02
9.370648367167800155e-03
1.089125817324509971e-02
7.990575076157399592e-03
1.055334886134339997e-02
1.066843222575820059e-02
1.129415318875479947e-02
1.370574029978239954e-02
1.146916946941720084e-02
1.151864317855090004e-02
1.236638233383840005e-02
1.082847145673570058e-02
7.115072942152800284e-03
1.136603164001770069e-02
1.221947765643579924e-02
1.057323876552269948e-02
1.051082333170159921e-02
1.400340190496490028e-02
1.165223695252230046e-02
1.183275556785060023e-02
9.774381431405399639e-03
1.272636826510959926e-02
1.117987762975639933e-02
1.186234895554369971e-02
1.163579810415039939e-02
9.274651192144900760e-03
1.177416051213039938e-02
1.140283452666089950e-02
1.143330342331880072e-02
1.213549841468389984e-02
1.176230012882690038e-02
1.229622992890989919e-02
9.492946150340299608e-03
1.117818467875569995e-02
1.135595782447270004e-02
1.059758469638590050e-02
1.279134251126219993e-02
8.100565884803200001e-03
1.371504076359419955e-02
1.126124108766969958e-02
8.564965145298600313e-03
1.285575081578540016e-02
8.284158868609399484e-03
1.067126088154229935e-02
1.051991122818399932e-02
1.167106670761950023e-02
1.107767902677550022e-02
8.314125533269199966e-03
1.221209378128169931e-02
1.082558828168470044e-02
1.379648096092079938e-02
1.235312008554130016e-02
7.798376891606900382e-03
1.242216195800079949e-02
1.069929799408719968e-02
1.190713750506160011e-02
1.183847783040370069e-02
1.136719995146000077e-02
1.107597681780519983e-02
1.163414495889210018e-02
1.187554457154489998e-02
1.180581133598770059e-02
8.490438538860299589e-03
1.082447518549979962e-02
1.147648272971620032e-02
1.167262601423369947e-02
1.154862799921839954e-02
8.180328096344800792e-03
1.021630242090480062e-02
1.102248189053909970e-02
9.728895167146100337e-03
1.213842306154279925e-02
1.173305143310460034e-02
1.185935056050740032e-02
1.060699617778249927e-02
1.184847613465290009e-02
1.370642377031850052e-02
9.435655053036900650e-03
1.117480702934539952e-02
1.153874857799109914e-02
8.043750190901199915e-03
1.409134213521440020e-02
9.680427190638499907e-03
1.155136095391640083e-02
1.130821529599509989e-02
1.230824684208630011e-02
1.188389009342839982e-02
8.563282171764000777e-03
1.205733419254799953e-02
1.265906166790600057e-02
8.142318576840900518e-03
6.419779670691599938e-03
1.117384734644259921e-02
1.153835538777960024e-02
8.783233466996999764e-03
1.225797029812620079e-02
1.273720864206360007e-02
1.101010859052510039e-02
9.084484927712599758e-03
1.322736410641250047e-02
1.031591940238609992e-02
1.235312968978079934e-02
1.142088933851970016e-02
1.118620192892929958e-02
1.171115626891579969e-02
1.100769744885029926e-02
1.168793035874579958e-02
1.125080790389020036e-02
1.236595298994199940e-02
1.044421398136009989e-02
1.189721852539899968e-02
1.118351864805220038e-02
1.229286517281700034e-02
8.722289574702699749e-03
1.402299955942109926e-02
1.155296715657599949e-02
1.160969023978019980e-02
1.174382494294930017e-02
8.185431791163700482e-03
1.105709437025009963e-02
1.250102129034759944e-02
8.226342076328500147e-03
1.135513169091790023e-02
1.247413210182459972e-02
9.627138399094599744e-03
1.181566765344729993e-02
1.075771265260259957e-02
1.135349877897879993e-02
7.726323706526899704e-03
1.095896084815850026e-02
1.114691885915270082e-02
1.097807724558619996e-02
1.169198392966709979e-02
1.179805000995619996e-02
8.212344861869799381e-03
9.969933845584300763e-03
1.019536301772029988e-02
1.196995317224820027e-02
8.801503897224900730e-03
1.161078186230429972e-02
1.208568784660449952e-02
1.066481167729789979e-02
7.968682730595300773e-03
1.108414533402489986e-02
8.120334128571700047e-03
8.488412161695900460e-03
1.154168421138579946e-02
1.112152541780679973e-02
8.733532528022700664e-03
8.024575578942200541e-03
1.260591579411939923e-02
7.606753932964300385e-03
1.172116835294569927e-02
1.085140065357889996e-02
1.100665815798419940e-02
1.179351549931469990e-02
1.193833226228369938e-02
1.073046514285990079e-02
1.130203639224579976e-02
1.106304876308920014e-02
1.225650316917440037e-02
8.117548077114799393e-03
1.065717800696540027e-02
1.243335246663359976e-02
7.889916481132000850e-03
1.227491489531190062e-02
1.114520532421209992e-02
1.143016011112749954e-02
1.133957068525700065e-02
1.160298311274390003e-02
1.149549001143690061e-02
1.275448952512250010e-02
1.184313071708159928e-02
1.061232159027239962e-02
1.198293193662500027e-02
1.315918787631660015e-02
8.732922794347499837e-03
1.185415055830700039e-02
8.292002824872900593e-03
1.122787302086259917e-02
1.071147045918880054e-02
1.051880183427090013e-02
1.148698317219720016e-02
1.112800654983999923e-02
1.383124146317749915e-02
1.231891681831360011e-02
1.189340902097749987e-02
1.032566345681669960e-02
1.324650526203319939e-02
1.056295696878510083e-02
1.096433205909009938e-02
9.492946150340299608e-03
7.820461436352800152e-03
8.774167640242299532e-03
1.220890522441409921e-02
9.179084403372400267e-03
1.207489532831180004e-02
1.122108543996589922e-02
1.167678759972910069e-02
8.284158868609399484e-03
1.240515367054760044e-02
8.685923198944499671e-03
1.158371152944919977e-02
1.256331240868350033e-02
1.152828776302300059e-02
9.373770904737300722e-03
1.159762686151120069e-02
1.285901396418919970e-02
9.890350540929699480e-03
1.075783957160040064e-02
1.107945743401130001e-02
1.168658952507400060e-02
1.057777873333839991e-02
1.219037460136969918e-02
9.841211200068500711e-03
1.098502249147450052e-02
1.188882962273810073e-02
1.223599710593270030e-02
1.215552937673679973e-02
1.121544520820400015e-02
1.323053505126410047e-02
1.266936178967279988e-02
1.085606623297729993e-02
1.103935653770909964e-02
1.145190998872950075e-02
1.239533758884600080e-02
1.135947898294270043e-02
1.099770277386039920e-02
1.112629913083060078e-02
7.796887687827600173e-03
8.126895012215000144e-03
1.085681396877260022e-02
1.172102230317820064e-02
1.224400198334170062e-02
1.153389497867200048e-02
1.193885955192429925e-02
1.228961804204650038e-02
1.177118941376639923e-02
1.301545692716849986e-02
1.070791124815860008e-02
1.195952901221560005e-02
1.225781783734320070e-02
1.185196385589970015e-02
1.151320588220799968e-02
1.139637482117199924e-02
1.023529720635740076e-02
1.174621671864439949e-02
1.181269467472209969e-02
1.235393508796900006e-02
1.349148977503549993e-02
1.097853941421730005e-02
1.264860412579820077e-02
1.167585151789909959e-02
9.292102880797499173e-03
1.112356583438789924e-02
7.535525680518900295e-03
8.757868608190499948e-03
8.126941602874400081e-03
7.745191481712199871e-03
1.122455278404790001e-02
1.214085779479039985e-02
1.215931632462100009e-02
1.161707899829430082e-02
1.159098447961529922e-02
9.006562883339900433e-03
1.190879451736030076e-02
1.305436230497039954e-02
1.255270538968679926e-02
1.111022225867529939e-02
1.144420370169460001e-02
1.145176008639509947e-02
1.253266084262029921e-02
1.207212071505850068e-02
1.204294031150630016e-02
1.250755412694539923e-02
1.183237362803660035e-02
1.079300896510240054e-02
1.075643528466820042e-02
1.237356935762239964e-02
1.059894027486599916e-02
9.474124644244800303e-03
1.094511102195610056e-02
1.243679209357169933e-02
1.174612864119800072e-02
1.187757750912819994e-02
9.998905657292299354e-03
8.227550186683599276e-03
9.396273965771499356e-03
1.214638736331979940e-02
1.082271808653360000e-02
1.087939467564560080e-02
1.164731046211919981e-02
1.139577419435979996e-02
1.146227106995079993e-02
1.032111255242470008e-02
8.799172740537300821e-03
1.105810261003200082e-02
1.135688315514920069e-02
1.312156130381570036e-02
7.846328732268599560e-03
1.262894750271620001e-02
9.196102863413799927e-03
1.146345339155989927e-02
1.086225410361750000e-02
1.147202216910589954e-02
1.151401852690480017e-02
1.120606976053399942e-02
1.122944785596790077e-02
1.204880357534809932e-02
1.087200905605460038e-02
1.093295537690809963e-02
1.299041542485919985e-02
1.210524857305159997e-02
1.088630181470089976e-02
1.093768216878309926e-02
8.383669857154000399e-03
1.155411827865840055e-02
1.091056161284820018e-02
1.131543101796999955e-02
1.227934184437340023e-02
1.111614464531679967e-02
7.929201250477099436e-03
9.641658857345900002e-03
1.254666441968210061e-02
1.149739238887360036e-02
8.026241033177599488e-03
8.538761734422899846e-03
1.208993105185970050e-02
1.212030081467420015e-02
5.607549660833499768e-03
1.262791430481930051e-02
1.111044547928789934e-02
1.178854014248839968e-02
1.074204306970510080e-02
1.120899708369980062e-02
7.619075383982799876e-03
1.111795596954539937e-02
1.163481716479539997e-02
1.148841982304680057e-02
1.157716608325409964e-02
1.284529981394809915e-02
1.159265003943809984e-02
1.174367743494710015e-02
1.105250596535010087e-02
1.166830399853860042e-02
1.074407287487369987e-02
1.248797790784379920e-02
1.186529125815389933e-02
1.178599750562000018e-02
1.356707323630580025e-02
1.177159868572610034e-02
1.170189021225740041e-02
1.237644935411190070e-02
1.095387498449579972e-02
1.093295537690809963e-02
1.174380474764979976e-02
1.256948334190829963e-02
8.799172740537300821e-03
1.262703453922190029e-02
1.116347387211489954e-02
1.213430124053659943e-02
1.196690127031930020e-02
1.072204095484530044e-02
1.240696199167730038e-02
8.783233466996999764e-03
1.177842952949310039e-02
8.801503897224900730e-03
1.102555278217920084e-02
1.121986181329310064e-02
1.187861086243719930e-02
1.336650775097720026e-02
1.084587229226749959e-02
1.167609902318109995e-02
9.689329265482500564e-03
1.212501049310829929e-02
1.052810647993149967e-02
1.066792132698980017e-02
7.714686606056599984e-03
1.131720179089779933e-02
1.116171638642280035e-02
8.258924813297100626e-03
9.472140489418700432e-03
1.153733657823889994e-02
8.287393594460500459e-03
1.103624048599950030e-02
9.179818483337100557e-03
6.851335926237499957e-03
9.364238533866900763e-03
1.213404264207000073e-02
7.798166725133000125e-03
9.769937538346200323e-03
1.263757235474160037e-02
1.114915085279419987e-02
1.163051250403530044e-02
1.087865622308939982e-02
1.042342482744659966e-02
7.815617979155999734e-03
1.115689412922249955e-02
1.136089210664490042e-02
1.086385618953519989e-02
1.219605204904109994e-02
9.483234149404900018e-03
1.103687877963100035e-02
1.058143916305560005e-02
8.942362485778600212e-03
1.369024948377010019e-02
9.083600721715899551e-03
1.287579678068109974e-02
7.575793638030199791e-03
1.239258507694259923e-02
8.074067170768100057e-03
1.157979361038860046e-02
1.078692657054240028e-02
1.149166685576999934e-02
7.982108400947500806e-03
1.128435071553260047e-02
8.812795188652099154e-03
7.729310440166599870e-03
1.098107148319719950e-02
1.084004143631320076e-02
8.654013627605599765e-03
1.240688398114879985e-02
1.096737081214299928e-02
8.287764919164899990e-03
8.578865975214200815e-03
1.147489909321480067e-02
8.438663287105499858e-03
6.660469785595300209e-03
1.092165619654600003e-02
1.122249617107209940e-02
1.024046505451070045e-02
1.228366938807689927e-02
1.235009993225360050e-02
1.115478020154419929e-02
1.078250416126200033e-02
1.073468636838859937e-02
1.126521080129760065e-02
1.105575013013719923e-02
1.102962710870739917e-02
9.998094290654300012e-03
1.158289030371869970e-02
1.126244650517940066e-02
1.077202347514579980e-02
1.088966750942130073e-02
7.205948739646099790e-03
1.215210238711359955e-02
1.136387895181430012e-02
1.076226556209130061e-02
7.067738323338300203e-03
1.309307517103329953e-02
1.123922870262199919e-02
1.063512460200150000e-02
1.023678379528069997e-02
1.038538717986210030e-02
1.147354803621000036e-02
1.157287894274949998e-02
1.132548588388090048e-02
1.102367459326289954e-02
1.043432875523989979e-02
7.807062506202800192e-03
7.512634779397799577e-03
8.212344861869799381e-03
1.125914252372849957e-02
1.095918429417569971e-02
1.074701670675710062e-02
1.087029853763180065e-02
1.221819164747410015e-02
1.076731384458480024e-02
1.209829756867810031e-02
8.486306129775300633e-03
1.232499819519130083e-02
1.379257101821190074e-02
1.169356787117229943e-02
1.100042242196300028e-02
1.163649115899889966e-02
8.287393594460500459e-03
1.039205099872620060e-02
9.802198666602800550e-03
1.209414148878710030e-02
9.179084403372400267e-03
1.109006595669640056e-02
1.088235453354250044e-02
7.714686606056599984e-03
1.141218331698980008e-02
8.120334128571700047e-03
1.146201360542760048e-02
1.130402791266900062e-02
1.171876933830249927e-02
1.101879567449869958e-02
1.185003945215459993e-02
1.146209437363240012e-02
9.332097906651499672e-03
1.071124063908849948e-02
1.118143075071869989e-02
1.197575723317319957e-02
1.035627819465920023e-02
1.056139328395440044e-02
1.184278252689230024e-02
1.020881984895950084e-02
1.115080632219759942e-02
1.196211146554490047e-02
1.045952765249339930e-02
1.220945970364739966e-02
1.135849716709999915e-02
1.197121589185489929e-02
1.091421076967359974e-02
8.341803545952899274e-03
7.913793843842499912e-03
1.192151330209110030e-02
1.143268691816999930e-02
1.235151587008090010e-02
6.537122449560500183e-03
8.538761734422899846e-03
1.312465586724789919e-02
7.807062506202800192e-03
1.159009637315550068e-02
1.118238669773369970e-02
1.300035878184939951e-02
1.227521610765049988e-02
1.118604137562819942e-02
1.369524029029139944e-02
1.023259995401380046e-02
8.767035461902500035e-03
1.155371136249139924e-02
1.181003086921699960e-02
7.580286628750499897e-03
1.211023678105640003e-02
1.198633648259789936e-02
1.036689892693780021e-02
1.095278747692250004e-02
9.275282595858800813e-03
1.205857838457729918e-02
1.161158272096990060e-02
8.365388029928500294e-03
1.216131869490559916e-02
1.139038869434249972e-02
1.151352722952759915e-02
9.565289518785900780e-03
1.232097521941150076e-02
1.193049599524399935e-02
8.090336454976100253e-03
1.103039090156410044e-02
1.346685051630559966e-02
9.191905285651899918e-03
1.167468991027990032e-02
6.705831587396500135e-03
1.050554332975250048e-02
1.226681639536539997e-02
1.067102000744710004e-02
1.137075456782139955e-02
1.056092253890890051e-02
1.148549813893509977e-02
1.120521124851379946e-02
1.153195853060929969e-02
8.438663287105499858e-03
1.057723925935069934e-02
1.124321618275789941e-02
1.389641726199460081e-02
1.148352616234559961e-02
8.126895012215000144e-03
1.182861912612430053e-02
1.134042588482640085e-02
1.163579810415039939e-02
8.027757691710600205e-03
1.037865251865370021e-02
1.158249226892590043e-02
1.199969760189260014e-02
1.228847317165310087e-02
1.037279614996709960e-02
1.175760460985499946e-02
1.201692216780110047e-02
1.171321065519380020e-02
1.185051216470360026e-02
1.119728319982580059e-02
9.330112717333400793e-03
7.771826225849200361e-03
1.264128960916889935e-02
1.239814235618750052e-02
1.067907268957010020e-02
1.152103471230430005e-02
7.225471484846099704e-03
9.301024846464800780e-03
1.146378922277680075e-02
9.062130477085700644e-03
8.711025495517499273e-03
1.213058539497299977e-02
1.161490809140810002e-02
1.083066580842039980e-02
1.116313437010920014e-02
1.230374498499440042e-02
8.852593016744299270e-03
7.371258171653899752e-03
8.199360503384500037e-03
1.237284582102760044e-02
1.037210364105699972e-02
8.022055249557100837e-03
1.193713693468810046e-02
1.145872493498600007e-02
8.368092996693499153e-03
1.291385903435889916e-02
1.129622520556539979e-02
1.096139172017420067e-02
1.262376364694479947e-02
7.203909313059100004e-03
1.199802323762389974e-02
1.121530765444199960e-02
8.991720932096599478e-03
1.097465500652830030e-02
1.198775053638980077e-02
8.490438538860299589e-03
1.226605738069640010e-02
1.064194010776020084e-02
9.083600721715899551e-03
1.323576164086319971e-02
8.462067377024299134e-03
8.067543030145299388e-03
6.851335926237499957e-03
1.198371830360460064e-02
1.079254241213590051e-02
1.074962295798459998e-02
1.062015187839379995e-02
1.108436969227930002e-02
1.147299159096359933e-02
1.217333688842450051e-02
1.156221114763989963e-02
1.051401608401419940e-02
1.224285020364189978e-02
1.187618603450030057e-02
1.035526513771060052e-02
7.182828150854900229e-03
1.251140973591810014e-02
1.125459779822570068e-02
1.333259251811230034e-02
1.188080039613200085e-02
1.149351331088750011e-02
8.450712550307800178e-03
1.062418798496190045e-02
1.153518711418420085e-02
1.161425198395439964e-02
1.232632041428489977e-02
1.238957274318329936e-02
1.183632207838049982e-02
1.133375658258340031e-02
1.160770126731689930e-02
1.086245551304720024e-02
1.103992828228110047e-02
9.396273965771499356e-03
1.256292030730690040e-02
1.096196740955240022e-02
1.026958789731980022e-02
1.163796008338239922e-02
9.658369546890399268e-03
1.095956857095200035e-02
1.138184570912120080e-02
1.190455477357810037e-02
1.156476892627180016e-02
8.294265831288200053e-03
1.037566187852119980e-02
7.782621416847999678e-03
1.289391221436170069e-02
1.272074470681170029e-02
1.033473313806279950e-02
1.039008303174810029e-02
8.124905683640900808e-03
1.121238003279199924e-02
1.030165489748189993e-02
1.109079964580439968e-02
1.196660120732889916e-02
1.243115175017969927e-02
1.245335481160280040e-02
1.258121246263230013e-02
1.172310340009359922e-02
1.235350026754209948e-02
1.116048197199030062e-02
1.052589838693420050e-02
1.094283800873250070e-02
1.174410165452020004e-02
8.102678412971100336e-03
8.406538595414399934e-03
1.251449238360119974e-02
1.297441643315349995e-02
7.463019208002900050e-03
7.796257243789799993e-03
1.063241644514260030e-02
6.697242308438900241e-03
8.654013627605599765e-03
1.124890187578089958e-02
1.212121299245830057e-02
1.323559595857269969e-02
7.889916481132000850e-03
1.147787510635859924e-02
1.165919011048320054e-02
1.123506089848999925e-02
1.212210103780039967e-02
1.295197378838949982e-02
1.369268744170890062e-02
1.228302010997760034e-02
1.051313966683099961e-02
1.266569237976579963e-02
7.200368964816099802e-03
1.169637689795110028e-02
1.243578214357259938e-02
1.213907071953979934e-02
7.745191481712199871e-03
6.879780955532400002e-03
1.193936312749070000e-02
7.369193227149100321e-03
1.179048939797579937e-02
8.249546855751799246e-03
1.120726708136570056e-02
1.067138404913100039e-02
8.477191854060999246e-03
1.188784827927919993e-02
9.305037910844200788e-03
1.123450849949579958e-02
1.077929158247700053e-02
6.736100637633000293e-03
1.171141800298040013e-02
1.187764822578990000e-02
1.161563119058920020e-02
1.211409136811750047e-02
1.255386960099970015e-02
1.159337603136919963e-02
1.141217308098309985e-02
1.099710652157940075e-02
1.077279794186990040e-02
1.042543529650200029e-02
1.181571913543380016e-02
1.157277293106079991e-02
1.155168223843669982e-02
1.161009313027380058e-02
1.002752167081900035e-02
1.187694442358559928e-02
1.121785166540260024e-02
1.207720488434959986e-02
1.062673175180819940e-02
1.139979743363740000e-02
1.240856554669340049e-02
1.099390306894099979e-02
1.098868816053799949e-02
1.144225583489380006e-02
9.196102863413799927e-03
1.100269978727549947e-02
1.237532869509349980e-02
6.812166420468299642e-03
9.616009733246900712e-03
1.151902878989270046e-02
1.130117154680809928e-02
1.228118143008049938e-02
1.193957562369639923e-02
1.136955580056439943e-02
1.035688675360690002e-02
1.343233365069460006e-02
1.042810320002509998e-02
8.341803545952899274e-03
1.175936958223760057e-02
8.935847186730299860e-03
1.018365993212400067e-02
1.169004613430459950e-02
1.146347348432879935e-02
1.140877732938069995e-02
1.166485317446980079e-02
8.057142442165000570e-03
1.106684188780089964e-02
1.141853333565190018e-02
7.548854569999600278e-03
1.275934434527999962e-02
1.193171647361110019e-02
1.121581235349100071e-02
1.305152738046439984e-02
1.136401188647719919e-02
8.258158263008200106e-03
1.208771025798699959e-02
9.936200070182700864e-03
9.928722529390400509e-03
1.118418337124330031e-02
1.101084153512560046e-02
1.161680661050789980e-02
9.290223486882799933e-03
8.043507607101700596e-03
1.079877745876970004e-02
1.142454357694770023e-02
7.462645548268799674e-03
1.189714596045269961e-02
1.028762725279599999e-02
1.317517010707930022e-02
1.271016517685859964e-02
1.203604120977780009e-02
1.235805648075539998e-02
1.237937542864180063e-02
8.070466113646699788e-03
1.241327791870269932e-02
8.305073936651599653e-03
1.184403998977849939e-02
1.090579352630340060e-02
7.604254932466299882e-03
8.287764919164899990e-03
1.220039941839220002e-02
1.120480775603940014e-02
1.267660038489440075e-02
1.069616577146599926e-02
1.169165494367960072e-02
1.085523833788010033e-02
1.033196770821719936e-02
1.180240886633160055e-02
1.193267813215550047e-02
1.088501779146779959e-02
1.260515655117470067e-02
1.179936281843729957e-02
7.631885441284000371e-03
1.321295138595279979e-02
1.105444520182759932e-02
1.214606305741510080e-02
1.223732044913860076e-02
1.158739859634250018e-02
8.250003023265499447e-03
1.009525976294210065e-02
1.074936080812819925e-02
8.645880715231899633e-03
1.199369197313459971e-02
1.197559088075779953e-02
1.079104936908169970e-02
1.113835051024109936e-02
1.133791919326359969e-02
6.653710537847299863e-03
1.096840554578949918e-02
1.195221022925080021e-02
1.022429826096440085e-02
1.227074850022710079e-02
1.366458288190829963e-02
1.195384578994400024e-02
1.164639511834410050e-02
7.729310440166599870e-03
1.148163393124619971e-02
1.170475890473359967e-02
8.271007027129200287e-03
1.136801799123189974e-02
7.580286628750499897e-03
1.140754034993009952e-02
1.123904751190860085e-02
1.073719163362080002e-02
1.026047883650759926e-02
6.660469785595300209e-03
7.102054462057400160e-03
7.645980592935500315e-03
1.255204358730659976e-02
1.035031907112340076e-02
1.077804595475229978e-02
1.195656790461149983e-02
1.191737231685010071e-02
1.140029343213340082e-02
8.098770665684200398e-03
1.220198802873869934e-02
1.172558456384810086e-02
9.435655053036900650e-03
8.082407307058800047e-03
1.187133040171630023e-02
9.372065410052900225e-03
1.170562840752670079e-02
8.027757691710600205e-03
1.338972575843999993e-02
1.142275099922050036e-02
1.253010400555540013e-02
1.233656906894630041e-02
1.124753249941939925e-02
7.532515176196699636e-03
1.135633022533459949e-02
1.146962708954910037e-02
1.121061839700920014e-02
1.112058235498909926e-02
1.143748495782819993e-02
1.108988113196649958e-02
1.095106044094219973e-02
9.111104022070800126e-03
1.063209516548700023e-02
1.117512156294660046e-02
7.790475855310299846e-03
1.109362052384769981e-02
1.154829413712749921e-02
1.087356847734599966e-02
1.182104882002859951e-02
1.156769354788740080e-02
1.136177550234859952e-02
1.106069332928579993e-02
1.201507783408239938e-02
1.047657715862680000e-02
1.071317910101260082e-02
9.182002208730499770e-03
1.151552776304129964e-02
1.339974070855710041e-02
1.214823455299269932e-02
1.126964563168030009e-02
1.176762098306450080e-02
1.129156323101159973e-02
1.301118714731219934e-02
7.302558790744500053e-03
1.152401803875529977e-02
1.122958422443499915e-02
1.370805169334220024e-02
1.132089361485950040e-02
1.026240630160510023e-02
1.191118492511500024e-02
8.026241033177599488e-03
1.223250282442189980e-02
8.510778244543399512e-03
1.108690917891359991e-02
1.159350273276859959e-02
1.026229943137920049e-02
9.519406453226799195e-03
1.180201441990090007e-02
1.254487676849300008e-02
1.087669108986979993e-02
7.300949372958299814e-03
1.201684362615890005e-02
1.100815733976390036e-02
1.175163913880939923e-02
1.103084054615000031e-02
1.104973767902540059e-02
1.059971176135940038e-02
1.040248973108649951e-02
1.122233834923610021e-02
1.098197242194329931e-02
8.576087630435200171e-03
8.656770548239900789e-03
7.815617979155999734e-03
8.764491430770800229e-03
1.198225657415400054e-02
