2.538188033803700106e-03
2.713075914890200179e-03
2.622985652565799995e-03
2.626010000485199791e-03
2.681704074350299821e-03
2.598090133746400188e-03
2.430715815558100179e-03
2.534474447018300082e-03
2.617032134941400107e-03
2.603099296403000012e-03
2.492516150553600145e-03
2.552535587230599957e-03
2.632024151489600113e-03
2.672196394703100011e-03
2.644730973093699887e-03
2.581610210207800193e-03
2.932238028796899966e-03
2.541453625837900108e-03
2.493405013436999964e-03
2.620435989002099786e-03
2.470978467846299872e-03
2.624892238735799990e-03
2.551306164829100168e-03
2.467229363296399944e-03
2.570897603082899965e-03
2.576515867446900043e-03
2.574073238335700207e-03
2.489537569102499934e-03
2.549864117109999859e-03
2.630879139427199850e-03
2.482895575502699903e-03
2.195416172592599881e-03
2.658826168436699902e-03
2.625673291755700137e-03
2.612034800402800085e-03
2.540120417025899802e-03
2.651706951736799815e-03
2.650653044989000149e-03
3.027594946940500176e-03
2.675054852544499900e-03
2.533152652944199897e-03
2.382798703071399918e-03
2.540326344805100139e-03
2.552786212850200170e-03
2.615680203872800154e-03
2.537691780408699808e-03
2.606149508449799937e-03
2.659770261588099809e-03
2.562349999860399994e-03
2.635237845965400071e-03
2.565459877439400186e-03
2.527253670103599918e-03
2.623865792332800029e-03
2.381288823023599861e-03
2.555722850970800191e-03
2.521368276505699807e-03
2.659953254771300034e-03
2.648547775462300070e-03
2.571100860211800003e-03
2.541969110969600088e-03
2.513986858975299915e-03
2.574080218623799911e-03
2.560418922299499862e-03
2.512284004952099973e-03
2.506965717357200005e-03
2.587115810408400184e-03
2.610679928832499927e-03
2.607378123959600003e-03
2.537350229128499876e-03
2.654828012322699854e-03
2.629017777733199876e-03
2.627297755602899920e-03
2.595345486596600023e-03
2.543972585885300158e-03
2.723975411715599988e-03
3.146496199494600021e-03
2.645270404660699827e-03
2.513747480415200013e-03
2.558641270967899981e-03
2.572279648783599992e-03
2.574747668480700108e-03
2.555961937301500127e-03
2.569736326788900176e-03
2.527336286786000148e-03
2.544641366359100005e-03
3.004428554844900019e-03
2.625770551238399905e-03
2.614175612636699883e-03
2.533861191456599805e-03
2.762715650478999880e-03
2.780763017260499785e-03
2.522950485525499945e-03
2.624126891017699789e-03
2.587325977290699883e-03
2.628953119866900105e-03
2.599758939433899785e-03
2.601585362694400130e-03
2.554090001030599830e-03
2.608458800904899823e-03
2.276271518673499833e-03
2.521922387220599995e-03
2.732448320454600090e-03
2.587829522785399863e-03
3.240980394667500146e-03
2.607047690442699898e-03
2.618502131305900163e-03
2.622194566855000006e-03
2.511880607079899994e-03
2.521922387220599995e-03
2.524273030279499883e-03
2.549058073162799917e-03
2.216576374847400131e-03
2.540197377016299805e-03
2.547475058040100070e-03
2.629360144149800026e-03
2.625833184903000189e-03
3.584252798054399919e-03
2.644612714362100034e-03
3.070642520312499846e-03
2.648373458060300067e-03
2.602611322524500063e-03
2.946007087150699904e-03
2.641773492736000043e-03
2.534842733050499900e-03
2.632825645658900138e-03
3.114682021502100141e-03
2.540186938652799851e-03
2.689290621750399859e-03
3.241944692089499935e-03
2.651155840764500213e-03
2.509649582714800105e-03
2.486206517786499794e-03
2.929203199382399928e-03
2.499418789676599931e-03
2.551214752877699853e-03
2.608613074023000047e-03
2.601990820306399835e-03
2.534908371712800076e-03
2.412989406441599927e-03
2.536333003753399925e-03
2.653546104784500204e-03
2.601475537322500090e-03
2.494747321380599934e-03
2.554598185448900098e-03
2.652394977320100041e-03
2.574016271531799800e-03
2.651729152109200040e-03
2.550790654171599964e-03
2.598894981898100184e-03
2.491385125563500176e-03
2.652788477991799895e-03
2.553979534544799975e-03
2.630682758587299819e-03
2.550777483644300122e-03
2.581097942786899843e-03
2.600600101999200105e-03
2.496578977253000042e-03
2.695047008716599819e-03
2.507015444550599916e-03
2.578032158819599899e-03
2.581566761390599856e-03
2.563237010119799857e-03
2.570332122831300078e-03
2.577642040072599967e-03
2.622556266141799850e-03
2.598108570398200041e-03
2.628571015623800116e-03
2.557218597253099832e-03
2.714597424608299926e-03
2.533232070362800067e-03
2.562413424160199949e-03
2.320925761633400169e-03
2.630726220226599875e-03
2.655082662078799786e-03
2.625490658723800188e-03
2.604352872051999938e-03
2.538240766748100109e-03
2.548611762238799962e-03
2.582207458002300140e-03
2.556749475833900147e-03
2.567250619077900142e-03
2.605713554868199951e-03
2.532544973145999835e-03
2.578675680851899923e-03
2.516756497439800056e-03
2.569972191745299988e-03
2.561200713070999838e-03
2.479440957929900189e-03
2.489362519302899899e-03
2.623458850773799887e-03
2.683381072323199820e-03
2.593420210112299881e-03
2.614695143578399817e-03
2.647006537680699802e-03
3.004428554844900019e-03
2.684440334374199946e-03
2.579696127821700085e-03
2.508370720258400015e-03
2.527322927395399873e-03
2.939444002823400192e-03
2.581190110742899793e-03
2.620030940751400146e-03
2.619198371448199988e-03
2.567021419682400003e-03
2.664683104830400159e-03
2.576933595097199818e-03
3.584252798054399919e-03
2.624215276371699886e-03
2.669223631347399789e-03
3.502920077763700072e-03
2.664553675775700216e-03
2.589248473680699856e-03
2.595409138491999897e-03
2.595038330017600085e-03
2.585713055426399915e-03
2.664816832934499991e-03
2.613587010417799984e-03
2.536352877207599926e-03
2.535860198160799859e-03
2.580042536528200179e-03
2.575315320075600035e-03
2.882939191816400164e-03
2.521401081902400164e-03
2.686346678125999844e-03
2.867891115586300096e-03
2.562018618417199935e-03
2.688256416476899821e-03
3.558223762451000020e-03
3.248323312240899811e-03
2.503408975224100195e-03
2.616168516904399804e-03
2.611339933842599884e-03
2.548680850808900111e-03
2.682825654663200179e-03
2.621107511293299924e-03
2.540320089111999888e-03
2.317540575821399988e-03
2.596742232021199970e-03
2.530302459005200066e-03
2.544707260611599794e-03
2.560036739367299932e-03
2.614192910581300024e-03
2.536564602268899949e-03
2.511141049817899960e-03
2.859121899646799823e-03
2.496690638573900115e-03
2.684777257106999923e-03
2.953975731052800070e-03
2.562947085672599972e-03
2.569398471711900091e-03
2.557723963838299999e-03
2.679529803192200188e-03
2.584020156937899982e-03
2.554390757848000199e-03
2.634290247329400085e-03
2.632792502040699929e-03
2.608613074023000047e-03
2.609206679532100059e-03
2.667523362976000154e-03
2.562884196541000137e-03
2.587234328494799826e-03
2.679777674189599921e-03
2.614216638192099797e-03
2.610495072222899973e-03
2.661320932050399973e-03
2.604552208202400194e-03
2.548127650302199967e-03
2.572332888921200194e-03
2.559766086146100014e-03
2.205102092788600171e-03
2.654751611535500089e-03
2.604302481175599978e-03
2.893159937914099866e-03
2.829572594030600134e-03
2.799915293948700059e-03
2.555615589510599854e-03
2.549293474025399880e-03
2.620959013314300146e-03
2.581642187966499882e-03
2.590667146119799910e-03
2.243379376723600004e-03
2.367531689195599871e-03
2.555842057528599949e-03
2.481586818369400059e-03
2.708416061895499959e-03
2.570929456129500065e-03
2.540054308130200098e-03
2.636614910345500169e-03
2.575114162884800141e-03
2.622424626111400075e-03
2.613575039114599940e-03
2.577570655398200069e-03
2.615675715607499938e-03
2.679865434735400048e-03
2.659879428893500118e-03
2.609533915752700051e-03
2.575958941292900116e-03
2.583168561294400117e-03
2.577360318241499887e-03
2.547556717612300178e-03
2.593782558362199998e-03
2.575949422887999912e-03
2.463161556499299937e-03
2.601845385205099788e-03
2.845508702807999796e-03
2.635117709623400160e-03
2.555466913838600005e-03
2.673503883146000158e-03
2.809117349999299806e-03
2.304915056704400118e-03
2.070555277006099881e-03
2.591497499123299880e-03
2.597990101814099794e-03
2.613477612325700028e-03
2.389525554387299938e-03
2.628245061874999889e-03
2.596856797591000007e-03
2.581024164876300018e-03
2.512501008218800090e-03
2.574715727326999833e-03
2.421826561236299809e-03
2.599463357496500059e-03
2.633622001152600110e-03
3.202645199397600052e-03
2.575001474190299813e-03
2.540399246906599809e-03
2.415589729775399937e-03
2.602406990254900031e-03
3.210651063884099963e-03
2.587939965553399859e-03
2.640666948919500115e-03
2.578113145385300085e-03
2.597956674214899845e-03
2.875068728076099998e-03
2.608645131142499785e-03
2.563146012579899883e-03
2.570269635788399818e-03
2.505999441722099944e-03
2.559647196459300181e-03
2.586551189545099969e-03
2.567276274345599903e-03
2.495575653819599900e-03
2.618692253468900104e-03
2.828396900553400029e-03
2.387390825956499894e-03
2.615774753533600065e-03
2.657224310278000039e-03
2.542618798549499924e-03
2.374631604341699825e-03
2.636374970066300213e-03
2.533049230499199913e-03
2.829572594030600134e-03
2.617539456361399949e-03
2.725050103921100152e-03
2.556477509926199931e-03
2.571767315740200021e-03
2.584234954602099982e-03
2.493059618509200180e-03
2.481135071334099849e-03
2.584964593749500012e-03
2.572234771833100102e-03
2.618697534837100081e-03
2.705030407807099916e-03
2.601433452987000124e-03
2.593812192067699880e-03
2.674680378411300151e-03
2.322480785674699809e-03
2.569442435489299910e-03
3.466616298455699879e-03
2.624154638861700157e-03
2.564655829151600130e-03
2.553271207413000156e-03
2.498563416119100201e-03
2.588961951292899789e-03
2.634271733768000015e-03
2.586330726143800003e-03
2.603795797288900159e-03
2.677218722997099995e-03
2.659575851695500110e-03
2.572257034840300018e-03
2.666509041555499993e-03
2.519914940701899891e-03
2.630748078097900136e-03
2.574586629789600047e-03
2.601060983256299822e-03
2.003522809962100196e-03
2.560637713545700113e-03
2.541959478820000028e-03
2.502656139822900024e-03
3.109087536436799890e-03
2.592947070464300154e-03
2.569703869401699942e-03
2.542186861589300004e-03
2.550947947130299993e-03
2.637150380707700172e-03
2.473765101525899832e-03
2.637606037065999814e-03
2.784903395675700135e-03
2.617901629760699921e-03
2.645768672916300104e-03
2.589672461796400059e-03
2.635174924489700182e-03
2.551136386992100113e-03
2.601744121596700175e-03
2.605323281980700175e-03
2.576740138719300043e-03
2.380449643108599987e-03
2.571612255266099954e-03
2.535812364325899879e-03
2.601404143465099912e-03
2.590881896284699844e-03
2.768836064961800042e-03
3.046518732857000141e-03
2.567770578467000030e-03
2.557620113994199963e-03
2.723293142398699931e-03
2.554023390313000120e-03
2.633966412919499980e-03
2.537323804080900136e-03
2.625166077811799930e-03
2.722332530833399857e-03
2.560460657588099938e-03
2.600903863102400210e-03
2.561124194101000156e-03
2.589449488581500088e-03
2.559490465163800042e-03
2.553194239812899956e-03
2.580571655119300208e-03
2.543606958677700064e-03
2.563358376428200198e-03
2.608567348807799922e-03
2.714610652282200155e-03
2.221381366959900103e-03
3.182296314035899971e-03
3.169117760257399944e-03
2.592650961438200050e-03
2.662036974400100106e-03
2.297704269043899811e-03
2.341003776646699997e-03
2.623767069970799927e-03
2.620069211517000139e-03
2.668949140055800178e-03
3.182296314035899971e-03
2.608481388970599821e-03
2.511808261629500105e-03
2.673503883146000158e-03
2.572113472523400186e-03
2.587646757373500157e-03
2.552608677219700070e-03
2.595409138491999897e-03
2.575201739303499982e-03
2.577438702469899996e-03
2.587635111051800156e-03
2.575239524305300131e-03
2.599005541909300138e-03
2.592753246413800113e-03
2.664315414318800188e-03
2.538727572883100071e-03
2.530300768092900131e-03
2.647023138835800146e-03
2.557887947814500070e-03
2.592467499894599882e-03
2.522159670119799874e-03
2.586881706542199823e-03
2.653546104784500204e-03
2.618399161385600183e-03
2.730542454035500034e-03
2.541759593574800195e-03
2.578212995047899844e-03
2.946199760859300083e-03
2.913501181695199883e-03
2.651878981688299969e-03
2.623877291723300184e-03
2.594818218477199911e-03
2.548140842223500097e-03
2.603726139323399823e-03
2.291028311252699904e-03
2.618613728952100175e-03
2.610380567532499980e-03
2.630099257868100029e-03
2.577514445484999951e-03
2.383963788877199903e-03
2.562681106785800068e-03
2.946463772008300029e-03
3.670286183404999989e-03
2.607769927347999839e-03
2.929203199382399928e-03
2.655146413483299838e-03
2.657596286355199885e-03
2.512479632800200015e-03
2.579608879747600017e-03
2.552049372818400094e-03
2.629961104762399814e-03
2.506147789150400210e-03
2.893159937914099866e-03
2.383963788877199903e-03
2.598487852966800075e-03
1.994316557092000019e-03
2.497898401252700035e-03
2.602771144356899949e-03
2.882939191816400164e-03
2.594428449390600005e-03
2.658029133239099995e-03
2.584603163356200082e-03
2.570534561851699901e-03
3.024886997975899904e-03
2.239917199499499943e-03
2.485419853970200106e-03
2.616423501894600198e-03
2.497063400848899967e-03
2.533497300899200094e-03
2.610860686911699834e-03
2.590881896284699844e-03
2.580004439122199865e-03
2.531358416610699977e-03
2.538665559036800204e-03
2.659249400368699813e-03
2.613084683164700051e-03
2.549616668585000072e-03
2.623057913731899858e-03
2.550809532632899827e-03
2.265575836944100103e-03
2.650001329232899976e-03
2.684969616491600115e-03
2.540197267180399881e-03
3.102441778473099838e-03
2.667647189370500171e-03
2.536650610958100186e-03
2.580016596707499898e-03
2.627106426829600022e-03
2.629302772192800182e-03
2.537404909042599924e-03
2.527637892450100045e-03
2.364186560847999878e-03
2.579608879747600017e-03
2.919935076160500020e-03
2.485419853970200106e-03
2.578748110429299883e-03
2.618182434642800198e-03
2.575967418695900187e-03
2.546954305933899886e-03
2.780147583777500039e-03
2.637921463939999801e-03
2.488014434967799823e-03
2.773168926046099946e-03
2.452909590955100038e-03
2.584776591928099852e-03
2.408891914074800036e-03
2.576086097895299940e-03
2.616810996615499992e-03
2.635838776755100067e-03
2.553633402303600187e-03
2.557606647086400117e-03
2.542841861872599876e-03
2.597160656643600005e-03
2.576436549703700184e-03
2.530797253816999964e-03
2.560278846674500074e-03
2.858184326212499880e-03
2.491385125563500176e-03
2.621547899943300116e-03
2.219081779982800054e-03
2.629561717402000096e-03
2.634828507015399800e-03
2.555278174970300204e-03
2.649577424581499915e-03
2.528995319168599997e-03
2.604392138765100184e-03
2.557886309995999891e-03
2.643878052328900007e-03
2.580788382601800161e-03
2.595100087546199814e-03
2.607703985779899827e-03
2.487678179972700049e-03
2.588811914949200061e-03
2.582979036329099889e-03
2.552869328707900020e-03
2.570411982179400187e-03
2.588788891435100069e-03
2.628507864153599785e-03
2.908248563936600105e-03
2.683947863619699954e-03
2.626290468122499840e-03
2.604041743499199788e-03
2.545662797513799976e-03
2.649337097063999939e-03
2.585980347646500005e-03
2.600162272066100164e-03
2.225945742275200080e-03
2.261347101526900091e-03
2.565643721943199930e-03
2.536752345403400083e-03
2.472954995325099981e-03
2.302803765017700198e-03
2.307414510250199984e-03
2.421066458506300131e-03
2.616649287469499999e-03
2.657876367321399848e-03
2.596132849379199914e-03
2.099393672571399794e-03
2.509254304806099890e-03
2.672838333769599929e-03
1.987487119884100064e-03
2.639261575440499889e-03
2.556350150240999965e-03
2.554133818170799871e-03
2.908248563936600105e-03
2.641869809384999809e-03
2.632708484271099880e-03
2.571553523834999976e-03
2.690812036711800158e-03
2.005824483675800168e-03
2.664576968216399947e-03
2.641823648710499989e-03
2.575337329260199860e-03
2.543448915971600020e-03
2.624948038774999916e-03
2.591053958610700213e-03
2.543122057492199894e-03
2.599921850560299973e-03
2.621029223383100192e-03
2.601613899848199876e-03
2.628250708881200211e-03
2.551436359513499941e-03
2.574370360626600067e-03
2.487592254875999921e-03
2.726855554867999888e-03
2.572062713433900024e-03
2.604151561646399823e-03
2.568736002259000128e-03
2.618985661370100068e-03
2.589482722524899874e-03
2.650755496259600118e-03
2.567367104671499853e-03
2.645454246122700120e-03
2.219081779982800054e-03
2.532466400277099804e-03
2.683321402670199932e-03
2.598703498992800155e-03
2.617803814998799928e-03
2.681313808761900171e-03
2.562994690347499948e-03
2.488732013073400012e-03
2.623057913731899858e-03
2.614663541162800045e-03
2.520388694688600190e-03
2.605103931646800177e-03
3.474488315802399824e-03
2.563167950569500159e-03
2.547649795456699996e-03
3.176458739142900157e-03
2.655705501041699841e-03
2.590680550426099817e-03
2.606764380638899870e-03
2.607276815783500165e-03
2.464563217089199825e-03
2.549160457687799954e-03
2.536118953231099923e-03
2.679616311071799945e-03
2.655101181288200152e-03
2.639458943304800066e-03
2.662036974400100106e-03
2.566788052779800031e-03
2.553331472688500151e-03
2.655160288363600084e-03
2.660592616481999816e-03
2.495479152935999902e-03
2.564436042057199969e-03
2.613353523511299965e-03
2.602691137133099873e-03
2.248595164672400216e-03
2.553520790717400072e-03
2.418174932256299866e-03
2.570302585532800201e-03
2.534829394617900151e-03
4.088340266910599728e-03
2.553514423977899881e-03
3.240980394667500146e-03
2.370204912313000206e-03
2.523264639010099931e-03
2.507219121101899977e-03
2.501954288234100026e-03
2.536131492706799901e-03
2.640188139635599868e-03
2.588768483638999914e-03
2.253903159300200010e-03
2.576475251979399965e-03
2.522815389363199969e-03
2.549196426954899921e-03
2.546536907919299923e-03
2.617977871758899941e-03
2.524876951638499890e-03
2.473781287589499941e-03
2.610958291775699984e-03
2.538832505554099866e-03
2.570623156126999962e-03
2.580064521718699894e-03
2.938118047462599802e-03
2.610550539569999901e-03
2.664436880495699850e-03
2.126865378363399992e-03
2.572258743538299950e-03
2.907815305365199932e-03
2.635260021737700128e-03
2.498586872666300022e-03
2.588139990602900207e-03
2.563127953986399973e-03
2.634199125399399894e-03
2.601590440863900053e-03
2.858184326212499880e-03
2.576475251979399965e-03
2.562195302160300003e-03
2.820198247546899968e-03
2.563578579700900081e-03
2.544919542674899896e-03
2.591883485868100214e-03
2.591209530104600107e-03
2.549439327197399949e-03
2.564658830684499961e-03
3.376385981893199970e-03
3.065205410166600003e-03
2.574473798015600081e-03
2.587741717349600033e-03
2.627107259651399827e-03
2.265575836944100103e-03
2.590749515631699928e-03
2.610702898655599923e-03
2.549200673878399860e-03
2.611110848815199805e-03
2.553213976927799864e-03
2.609172699667199925e-03
2.508029829974400132e-03
2.570013597260399889e-03
2.560123006854200019e-03
2.568262096264700180e-03
2.561723261664399908e-03
2.589582711649500175e-03
2.522844245966699914e-03
2.617183508972699846e-03
2.570364565284099807e-03
2.630305312888299787e-03
2.589029211898899972e-03
2.509355155679599859e-03
2.573614811575199949e-03
2.599628422450500024e-03
2.482405613983600101e-03
2.554980128512700146e-03
2.531718135761500208e-03
2.583893805856900174e-03
2.258779216537300065e-03
2.818791742613499952e-03
2.565113885640899968e-03
2.537302049077600017e-03
2.382798703071399918e-03
2.535586280548399879e-03
2.591196535889199806e-03
2.612900431969899986e-03
2.612062376750999820e-03
2.629627395847699937e-03
2.953975731052800070e-03
2.626650260127000140e-03
2.593206502823599841e-03
2.597719661176900192e-03
3.066235660427199961e-03
2.799915293948700059e-03
2.690645865559200024e-03
2.623368461909499853e-03
2.524954623608900023e-03
2.689838010731600022e-03
2.555554208442800158e-03
2.459401941124600074e-03
2.602918379631299992e-03
2.619308524236199903e-03
2.548999832709199914e-03
2.586319988870100072e-03
2.641080981724699874e-03
2.608489804732099827e-03
2.514559454069499860e-03
2.600930242671800185e-03
2.698311611756000136e-03
3.111245194909299967e-03
2.643514382362099902e-03
2.715390623583799866e-03
2.622844360361799906e-03
2.500696012101000058e-03
2.548586049882900148e-03
2.368634070193699915e-03
2.522302002321499901e-03
2.626747464552599970e-03
2.596582563420499982e-03
2.603391450635200201e-03
2.544665614415500023e-03
2.297704269043899811e-03
2.574436743339800129e-03
2.867993570232000178e-03
2.552545504135300160e-03
2.585704868910299915e-03
2.655201189014300134e-03
2.585596949037199856e-03
2.594082659851899841e-03
2.531626071822099845e-03
2.307262359703300160e-03
2.631327373579400199e-03
2.578870887554499981e-03
2.472589721287500077e-03
2.460273802615299977e-03
2.635291066658899863e-03
2.599588334889200037e-03
2.610203707410000112e-03
2.468250857049199797e-03
2.631016967547800036e-03
2.495478709085099858e-03
2.619189732883000013e-03
2.632997021253399850e-03
2.539157649411500055e-03
2.537683649935900017e-03
2.618182434642800198e-03
2.737405794484699863e-03
2.538352723333700024e-03
2.498513546336400114e-03
2.543950842052900181e-03
2.538480111400899866e-03
3.229715785720399957e-03
2.594923224523299973e-03
2.534017283395700090e-03
2.516959706216200139e-03
2.603422321063500206e-03
3.241944692089499935e-03
2.502197729912899928e-03
2.557649546105599924e-03
2.585890529001599880e-03
2.681499012107799954e-03
2.644888528224900205e-03
2.584359502115700195e-03
2.470978467846299872e-03
2.642903161432899866e-03
2.576550543214200118e-03
2.538716935193299860e-03
2.599647037046399871e-03
2.579408307725500078e-03
2.539721578089999907e-03
2.513457910830400009e-03
2.618630105923600015e-03
2.585156278889899802e-03
2.597400968414400029e-03
2.582131939511300017e-03
2.583031510800800051e-03
2.607261834569699847e-03
2.560559406843499874e-03
2.540647607250900216e-03
2.539132097810300158e-03
2.517779395656799795e-03
2.582066461301500086e-03
2.640960638119400124e-03
2.611823385500300181e-03
2.626202602777600193e-03
2.513375650379000206e-03
2.502656139822900024e-03
2.498939980664399881e-03
2.642924411668099837e-03
2.555320806803200017e-03
2.555992201676099852e-03
2.468589551614600117e-03
2.581736501971400050e-03
2.577634021655899818e-03
2.640684768781900033e-03
2.660404549012499852e-03
2.690990139471000162e-03
2.658032158404299936e-03
2.566393973353600123e-03
2.532112186177100203e-03
2.554484636853099865e-03
2.542097616725900056e-03
2.936831938498299897e-03
2.591735437867100176e-03
2.539277115800500206e-03
2.370759537277800002e-03
2.581479437997599800e-03
2.574378778340799794e-03
2.542465813945900092e-03
2.592131815670899869e-03
2.600526980225900155e-03
2.475473728171499830e-03
2.564165635344999895e-03
2.895584906621999789e-03
2.641394796116800121e-03
2.625706310592499856e-03
2.489362519302899899e-03
2.521223174777099865e-03
2.563810062828800022e-03
2.421066458506300131e-03
2.535511278470699899e-03
2.622418830797400117e-03
2.513892305417599841e-03
2.590674203116800130e-03
2.701563781111900129e-03
2.534828096028700004e-03
2.532875728889600123e-03
2.591917700873299941e-03
2.588006948308599949e-03
2.557207592389300083e-03
2.941939769273899975e-03
3.111245194909299967e-03
2.563716600928099987e-03
2.782626172161700110e-03
2.607426397252299993e-03
2.616617300987899870e-03
2.600282194194399911e-03
2.589918803088100008e-03
2.601224933934000085e-03
2.550924196901600046e-03
2.598134787088599799e-03
2.590378712109900079e-03
2.529959869840199896e-03
2.605541281298499965e-03
2.541044163500900000e-03
2.585161375526600150e-03
2.581715460754799817e-03
2.773846943842599947e-03
2.578008328621100072e-03
2.555833038655400038e-03
2.550635219492500012e-03
2.562196557134099797e-03
2.652350632077099795e-03
2.748244504760600018e-03
2.461131986105200183e-03
2.485116261111800038e-03
2.629314237668799788e-03
2.600366064356199845e-03
2.602083729845299908e-03
2.594747969719000090e-03
2.958879839937899811e-03
2.587437248498599893e-03
2.587520981437399937e-03
2.551298963033900042e-03
2.585605617762600124e-03
2.700300862216300189e-03
2.473765101525899832e-03
2.469293282981000186e-03
2.496769045314200120e-03
2.657414315160800105e-03
2.507069318531500012e-03
2.640684230231800118e-03
2.541900552676200093e-03
2.530051934707400196e-03
2.529016535773199927e-03
2.225945742275200080e-03
2.576105092076199938e-03
2.500078054905199940e-03
2.537691780408699808e-03
2.569146037119000164e-03
2.623812309189500064e-03
2.658416005820500149e-03
2.487752470638200045e-03
2.591995448685499928e-03
2.488617201293699850e-03
2.514022127137000018e-03
2.580906906911799997e-03
2.646434775440500032e-03
2.529306646195000115e-03
2.606927677783700027e-03
2.851555441994899857e-03
3.512797340911200106e-03
2.624040324355799824e-03
2.597791176784500135e-03
2.632658169031599875e-03
1.994316557092000019e-03
2.588314107376800139e-03
2.535620419001299950e-03
2.489327352100599924e-03
2.616063076708400117e-03
2.637298997685699840e-03
2.584806130831399790e-03
2.585340211078300011e-03
2.600187968292299971e-03
2.625797323192399953e-03
2.648725992498700190e-03
2.567213766535699979e-03
2.561226243856100024e-03
2.605492623829400081e-03
2.589594233931599970e-03
3.191363846071299838e-03
2.556958032235700021e-03
2.652272255593599894e-03
2.672632900178500189e-03
2.564037231245899946e-03
2.523559923360100057e-03
2.579851122588200200e-03
2.253903159300200010e-03
2.540024478454500079e-03
2.588836577945599973e-03
2.563978779177399862e-03
2.601822047683700033e-03
2.501212203814800160e-03
2.897609932047000118e-03
2.562722684725799848e-03
2.588914158228599813e-03
2.550755474344100059e-03
2.370204912313000206e-03
2.599276925701899874e-03
2.600565551752399840e-03
2.591118609479299822e-03
2.812770400507199915e-03
2.594960741169099940e-03
2.618593096260700154e-03
2.624444994281099810e-03
2.897609932047000118e-03
2.578313293781399861e-03
2.638865814552100036e-03
2.549908025568100190e-03
2.597960441187500014e-03
2.347065634354800201e-03
2.493809121856400014e-03
2.648034960581299897e-03
2.593898148329899876e-03
2.650833792854600125e-03
2.597186619718699994e-03
2.575458175168399838e-03
2.215139407884500131e-03
2.618216544002299837e-03
2.712894619075399867e-03
2.631224484953000216e-03
2.623767069970799927e-03
2.528137285139999899e-03
2.567458449495099888e-03
2.575071671280999928e-03
2.658927801818599963e-03
2.613702106666000117e-03
2.620543778418000114e-03
2.606570906756700001e-03
2.620929174975199834e-03
2.539904430279299984e-03
2.729179127738799986e-03
2.588318425935100166e-03
2.555848700198700123e-03
2.603122855581199886e-03
2.499088017879699895e-03
2.594530525002000047e-03
2.611392108195100155e-03
2.387981748916699880e-03
2.478618637801300196e-03
2.581255727623200154e-03
2.656012053327599844e-03
2.412989406441599927e-03
2.591640186085999997e-03
2.602439873063799869e-03
3.166405598792899987e-03
2.662661537150300128e-03
3.069166189465399874e-03
2.839860758011899817e-03
2.645104214903899915e-03
2.579582070330700000e-03
2.722332530833399857e-03
2.631651387980400020e-03
2.548084962789100121e-03
2.548223073222399999e-03
2.354340044642199998e-03
2.528050343879699891e-03
2.628742756408800063e-03
2.522781878541899801e-03
2.659370135965199913e-03
2.622961582396300066e-03
2.617997454260099967e-03
2.941013065702100145e-03
2.606136868693099875e-03
2.859121899646799823e-03
2.461131986105200183e-03
2.645079366357799833e-03
2.558387711064400143e-03
2.571050528664799942e-03
2.474442357414000180e-03
2.720652129399600029e-03
2.612167823657399971e-03
2.572078059866100136e-03
2.559001234034500097e-03
2.553851053386900147e-03
2.709952531131099886e-03
2.534455290557599810e-03
2.596977793706500143e-03
2.549250543677100168e-03
2.755623820820399944e-03
2.556028308911000198e-03
2.618468073348500114e-03
2.568871670575800098e-03
2.558009933001099967e-03
2.608962236046100027e-03
2.583929228123399945e-03
2.536839325873600174e-03
2.669027288215300182e-03
2.582749737203799811e-03
2.593631387938599969e-03
2.580545290762899929e-03
2.546527015135900164e-03
2.558958651251600023e-03
2.594296708014000134e-03
2.529992948219999920e-03
2.548671837035200016e-03
2.487735596532700006e-03
2.604965516959600012e-03
2.540438246086199926e-03
2.497237719254100097e-03
2.585724500110199962e-03
2.661954053543500159e-03
2.592424711227400182e-03
2.634441867125299902e-03
2.487702825164000119e-03
2.584113628310499844e-03
2.565073107675099919e-03
2.550286384086099863e-03
2.600414751547799799e-03
2.512957857997100142e-03
2.567718559162499806e-03
2.584479795301400026e-03
2.638149205214000096e-03
2.588841565714300203e-03
2.126865378363399992e-03
2.507050241713700087e-03
2.693156855356100120e-03
2.557165725445900099e-03
2.671818959298900148e-03
2.648043462182200162e-03
2.572434054047599908e-03
2.525263477146899929e-03
3.219383691476699824e-03
2.513594241819999860e-03
2.547225814898800098e-03
2.637902580493299825e-03
2.571740721553300059e-03
2.613735411148500071e-03
2.567139333773300197e-03
2.605914987455900007e-03
2.516695050250200051e-03
2.554231842483700114e-03
2.617912601960899980e-03
2.582150849008699785e-03
2.504204567187300057e-03
2.564240609377100178e-03
2.567276274345599903e-03
2.599807166434799956e-03
2.593141409167499991e-03
2.585500060592400146e-03
2.585808998284600153e-03
2.605218204966200119e-03
2.616962029046300108e-03
2.555480282493500111e-03
3.133199708807900101e-03
2.374631604341699825e-03
2.595442779427600041e-03
2.407840022166699966e-03
2.507306377853700096e-03
2.413125965793299840e-03
2.687829872572100164e-03
2.330520432748700143e-03
2.540119711674899972e-03
2.542401541883199893e-03
2.652188220599400060e-03
2.611294255327399963e-03
2.579985080537299837e-03
2.574389089594399885e-03
2.478139462696600081e-03
2.648710830287500078e-03
2.559827794685999927e-03
2.307262359703300160e-03
2.069366378719000171e-03
2.628572716962799920e-03
2.560241317997099999e-03
2.525823900180399796e-03
2.755617743419200034e-03
2.730542454035500034e-03
2.645907928036899791e-03
3.009043459335800173e-03
2.600584790232399884e-03
2.576846908441900088e-03
2.607704922927499801e-03
2.705246550861000170e-03
2.589475327286299994e-03
2.466999331532499905e-03
2.517804440534099873e-03
2.557937588990599927e-03
2.528873268854800026e-03
2.581423027719300170e-03
2.448697608903999817e-03
2.609680203716800012e-03
2.614016491533900210e-03
2.602692320945399797e-03
3.345446556718599789e-03
2.003522809962100196e-03
2.613367419197900037e-03
2.581328489482199919e-03
2.573156279805899858e-03
2.497820162910700109e-03
2.585678264868300144e-03
2.674548822729000061e-03
2.586847964062099874e-03
2.474517149242599912e-03
2.478327016696900160e-03
2.584183594167900090e-03
2.603279231260199802e-03
2.188286810392100004e-03
3.558223762451000020e-03
2.572391431791999986e-03
2.497446533325800144e-03
2.611237015835599952e-03
2.545336165101900073e-03
2.631231385323599785e-03
2.537270613589900133e-03
2.387981748916699880e-03
2.586653396072799947e-03
2.602992382591499867e-03
2.687055723228499917e-03
2.659426513708000074e-03
2.611134945237199908e-03
3.036696685205200058e-03
2.522844245966699914e-03
2.321017310876900049e-03
2.666425067014499897e-03
2.690822153599099851e-03
2.565154763504899973e-03
2.773168926046099946e-03
2.504206183725599978e-03
3.356248624978199879e-03
2.506384620487200204e-03
2.528127084556100208e-03
2.592285770324099809e-03
2.660881426297099974e-03
2.497868727708500106e-03
2.520471749375299917e-03
2.682721888176200012e-03
2.565185068756499834e-03
2.594707760257300173e-03
2.570380066687200180e-03
2.452909590955100038e-03
2.553974944483000144e-03
2.698870886412599920e-03
2.595855070577000184e-03
2.605253776998499912e-03
2.620863411775299807e-03
2.536287290081600150e-03
2.617170264984299954e-03
2.575891996920699929e-03
2.456434511534300123e-03
2.640960638119400124e-03
2.557866606969000020e-03
2.604055920409199896e-03
2.618656730944999862e-03
2.248569335653400215e-03
2.585427868840999965e-03
2.570394540326700200e-03
2.668438746143600004e-03
2.547979761872099826e-03
2.639179253449299919e-03
2.724551520789500036e-03
2.710864298651500127e-03
2.601946127347799786e-03
2.545823420023100078e-03
2.782626172161700110e-03
2.638064339994900150e-03
2.647290824455199917e-03
2.630872467854299818e-03
2.291028311252699904e-03
2.617782801867499839e-03
2.513568807153399986e-03
2.719543457689199955e-03
2.643804168138700044e-03
3.512797340911200106e-03
2.527132698657199878e-03
2.564577286671300155e-03
2.553136173412599939e-03
2.590143476116899858e-03
2.588499405140999923e-03
2.526258976979600061e-03
2.594568336662599929e-03
