2.642362937406202794e-08
2.642577949485609006e-08
2.657835675397263273e-08
2.653385549911896976e-08
2.644826202700871139e-08
2.650282210043037912e-08
2.641899485923626137e-08
2.648286641149423716e-08
2.641769654697282379e-08
2.795659055524503759e-08
2.641769654697282379e-08
2.642677965121998791e-08
2.675900851970627048e-08
2.652309546190014139e-08
2.642353272557863857e-08
2.642279802214399183e-08
2.645115733333081126e-08
2.668250204076384259e-08
2.642577949485609006e-08
2.642279802214399183e-08
2.642353272557863857e-08
2.642353272557863857e-08
2.641899485923626137e-08
2.663360236690596064e-08
2.645115733333081126e-08
2.648379380041749913e-08
2.642744384103040983e-08
2.642514585786755077e-08
2.644448678382396837e-08
2.648286641149423716e-08
2.641769654697282379e-08
2.661528886926141741e-08
2.642979235272809616e-08
2.642353272557863857e-08
2.644826202700871139e-08
2.641201753948090297e-08
2.641769654697282379e-08
2.748150546713816274e-08
2.642979235272809616e-08
2.641569473905740394e-08
2.760034200179371020e-08
2.643512567261702972e-08
2.642979235272809616e-08
2.641201753948090297e-08
2.643745530484167504e-08
2.737755535987274315e-08
2.654392940950195603e-08
2.642514585786755077e-08
2.647419028255888236e-08
2.641411473228279068e-08
2.647855568276455114e-08
2.647021570582045545e-08
2.645780116909839569e-08
2.641769654697282379e-08
2.643006912039668534e-08
2.642514585786755077e-08
2.642945663465012726e-08
2.645115733333081126e-08
2.657474222262991318e-08
2.644448678382396837e-08
2.644009151433644778e-08
2.651499194308834625e-08
2.643745530484167504e-08
2.649969034292220472e-08
2.642353272557863857e-08
2.641899485923626137e-08
2.641201753948090297e-08
2.641769654697282379e-08
2.667422098546997909e-08
2.647419028255888236e-08
2.646764127389476450e-08
2.793104908172577159e-08
2.651911610333500997e-08
2.644895512281051261e-08
2.641899485923626137e-08
2.647855568276455114e-08
2.641411473228279068e-08
2.657679807595711258e-08
2.642979235272809616e-08
2.664594863656992885e-08
2.642945663465012726e-08
2.666333235604269780e-08
2.807939550520672296e-08
2.657474222262991318e-08
2.687061040362748585e-08
2.652309546190014139e-08
2.642514585786755077e-08
2.649088094379159232e-08
2.641769654697282379e-08
2.644009151433644778e-08
2.643512567261702972e-08
2.641899485923626137e-08
2.735787369304397714e-08
2.646764127389476450e-08
2.678720253981096239e-08
2.641224504287975971e-08
2.649969034292220472e-08
2.661528886926141741e-08
2.646764127389476450e-08
2.722461872071595409e-08
2.644009151433644778e-08
2.642279802214399183e-08
2.644009151433644778e-08
2.641411473228279068e-08
2.650532457082074631e-08
2.641201753948090297e-08
2.642514585786755077e-08
2.650532457082074631e-08
2.643006912039668534e-08
2.647855568276455114e-08
2.645474448829153696e-08
2.642353272557863857e-08
2.642744384103040983e-08
2.643072942552660180e-08
2.646331875883202080e-08
2.643072942552660180e-08
2.674652956153718693e-08
2.644448678382396837e-08
2.643269899135808269e-08
2.641769654697282379e-08
2.642945663465012726e-08
2.641899485923626137e-08
2.642945663465012726e-08
2.667640769355626572e-08
2.666333235604269780e-08
2.643916851548753603e-08
2.645780116909839569e-08
2.735787369304397714e-08
2.641769654697282379e-08
2.642744384103040983e-08
2.642353272557863857e-08
2.657474222262991318e-08
2.644448678382396837e-08
2.645824667333389269e-08
2.641569473905740394e-08
2.645474448829153696e-08
2.642744384103040983e-08
2.650282210043037912e-08
2.642293820493742908e-08
2.643512567261702972e-08
2.664594863656992885e-08
2.645959354113540846e-08
2.641224504287975971e-08
2.644352680172110126e-08
2.641569473905740394e-08
2.642744384103040983e-08
2.643269899135808269e-08
2.643462804304292419e-08
2.641769654697282379e-08
2.641899485923626137e-08
2.641569473905740394e-08
2.641411473228279068e-08
2.685368314040509618e-08
2.642979235272809616e-08
2.641224504287975971e-08
2.648740172796832800e-08
2.642945663465012726e-08
2.641224504287975971e-08
2.644895512281051261e-08
2.649088094379159232e-08
2.641411473228279068e-08
2.667640769355626572e-08
2.645780116909839569e-08
2.642744384103040983e-08
2.642514585786755077e-08
2.641325708823025939e-08
2.647021570582045545e-08
2.644118028394305903e-08
2.643745530484167504e-08
2.642353272557863857e-08
2.749121584683605859e-08
2.643006912039668534e-08
2.642279802214399183e-08
2.643462804304292419e-08
2.641569473905740394e-08
2.666333235604269780e-08
2.649088094379159232e-08
2.649088094379159232e-08
2.667640769355626572e-08
2.659762405331894419e-08
2.668272761955222427e-08
2.643072942552660180e-08
2.642677965121998791e-08
2.643745530484167504e-08
2.641325708823025939e-08
2.641769654697282379e-08
2.642353272557863857e-08
2.644118028394305903e-08
2.642677965121998791e-08
2.642279802214399183e-08
2.641201753948090297e-08
2.642577949485609006e-08
2.641899485923626137e-08
2.643745530484167504e-08
2.643006912039668534e-08
2.643803841706652331e-08
2.641769654697282379e-08
2.642744384103040983e-08
2.728025856014745037e-08
2.644754828292166140e-08
3.047211720872520115e-08
3.014085426462414864e-08
2.641769654697282379e-08
2.641224504287975971e-08
2.728025856014745037e-08
2.669810384202128656e-08
2.643803841706652331e-08
2.642979235272809616e-08
2.643462804304292419e-08
2.642945663465012726e-08
2.642514585786755077e-08
2.642293820493742908e-08
2.643462804304292419e-08
2.642295960850096307e-08
2.645824667333389269e-08
2.651911610333500997e-08
2.642514585786755077e-08
2.642362937406202794e-08
2.668970736438672023e-08
2.651911610333500997e-08
2.647021570582045545e-08
2.644352680172110126e-08
2.641899485923626137e-08
2.672134151444811844e-08
2.676639833400709153e-08
2.641769654697282379e-08
2.641769654697282379e-08
2.642353272557863857e-08
2.642514585786755077e-08
2.650532457082074631e-08
2.642293820493742908e-08
2.642353272557863857e-08
2.642279802214399183e-08
2.641224504287975971e-08
2.643462804304292419e-08
2.643072942552660180e-08
2.645474448829153696e-08
2.641201753948090297e-08
2.642362937406202794e-08
2.642577949485609006e-08
2.667640769355626572e-08
2.642295960850096307e-08
2.642295960850096307e-08
2.643269899135808269e-08
2.722461872071595409e-08
2.642353272557863857e-08
2.643006912039668534e-08
2.642945663465012726e-08
2.641899485923626137e-08
2.647010605953528449e-08
2.642353272557863857e-08
2.642353272557863857e-08
2.644118028394305903e-08
2.643745530484167504e-08
2.642744384103040983e-08
2.652309546190014139e-08
2.642353272557863857e-08
2.645474448829153696e-08
2.643803841706652331e-08
2.641769654697282379e-08
2.641899485923626137e-08
2.712461767849170125e-08
2.641224504287975971e-08
2.642979235272809616e-08
2.641201753948090297e-08
2.644754828292166140e-08
2.642353272557863857e-08
2.643512567261702972e-08
2.642744384103040983e-08
2.642293820493742908e-08
2.641569473905740394e-08
2.664975525215402065e-08
2.652309546190014139e-08
2.641899485923626137e-08
2.654605007292350264e-08
2.641201753948090297e-08
2.644754828292166140e-08
2.693270860441305501e-08
2.650282210043037912e-08
2.685368314040509618e-08
2.645780116909839569e-08
2.641411473228279068e-08
2.650282210043037912e-08
2.649088094379159232e-08
2.643803841706652331e-08
2.642577949485609006e-08
2.641769654697282379e-08
2.641569473905740394e-08
2.641769654697282379e-08
2.678720253981096239e-08
2.657679807595711258e-08
2.641325708823025939e-08
2.643803841706652331e-08
2.641569473905740394e-08
2.641411473228279068e-08
2.643512567261702972e-08
2.644009151433644778e-08
2.641325708823025939e-08
2.642514585786755077e-08
2.646331875883202080e-08
2.645824667333389269e-08
2.641899485923626137e-08
2.667640769355626572e-08
2.644754828292166140e-08
2.654605007292350264e-08
2.648379380041749913e-08
2.854221549333861456e-08
2.642295960850096307e-08
2.642677965121998791e-08
2.642353272557863857e-08
2.650532457082074631e-08
2.645115733333081126e-08
2.643462804304292419e-08
2.644754828292166140e-08
2.644118028394305903e-08
2.642279802214399183e-08
2.854221549333861456e-08
2.641325708823025939e-08
