6.377256486270400232e-03
6.388888331399399795e-03
6.400009082928800018e-03
6.380313911976000230e-03
6.417240132626099609e-03
6.394142477372900119e-03
6.618382256810700220e-03
6.365414602242300095e-03
6.369152867921199640e-03
6.383585301859099996e-03
6.063937698064300087e-03
6.383136516019499891e-03
6.398109969148800188e-03
6.409866214922999711e-03
6.417699635830199922e-03
6.368836005677100398e-03
6.607988920600000281e-03
6.371308206385899696e-03
6.349917586560300392e-03
6.382986968642499759e-03
6.498737128882500248e-03
6.398924068423499784e-03
6.380160634356300299e-03
6.313856191400299758e-03
6.352168131648299951e-03
6.379243063715099755e-03
6.396376757992800095e-03
6.341088702550099626e-03
6.366607558851600235e-03
6.367216684380999983e-03
6.337604031156299916e-03
6.658868457328700162e-03
6.421640168262699941e-03
6.404690593053600361e-03
6.367647583009700130e-03
6.390517490229699789e-03
6.522572121635200094e-03
6.414523383126699736e-03
6.994582193046199742e-03
6.432461558954399687e-03
6.370257576675099863e-03
6.347486403839200202e-03
6.346513815382800149e-03
6.381735226927700080e-03
6.399369078896400068e-03
6.473220417899799850e-03
6.390074479895700363e-03
6.424847041025899715e-03
6.351226331301599616e-03
6.397708845150200038e-03
6.355456175319400269e-03
6.382613702872299948e-03
6.407480778771600279e-03
6.563367792327800231e-03
6.371265571156300295e-03
6.366075178497500320e-03
6.406178005912799983e-03
6.416223834302899748e-03
6.378472834788400346e-03
6.365587539949599596e-03
6.348647303367599935e-03
6.380269295122500267e-03
6.388829810163199931e-03
6.350963878965600225e-03
6.324149713170999949e-03
6.373389780196200317e-03
6.373288149902799765e-03
6.405168514432200109e-03
6.363544965340599616e-03
6.402519490825300287e-03
6.387568932533499791e-03
6.408822300208599949e-03
6.388284002376800295e-03
6.788671772578800008e-03
5.894237579487799847e-03
6.627884167800000143e-03
6.411551845600400173e-03
6.329749794628100265e-03
6.364520440501400360e-03
6.406812035474000050e-03
6.362728298804100173e-03
6.386869191583700173e-03
6.398280093993600343e-03
6.379283527086400049e-03
6.363056725435799720e-03
5.624217681716999623e-03
6.411673574290500249e-03
6.387973462592499811e-03
6.333360421584300140e-03
6.690687957866399763e-03
6.245298346018100279e-03
6.387415950351200099e-03
6.739840143327600203e-03
6.378206898641300242e-03
6.391249690273300213e-03
6.383185364101699732e-03
6.376699945779800392e-03
6.408438581172600304e-03
6.366632951265100218e-03
6.226462347365799635e-03
6.809930863921899794e-03
6.447823350667600088e-03
6.378571911261700193e-03
6.465599465164399880e-03
6.375173875812500252e-03
6.381894703786999967e-03
6.400175533332300333e-03
6.348183719382599795e-03
6.809930863921899794e-03
6.373457163358599992e-03
6.383818393735999838e-03
6.109706057527600209e-03
6.372739816493599822e-03
6.346949602405499782e-03
6.387967009345300179e-03
6.401905039942400351e-03
6.797375408044199589e-03
6.398433067577200158e-03
6.864967330893399951e-03
6.385398472738899704e-03
6.387638900941600140e-03
6.750359113290099571e-03
6.388197053603100230e-03
6.355298200328800100e-03
6.420678322359400433e-03
7.102627524909199686e-03
6.306202005658899899e-03
6.438128801433799960e-03
6.266583207735499858e-03
6.405002956208699812e-03
6.227866306663200346e-03
6.359925500548499998e-03
6.721755304493500123e-03
6.359296777535700280e-03
6.361468864582900395e-03
6.537794413645299854e-03
6.398191172876900416e-03
6.372599608026099580e-03
6.573896117599200423e-03
6.362666055662200004e-03
6.121712358581400323e-03
6.334693683726700004e-03
6.348867418680699710e-03
6.400353550183499572e-03
6.424462362220499830e-03
6.365200645149299979e-03
6.412118022402499631e-03
6.378777519023700292e-03
6.362932620379500338e-03
6.032045838581599762e-03
6.421772496549200265e-03
6.343968736207600267e-03
6.420842079339099916e-03
6.359147948894200084e-03
6.377698915568300216e-03
6.374893496370600404e-03
6.340691903092100096e-03
6.433474248837000274e-03
6.343027515794299846e-03
6.337890994076300112e-03
6.377154028442300060e-03
6.465725038395700106e-03
6.372151392706799748e-03
6.369386510222000385e-03
6.382676478127399973e-03
6.367440227809899669e-03
6.397526274963300126e-03
6.407256080153100365e-03
6.422823912507699858e-03
6.375776599020399789e-03
6.378277087904099703e-03
5.955051361140399971e-03
6.373140242207599691e-03
6.401625512914299772e-03
6.399600969069800180e-03
6.374355173784499763e-03
6.384906228543800293e-03
6.352982815938599745e-03
6.381622287964500324e-03
6.363799591175599638e-03
6.346710096478300374e-03
6.679857219263700061e-03
6.338985214951500281e-03
6.377271219271600337e-03
6.341757696422900201e-03
6.365057508742000270e-03
6.383909932422099712e-03
6.328422264238599965e-03
6.793734001072000185e-03
6.394707187799200145e-03
6.448623914505099801e-03
6.376322389471500429e-03
6.249090681484600202e-03
6.392283599714600369e-03
5.624217681716999623e-03
6.426572744063900090e-03
6.345252517139399889e-03
6.339616133428699687e-03
6.323933688625499837e-03
7.003140652732700068e-03
6.388628765945500096e-03
6.395107032001400363e-03
6.400738883037999927e-03
6.393766708217099928e-03
6.433103151823000264e-03
6.358972034002200423e-03
6.797375408044199589e-03
6.393960193073099790e-03
6.438097236931899711e-03
6.816562679865000203e-03
6.462590666613299978e-03
6.303145897951599810e-03
6.065992510889100207e-03
6.376070058379699687e-03
6.376049158385400234e-03
6.415766691240699926e-03
6.402654582553800149e-03
6.372000868576199739e-03
6.375205150071099752e-03
6.390483009465800293e-03
6.372767000801700388e-03
6.229185930553099784e-03
6.379680948345899626e-03
6.152465210245299659e-03
6.309959712618200094e-03
6.359818977586299826e-03
6.433304658747400311e-03
6.366332598667899696e-03
6.772172236743899572e-03
6.348531889747600389e-03
6.379619816983200277e-03
6.363504682661299747e-03
6.353809832347100291e-03
6.408015936335700359e-03
6.407966606610599608e-03
6.351521919280500410e-03
7.063413958227699602e-03
6.387360143544400237e-03
6.371885145651600031e-03
6.396712102656500198e-03
6.559746946541499674e-03
6.383399121388000017e-03
6.355916024945999776e-03
6.351791625049599613e-03
6.194204570853599663e-03
6.349719736773899899e-03
6.419989299890700024e-03
7.152890143921999608e-03
6.380958425257100310e-03
6.394608145771099594e-03
6.375572938824800376e-03
6.423794604963099612e-03
6.373068082262600340e-03
6.372303079787700053e-03
6.387483031835099884e-03
6.378682334151000374e-03
6.537794413645299854e-03
6.379529036696999708e-03
6.424814281401100384e-03
6.366655749687999757e-03
6.386261085041600345e-03
6.428387067229200322e-03
6.390309793665899761e-03
6.398418499940000323e-03
6.412767292688700306e-03
6.388015486348800134e-03
6.364059404061399826e-03
6.384560554779500179e-03
6.354944959449399661e-03
6.137372847940699740e-03
6.401179554874099689e-03
6.387658133407799615e-03
6.781148014538200368e-03
6.700889824945300242e-03
6.693384741993000167e-03
6.392041851834899709e-03
6.350738250394400396e-03
6.387063031137300319e-03
6.368409599395600217e-03
6.386782577501600063e-03
6.643308836703600180e-03
6.610056076578500056e-03
6.358659162671300054e-03
6.329082159784799738e-03
6.409823378437200236e-03
6.361047674806600237e-03
6.354571345075800230e-03
6.387642597642799631e-03
6.363276143010500319e-03
6.391401996229799723e-03
6.393218727511700179e-03
6.366258164751100422e-03
6.399059522635800433e-03
6.433063435637200074e-03
6.544247031896899616e-03
6.402615797155400239e-03
6.383563622722099665e-03
6.363505018267300202e-03
6.368527654031300167e-03
6.358709080335200013e-03
6.375246765800399867e-03
6.370214427472299656e-03
7.049148243389100413e-03
6.392221618556900159e-03
6.261993483823000313e-03
6.407241588946500227e-03
6.370890695843199614e-03
6.374393025871999754e-03
6.089251770758899798e-03
6.660524206258999595e-03
6.212074777390499784e-03
6.383172041807900349e-03
6.380394803557200116e-03
6.401796861510000020e-03
6.744748539476400247e-03
6.403427653387500085e-03
6.362015764819499777e-03
6.380242220838700136e-03
6.372784254020399594e-03
6.392128789286900120e-03
6.534473603618300153e-03
6.369946052396299567e-03
6.392135416730599859e-03
7.036943441976100180e-03
6.377486087834100155e-03
6.364962060810000315e-03
6.336316877661899577e-03
6.376568779193700007e-03
6.777969185906399657e-03
6.368497944327300257e-03
6.403806364278699821e-03
6.384366330772900215e-03
6.377782520389400217e-03
6.400699385981300019e-03
6.392069947630399721e-03
6.348208631503700176e-03
6.386144511735599924e-03
6.334460310972300084e-03
6.348595020249999873e-03
6.359120165235100132e-03
6.289459198992800384e-03
6.328049128404800334e-03
6.397286337083299933e-03
6.046963963153999949e-03
6.334716062203599694e-03
6.119551463699099934e-03
6.415327744249700245e-03
6.323163482469799923e-03
6.021899321393299823e-03
6.409581403078799637e-03
6.205541849694400092e-03
6.700889824945300242e-03
6.400832933329599767e-03
6.425574481338299816e-03
6.350633739907200238e-03
6.378090779656100419e-03
6.391404630431699735e-03
6.361313838877999567e-03
6.339187498661399967e-03
6.381696400245199900e-03
6.374757170340799618e-03
6.402646607536800066e-03
6.471292726949099891e-03
6.392421397893599706e-03
6.372132168695399633e-03
6.436306773017599729e-03
5.996030290128200393e-03
6.354124386217499879e-03
6.672032446392099983e-03
6.372894589691800206e-03
6.376466841575400418e-03
6.372657081056500375e-03
6.347397889365899784e-03
6.393848089640799710e-03
6.390650796416700273e-03
6.365485087690099693e-03
6.405323057094599974e-03
6.380649418455799915e-03
6.466173187408300223e-03
6.377788310007999860e-03
6.502561010742399610e-03
6.352380585946700367e-03
6.350383771581999924e-03
6.365484805308099965e-03
6.380342875442200287e-03
5.989155508560399868e-03
6.380090877886699686e-03
6.394260658126400300e-03
6.631738188211199966e-03
7.226760075863899839e-03
6.410632716878799688e-03
6.375273133472099570e-03
6.342244947510299741e-03
6.381746704004699795e-03
6.411491712366800162e-03
6.140145546474400085e-03
6.391646739048600055e-03
6.435583725996799932e-03
6.394930813216900128e-03
6.401983596782200026e-03
6.401379028274300012e-03
6.387976209161000223e-03
6.361163372132000102e-03
6.411052559625800111e-03
6.399503327224299702e-03
6.380980518351299889e-03
6.451317821261300101e-03
6.385923126544200412e-03
6.333573125732699753e-03
6.385912529648400324e-03
6.116519091293699979e-03
6.099992063703699695e-03
6.826719652192199742e-03
6.368157648350699675e-03
6.369251054433300134e-03
6.481897036411700397e-03
6.329707603517299892e-03
6.412172025019399584e-03
7.017956482721099745e-03
6.410989201769100310e-03
6.123742167429099825e-03
6.396249837273399602e-03
6.385488021317600391e-03
6.333046795110500171e-03
6.389366226859500425e-03
6.386177879674700096e-03
6.346794419326199851e-03
6.384030634353000423e-03
6.351736911631600258e-03
6.384385315762300221e-03
6.359792951481100035e-03
6.435347924726299990e-03
6.371334729553800383e-03
6.592331626286899830e-03
6.079306064145699635e-03
6.364425462116699884e-03
6.818496667541400040e-03
6.542618824238200306e-03
6.478046892690299610e-03
6.434942753937999624e-03
6.375489730291000225e-03
7.176005423388700025e-03
6.592331626286899830e-03
6.394857755296299781e-03
6.345255604700000308e-03
6.374393025871999754e-03
6.371422261129099963e-03
6.403050777462999769e-03
6.393568060041700425e-03
6.065992510889100207e-03
6.356922734494700397e-03
6.374560194944900102e-03
6.387302639773799993e-03
6.403419488045099597e-03
6.373817755489099603e-03
6.405863788128299957e-03
6.414666261577300042e-03
6.362759185028900137e-03
6.370421689940000340e-03
6.401546547755700318e-03
6.366501680825599994e-03
6.379569983496900104e-03
6.377080307306000340e-03
6.390151418591200061e-03
6.121712358581400323e-03
6.402939999597200005e-03
6.744740822885100275e-03
6.368727363379900197e-03
6.376287533679600092e-03
6.526368295778800163e-03
7.027554577521500333e-03
6.438154221055400299e-03
5.939503065053699897e-03
6.358058665102000150e-03
6.374711659588899910e-03
6.391907986044299654e-03
6.463488888475399895e-03
6.387833720363200393e-03
6.357801055724900119e-03
6.324680337049299987e-03
6.375623701605499793e-03
6.436568810281500033e-03
6.363376116630199870e-03
6.462252593914100118e-03
6.951148089944700001e-03
6.378136473381399579e-03
6.721755304493500123e-03
6.409036903120500159e-03
6.406653023009499688e-03
6.032173073152499732e-03
6.384629095481600229e-03
6.362552397624000183e-03
6.411977959578899974e-03
6.352143138423099571e-03
6.781148014538200368e-03
6.436568810281500033e-03
6.395542941172100045e-03
6.214025572456699856e-03
6.194134837195700363e-03
6.387552393069000425e-03
6.229185930553099784e-03
6.383473151378499764e-03
6.399669375493900053e-03
6.388521205296399975e-03
6.382904255533199643e-03
6.734165164111799960e-03
5.760012097985800147e-03
6.158196389016599645e-03
6.383144337920500060e-03
6.341433838006199641e-03
6.799632383219900156e-03
6.405983157373699652e-03
6.116519091293699979e-03
6.362465928173999773e-03
6.386779970671299829e-03
6.376218408685000241e-03
6.407205706344500269e-03
6.398991431304099781e-03
6.380301500141499944e-03
6.590342916948000070e-03
6.374815423803100074e-03
5.876442196615199766e-03
6.431747099646199957e-03
6.415912775208700361e-03
6.368066023115500317e-03
6.621738301993800035e-03
6.426140589027499843e-03
6.343287316036099605e-03
6.379722061584799757e-03
6.368014871245900044e-03
6.403483899242099799e-03
6.360772653874799572e-03
6.362971003965700416e-03
6.096475711354699609e-03
6.384629095481600229e-03
6.644326652907000044e-03
6.158196389016599645e-03
6.380559153132300300e-03
7.132817723204399642e-03
6.390819212244200354e-03
6.374582308168900285e-03
7.100341164623200085e-03
6.392081976354899685e-03
6.349713027987699716e-03
6.646332741758700056e-03
5.907082827558400411e-03
6.367541111655400203e-03
6.762740079536500373e-03
6.359457494365399963e-03
6.394639550384000233e-03
6.389487787814900240e-03
6.348151448522500184e-03
6.366795260366499808e-03
6.394709943541699790e-03
6.408046040803299682e-03
6.405302381140899962e-03
6.346698064732100332e-03
6.360706797300799860e-03
7.473364542712399895e-03
6.032045838581599762e-03
6.380721147395800215e-03
6.085440850438999724e-03
6.403913655261699728e-03
6.390114861511899703e-03
6.352243397372499961e-03
6.408165148863199934e-03
6.338484187136400258e-03
6.379200165390900429e-03
6.368185804018600127e-03
6.424581232091700414e-03
6.354771887633800173e-03
6.389960508485500318e-03
6.370654819197300173e-03
6.343747120817900230e-03
6.386509575103099974e-03
6.393076376184699851e-03
6.374907303256000142e-03
6.355006416674399694e-03
6.375243544862099938e-03
6.371267945313599870e-03
6.368160661302899907e-03
6.439686595628000068e-03
6.374565070931000228e-03
6.377149486118400233e-03
6.359577730441899612e-03
6.374898067553699983e-03
6.379795320823099594e-03
6.373844657073700175e-03
6.065208909866099882e-03
5.952576076123800193e-03
6.380572092482800217e-03
6.400618342512099691e-03
6.349859535023000094e-03
5.844673610375700386e-03
6.356391072317900230e-03
5.949520554004700430e-03
6.400730994412300208e-03
6.427290731463600193e-03
6.387236201324099881e-03
5.707738776881300137e-03
6.376749343398700233e-03
6.419925063167099960e-03
5.799677637170500000e-03
6.407155135314699865e-03
6.361004783238999663e-03
6.406012294163499973e-03
6.368160661302899907e-03
6.393894103330399585e-03
6.399483542264400131e-03
6.368565403798500356e-03
6.387064820921600251e-03
6.205243170103000305e-03
6.403595273833199812e-03
6.390071893910599828e-03
6.387191079307500199e-03
6.357452367591100335e-03
6.390828749087099948e-03
6.399342673911500093e-03
6.363667142555500325e-03
6.375938404474999766e-03
6.396018627566200238e-03
6.375654477170799965e-03
6.405018226612099914e-03
6.368274748452899640e-03
6.381723849084500362e-03
6.341324374416299793e-03
7.271551272472900375e-03
6.321113883361100146e-03
6.363680941278300127e-03
6.364971665167300230e-03
6.403610569748000199e-03
6.373894043831000202e-03
6.428655220105000331e-03
6.369936889708599850e-03
6.407929994816499719e-03
6.085440850438999724e-03
6.364780323122399934e-03
6.449625976688399924e-03
6.374212566773299928e-03
6.373144969778900271e-03
6.416835737539599779e-03
6.370994092625899621e-03
6.350105567752500381e-03
6.590342916948000070e-03
6.390744737346800222e-03
6.355049238581799917e-03
6.397148476880300076e-03
6.570918128437300103e-03
6.369941813323800293e-03
6.364415665182800337e-03
6.343495273481600423e-03
6.427544601763699947e-03
6.407860069036899926e-03
6.375449234697299836e-03
6.387893271174100059e-03
7.028438975761700305e-03
6.384254644677600163e-03
6.337998944231099628e-03
6.439938929529799572e-03
6.435153893805599726e-03
6.394928470896499989e-03
6.818496667541400040e-03
6.370530806617699833e-03
6.379937529468700241e-03
6.417634251652900093e-03
6.414634810241600163e-03
6.351563890959000327e-03
6.348927583821300201e-03
6.374307242779000092e-03
6.385673194634800161e-03
6.429490988956500404e-03
6.365810378018799814e-03
5.910814220424200072e-03
6.428486856467499969e-03
6.365109906141100393e-03
7.377851709335200327e-03
6.352972960201899895e-03
6.465599465164399880e-03
6.480443423026899762e-03
6.345176541615199853e-03
6.342337197116599927e-03
6.350376203561600326e-03
6.343733191362500336e-03
6.399904121791299798e-03
6.394116479976699914e-03
6.343723780952399867e-03
6.140006510873900411e-03
6.351411417749399692e-03
6.397104943326299697e-03
6.351617612543000203e-03
6.367257468897400373e-03
6.362867017959900409e-03
6.333950711069700167e-03
6.374708038883299989e-03
6.359402431379899794e-03
6.381417264162200266e-03
6.387425612314700206e-03
6.812954746407799689e-03
6.391456247333699749e-03
6.442209039270000402e-03
6.078895956391099954e-03
6.357839019023799575e-03
6.507305183582600197e-03
6.368284106194500339e-03
6.341826829894600150e-03
6.380100096730400260e-03
6.378568451442000360e-03
6.401204260237300207e-03
6.375827575610499946e-03
7.473364542712399895e-03
6.140006510873900411e-03
6.403206916494800019e-03
6.128004534550600228e-03
6.372062753021799815e-03
6.391806063162900134e-03
6.381142645330800320e-03
6.365176737742199962e-03
6.354072409927200363e-03
6.329995965953899920e-03
7.140078573652300364e-03
6.844364336055199644e-03
6.362707193739600316e-03
6.369999113036700113e-03
6.378776744340799998e-03
5.876442196615199766e-03
6.388257667855099832e-03
6.384509419962399943e-03
6.393816718183600346e-03
6.387569808975600109e-03
6.372745539171299593e-03
6.403284134785400261e-03
6.340557700645199982e-03
6.258217982596400025e-03
6.365851089547899973e-03
6.367676991901599984e-03
6.364184029494499885e-03
6.409790160271500344e-03
5.972712165437999918e-03
6.403585336600100056e-03
6.365549992098399820e-03
6.411697513676599576e-03
6.378006656540100364e-03
6.354959421473399886e-03
6.361776553624100099e-03
6.398168520593300324e-03
6.336976395331500415e-03
6.365748278193600167e-03
6.398698046822299916e-03
6.355543189036499951e-03
6.282579490384500309e-03
6.949298112449000218e-03
6.353106411035199658e-03
6.384364947832000398e-03
6.347486403839200202e-03
6.359021185512099897e-03
6.380564286427300308e-03
6.404358348153799813e-03
6.386951300344299864e-03
6.388315975649599618e-03
7.152890143921999608e-03
6.416735677240099738e-03
6.339110421402400185e-03
6.359785361556099907e-03
6.253453186719999668e-03
6.693384741993000167e-03
6.466735608536399588e-03
6.382572196414099813e-03
6.344063579250900330e-03
6.423568310769799811e-03
6.386598348043099824e-03
6.465185185949300258e-03
6.366185396108599813e-03
6.398050055690499699e-03
6.336850931133199832e-03
6.381968271373899930e-03
6.382733843851099917e-03
6.409562224030000005e-03
6.358215402006900385e-03
6.359731686760699935e-03
6.427611879020999827e-03
6.340984593053499568e-03
6.399186344916699652e-03
6.410780155957599737e-03
6.409887520076900345e-03
6.357228559846599993e-03
6.403852604109899933e-03
6.535909151745699676e-03
6.346298077177400104e-03
6.399447221484599706e-03
6.409840687059600167e-03
6.401116004292300120e-03
6.308251531492999747e-03
6.542618824238200306e-03
6.368225819997799624e-03
6.636853133052099570e-03
6.348421795340700342e-03
6.375069269534900177e-03
6.416574004326200398e-03
6.370658836847799787e-03
6.379203112302899575e-03
6.353066184546099851e-03
6.234828661055099967e-03
6.368610086615600352e-03
6.378655344967200207e-03
6.029020485087599815e-03
5.775481390414400305e-03
6.384689400365200010e-03
6.371436150869399725e-03
6.374276531160500033e-03
6.355448393869800143e-03
6.409440334418799699e-03
6.340540619861100360e-03
6.416891901418300334e-03
6.398467831153000288e-03
6.386013118469800222e-03
6.365656702867599978e-03
7.132817723204399642e-03
6.205087096162600208e-03
6.345312580313899886e-03
6.305331943851600132e-03
6.375839247269600094e-03
6.359858023225800107e-03
6.885170608254500071e-03
6.392112146765199961e-03
6.358742927093300260e-03
6.389310597745800381e-03
6.381406942256099592e-03
6.266583207735499858e-03
6.382479813140599922e-03
6.366921430371499935e-03
6.364017786374700190e-03
6.451007967257000111e-03
6.425347540728700187e-03
6.376239158139299958e-03
6.498737128882500248e-03
6.408124579208199917e-03
6.377803527673899832e-03
6.326499219350799862e-03
6.381018417242499685e-03
6.419359813296499941e-03
6.373415721863700222e-03
6.367744345897099860e-03
6.414598580937299656e-03
6.387637901215000025e-03
6.397432340973699567e-03
6.403307067810199739e-03
6.361397505692200326e-03
6.364694607739100098e-03
6.353146927777900133e-03
6.372735221042399693e-03
6.354034780117000236e-03
6.345158400196800226e-03
6.378556663876999884e-03
6.962410141267499908e-03
6.406607424719599694e-03
6.393043906586799718e-03
6.341659757509299569e-03
6.631738188211199966e-03
6.358019503680300069e-03
6.401465613569200068e-03
6.355430783584499824e-03
6.338883678680199731e-03
6.021632792918199702e-03
6.378846920627899951e-03
6.407751831567399733e-03
6.381504498362800329e-03
6.381990228851100108e-03
6.567751982373200292e-03
6.433959253998099842e-03
6.359554075964900070e-03
6.383696372450699957e-03
6.364456696540899718e-03
6.347656655356899956e-03
6.761717856176000310e-03
6.381631882686400123e-03
6.364024982663900147e-03
6.058752110472199678e-03
6.388295511694300211e-03
6.394768023240400383e-03
6.351364596217600432e-03
6.393549615459800418e-03
6.369291384236200164e-03
6.323826411297700165e-03
6.362103104504799808e-03
6.311743673775700031e-03
6.395152669201599818e-03
6.051252149654499750e-03
6.793734001072000185e-03
6.328781598934300062e-03
6.352989722861499683e-03
5.949520554004700430e-03
6.356239479988999574e-03
6.403070308506100296e-03
6.347735799738600179e-03
6.391334601646999833e-03
6.443563753963699875e-03
6.370371873397300336e-03
6.381312583772299693e-03
6.387205063655800215e-03
6.371029157416500249e-03
6.384864384560200168e-03
6.822155020201599827e-03
6.340984593053499568e-03
6.351501111564399928e-03
6.870721515081600408e-03
6.375607475914300305e-03
6.381895817186599915e-03
6.417550041519000208e-03
6.358833742736299914e-03
6.360544085672399824e-03
6.337665389385099823e-03
6.377323154752399977e-03
6.362980375675400362e-03
6.369983906544400380e-03
6.107566768351600263e-03
6.374476472370899788e-03
6.378810453724999795e-03
6.404091021283400166e-03
7.086751415239600158e-03
6.374278746846900011e-03
6.386668140366799640e-03
6.357969322274200155e-03
6.349334224588099734e-03
6.419038652430099703e-03
6.425159019262299820e-03
5.490182175931499972e-03
6.728131202961800186e-03
6.395799473722800325e-03
6.368554664331099908e-03
6.386369522097199922e-03
6.351600619482799907e-03
6.828494009847399862e-03
6.393209054861800390e-03
6.384126262020299938e-03
6.351575641087400109e-03
6.400787200492199895e-03
6.451032027772599965e-03
6.140145546474400085e-03
6.377444989445599580e-03
6.322609116310999762e-03
6.429031135214599915e-03
6.366402680267099767e-03
6.362637452365299713e-03
6.351457063825000429e-03
6.357291342330400295e-03
6.384096526029199928e-03
6.065208909866099882e-03
6.335903773755299784e-03
6.357244080208599921e-03
6.473220417899799850e-03
6.362474658277500125e-03
6.402263559139500376e-03
6.407526280418699739e-03
6.335016066638999611e-03
6.375843798811799655e-03
6.337830694301599746e-03
6.364268597110999716e-03
6.378746036632699720e-03
6.387018865461700085e-03
5.641229861935099892e-03
6.387777871985699657e-03
6.727167504906900186e-03
6.771607516716899970e-03
6.366300752368299690e-03
6.379700137695900122e-03
6.133049726540999898e-03
6.214025572456699856e-03
6.377919982036299625e-03
6.351496580630699648e-03
6.375636757076199972e-03
6.389120670472099583e-03
6.403357876943399987e-03
6.378094388632600011e-03
6.383574295377899589e-03
6.380976772578800423e-03
6.395897733494199620e-03
6.403051660406100347e-03
6.358764916961700403e-03
6.355533379200899863e-03
6.380531718776500175e-03
6.366093043928299985e-03
6.249944405912200018e-03
6.369268200933599598e-03
6.406969624344100063e-03
6.396035318658500196e-03
6.344268789612099793e-03
6.387603983105299803e-03
6.377151577796899909e-03
6.343723780952399867e-03
6.339258811370199719e-03
6.389676737440799781e-03
6.364045329121399870e-03
6.379042635939900265e-03
6.364735034339199723e-03
7.018686779464699925e-03
6.383843024403800318e-03
6.396975241990899598e-03
6.387563974875500386e-03
6.480443423026899762e-03
5.841263454061699882e-03
6.389575192929299909e-03
6.387978827881800326e-03
6.841533073198199574e-03
6.396420377415400031e-03
6.404511955455200085e-03
6.397896184851199590e-03
7.018686779464699925e-03
6.365377873470200003e-03
6.428403448959300361e-03
6.344216214427799913e-03
6.361280750084500127e-03
5.531883052500500067e-03
6.363319778462500284e-03
6.371251116079700190e-03
6.388248622320599583e-03
6.403279982775800412e-03
6.374231585128799747e-03
6.375597543407899616e-03
6.784460139497399712e-03
6.402833416642800257e-03
6.821681146339400245e-03
6.404258183401299702e-03
6.434942753937999624e-03
6.363509660417599779e-03
6.378205913236100096e-03
6.374256417894100420e-03
6.394767414446799782e-03
6.390321812669399679e-03
6.380673451659600245e-03
6.395429247276499841e-03
6.395060374514800403e-03
6.364271184076700401e-03
6.002829710673099686e-03
6.388589680486700048e-03
6.399900120105699725e-03
6.362554811177499603e-03
6.337426061206200001e-03
6.390303068564399773e-03
6.388150496143599720e-03
6.073424710739699743e-03
6.350062788985999865e-03
6.420119968315999605e-03
6.424828796990200014e-03
6.573896117599200423e-03
6.388647121842799641e-03
6.374388930163000372e-03
6.908477845303000013e-03
6.403876346594700175e-03
7.257623922250200192e-03
6.861170150503299696e-03
6.401669998382200286e-03
6.376563517216799794e-03
6.123742167429099825e-03
6.401764085088500374e-03
6.312555489714299570e-03
6.386099290573999873e-03
7.006637808226599817e-03
6.357545107935400237e-03
6.394645226056499925e-03
6.346895538702599857e-03
6.438375979022300383e-03
6.387311771213000262e-03
6.392789158285300082e-03
6.308590753080299714e-03
6.390065354954900002e-03
6.194204570853599663e-03
5.490182175931499972e-03
6.438252199155099741e-03
6.365782178271399763e-03
6.400804399942499646e-03
6.339264110435299630e-03
6.450034821591700378e-03
6.389510731144400386e-03
6.362388089856100062e-03
6.357508350348199666e-03
6.390720633043299979e-03
6.480257920588500080e-03
6.336012061362500392e-03
6.385305903677499992e-03
6.385080557937600210e-03
6.979648597754299806e-03
6.368694535493900355e-03
6.395010261558200029e-03
6.356327690755000231e-03
6.405817094349000249e-03
6.384515659730799833e-03
6.354465267009799800e-03
6.349266283264600255e-03
6.363744482081400144e-03
6.373873256751300294e-03
6.385822507024899695e-03
6.384160449380000060e-03
6.350468093967200078e-03
6.372090339093500200e-03
6.398857625247200351e-03
6.373298927007600354e-03
6.371349498109299576e-03
6.339823284435000365e-03
6.383069332080500147e-03
6.347979971318000111e-03
6.376743048062199874e-03
6.392402768597199927e-03
6.413749499924800181e-03
6.406495279049500419e-03
6.399946166535899761e-03
6.352590754118600004e-03
6.400229760379100297e-03
6.372752770204199654e-03
6.345043338447199817e-03
6.393634845377500243e-03
6.356673257293599805e-03
6.370563162506399923e-03
6.373868437972499829e-03
6.397342961816700375e-03
6.414940690757000262e-03
6.078895956391099954e-03
6.339542512227699586e-03
6.429516465294199574e-03
6.331873946551399776e-03
6.429808737586100234e-03
6.383379157325499639e-03
6.388404163567100273e-03
6.362798808699100112e-03
7.073071343672200292e-03
6.374593633588400074e-03
6.372079908808100067e-03
6.425080653535799810e-03
6.369425669571200307e-03
6.407743790294699940e-03
6.337728088709700114e-03
6.342929304531699959e-03
6.336499228220799675e-03
6.358164610856600028e-03
6.387872874926399727e-03
6.377534638073800201e-03
6.361068034196700263e-03
6.354237626440600341e-03
6.289459198992800384e-03
6.389181806474599629e-03
6.367743180144900227e-03
6.384004729305599833e-03
6.372509792823399973e-03
6.393224109863900398e-03
6.376908325027900136e-03
6.388915400505900365e-03
6.720856084060700120e-03
6.021899321393299823e-03
6.384455865935599952e-03
6.306795355610499837e-03
6.359477981251499858e-03
6.196075467154900374e-03
6.437086281974299662e-03
6.300130702145199761e-03
6.367186905472099583e-03
6.370095191820199579e-03
6.384861053873300274e-03
6.403561099483100032e-03
6.397854876799400139e-03
6.352420809492500056e-03
6.340906203798299737e-03
6.431319701612800421e-03
6.368553411298399740e-03
6.234828661055099967e-03
5.944252686284200171e-03
6.396061358078899625e-03
6.352588305428200251e-03
6.337648696501800225e-03
6.439022335799999761e-03
6.744740822885100275e-03
6.421478516988699675e-03
7.095182007186599631e-03
6.383681533228700335e-03
6.361654604674800255e-03
6.388961319881999654e-03
6.768064630790099692e-03
6.381192146115700209e-03
6.327101027755299700e-03
6.379518724792899997e-03
6.364446818220200093e-03
6.349654511818900345e-03
6.357891421932800394e-03
6.340701313406399593e-03
6.355910153372799909e-03
6.961031790754399796e-03
6.398548950559799706e-03
7.358254406741000092e-03
5.989155508560399868e-03
6.405958322374699643e-03
6.370003164832700390e-03
6.387893347337900152e-03
6.372644645696100112e-03
6.397826826790900187e-03
6.419291934332599717e-03
6.391336801575499618e-03
6.334236718902599809e-03
6.334376727956599583e-03
6.396578941351100354e-03
6.406461710331300304e-03
5.841816395982400191e-03
6.366332598667899696e-03
6.362085728416000223e-03
6.360359526640799871e-03
6.403608928423699768e-03
6.349274879403400164e-03
6.406066903469700285e-03
6.356344411716200078e-03
6.073424710739699743e-03
6.411587928532300369e-03
6.359317322556399740e-03
6.423225873031700173e-03
6.432887532642399785e-03
6.383625430890599653e-03
5.927004083297600194e-03
5.972712165437999918e-03
6.820443508195800364e-03
6.390996964987100126e-03
6.440208223915800181e-03
6.362563425943100134e-03
6.646332741758700056e-03
6.325320864853200067e-03
6.714542428996599956e-03
6.330962432125699681e-03
6.359051768978300420e-03
6.366441335099599572e-03
6.408000348042300343e-03
6.337051456585400359e-03
6.354875861404999694e-03
6.428177133694200004e-03
6.356728413724499829e-03
6.380644442190400167e-03
6.372508431165000223e-03
5.907082827558400411e-03
6.361599293247299607e-03
6.447475194851000173e-03
6.383233083937900343e-03
6.399449826663399822e-03
6.403129692881999631e-03
6.368653812712100036e-03
6.390955076488199701e-03
6.370534560285100179e-03
6.328435375973199932e-03
6.962410141267499908e-03
6.352295528130399646e-03
6.393020014474899704e-03
6.403774895645900425e-03
6.298903069184899790e-03
6.372346305985299685e-03
6.392584758395300319e-03
6.429282948237900232e-03
6.387658976088500008e-03
6.397918509548099729e-03
6.417160649241400103e-03
6.829899986123999685e-03
6.390567081974199773e-03
6.371756529864300127e-03
6.870721515081600408e-03
6.421555093561699852e-03
6.409343428961499639e-03
6.390970631868500389e-03
6.463488888475399895e-03
6.403375121824200246e-03
6.005112972012100099e-03
6.433470579967699894e-03
6.398621139811299860e-03
6.771607516716899970e-03
6.348532519211099942e-03
6.372885000104899604e-03
6.381230668121300360e-03
6.373725028623900349e-03
6.377586754124100164e-03
6.341418775419999619e-03
6.388855429956499798e-03
