2.853269606284605339e-08
2.853502674912593298e-08
2.870010564386395139e-08
2.865200831134567387e-08
2.855931074809117168e-08
2.861837264598114869e-08
2.852767718919832691e-08
2.859680297760764640e-08
2.852630481644912310e-08
3.021520937492805652e-08
2.852630481644912310e-08
2.853609656092576721e-08
2.889633860376556260e-08
2.864018675077986539e-08
2.853258426615720520e-08
2.853179028203800922e-08
2.856246891525660873e-08
2.881314887173935863e-08
2.853502674912593298e-08
2.853179028203800922e-08
2.853258426615720520e-08
2.853258426615720520e-08
2.852767718919832691e-08
2.875987698352784419e-08
2.856246891525660873e-08
2.859772775699132470e-08
2.853681226419565999e-08
2.853432745756890635e-08
2.855524905706636648e-08
2.859680297760764640e-08
2.852630481644912310e-08
2.874009306988282985e-08
2.853939595193021071e-08
2.853258426615720520e-08
2.855931074809117168e-08
2.852013987432960762e-08
2.852630481644912310e-08
2.968797956017384192e-08
2.853939595193021071e-08
2.852410914004122394e-08
2.980590472031360047e-08
2.854511554596640738e-08
2.853939595193021071e-08
2.852013987432960762e-08
2.854763077465397507e-08
2.956936417608298769e-08
2.866276994562403449e-08
2.853432745756890635e-08
2.858737536617693254e-08
2.852242294083986532e-08
2.859205823241908182e-08
2.858306607886884554e-08
2.856965130181221715e-08
2.852630481644912310e-08
2.853965111290655113e-08
2.853432745756890635e-08
2.853900876173937733e-08
2.856246891525660873e-08
2.869625225066157857e-08
2.855524905706636648e-08
2.855047748686646222e-08
2.863158773716093068e-08
2.854763077465397507e-08
2.861490148359461807e-08
2.853258426615720520e-08
2.852767718919832691e-08
2.852013987432960762e-08
2.852630481644912310e-08
2.880369074992301354e-08
2.858737536617693254e-08
2.858027622035205819e-08
3.018685239410751292e-08
2.863590718026484303e-08
2.856009523453123325e-08
2.852767718919832691e-08
2.859205823241908182e-08
2.852242294083986532e-08
2.869839622928316366e-08
2.853939595193021071e-08
2.877313216026754205e-08
2.853900876173937733e-08
2.879195674971585613e-08
3.033133317434567069e-08
2.869625225066157857e-08
2.901770579500608998e-08
2.864018675077986539e-08
2.853432745756890635e-08
2.860536502671401057e-08
2.852630481644912310e-08
2.855047748686646222e-08
2.854511554596640738e-08
2.852767718919832691e-08
2.954500970337379739e-08
2.858027622035205819e-08
2.892698461269809254e-08
2.852039275900726754e-08
2.861490148359461807e-08
2.874009306988282985e-08
2.858027622035205819e-08
2.940016338440453297e-08
2.855047748686646222e-08
2.853179028203800922e-08
2.855047748686646222e-08
2.852242294083986532e-08
2.862096851669520820e-08
2.852013987432960762e-08
2.853432745756890635e-08
2.862096851669520820e-08
2.853965111290655113e-08
2.859205823241908182e-08
2.856632509214089602e-08
2.853258426615720520e-08
2.853681226419565999e-08
2.854036798488129004e-08
2.857560595661529080e-08
2.854036798488129004e-08
2.888266463753327091e-08
2.855524905706636648e-08
2.854249401923600943e-08
2.852630481644912310e-08
2.853900876173937733e-08
2.852767718919832691e-08
2.853900876173937733e-08
2.880604155953523435e-08
2.879195674971585613e-08
2.854949486089974850e-08
2.856965130181221715e-08
2.954500970337379739e-08
2.852630481644912310e-08
2.853681226419565999e-08
2.853258426615720520e-08
2.869625225066157857e-08
2.855524905706636648e-08
2.857014266259988347e-08
2.852410914004122394e-08
2.856632509214089602e-08
2.853681226419565999e-08
2.861837264598114869e-08
2.853194417944694975e-08
2.854511554596640738e-08
2.877313216026754205e-08
2.857160224845488860e-08
2.852039275900726754e-08
2.855418979788418754e-08
2.852410914004122394e-08
2.853681226419565999e-08
2.854249401923600943e-08
2.854460517001437363e-08
2.852630481644912310e-08
2.852767718919832691e-08
2.852410914004122394e-08
2.852242294083986532e-08
2.899977794795964930e-08
2.853939595193021071e-08
2.852039275900726754e-08
2.860167863821444437e-08
2.853900876173937733e-08
2.852039275900726754e-08
2.856009523453123325e-08
2.860536502671401057e-08
2.852242294083986532e-08
2.880604155953523435e-08
2.856965130181221715e-08
2.853681226419565999e-08
2.853432745756890635e-08
2.852147558086654199e-08
2.858306607886884554e-08
2.855169157622382897e-08
2.854763077465397507e-08
2.853258426615720520e-08
2.969896847920987906e-08
2.853965111290655113e-08
2.853179028203800922e-08
2.854460517001437363e-08
2.852410914004122394e-08
2.879195674971585613e-08
2.860536502671401057e-08
2.860536502671401057e-08
2.880604155953523435e-08
2.872093673419003913e-08
2.881285655189773539e-08
2.854036798488129004e-08
2.853609656092576721e-08
2.854763077465397507e-08
2.852147558086654199e-08
2.852630481644912310e-08
2.853258426615720520e-08
2.855169157622382897e-08
2.853609656092576721e-08
2.853179028203800922e-08
2.852013987432960762e-08
2.853502674912593298e-08
2.852767718919832691e-08
2.854763077465397507e-08
2.853965111290655113e-08
2.854831181457630087e-08
2.852630481644912310e-08
2.853681226419565999e-08
2.946390251491087222e-08
2.855858794631478928e-08
3.292788449995811159e-08
3.262940351512203467e-08
2.852630481644912310e-08
2.852039275900726754e-08
2.946390251491087222e-08
2.882968771222791862e-08
2.854831181457630087e-08
2.853939595193021071e-08
2.854460517001437363e-08
2.853900876173937733e-08
2.853432745756890635e-08
2.853194417944694975e-08
2.854460517001437363e-08
2.853200332833195809e-08
2.857014266259988347e-08
2.863590718026484303e-08
2.853432745756890635e-08
2.853269606284605339e-08
2.882039295794554427e-08
2.863590718026484303e-08
2.858306607886884554e-08
2.855418979788418754e-08
2.852767718919832691e-08
2.885492585336640307e-08
2.890432029654309291e-08
2.852630481644912310e-08
2.852630481644912310e-08
2.853258426615720520e-08
2.853432745756890635e-08
2.862096851669520820e-08
2.853194417944694975e-08
2.853258426615720520e-08
2.853179028203800922e-08
2.852039275900726754e-08
2.854460517001437363e-08
2.854036798488129004e-08
2.856632509214089602e-08
2.852013987432960762e-08
2.853269606284605339e-08
2.853502674912593298e-08
2.880604155953523435e-08
2.853200332833195809e-08
2.853200332833195809e-08
2.854249401923600943e-08
2.940016338440453297e-08
2.853258426615720520e-08
2.853965111290655113e-08
2.853900876173937733e-08
2.852767718919832691e-08
2.858298524157406830e-08
2.853258426615720520e-08
2.853258426615720520e-08
2.855169157622382897e-08
2.854763077465397507e-08
2.853681226419565999e-08
2.864018675077986539e-08
2.853258426615720520e-08
2.856632509214089602e-08
2.854831181457630087e-08
2.852630481644912310e-08
2.852767718919832691e-08
2.929515528488612657e-08
2.852039275900726754e-08
2.853939595193021071e-08
2.852013987432960762e-08
2.855858794631478928e-08
2.853258426615720520e-08
2.854511554596640738e-08
2.853681226419565999e-08
2.853194417944694975e-08
2.852410914004122394e-08
2.877731351991268171e-08
2.864018675077986539e-08
2.852767718919832691e-08
2.866504295442108372e-08
2.852013987432960762e-08
2.855858794631478928e-08
2.908603765781824590e-08
2.861837264598114869e-08
2.899977794795964930e-08
2.856965130181221715e-08
2.852242294083986532e-08
2.861837264598114869e-08
2.860536502671401057e-08
2.854831181457630087e-08
2.853502674912593298e-08
2.852630481644912310e-08
2.852410914004122394e-08
2.852630481644912310e-08
2.892698461269809254e-08
2.869839622928316366e-08
2.852147558086654199e-08
2.854831181457630087e-08
2.852410914004122394e-08
2.852242294083986532e-08
2.854511554596640738e-08
2.855047748686646222e-08
2.852147558086654199e-08
2.853432745756890635e-08
2.857560595661529080e-08
2.857014266259988347e-08
2.852767718919832691e-08
2.880604155953523435e-08
2.855858794631478928e-08
2.866504295442108372e-08
2.859772775699132470e-08
3.082937690203432202e-08
2.853200332833195809e-08
2.853609656092576721e-08
2.853258426615720520e-08
2.862096851669520820e-08
2.856246891525660873e-08
2.854460517001437363e-08
2.855858794631478928e-08
2.855169157622382897e-08
2.853179028203800922e-08
3.082937690203432202e-08
2.852147558086654199e-08
