8.650575535645999969e-04
7.726507330721999996e-04
7.101038920451800338e-03
6.664797080744499710e-03
5.098754585817800132e-03
7.491592914241000222e-04
8.253675856004000135e-04
9.721895239558999736e-04
8.755245753967000420e-04
8.036881644994999527e-04
8.312678920347000211e-04
5.501383090684100301e-03
9.052967169360999922e-04
8.334560760389000001e-04
9.683248062030999463e-04
7.759758711178000017e-04
8.444813132085000505e-04
8.921170318957000536e-04
9.111556641056000206e-04
8.397432966955999459e-04
9.677589981308000033e-04
9.828396856937000620e-04
8.327597347798999837e-04
5.901377808688500030e-03
8.591214994210000146e-04
8.848381675832000170e-04
9.851698969263000902e-04
8.001062262634999877e-04
8.759419351213000365e-04
5.435756374543299942e-03
8.855175101137999953e-04
7.379733479276999464e-04
9.124940414746000351e-04
8.897420419141999822e-04
8.638288476001999578e-04
8.469300428497999588e-04
7.763491223986999706e-04
5.715657311616400074e-03
6.902923784980400171e-03
9.251894944284000041e-04
5.634916277792999771e-03
9.097223309898999459e-04
7.873491697624000057e-04
6.193966875457299938e-03
8.996831750768000341e-04
8.365170616697000005e-04
9.882238061130000153e-04
8.308414460931999460e-04
8.276349027266999758e-04
8.721899261686999949e-04
8.542847223013000108e-04
7.549439142536000166e-04
8.870775837871000460e-04
9.024613617660999509e-04
6.133384657134800105e-03
8.537097421716000230e-04
6.557654906893599714e-03
8.579246533944000349e-04
5.746777862513099792e-03
7.527203953957999939e-04
7.987126901141000136e-04
8.867643764919999659e-04
9.261353836055000351e-04
8.629015148571999617e-04
8.894078317393999461e-04
8.993891583612000258e-04
6.506699408780699731e-03
7.693396319120999723e-04
8.781249455749000473e-04
8.274941927088999604e-04
8.419988030147000342e-04
8.178678004068999467e-04
9.489284542199999698e-04
4.873656534233700328e-03
8.704129788240000300e-04
6.730215644897800421e-03
9.157317167012000471e-04
5.816618510558700314e-03
7.831006756139999737e-04
9.744888914304999710e-04
9.194077623749999503e-04
8.839701136205000342e-04
8.283854466236999963e-04
8.014694419520000277e-04
5.206998462164600001e-03
8.762831110377000297e-04
8.534635427685999731e-04
4.093187244585400411e-03
8.453618585323999972e-04
6.541814516632000163e-03
8.222722941968000363e-04
8.596613609582999874e-04
8.224341622605999555e-04
6.691232192184299807e-03
8.963846696551999596e-04
8.858711322008999559e-04
7.026960993045999661e-04
8.296840344293000347e-04
9.146869723813999585e-04
9.022172104383999669e-04
7.645949763501999662e-04
8.111714223730000358e-04
6.557654906893599714e-03
8.829080377764000204e-04
8.412020562357999665e-04
8.753636288415999819e-04
6.417822740317699615e-03
7.660093470356999857e-04
5.097504407435699859e-03
8.097041477672999813e-04
8.480877177273999463e-04
5.836482672639400383e-03
8.400837879401999980e-04
8.401530726259999991e-04
6.953968799056699755e-03
8.897207141036999863e-04
8.668078216121000070e-04
8.332435062376999848e-04
8.008759827447999718e-04
7.959390322530999953e-04
9.132230717080999692e-04
8.728657998981000261e-04
8.796990322483999765e-04
8.825273707655000369e-04
8.667218268405999871e-04
8.627582724423999479e-04
4.752018639363799965e-03
7.949999314011999907e-04
8.551188695980999977e-04
9.047105349366999470e-04
8.444450487123999821e-04
9.677322796721000509e-04
8.599978206369000540e-04
8.582635021826999977e-04
8.803033855515000460e-04
7.807425957848000350e-04
8.644280689776999470e-04
8.843056320258999839e-04
8.749429827038999975e-04
7.287313089866000182e-04
8.697522431121999711e-04
8.321730189308000321e-04
8.641436935448999464e-04
5.274305817330699614e-03
8.728411496904000090e-04
6.197259835626500388e-03
8.283454362465000496e-04
8.845880137874999587e-04
8.883744677695000437e-04
8.467207175348000475e-04
6.694349155756900045e-03
5.821334040983699998e-03
8.961468382844999837e-04
6.637070890874599907e-03
9.565868236693999844e-04
5.591260853256199877e-03
8.008032182725999693e-04
8.077693252804999747e-04
7.930062270774999953e-04
7.567714531058999635e-04
8.273035651858000068e-04
7.645315831244000465e-04
7.656951867756999885e-04
5.167769089672900190e-03
9.643548008701000041e-04
8.621024681322000038e-04
8.422636369520000374e-04
8.419268468753999960e-04
5.071230451013900194e-03
6.015063258079799899e-03
6.502597194494599830e-03
8.333098834090999548e-04
8.833337043301000288e-04
6.437784805448700139e-03
6.091114751973300372e-03
9.049135265536999758e-04
8.930877473989000219e-04
8.133608326864999981e-04
7.637931882242999940e-04
7.953894443672000162e-04
9.070770112331000105e-04
8.635863838607000164e-04
8.580861325249999633e-04
8.883799438343999719e-04
8.781820267800000135e-04
8.928620232266999864e-04
8.101646970388999515e-04
8.171991886070999970e-04
8.180967436618999996e-04
8.236617466921999876e-04
9.391762972877999629e-04
8.092102330321000042e-04
5.758885478181399904e-03
6.467884146520799966e-03
8.963316765513999664e-04
8.657654420363999990e-04
8.638598177129000206e-04
9.016973340412999614e-04
9.107178286099999655e-04
8.175186551020999963e-04
8.104844110785999669e-04
9.263078113701000331e-04
8.433343966948000014e-04
8.061784806553999811e-04
8.266701349766000448e-04
5.869706803920599937e-03
8.719849882460000258e-04
8.832258992237999829e-04
7.693554898777000325e-04
8.355250954842999853e-04
8.986330112007999719e-04
8.471522798616999998e-04
7.573279204070999500e-04
8.698026493112999630e-04
5.638266575523400055e-03
7.727254335997000212e-04
5.925376678644600145e-03
6.049389232744099669e-03
4.592477907100800047e-03
7.955314311033999776e-04
8.551503423060000022e-04
8.850272972676999665e-04
8.310484447247000212e-04
9.371362737246000411e-04
8.830326895540000116e-04
9.524454471831999810e-04
8.942712079134999782e-04
5.279893379521699570e-03
8.023858390242000205e-04
6.153221815069200018e-03
8.279265364618999552e-04
8.744710458658999826e-04
8.268896728919999635e-04
6.199334197309699750e-03
8.605176642714000264e-04
9.035938763788999581e-04
9.687993804652000407e-04
8.747138962854000095e-04
5.600262462395299949e-03
9.170772335821000343e-04
6.054081594453499665e-03
9.772143247002999713e-04
8.307379205124000403e-04
5.887605908128800206e-03
8.295104043559999550e-04
8.651993915721999931e-04
8.453896063632999501e-04
7.714266229409999683e-04
8.764625415387000034e-04
8.455277017180000019e-04
8.388767000072999648e-04
8.049796838114000198e-04
5.892567895137400431e-03
1.003678304434599960e-03
9.384521353860000381e-04
9.177132433779999505e-04
8.404395727831000381e-04
8.479693087038000024e-04
8.939388606500999531e-04
7.762353239698999629e-04
5.591260853256199877e-03
8.544682213796000276e-04
8.793264688600999860e-04
6.467884146520799966e-03
8.457205908479999753e-04
6.794763236369800140e-03
8.129105301769000164e-04
5.131054399783400305e-03
8.510295578981999683e-04
8.847092489045999637e-04
5.508421986866600048e-03
7.515446792137700331e-03
7.338559933979000183e-04
8.721073504750000453e-04
9.299247218611999882e-04
8.120766100298000122e-04
8.057027443261000413e-04
4.873656534233700328e-03
8.769158656157000249e-04
5.275810928115100100e-03
8.962750260290000071e-04
6.313812264168000218e-03
8.682729512737000135e-04
6.427841467019600186e-03
6.451531521746999703e-03
8.237737188209999853e-04
7.242163505352999710e-04
6.770834965595699632e-03
8.315663689601000483e-04
7.666968234567000506e-04
8.616900368520999560e-04
5.702857128980399690e-03
5.832016622613699942e-03
9.027616127260000090e-04
8.701552253559000170e-04
9.848888466354999410e-04
7.985865381657000469e-04
5.771708009824800222e-03
8.753402514941000185e-04
8.504780684812999472e-04
8.624311721166000354e-04
8.507600020037000416e-04
8.246900008292999467e-04
9.265403486192000252e-04
8.511911663966999697e-04
7.742881048510999540e-04
8.821399587466000058e-04
6.812747709540800320e-03
6.543914116760900061e-03
8.435766081448999596e-04
8.078916160014999520e-04
8.831974974903999574e-04
9.090180781042000177e-04
6.156139984034200187e-03
9.562457962982999667e-04
8.160685315984000454e-04
8.373718150472000358e-04
8.380783018004000140e-04
8.839044229655999623e-04
7.745896157423000361e-04
6.127338560739999974e-03
7.977347029592999576e-04
8.182540318466000398e-04
8.377365328158999655e-04
5.390296949224999967e-03
8.060557624948999763e-04
6.427399953390700027e-03
8.454089625226000014e-04
7.147786783733000313e-04
8.501885984521000356e-04
5.206998462164600001e-03
8.090482392412000215e-04
8.333474292041999744e-04
6.490632810448900350e-03
8.778769897218000485e-04
8.187077608535000021e-04
5.531554420092400261e-03
7.389762039621000514e-04
9.371993598830000247e-04
8.028528992562000526e-04
7.839900160980000287e-04
8.496004516274000256e-04
9.263014293575000000e-04
8.693088387857999914e-04
9.040297468631999615e-04
8.823559390791999588e-04
5.915957297084700056e-03
7.985780855726999508e-04
6.463849808927999915e-03
8.067124403069000005e-04
7.968400762080999917e-04
8.359483077400000272e-04
9.925888449558999301e-04
8.525142716662000237e-04
8.583495985562000514e-04
9.152969906905999899e-04
7.927964169195999894e-04
5.655354009162500209e-03
8.735778742504999575e-04
8.894630506967000439e-04
8.290185528941000203e-04
7.529845332537000394e-04
1.033229452212700104e-03
8.436085193659999997e-04
8.460969206784000121e-04
7.207788804406000272e-04
9.472529602376000358e-04
8.411662701054000314e-04
8.867200729518000040e-04
8.287916206677000156e-04
5.994461416618700016e-03
8.751447867330000444e-04
8.377345561205000457e-04
8.346428358500999857e-04
9.294352204814999678e-04
8.663921426405999694e-04
9.226122128780000131e-04
6.314544558527600097e-03
8.136773798385999812e-04
8.250600957600000458e-04
7.658945549376000323e-04
9.420921965866999948e-04
5.722812390777600247e-03
1.000877885227100016e-03
8.668319635858000001e-04
4.752018639363799965e-03
9.559099946152999636e-04
5.565033127592699906e-03
7.845289286643000216e-04
7.667876740789999774e-04
8.722147836470999643e-04
8.295275340681999713e-04
6.502597194494599830e-03
8.673052705738999463e-04
7.893325348483999550e-04
9.283983817825000205e-04
9.076688095244999895e-04
5.803003359588499756e-03
9.046521958621000148e-04
7.905614161952999666e-04
8.487611874524999883e-04
8.270535776781000282e-04
8.587071611023000149e-04
8.491827082567000081e-04
8.660504194335000207e-04
8.830144992739999638e-04
8.668377999673000526e-04
5.688031276601700388e-03
7.841981085271999786e-04
8.589790224821000067e-04
8.698655513681999513e-04
8.661514774182999974e-04
6.029391839285199763e-03
7.907202167309999733e-04
7.740290247899000303e-04
6.247356117475300237e-03
9.035996555878000229e-04
8.647167984241000208e-04
8.620371504704999518e-04
8.136101280471000341e-04
8.804243185978000369e-04
1.015903911503499924e-03
6.609933861138500046e-03
8.004476597642000077e-04
8.682499240521999659e-04
5.816618510558700314e-03
1.031129547321499957e-03
5.899164826852499807e-03
8.768765436849999730e-04
8.613950266781999479e-04
8.886376187932000124e-04
9.332944376552000437e-04
6.864874879742999779e-03
8.761214296693999905e-04
9.434013571997000103e-04
5.623638244089499728e-03
5.575873126278100243e-03
8.144034049688000324e-04
8.239010550647000173e-04
5.358645266228799844e-03
8.975956999308000060e-04
9.349810734072000083e-04
8.107880537532999917e-04
6.011727489181900412e-03
9.013593750673000405e-04
7.611780898452000146e-04
9.082268658702999809e-04
8.265653733266999830e-04
8.795935911599000231e-04
8.652514018504999654e-04
8.568806195040000418e-04
8.562485832528999620e-04
8.232966924531999768e-04
8.937525056102999833e-04
7.486982401228999776e-04
8.856278114150000196e-04
8.511593954985000390e-04
9.143841050924000251e-04
6.549418213253600102e-03
1.006910922234700032e-03
8.880599840950999680e-04
8.367325014164000161e-04
8.909325778699000303e-04
6.664797080744499710e-03
8.056745124079999669e-04
9.146571246265000187e-04
5.182804985734400412e-03
8.325034508861999666e-04
9.241493250091000139e-04
6.088121817300000405e-03
8.584393809285000183e-04
7.945893665773000412e-04
8.425076230666999483e-04
4.851795313202999886e-03
8.295046985768000361e-04
8.382974812302000037e-04
8.278955054308999740e-04
8.551013391263999602e-04
8.371397562976000493e-04
6.898984513713700417e-03
7.313229317513999551e-04
7.557400277075000021e-04
9.003765350680000392e-04
5.956802359615999930e-03
8.396437055375999660e-04
8.272516218478000172e-04
7.627553934839000288e-04
6.232863166979000016e-03
8.130190689289999890e-04
5.487587304246799996e-03
5.946801666188400275e-03
8.259645512908999699e-04
8.087531948191999977e-04
6.225743933923899749e-03
6.451531521746999703e-03
9.373205153842999659e-04
5.318018948969699573e-03
8.552185304064000449e-04
7.966684599224000199e-04
8.272913606202999702e-04
8.757608197764000331e-04
8.770212441899000351e-04
7.733649310663000308e-04
8.418506479481999757e-04
8.034305773256999929e-04
9.218392468268000279e-04
5.464363933167899583e-03
8.134348168897999765e-04
9.145381452884000220e-04
5.272483744043699599e-03
9.564970339430000495e-04
8.118178330280000380e-04
8.310819153290999574e-04
8.809961062737999742e-04
8.501809447072999860e-04
8.354593489640000422e-04
9.176082567482000529e-04
8.669682167778999630e-04
7.812868084281000304e-04
8.538383614714000055e-04
9.541721166786000345e-04
5.129352358898099824e-03
8.819731386968000103e-04
5.392653080852800006e-03
8.828341340678000316e-04
7.657945685011000167e-04
7.897745032994999814e-04
8.541807548306999632e-04
8.659576886048000154e-04
1.014750672984499969e-03
9.225796039978999578e-04
8.911294465924000496e-04
7.641137105461000062e-04
9.939083331029000250e-04
7.758983409287000020e-04
7.863881168736000515e-04
6.314544558527600097e-03
5.888885075113399828e-03
6.548904553973900096e-03
8.867669572913999994e-04
5.937225160096900115e-03
8.973678846731999743e-04
8.343889703423999988e-04
8.607754671299000125e-04
5.565033127592699906e-03
9.263292525009999678e-04
6.483989881487400332e-03
8.619604348067999881e-04
9.097832636953000250e-04
8.287757014161000260e-04
6.427853546871299846e-03
8.293441377940000397e-04
9.571196123939000036e-04
7.253172383011000524e-04
7.920175696886000080e-04
8.183808746871000473e-04
8.675692196971000313e-04
8.029924323633999507e-04
8.922223739253000354e-04
7.776941634670000254e-04
8.605446654357000111e-04
8.877437676013999511e-04
9.170774307585000248e-04
8.466701786104999759e-04
7.686765833187999847e-04
9.708415089739999473e-04
9.430921698818000090e-04
7.890819719871000355e-04
8.370658963511000156e-04
8.673916683432999911e-04
8.868276260994000524e-04
8.178780778398999632e-04
8.307173426953999660e-04
8.324821827389000239e-04
5.850188654289999873e-03
5.608492490193400272e-03
8.203752627726000439e-04
8.602842709160999973e-04
8.988486610168000502e-04
8.329142998402999697e-04
8.065423785149999870e-04
8.951788879892000209e-04
8.478200607585999714e-04
9.549031753147000420e-04
7.920661957253000238e-04
8.980419387110000207e-04
9.424909429931999484e-04
8.491617847816000262e-04
8.376795748808999647e-04
8.511835054031000524e-04
7.453627917833999771e-04
8.598176125227999754e-04
8.527026836716000138e-04
9.129429773221999769e-04
9.558514915285000512e-04
8.045677221040000316e-04
9.068167233606999654e-04
8.796042346821999732e-04
6.482354367255799624e-03
8.364042424244999725e-04
6.389827118892400099e-03
5.485416773610299855e-03
5.411739964835100315e-03
4.870732035769500222e-03
8.064811145321999731e-04
9.329533900931000039e-04
9.018835529969999962e-04
8.507098453575999506e-04
8.604221119453000447e-04
6.790004856067900253e-03
8.693625076650000330e-04
9.550948147173999626e-04
9.196326881569000418e-04
8.108552353413999879e-04
8.761044701857999620e-04
8.250405987336000002e-04
9.384315478368000004e-04
9.098115772203000480e-04
8.913996931225000092e-04
9.425416451242999826e-04
8.868369222173999979e-04
8.030253066261000159e-04
7.860771065976000392e-04
9.229629144284000157e-04
7.657610264698999506e-04
6.953968799056699755e-03
8.000347640136000298e-04
9.274502243439000301e-04
8.653386169350000493e-04
8.978840620846999547e-04
7.250191244927999988e-04
6.197259835626500388e-03
6.713173937842599817e-03
9.286836281916999647e-04
7.779320828700999474e-04
7.816870226963999746e-04
8.580707969356999969e-04
8.464474736512999937e-04
8.478174724452999540e-04
8.036369059507000260e-04
4.906844688981000339e-03
8.325856867609000454e-04
8.745281669049000161e-04
9.666987174402000152e-04
5.860478365013100169e-03
9.310762846421000117e-04
6.052698107320900016e-03
8.796872103286999681e-04
7.893426670397000111e-04
8.525374542020000123e-04
8.362933972863999558e-04
8.348383030322999556e-04
8.164548672769999854e-04
9.078528913211000514e-04
7.720774003047999696e-04
5.622917743613200375e-03
9.546528431024000217e-04
8.707866653124999917e-04
8.408021733663999893e-04
8.491458173962000309e-04
6.437784805448700139e-03
8.888547935915000345e-04
8.057401186086000401e-04
8.771103774216000050e-04
8.774117899122000274e-04
8.089056013275000090e-04
5.468501285942099603e-03
6.225661413053700140e-03
8.958643240075999520e-04
8.472296997934000012e-04
6.793727746993299954e-03
6.070433937196599919e-03
9.070681884381999634e-04
8.499556397290000285e-04
6.697688226004800197e-03
9.121668510955999827e-04
8.129430095438999575e-04
8.814976616985999592e-04
8.223702423265999775e-04
8.069120974654999875e-04
6.213573690025399679e-03
8.478483289035000344e-04
8.416331927503000387e-04
8.476370882708000008e-04
8.372067289488000375e-04
9.578140672702000185e-04
8.770104167994000142e-04
8.676909810093000070e-04
7.888028925988000090e-04
8.749177895771999671e-04
8.280028167054000231e-04
9.159103021812000159e-04
8.731881015431999576e-04
8.417651467794000104e-04
1.003712911925799985e-03
9.039156398744000289e-04
8.782865102789000128e-04
9.055369894944999797e-04
8.159011004110999603e-04
5.622917743613200375e-03
9.045501876214000290e-04
8.877963218234000099e-04
4.906844688981000339e-03
9.050230605036999488e-04
7.857041632583000243e-04
8.903785045959000492e-04
8.726970775539999751e-04
7.630275328805000319e-04
8.771721832977999629e-04
5.358645266228799844e-03
8.597955046265999502e-04
5.956802359615999930e-03
8.331085277906000088e-04
8.181278510279000422e-04
8.973199674168999985e-04
9.575063992298000473e-04
7.879267896900999778e-04
8.676858694035000227e-04
7.291812989470000455e-04
8.940906991998999638e-04
7.894627543870999867e-04
7.914329518562999511e-04
5.332440567261799956e-03
8.379270417425000025e-04
8.134031473983000318e-04
5.071230451013900194e-03
6.979166919677999743e-03
8.595722780736000240e-04
5.639015200086800253e-03
7.888489116092999628e-04
5.926102743284899707e-03
4.639187947194299902e-03
6.261337334168499795e-03
9.003203321897999996e-04
5.432134693948100293e-03
6.970448260878599721e-03
9.144230716825999970e-04
8.380213715216000428e-04
8.566296172374999627e-04
8.212446795630000016e-04
7.804707235657999545e-04
5.185577038408600327e-03
8.292128985540000476e-04
8.657194025618999761e-04
8.116975825894999757e-04
9.184531431112000384e-04
5.588224189793200396e-03
8.369450693623000466e-04
7.924927687208999788e-04
6.199334197309699750e-03
9.929865428009001030e-04
5.561889557997100331e-03
9.627336922546000106e-04
5.571796273800000421e-03
9.108086041286000490e-04
6.225355626813700027e-03
8.492025770428000093e-04
8.310842971004999639e-04
8.506791728600999504e-04
5.167769089672900190e-03
8.614114742625999729e-04
7.160565209925200299e-03
5.836823615070699765e-03
8.172057328025999524e-04
8.217647623866999960e-04
5.520604742215899988e-03
9.118468109734999532e-04
8.162277223589999714e-04
5.711324273289099945e-03
5.078341157781799883e-03
8.365787673019999720e-04
5.982119465938799847e-03
5.461306740734799860e-03
8.198952910755000299e-04
8.752213732889999997e-04
7.951911077476000100e-04
9.186521731857999560e-04
9.107818985143000109e-04
8.659381038868999665e-04
8.040977676147999936e-04
7.984422367635999468e-04
8.172667555925999675e-04
8.014854422155999686e-04
8.166601424695000416e-04
6.654663545256200331e-03
8.657272431071000437e-04
7.922879419443000374e-04
7.988352759514999500e-04
7.786337833325000313e-04
5.565689886827799963e-03
9.050891033967000364e-04
8.550443198921000134e-04
7.909353846168999495e-04
5.564252121332700397e-03
9.521882228352000245e-04
8.483122145487999961e-04
7.725658060831000224e-04
8.030443679385000253e-04
7.864509403694000316e-04
8.305303091389999942e-04
8.491748343682999946e-04
8.477801653605000504e-04
7.731125365841999856e-04
7.551993311728999935e-04
5.235991850296600227e-03
5.359505489942100430e-03
6.898984513713700417e-03
8.415034301087999857e-04
8.126987023613000240e-04
8.390666875092000349e-04
7.705220556442999788e-04
8.602162056946000435e-04
8.077656531711999632e-04
9.350125256011999723e-04
5.302237129319599743e-03
9.321302394715000111e-04
1.017391335255000062e-03
8.405480295956000488e-04
8.083092632059000028e-04
8.683683888655999899e-04
5.639015200086800253e-03
7.440965318378999719e-04
6.427399953390700027e-03
8.976991658379999744e-04
5.937225160096900115e-03
8.184851952695999496e-04
8.199632066450999535e-04
5.332440567261799956e-03
8.401340178639000057e-04
5.487587304246799996e-03
8.447690110556000005e-04
8.239061766513000422e-04
8.523165770043000149e-04
8.079312046842000499e-04
8.766991574013999547e-04
8.520336118168999641e-04
6.798641039779699732e-03
7.537391389465000454e-04
8.388296673278999990e-04
9.137042997170999803e-04
7.751889004558999534e-04
6.832133358630899933e-03
8.884518010628000319e-04
6.689623543253700282e-03
8.144391053746000229e-04
9.189359494944000523e-04
7.561020440509999682e-04
9.055350712636999746e-04
8.284505200960000110e-04
8.872917539958000534e-04
8.506849912613000282e-04
6.180958337739099993e-03
5.501383090684100301e-03
8.873518208886000238e-04
8.732375106127999954e-04
8.977302377275000241e-04
5.565223131603100164e-03
6.070433937196599919e-03
9.438486583411000120e-04
5.235991850296600227e-03
9.081800229430999705e-04
8.061312799728000134e-04
9.503132294169999847e-04
9.025078504482999826e-04
8.187250719851000289e-04
9.185879354483999538e-04
7.713713520447999664e-04
6.350872029178999956e-03
8.487175903925999604e-04
8.849841705093000480e-04
5.941952386295299912e-03
9.061721313787000302e-04
8.768282596891000457e-04
8.196279403553999570e-04
7.964522563296999895e-04
5.887605908128800206e-03
8.936159182893999801e-04
8.283393250343000242e-04
5.475261823446600333e-03
9.031773106244000244e-04
8.391709840224999620e-04
8.908524007089000090e-04
6.645413036691599599e-03
9.582188217974999976e-04
8.817068566973000187e-04
6.506699408780699731e-03
8.556028005899000500e-04
9.097935627085999800e-04
6.543914116760900061e-03
8.752587281194999834e-04
4.284723889857599763e-03
7.649968885041000385e-04
9.072873478033000516e-04
7.857038606346000535e-04
7.878430793956999606e-04
7.919727374733000376e-04
8.683347601949999509e-04
8.481161098739999765e-04
8.215327570022999638e-04
5.982119465938799847e-03
7.774743531854999470e-04
8.371477861630000419e-04
1.015525486511700045e-03
8.590663801420000360e-04
5.608492490193400272e-03
8.822975058070000026e-04
8.582750910936999978e-04
8.287916206677000156e-04
6.337015606984700011e-03
8.147371887979000049e-04
8.484925708711999826e-04
8.844333301129999854e-04
8.936625437654000404e-04
7.575420271919000364e-04
8.812094838010999702e-04
8.781981203903999706e-04
8.667092976800000199e-04
8.488438266758000297e-04
8.227785170261000224e-04
5.431089612823399720e-03
6.109046946593799793e-03
9.370362214271999585e-04
8.734082240394999480e-04
7.827098561846999912e-04
8.353386653869999783e-04
4.928006228231700432e-03
5.333266480629800417e-03
8.899620918715999557e-04
5.960656886343299911e-03
6.708337746031099724e-03
8.941047271520000204e-04
8.627089959464000115e-04
8.477908205043999503e-04
8.165160918420999924e-04
8.642352219141000332e-04
6.285040503201599731e-03
5.604473736041000291e-03
5.508421986866600048e-03
9.141234972213000244e-04
7.928682098997999732e-04
5.190327313632199860e-03
8.490928301581999625e-04
8.363327547629999985e-04
5.852507194871499861e-03
9.570965321467000226e-04
8.172984392719000440e-04
8.206722443252999471e-04
8.983086174870000143e-04
5.892567895137400431e-03
8.872652489223000188e-04
8.251511209150999690e-04
6.316451819998799601e-03
7.994703700115999602e-04
8.809130971693000453e-04
5.688031276601700388e-03
8.995042901283000457e-04
7.907681463191999901e-04
5.561889557997100331e-03
9.623739079621999827e-04
5.361083687824000008e-03
5.987231889658799731e-03
4.639187947194299902e-03
8.889211200846999783e-04
7.834305606786999727e-04
8.397242453386000475e-04
7.771387916349999829e-04
8.141243272963999975e-04
8.318160232137000384e-04
8.730070967234999490e-04
8.411373548446000404e-04
7.977827485654000140e-04
8.903554660738999694e-04
8.727417565451999794e-04
7.791201137743999569e-04
5.899955605141500407e-03
8.786181348869999625e-04
8.264650683371000534e-04
9.658747758154999797e-04
8.854626924860000206e-04
8.458271171085000395e-04
6.410901062996699970e-03
7.770547725511000280e-04
8.484016892784000197e-04
8.589054805187000020e-04
9.027039580741999785e-04
8.934422107466999732e-04
8.780238978461000045e-04
8.702605152834000206e-04
8.824165172873000337e-04
8.230212720618000155e-04
8.220827447333999699e-04
6.713173937842599817e-03
8.988169706547000440e-04
8.281446439480000168e-04
7.469545119474999949e-04
8.514528051153999596e-04
6.420511541249299993e-03
8.219955065874999826e-04
8.686522886067999478e-04
8.747245909707000115e-04
8.634684082712999536e-04
5.852724522016499592e-03
7.629858946550999903e-04
5.741394046103000248e-03
9.867847559538000905e-04
9.000565194542000215e-04
7.617852954183000234e-04
7.583979430218000355e-04
5.532845668116600016e-03
8.163460000582999565e-04
7.546412113503999774e-04
7.637536778912000328e-04
9.077715493832999539e-04
9.183488648121999713e-04
9.029378775907999756e-04
9.308089056238999645e-04
8.514199930593000084e-04
9.097360925172000290e-04
8.456531237057999736e-04
7.823983487308999642e-04
8.055359256587999546e-04
8.675752922426000066e-04
6.024888449140300417e-03
6.399679206089600378e-03
8.982594628471000497e-04
9.677246399209000084e-04
5.131054399783400305e-03
5.977915470082699641e-03
7.586842328145000213e-04
5.638266575523400055e-03
5.520604742215899988e-03
8.234511862936999766e-04
8.892910435120000541e-04
9.467925191453999655e-04
5.272483744043699599e-03
8.675549865353000475e-04
8.320650661952999974e-04
8.301864841139000193e-04
8.852255415961999717e-04
9.566173386896000127e-04
1.005082936145100048e-03
9.139859549729999547e-04
7.717637109123000197e-04
9.505321964661000338e-04
5.455633582087200152e-03
9.056143415899000357e-04
8.967622612387000014e-04
8.768592498214000186e-04
4.870732035769500222e-03
6.488523516218899605e-03
8.873937023374000362e-04
6.300469391035300008e-03
8.485248781176000328e-04
5.354392184274799765e-03
8.616675544734999801e-04
7.845109984953999504e-04
6.033563069411399839e-03
8.571882908300999587e-04
6.433257618658099961e-03
8.794966206694000005e-04
8.142135806274000470e-04
4.508748909412999689e-03
8.659936354338999571e-04
8.665501902748000418e-04
8.712195296508000062e-04
8.942037720215999588e-04
9.436296260814999856e-04
8.227900028289999480e-04
8.457774612963999804e-04
8.420828407976999833e-04
8.217147461806999925e-04
7.542779718805000437e-04
8.101987996224000160e-04
8.534047313140999793e-04
8.541712470997999632e-04
8.649067347262000488e-04
7.517846717064000529e-04
9.130978701520999809e-04
8.320909374561999720e-04
8.837003022175000076e-04
7.895004697956000458e-04
8.678098192137000079e-04
9.479758047980000419e-04
8.205322286212999618e-04
8.303104397692000161e-04
8.352730859684999887e-04
6.052698107320900016e-03
8.036694531812000513e-04
9.115871512867000171e-04
5.457111956197299892e-03
6.466124139506699772e-03
8.299513188396999723e-04
8.236036243577999532e-04
9.020726730987000059e-04
8.498158697855999564e-04
8.434278909932000105e-04
7.817039007429999560e-04
9.511295722742999902e-04
7.793917690736999531e-04
6.180958337739099993e-03
8.607828129923000404e-04
7.382403077596399847e-03
6.948587578795999836e-03
8.535780039825000042e-04
8.573744857857000176e-04
8.404484275681999624e-04
9.053315421019000409e-04
5.742064327782600390e-03
8.290229990840999614e-04
8.654781072812000198e-04
6.541814516632000163e-03
9.151759693929999596e-04
8.931907041153000059e-04
8.476038297749999544e-04
9.486111303486999616e-04
8.436341108612000015e-04
5.647158289557099864e-03
8.438307020215000172e-04
5.988870948530100255e-03
7.763894104448000513e-04
8.204796529576000334e-04
8.760097659613999598e-04
8.350654195976999709e-04
7.289285437108000134e-04
5.570173688554200080e-03
7.686427554655999531e-04
8.174654120417999522e-04
5.532820664235700223e-03
8.673704776410000056e-04
7.810493563783000486e-04
9.789884106841000889e-04
9.406990479425000407e-04
8.581965693125999731e-04
8.992699921530999778e-04
8.857454635429999482e-04
6.071939651615600175e-03
9.096890521408999798e-04
5.537183879878699623e-03
8.998777771510999739e-04
8.285361392402000418e-04
5.386784636269100271e-03
5.711324273289099945e-03
9.177553793882999890e-04
8.144304753764999849e-04
9.080106752579000535e-04
7.638901202943000537e-04
8.572183748018000335e-04
8.060358305056999949e-04
7.621192135454000170e-04
8.236147071095000416e-04
8.062298550781000096e-04
8.890608470764000196e-04
9.016387674939999562e-04
8.114904529597999827e-04
5.600262462395299949e-03
9.625769342707000097e-04
8.701642021718000112e-04
8.948202711270000298e-04
8.921977271387999736e-04
8.680012164723000185e-04
6.055004548151000400e-03
7.709060514614000503e-04
7.790211893579999502e-04
5.330443310502600007e-03
9.081318222301000423e-04
8.880890363726999916e-04
7.829649451590999995e-04
8.215519450549000138e-04
8.577147242965000359e-04
5.184770693523599663e-03
8.378752306994999462e-04
9.063443515392999566e-04
7.843628270918000332e-04
9.209318638439999627e-04
9.959465227995999929e-04
8.627737460922999761e-04
8.431366680249999810e-04
5.836823615070699765e-03
8.597296856640999820e-04
8.301277812609999607e-04
6.156139984034200187e-03
8.464326212546999630e-04
5.941952386295299912e-03
8.436099100261999512e-04
8.359828327550000281e-04
8.446806403334000159e-04
7.559301837125000003e-04
5.461306740734799860e-03
5.615290539844400297e-03
5.086227973679299970e-03
9.174291363745999683e-04
6.659562604387800171e-03
8.292523125483999705e-04
9.138420221560999762e-04
8.528949184926999574e-04
8.447310386909999890e-04
6.700886426689500221e-03
8.927286817279000107e-04
8.723376322449000360e-04
6.609933861138500046e-03
6.015063258079799899e-03
8.693755015023000047e-04
6.244194881780499966e-03
8.453920204583999882e-04
6.337015606984700011e-03
9.589386897993000362e-04
9.043110167512000185e-04
9.397029432902999791e-04
8.865884443481999479e-04
8.343043593372999464e-04
4.093187244585400411e-03
8.409431106667999718e-04
8.746555613253000506e-04
8.668983020905000284e-04
8.458419419987999897e-04
8.125400192599000404e-04
8.852434220219000324e-04
8.935421242349999909e-04
5.967025833501500391e-03
7.604617006362000267e-04
8.258581362410999513e-04
5.276861957035800313e-03
8.140205092398000025e-04
8.347117956233999787e-04
7.886832415091999922e-04
8.416664538154999646e-04
8.476971035655000465e-04
8.318430037332999894e-04
7.739399072571000312e-04
8.963830490770000048e-04
7.840469117247000170e-04
7.726253971921000479e-04
5.991479094704399780e-03
8.603447769333999679e-04
9.686734037777000508e-04
8.799930548585000421e-04
8.868135868167999810e-04
8.859061855566999948e-04
8.447546187997999985e-04
9.643131724025999626e-04
4.933963366374499726e-03
8.452983434917999686e-04
8.230986883634999621e-04
1.000484900389599953e-03
8.142281180110000176e-04
6.491486075467300249e-03
8.542728546738000443e-04
6.793727746993299954e-03
9.018383405365999706e-04
5.743230095465600045e-03
8.277593444371000040e-04
8.195147908312999966e-04
6.298988805036200185e-03
6.485429752247600169e-03
8.374253490484000325e-04
9.414619625840999840e-04
7.599867324725000095e-04
5.703010050179700349e-03
8.736326266777000218e-04
8.182967532457999758e-04
8.502998230073000041e-04
8.363866571264000046e-04
8.054926368613999797e-04
7.901694463867000272e-04
6.258333500202499684e-03
8.095426760081999478e-04
8.004238549730999979e-04
4.849407332249200397e-03
5.915932105369999666e-03
5.185577038408600327e-03
6.756019503561999651e-03
8.949136755747000250e-04
