1.042416980888282579e-02
1.038125117524822845e-02
1.098445215745672346e-02
1.096643445001132394e-02
1.081922556830525184e-02
1.092233548241806212e-02
1.061990180680394066e-02
1.091281741274088488e-02
1.036619250079303355e-02
1.215174761685896589e-02
1.036619250079303355e-02
1.069628625703953305e-02
1.003053708208294197e-02
1.004826734355086792e-02
1.050984849805412617e-02
1.065909076704309177e-02
1.084658392660012120e-02
1.004962631601759825e-02
1.038125117524822845e-02
1.065909076704309177e-02
1.050984849805412617e-02
1.050984849805412617e-02
1.061990180680394066e-02
1.103964363827903902e-02
1.084658392660012120e-02
1.011824909209097130e-02
1.059254344850907130e-02
1.055177686321508157e-02
1.082094618723927412e-02
1.091281741274088488e-02
1.036619250079303355e-02
1.102586079933438878e-02
1.028452661869800298e-02
1.050984849805412617e-02
1.081922556830525184e-02
1.049453255650895436e-02
1.036619250079303355e-02
1.201010586871068334e-02
1.028452661869800298e-02
1.057913522150995093e-02
1.015848942449965736e-02
1.070372611289185059e-02
1.028452661869800298e-02
1.049453255650895436e-02
1.073600015595400567e-02
1.140064760130974665e-02
1.006109616327410111e-02
1.055177686321508157e-02
1.088545905444601551e-02
1.040860953354309781e-02
1.011815289509394693e-02
1.014551125338881803e-02
1.018249892410072986e-02
1.036619250079303355e-02
1.063173240874822241e-02
1.055177686321508157e-02
1.033883414249816418e-02
1.084658392660012120e-02
1.099733073281435221e-02
1.082094618723927412e-02
1.076590004306609075e-02
1.094969384071293149e-02
1.073600015595400567e-02
1.009481529318065340e-02
1.050984849805412617e-02
1.061990180680394066e-02
1.049453255650895436e-02
1.036619250079303355e-02
1.108100803444714982e-02
1.088545905444601551e-02
1.014882757359144780e-02
1.212438925856409479e-02
1.007562570184573902e-02
1.021875110143391496e-02
1.061990180680394066e-02
1.011815289509394693e-02
1.040860953354309781e-02
1.005164252265361609e-02
1.028452661869800298e-02
1.103969684282424951e-02
1.033883414249816418e-02
1.106705520111911888e-02
1.034793078484380971e-02
1.099733073281435221e-02
1.004554548514580495e-02
1.004826734355086792e-02
1.055177686321508157e-02
1.009089073379610194e-02
1.036619250079303355e-02
1.076590004306609075e-02
1.070372611289185059e-02
1.061990180680394066e-02
1.160057907675393976e-02
1.014882757359144780e-02
1.119871814676454136e-02
1.045152816717769516e-02
1.009481529318065340e-02
1.102586079933438878e-02
1.014882757359144780e-02
1.183730942928604667e-02
1.076590004306609075e-02
1.065909076704309177e-02
1.076590004306609075e-02
1.040860953354309781e-02
1.006745693488578230e-02
1.049453255650895436e-02
1.055177686321508157e-02
1.006745693488578230e-02
1.063173240874822241e-02
1.011815289509394693e-02
1.084297531586493439e-02
1.050984849805412617e-02
1.059254344850907130e-02
1.073108447118672169e-02
1.086499912633975481e-02
1.073108447118672169e-02
1.115105874350709979e-02
1.082094618723927412e-02
1.066892789874466195e-02
1.036619250079303355e-02
1.033883414249816418e-02
1.061990180680394066e-02
1.033883414249816418e-02
1.108285972020583987e-02
1.106705520111911888e-02
1.079325840136096011e-02
1.018249892410072986e-02
1.160057907675393976e-02
1.036619250079303355e-02
1.059254344850907130e-02
1.050984849805412617e-02
1.099733073281435221e-02
1.082094618723927412e-02
1.017618593188631890e-02
1.057913522150995093e-02
1.084297531586493439e-02
1.059254344850907130e-02
1.092233548241806212e-02
1.046717419821408326e-02
1.070372611289185059e-02
1.103969684282424951e-02
1.087033367415980376e-02
1.045152816717769516e-02
1.079358782894440302e-02
1.057913522150995093e-02
1.059254344850907130e-02
1.066892789874466195e-02
1.029733455582050594e-02
1.036619250079303355e-02
1.061990180680394066e-02
1.057913522150995093e-02
1.040860953354309781e-02
1.119377067452735457e-02
1.028452661869800298e-02
1.045152816717769516e-02
1.090451715490001888e-02
1.033883414249816418e-02
1.045152816717769516e-02
1.021875110143391496e-02
1.009089073379610194e-02
1.040860953354309781e-02
1.108285972020583987e-02
1.018249892410072986e-02
1.059254344850907130e-02
1.055177686321508157e-02
1.053720685634899727e-02
1.014551125338881803e-02
1.025716826040313188e-02
1.073600015595400567e-02
1.050984849805412617e-02
1.203746422700555443e-02
1.063173240874822241e-02
1.065909076704309177e-02
1.029733455582050594e-02
1.057913522150995093e-02
1.106705520111911888e-02
1.009089073379610194e-02
1.009089073379610194e-02
1.108285972020583987e-02
1.099850244103951942e-02
1.109534164200224639e-02
1.073108447118672169e-02
1.069628625703953305e-02
1.073600015595400567e-02
1.053720685634899727e-02
1.036619250079303355e-02
1.050984849805412617e-02
1.025716826040313188e-02
1.069628625703953305e-02
1.065909076704309177e-02
1.049453255650895436e-02
1.038125117524822845e-02
1.061990180680394066e-02
1.073600015595400567e-02
1.063173240874822241e-02
1.024610945972878606e-02
1.036619250079303355e-02
1.059254344850907130e-02
1.138239667168666758e-02
1.020985728239559923e-02
9.953246297624963532e-03
1.238387739056526736e-02
1.036619250079303355e-02
1.045152816717769516e-02
1.138239667168666758e-02
1.111488929889807402e-02
1.024610945972878606e-02
1.028452661869800298e-02
1.029733455582050594e-02
1.033883414249816418e-02
1.055177686321508157e-02
1.046717419821408326e-02
1.029733455582050594e-02
1.032469291411537704e-02
1.017618593188631890e-02
1.007562570184573902e-02
1.055177686321508157e-02
1.042416980888282579e-02
1.111021807850071097e-02
1.007562570184573902e-02
1.014551125338881803e-02
1.079358782894440302e-02
1.061990180680394066e-02
1.115972490881931775e-02
1.005789544037781133e-02
1.036619250079303355e-02
1.036619250079303355e-02
1.050984849805412617e-02
1.055177686321508157e-02
1.006745693488578230e-02
1.046717419821408326e-02
1.050984849805412617e-02
1.065909076704309177e-02
1.045152816717769516e-02
1.029733455582050594e-02
1.073108447118672169e-02
1.084297531586493439e-02
1.049453255650895436e-02
1.042416980888282579e-02
1.038125117524822845e-02
1.108285972020583987e-02
1.032469291411537704e-02
1.032469291411537704e-02
1.066892789874466195e-02
1.183730942928604667e-02
1.050984849805412617e-02
1.063173240874822241e-02
1.033883414249816418e-02
1.061990180680394066e-02
1.089235748463462418e-02
1.050984849805412617e-02
1.050984849805412617e-02
1.025716826040313188e-02
1.073600015595400567e-02
1.059254344850907130e-02
1.004826734355086792e-02
1.050984849805412617e-02
1.084297531586493439e-02
1.024610945972878606e-02
1.036619250079303355e-02
1.061990180680394066e-02
1.127868111988518385e-02
1.045152816717769516e-02
1.028452661869800298e-02
1.049453255650895436e-02
1.020985728239559923e-02
1.050984849805412617e-02
1.070372611289185059e-02
1.059254344850907130e-02
1.046717419821408326e-02
1.057913522150995093e-02
1.105332108730184941e-02
1.004826734355086792e-02
1.061990180680394066e-02
1.003373780497923175e-02
1.049453255650895436e-02
1.020985728239559923e-02
1.121879327574156274e-02
1.092233548241806212e-02
1.119377067452735457e-02
1.018249892410072986e-02
1.040860953354309781e-02
1.092233548241806212e-02
1.009089073379610194e-02
1.024610945972878606e-02
1.038125117524822845e-02
1.036619250079303355e-02
1.057913522150995093e-02
1.036619250079303355e-02
1.119871814676454136e-02
1.005164252265361609e-02
1.053720685634899727e-02
1.024610945972878606e-02
1.057913522150995093e-02
1.040860953354309781e-02
1.070372611289185059e-02
1.076590004306609075e-02
1.053720685634899727e-02
1.055177686321508157e-02
1.086499912633975481e-02
1.017618593188631890e-02
1.061990180680394066e-02
1.108285972020583987e-02
1.020985728239559923e-02
1.003373780497923175e-02
1.011824909209097130e-02
1.006640860863146358e-02
1.032469291411537704e-02
1.069628625703953305e-02
1.050984849805412617e-02
1.006745693488578230e-02
1.084658392660012120e-02
1.029733455582050594e-02
1.020985728239559923e-02
1.025716826040313188e-02
1.065909076704309177e-02
1.006640860863146358e-02
1.053720685634899727e-02
