-3.154211771898105532e-01
-6.918096046986565995e-01
-1.494158041511169488e+00
5.374505578874501088e-01
-5.047106408375807707e-01
-1.511408087878371331e+00
9.553492408170755068e-01
1.102000887868759715e+00
1.156865408780852755e+00
-1.718339289767624178e+00
-1.037689398849617639e+00
1.236651729309333758e+00
-6.349049876302831352e-01
-7.792999063479704169e-01
6.448007309408383403e-01
3.936549887927642821e-01
-2.761897712454241649e+00
-3.263279497766039539e-01
1.846118583054289441e+00
-3.870053937322481263e-01
8.295061614551105592e-03
1.488655932085390710e+00
4.841256127343264715e-01
-9.190373119596004781e-01
-1.413767865123526146e+00
-3.344061928032167064e-01
-2.582669777089180996e-01
8.589606077379039473e-01
-2.196408452317108129e+00
-1.690291925116759186e+00
-3.755311870557113685e-01
-2.476140900339195206e+00
9.902651811158700301e-01
1.229004912941062289e+00
7.732814476145992710e-01
1.399689934021737026e+00
2.612658890941979006e-01
1.296355754542064531e+00
1.108168388730367493e+00
-1.449973935025709926e+00
9.343229379537513202e-01
1.530135030424931042e+00
-7.519738299370244405e-01
1.083537057408267668e+00
-1.003489137144446985e+00
1.939394922618952188e-01
7.799480654173431837e-01
-1.079090847866977843e+00
-2.959162517258000946e+00
6.750701842361825911e-01
1.251993794549686623e+00
1.418895755280868531e+00
2.625078621604954310e-01
-9.683531856538657445e-01
-3.039681742581725743e+00
5.554644822557870398e-01
-6.443032638811074797e-01
-1.413767865123526146e+00
6.233209227522793494e-01
8.932331573038347905e-01
2.228768659911014791e-02
-4.925899311704068917e-01
-4.710473306173673658e-01
-6.795099357075404245e-02
4.800626031465670129e-01
-1.762083796126341084e-01
1.661737681205919248e+00
1.097888436087486985e+00
-4.064590532489980035e-01
4.231128299730125275e-01
1.151682562184764391e+00
1.390757287764953221e+00
1.096251860148178325e+00
1.048721357588498382e+00
2.648985956343591353e-01
-1.407337772831373846e+00
1.136935094065059326e+00
-7.706415350416723209e-02
-3.589292691858098627e-01
-1.737153128446998984e+00
-5.265291038167855264e-01
-1.402380154440028948e+00
-7.415941237380315743e-01
7.178071290661068860e-01
-7.307704576342817226e-01
-6.001599172427857232e-01
1.985704077928947431e+00
-5.159229260661847283e-01
1.469684573405103167e+00
-3.134236038629931720e+00
6.113273445605851286e-01
2.044833127195701206e+00
3.264306257976190562e-01
-1.486823182370608176e+00
1.055696837017745082e+00
-1.009360434005787344e+00
4.914568974154707726e-01
1.389491532956770525e+00
2.107765588971138582e-01
-1.980557622275541885e+00
3.032122973756384843e-01
-2.425989931615709083e-01
-1.124876289762194892e+00
-9.811453003579927445e-01
1.810609996162887869e+00
6.677982798741883830e-01
-1.246032888164849695e+00
8.900578614431191304e-02
-7.514207807212384960e-02
1.909630309863951769e+00
-3.577629767080747758e-01
-2.827253080381147976e-01
2.024556631502275883e-01
-1.089140927400540360e-01
3.733877257101951286e-01
3.514281633849067887e-01
1.201569954293458808e+00
-9.447467291179164617e-01
1.072857958582851046e+00
-2.255184792144154793e-01
-3.439091893416594825e-01
-6.115264573024414840e-01
-3.363915741466531051e-01
1.540484836082338438e+00
-2.633935091549290397e-01
1.873277491565155328e+00
-6.595842891502724514e-01
1.077820683886989483e+00
1.207505515961061482e+00
2.651159697027049011e-01
3.821736637839341366e-01
-1.048320310635937336e+00
-1.150693596834474697e+00
9.552192715635793308e-01
-1.038240606997781423e+00
-2.856849852921529154e-01
3.935691760073278256e-01
1.238372086360576940e+00
-1.523352091457008228e+00
6.113273445605851286e-01
-3.165522764987723225e-01
-9.483198556271239532e-01
-1.428250319294863235e+00
-2.484410114012931270e-01
1.977330989299222186e-01
-1.744070794392463819e+00
1.365712205360866793e+00
2.187390120373763347e-01
6.066557619092444176e-01
4.045670791353266071e-02
9.851292324057561167e-01
-6.599646658387396947e-01
3.277955696814213171e-01
-3.230012326402502132e-01
6.392504390659159430e-01
1.800015155299289571e+00
-4.152440022706416767e-01
1.410759643365572247e+00
-9.201944499779005637e-01
7.407765875530933908e-01
3.088904602578769198e-01
2.112313441406901138e+00
-5.339044292156854832e-01
-8.806278617272696174e-02
5.386298077727197375e-01
-1.187754182575536888e+00
7.465881358209722762e-01
1.025204912618641995e+00
-1.347450444002964154e-01
7.276011752066291471e-01
-8.194326422916133057e-02
1.790756013465517604e+00
-1.469414324887182488e+00
6.281721185609104863e-01
2.395945896274853312e-02
3.883802780513172515e-01
-9.262697209031243162e-01
-9.109129553987549421e-01
-1.952013398167573022e-01
1.479282189471149644e+00
-2.243858003398449430e+00
-1.404886141075989414e+00
-6.247300053610024273e-01
-1.180685257942978295e+00
-1.099482293990661219e+00
4.528121671153095273e-01
-6.014749013495146457e-01
-8.856269794662373629e-01
2.080664275582071898e+00
-6.756598543145416746e-01
5.401144251766843984e-01
1.354254465913890648e+00
-8.599236210837740702e-01
3.540388024302321690e-01
9.243755800133307554e-01
-5.376791157790714593e-01
1.281416250963958614e+00
-8.806278617272696174e-02
-7.818467185419458731e-01
-5.301108386535459127e-01
9.367338098226676291e-01
6.024392643952044546e-01
-3.271566843512266898e-01
2.873547267896269797e-01
1.115255775077086176e+00
-9.836474765822892374e-01
-1.092414005234414009e+00
1.673323840353062808e+00
3.453524795845591688e-01
4.056270531805401536e-01
2.427379616227735293e-01
4.175902871940868621e-01
2.395052247279081392e-01
9.577832235697992802e-01
-6.204633261259002719e-01
1.250358181104131550e+00
3.526401631651965296e-01
-1.805618129085855839e-01
1.933698109168966228e+00
-9.933454238661836022e-02
1.834583656126310414e-01
-1.322979436657641727e+00
1.547130266884409133e+00
-4.703748127949030633e-01
1.144161840066973301e+00
-4.825494095927126970e-01
-5.836269846708830311e-01
-3.190638134846441876e-01
1.747689035597577156e+00
-8.306641105649201773e-01
8.067781971582491662e-01
-1.324736091343794719e-01
1.588013316079589510e+00
2.504509838855431547e-01
1.281822436737129756e-01
3.514281633849067887e-01
-1.229161539877350329e+00
-1.554821731913902827e+00
-6.639431529417371136e-01
1.065255365384228492e+00
8.259489903065049266e-01
-4.339670924091440507e-01
-1.367886106081057374e-01
2.155160360745621007e-01
1.666936339818683832e+00
-9.847550197740909672e-01
-1.526114065070317327e+00
-2.462930371149324171e-01
-8.228272198146288630e-02
-1.172181591881984453e+00
-1.633932207116305935e-01
-1.410927937506742058e+00
-5.748982730077609737e-01
9.384135044689849714e-01
2.495726192794653908e-01
8.574470816182346022e-02
1.756789707779712106e+00
9.682774058256381489e-01
-2.548119412439094345e-01
-1.854620673986228097e+00
1.509676729724071631e+00
-3.014238570601033840e-01
-7.653615673545461906e-01
1.153275093311419530e+00
8.440185712231644544e-02
9.942493634342566278e-01
9.475336942840402177e-01
1.044574703740272392e+00
-1.578284298748398262e+00
3.995229822604998149e-01
-8.326545924900820017e-01
-1.361838103057137594e+00
-1.586169855209037804e-01
-9.918768580261887458e-01
8.183082037213275095e-01
8.914190396562369223e-01
-2.177054887441558229e-01
3.112594602074213526e-02
2.983262644228550364e-01
9.797282279109820191e-01
4.656709670590741257e-01
-4.556301580214716651e-01
1.439911053142465036e+00
1.620708702958087721e-01
2.993653174454112831e-01
1.827216114909290701e+00
-7.826925947536751416e-01
1.213592243105523272e+00
-2.466519257563492828e-01
3.291380717789108568e-01
5.552111532748721379e-01
-2.039315636624068340e+00
8.615739834356319626e-01
1.771320980124765354e-01
-3.069237520780419490e-02
5.884496670542456453e-02
2.987543635648914897e-01
-1.579948950725634793e+00
-9.843836729807737829e-01
2.869461383398775878e-01
-1.773844249524336281e+00
3.280439761753676797e-01
-1.406948520781170942e+00
7.053562623288960332e-01
-3.189079290106822118e-01
2.451383517949746460e-01
1.044075877364696092e+00
2.820129597993579207e-01
7.338782559331690214e-01
-2.113869262693330586e-01
-7.733155270639361367e-01
-1.877965870070252841e-01
1.026286645048278684e-01
-4.479499207669855598e-02
3.015535787785907917e-01
1.206492205469504642e+00
1.924091921011974182e-01
1.292607625624239143e+00
