8.781476920359500282e-03
9.300902253023199395e-03
9.467377933758699612e-03
8.525134970862999553e-03
1.002995814002369951e-02
1.039385401719189993e-02
7.459254943281000416e-03
8.266319606969099384e-03
9.000305721028200798e-03
7.435877189063199583e-03
7.447477527450899887e-03
1.034762177669800061e-02
8.009410686427000103e-03
8.942761951037100226e-03
8.642842291769399846e-03
7.868831752067500032e-03
9.159760673834799888e-03
7.961356409176199161e-03
9.370921281003799161e-03
8.811777731153899382e-03
9.107602795331999276e-03
9.378964417712099336e-03
9.823021039273399993e-03
9.444254704106499684e-03
8.408800360003600843e-03
8.067591000011800281e-03
8.529522413028900463e-03
8.270827188915400377e-03
9.682744110143099575e-03
8.764796146276799746e-03
1.011785599235420080e-02
9.065808521829900324e-03
7.866673883936000158e-03
8.108427449087799582e-03
8.794318241369199554e-03
8.979172745996499491e-03
7.072328487564100326e-03
8.189368612857900534e-03
7.731373854725699657e-03
8.943775154947599185e-03
9.035286180801299291e-03
7.340701466262600401e-03
9.513264265897899627e-03
7.916553777881999918e-03
7.420864516707099956e-03
8.106327635365600387e-03
9.036169697498099354e-03
8.959165696088599792e-03
8.267868766360399885e-03
8.262543943011900135e-03
9.225197889404099932e-03
9.746072907535700824e-03
8.000090965168800416e-03
9.181263309388900187e-03
8.867548385561399918e-03
9.634278301325899588e-03
8.645389140960500068e-03
8.191959668133699801e-03
9.017058897700500411e-03
7.856563094058299779e-03
9.248255594367900748e-03
9.001941627459000839e-03
9.048958174183899250e-03
8.861563337984299654e-03
8.783568392616899340e-03
7.881909756025300834e-03
8.074496454400899303e-03
8.961413245697000610e-03
8.094905347752600483e-03
7.560134987304100058e-03
8.277588454785600458e-03
7.871398961653699317e-03
7.197691075563100033e-03
8.126909741292100489e-03
6.627628658152500372e-03
7.577747617471399660e-03
8.259658124096800128e-03
8.424057506361800132e-03
9.715833736415499869e-03
8.856722417313299400e-03
8.664501523764500321e-03
1.071248217563269996e-02
7.662412833163300026e-03
7.975018778062200123e-03
8.186822996386799306e-03
8.965865608325100308e-03
7.630579133466999786e-03
7.501400629774700353e-03
9.064623802482400794e-03
9.896237352536200321e-03
9.871549352311000114e-03
8.967111710468399222e-03
9.416615316289700735e-03
9.391369466753800646e-03
9.543143133885399754e-03
9.917706336860999256e-03
6.491659005458200182e-03
7.671462091939300343e-03
7.274433238065199786e-03
9.105397657945199508e-03
9.996401502409199558e-03
8.935349675660899174e-03
8.505980760769400392e-03
9.720338341783100328e-03
9.470667328591699310e-03
9.367006103837000400e-03
8.820244182629600332e-03
7.678348924888099905e-03
8.990735859739499777e-03
8.844059650856800348e-03
9.243681623783099946e-03
8.767409782611600838e-03
6.356889440382600294e-03
9.059196607784699568e-03
9.857509918130700349e-03
8.845865420839600646e-03
6.810543734406200415e-03
1.004130990428649985e-02
9.952743921426900064e-03
9.107976743242700290e-03
9.157736263281500422e-03
8.496158264236899904e-03
7.499070352237900347e-03
7.869894228518199697e-03
9.283107579221199293e-03
7.765636165920899656e-03
1.022712801742219936e-02
8.408358096479700422e-03
8.571595474806200862e-03
8.405635002779699924e-03
8.744990817534600142e-03
9.979993405863599176e-03
7.728967108097099629e-03
8.722104692781200083e-03
8.243736311797400171e-03
9.516313458298099326e-03
8.431808682836099134e-03
1.010533233938279950e-02
9.388468746659800468e-03
7.962594210477600548e-03
7.720926214102800077e-03
8.732425736477799141e-03
8.523725497020099781e-03
7.965537417466399955e-03
7.804365331999399934e-03
8.084566296152999321e-03
8.575074080085799341e-03
7.722444806687000368e-03
8.080617651525500225e-03
8.976851252716999338e-03
9.380105977687399482e-03
8.018396998583900148e-03
7.896245238911300118e-03
9.014884622649699947e-03
7.930442737331899750e-03
9.212705158294800731e-03
8.692512815349400304e-03
8.042327425024300633e-03
8.508432074313400720e-03
8.165529645979999890e-03
8.396518781776499823e-03
9.710813651670400365e-03
9.671256540535300150e-03
6.654896151449599812e-03
8.627748007982199291e-03
9.283019233278800783e-03
9.051897437198900068e-03
9.961634796635799455e-03
1.012747697474659925e-02
9.548776565594600807e-03
8.525423109979600803e-03
9.113672812427900741e-03
8.168663091977399274e-03
9.240990650227900310e-03
8.647914701202399565e-03
7.410965969406400032e-03
1.047380097785319958e-02
7.221355931652399807e-03
8.165915529817699414e-03
8.528232356247399809e-03
9.018811020262999453e-03
6.520520154454099819e-03
8.452187675659299237e-03
1.027317066198729992e-02
1.053113513755029977e-02
8.762803837136800417e-03
8.605285475915000828e-03
9.545571447908600057e-03
8.855258650845500290e-03
7.441587350755600287e-03
1.017272560157700054e-02
7.818201841997900539e-03
9.560919377107599676e-03
8.155599443248399277e-03
9.707115356796200759e-03
7.870902441134300029e-03
8.159441072235899470e-03
7.946902381713600444e-03
9.812601708198299272e-03
7.135161441901000275e-03
8.981550244614800241e-03
8.981855086495500393e-03
8.840608322002400238e-03
9.883937151977500654e-03
9.186255012085000476e-03
7.680753479736599637e-03
9.572319869934800551e-03
7.634070833880599732e-03
8.901437288756600119e-03
7.322476300800900319e-03
1.069758876532500048e-02
9.700947573025199902e-03
9.473792307845400190e-03
8.080595620313999264e-03
7.909930959702899528e-03
8.282690114510200471e-03
9.011858865020800843e-03
9.513487433251099218e-03
9.762938423563700258e-03
7.927185557211099964e-03
7.767293968687400026e-03
8.036845397872300137e-03
7.399924224378399973e-03
7.933448251001099308e-03
1.104458602226079944e-02
1.019275327220050056e-02
7.827209968660200565e-03
9.350598584840700070e-03
8.000005670275799410e-03
8.830085287959000065e-03
9.367479476161299362e-03
9.988289112224199573e-03
1.033504953301869929e-02
9.330450952089799910e-03
8.566674128402699748e-03
9.497154909246999580e-03
8.420708837653100368e-03
8.664954517829800626e-03
9.099263579140700470e-03
6.896056351114199581e-03
8.391565121855799891e-03
8.060375061143699310e-03
9.080079391710099701e-03
9.719355790656100322e-03
9.543558721531099354e-03
7.710096252586599690e-03
8.753769376798200066e-03
9.451057050476999871e-03
8.687657724479999968e-03
9.892406117892200632e-03
8.134007216453400732e-03
8.649213628514999808e-03
9.023940317063399233e-03
8.886913753226500026e-03
9.084204904143999490e-03
7.330183785919299790e-03
8.225976371203100670e-03
8.958149522500799891e-03
7.297685999414000278e-03
8.511480999143800769e-03
9.658040859850700738e-03
8.750162890947500369e-03
8.750687859621200659e-03
9.968456620123900686e-03
9.735297686831800162e-03
8.997766779013000732e-03
8.910555129705399757e-03
8.734544703684800002e-03
8.935622577324400795e-03
9.359027063751600151e-03
8.080844640954300273e-03
7.904486676235599266e-03
9.559211412251800155e-03
1.027966504799220082e-02
9.060094531219200012e-03
8.116545526275300432e-03
9.142662038648500383e-03
9.069605869893200556e-03
1.009574387469370019e-02
9.634859657440800543e-03
8.688467147570799395e-03
8.725758783028799911e-03
8.104915274001499303e-03
9.096457149154999616e-03
9.144939736524299381e-03
7.342686887658899687e-03
8.719481211102900198e-03
8.264776192621000467e-03
9.205103281240299348e-03
9.566863635902799270e-03
8.735751377628700812e-03
8.318382928532699547e-03
8.252922326056599464e-03
7.588897162805600428e-03
7.710181446094599607e-03
7.231493862737799899e-03
8.895974684424299422e-03
7.658989035425000334e-03
7.957239949904000575e-03
8.959218074539299775e-03
9.681697868742199231e-03
8.217085101608699593e-03
8.610140103339299425e-03
9.549986648422100627e-03
9.967433750357199487e-03
8.513561264063999184e-03
7.734865436759399970e-03
7.950660922298499744e-03
9.225566570722399176e-03
8.546649391103000593e-03
9.016583708773600464e-03
8.422177130361599429e-03
8.118882292157899444e-03
9.405232318138400521e-03
1.006229072377189983e-02
8.845361518005700335e-03
8.336146449533300348e-03
9.357773886195399834e-03
7.940132243502200093e-03
7.627331235991999595e-03
8.948952242206299756e-03
9.526048244267400211e-03
8.730725486895199450e-03
7.756689005020800387e-03
8.495350842501499591e-03
8.795572997972600157e-03
9.055611507391500212e-03
9.208726803161700752e-03
9.505574751903800648e-03
8.485632550946099403e-03
9.212614940963400126e-03
9.149768029314300083e-03
7.594846332438800161e-03
8.199139690548999312e-03
9.969641402218100412e-03
7.919194196592099430e-03
7.763823919051200152e-03
8.146246055916900666e-03
9.560345355170899243e-03
7.866302700038199647e-03
9.187208864980899933e-03
7.764924043015299961e-03
6.990403188405600217e-03
8.821421848386700598e-03
7.701296803228999642e-03
8.757320106661199699e-03
8.102963864003399561e-03
8.271619940666599322e-03
9.094216192303600579e-03
8.521814116841100115e-03
9.571788014751600460e-03
9.028420179743000540e-03
8.443780731094800707e-03
8.675336920067099403e-03
1.050661580775119966e-02
6.875143735261500348e-03
9.304126124156099700e-03
8.707927382700200378e-03
8.717828166569300402e-03
8.850446091603500487e-03
8.628196333973199225e-03
7.443075191062399794e-03
7.925242221602400369e-03
7.912339366704200863e-03
8.080542890857800309e-03
8.695543329068300409e-03
8.947584477703600381e-03
9.340926371656099389e-03
8.690586324820500502e-03
9.534755641007299984e-03
9.576211943127500847e-03
9.603465614396400341e-03
8.949982466261599198e-03
9.355089259189800291e-03
8.988422886875100520e-03
8.286909511713699480e-03
9.185761422415599647e-03
1.043441727771590027e-02
9.986786186979599439e-03
8.853387696554599479e-03
9.127051765078199319e-03
1.103730298583610082e-02
9.909879206301800206e-03
8.887577442856699900e-03
7.286540669114599869e-03
8.445332689222399478e-03
8.041078864926699821e-03
9.321221529111500467e-03
7.925371696178500763e-03
9.262838347703500341e-03
7.662098746958600007e-03
8.118575272800899328e-03
9.600195902858800479e-03
7.816366592124899398e-03
8.128650216335599893e-03
8.626408079915099184e-03
8.694189381519999357e-03
8.918988084632600497e-03
7.637918516860599943e-03
8.616553288279399370e-03
8.907750760885499441e-03
8.588555621870100007e-03
9.223206285470599702e-03
8.143714145801599774e-03
9.598590667493200196e-03
1.043910791313720082e-02
9.204152132025000474e-03
9.048398196002300359e-03
8.424568863647799444e-03
7.983438082742299810e-03
8.819052245970600626e-03
9.558655644808700461e-03
8.425004986094700513e-03
7.852870229020600737e-03
9.559845066197600327e-03
1.059039969374329926e-02
9.558710916040000574e-03
9.891968796056799587e-03
8.682183591791100066e-03
7.593001067172300105e-03
9.013661354959200123e-03
9.931264016542800527e-03
8.744417997847399315e-03
7.327612084431799934e-03
9.321938639100099330e-03
8.377789267424700509e-03
9.454241292763999188e-03
9.083186608615800156e-03
7.234390582046499804e-03
8.772430129844599814e-03
8.995289654010200225e-03
8.071070680926500582e-03
8.672260275186400788e-03
9.423373081491999426e-03
9.488057930446899477e-03
8.931686411694500852e-03
8.315350495866499769e-03
9.659738795150000709e-03
9.464886599439699746e-03
9.790271736688000229e-03
9.773975673769100259e-03
9.086169441361899995e-03
8.061546988377299439e-03
7.905205297878099141e-03
8.606563547389700641e-03
9.060346462461699515e-03
7.942489357236999156e-03
7.487910621802799753e-03
8.856166857915299950e-03
8.332876829030399363e-03
7.073545497570100232e-03
7.893596403795300268e-03
8.282860948369200407e-03
8.424226019635399146e-03
8.693312848659300734e-03
8.706168059718400604e-03
9.249521338541399906e-03
8.606373108147500131e-03
8.103941306011599663e-03
7.995951055651699668e-03
8.709579908913300805e-03
9.083867942296800294e-03
1.013516633563939923e-02
9.674321303250899701e-03
9.207955384247899430e-03
9.346238696205299776e-03
8.454332678497100684e-03
8.113038178715600846e-03
8.345794140755600013e-03
6.642720752433799690e-03
8.709737907430499179e-03
8.617045417706699351e-03
9.995518082407900060e-03
9.473867760248000369e-03
8.333400654876999339e-03
8.694758944372599566e-03
8.117371247692699646e-03
1.015086765930259954e-02
9.054098433595300296e-03
8.173433565196499759e-03
9.152234343689899868e-03
8.562363869341300254e-03
8.003051573805200145e-03
1.051731847082809992e-02
8.424644194831000521e-03
1.023831651130290010e-02
7.639808976105100062e-03
7.686811077727000174e-03
9.756191347747199955e-03
9.234336408986699649e-03
1.055362266554940066e-02
9.442425954520300424e-03
9.724324521302200527e-03
9.988749068631499681e-03
9.100528800762199694e-03
8.833725574054700214e-03
9.316213684611900428e-03
8.078287813939100115e-03
9.292054705361499356e-03
9.463042896934899251e-03
9.293554745240699758e-03
8.223307012033900798e-03
9.603976523337699744e-03
8.958715799877199973e-03
8.537875235273500660e-03
6.899911095665399972e-03
8.368170859525399935e-03
6.524486838142500196e-03
1.034143375664289995e-02
9.133988963926099533e-03
7.399180356872299934e-03
8.589868570270699222e-03
8.553271931842399561e-03
8.187137300444100735e-03
9.543472362916400817e-03
5.658502106863199863e-03
9.592024883770899554e-03
8.803809788205699607e-03
8.782791916750600641e-03
9.949671752407499362e-03
9.288742436735100347e-03
8.728800903972499386e-03
7.133034522734099832e-03
8.427412460455800669e-03
7.932248783138700840e-03
9.963479805025200059e-03
7.937906073928699749e-03
1.085474620345940056e-02
9.042918047940799384e-03
8.805317496395900084e-03
9.164800577893199296e-03
7.494517387601099673e-03
9.373968814484500561e-03
7.385922297022299611e-03
9.045718561831499194e-03
9.644173281009900053e-03
8.723317440535499970e-03
7.843691806369200437e-03
8.174271914861400493e-03
8.483118446944099347e-03
8.233567800490499203e-03
7.471355250807600219e-03
9.044122340178399264e-03
7.342168244163499793e-03
8.644906493849800408e-03
7.653290161551000101e-03
8.861971968070000635e-03
8.239787953104600604e-03
9.941036161166200494e-03
9.115099417525600670e-03
7.007538161603200227e-03
8.333722174259899917e-03
8.889098754682800418e-03
8.603785245027100251e-03
8.693160931623099968e-03
8.506587486796200054e-03
8.208623747535299248e-03
7.880143610192199763e-03
9.509426373860100506e-03
7.316520256269099659e-03
7.412806629438000068e-03
7.534167488339200275e-03
8.634000119675600340e-03
9.657104494877600392e-03
7.968427919324099634e-03
9.347246254231599341e-03
7.911981570003799591e-03
8.423921995378499256e-03
8.309870020684499703e-03
8.393056658317899626e-03
8.366102667678799662e-03
9.127578894167600113e-03
9.386586917845100853e-03
7.875088068204699407e-03
8.946266934400199169e-03
9.859089864783900439e-03
7.724243339837199608e-03
7.041434042184799985e-03
7.745418960677199691e-03
7.704482469544299619e-03
8.443040696380500754e-03
7.441707573879299646e-03
9.732543779758399960e-03
8.855939818475799460e-03
9.394453013655700360e-03
7.288515359273699951e-03
8.070641295210699562e-03
7.932441505336399606e-03
9.386469645228200445e-03
7.883460425704100563e-03
9.645263330923699308e-03
7.692495588687999972e-03
8.421330390074300426e-03
8.728724194849300094e-03
9.500607012931200704e-03
9.819569810820499497e-03
8.936658605292500251e-03
8.547896652191300237e-03
7.608845838767500265e-03
9.211298943957800522e-03
8.523593099173500456e-03
8.149897844908699993e-03
8.181613570862500406e-03
9.333379896450199817e-03
9.151213827902199976e-03
7.696507735956899590e-03
7.827698642445099844e-03
9.711933673022100574e-03
1.013964117465670015e-02
9.243751624238299644e-03
8.163984969901300764e-03
9.748299675278600598e-03
8.215092294623100450e-03
8.281419213102299628e-03
7.609634033081000282e-03
8.480901060725399426e-03
8.955736919781300334e-03
9.369311533474500645e-03
7.914101583640099566e-03
7.273817655988700122e-03
1.009024222270049967e-02
9.581344347561299504e-03
8.050219866235700308e-03
9.269460747623799873e-03
8.906794445768100379e-03
8.988607822929000138e-03
8.360539897168499379e-03
8.214837668842300128e-03
8.241468957393300113e-03
8.762191597865599813e-03
9.175676889579199164e-03
7.170716461378200124e-03
8.594682813513299449e-03
7.963652113358999154e-03
9.279652421507699617e-03
9.242863014056600102e-03
8.757811069227600109e-03
9.496411983967799342e-03
8.375671757709899495e-03
1.030477409838700086e-02
7.584548693984100205e-03
8.555266844652199484e-03
9.243217458946099627e-03
8.452142555078300326e-03
1.001954164475460027e-02
7.741991552226400175e-03
7.932214481189199529e-03
8.108730280676499161e-03
9.069838081268799188e-03
8.036786556077700136e-03
7.693679332993699597e-03
8.737883084693700078e-03
7.781660249545100001e-03
9.518684129354399934e-03
8.936901635885400458e-03
8.957680755863599992e-03
8.947247778932000684e-03
7.687789444966599585e-03
1.058639217133060077e-02
9.242604381678499320e-03
9.200916845309600051e-03
8.355473392345500253e-03
7.922444471543299907e-03
8.256081962923600415e-03
9.023824145065799385e-03
9.542230688520000198e-03
8.914877923248399477e-03
9.042544393717899878e-03
7.733175860104300400e-03
8.600766611601000020e-03
9.111175942155800428e-03
8.689357616530300754e-03
1.023066014791139920e-02
9.432995091608499874e-03
8.709782588709700027e-03
7.300855958590199597e-03
8.325265016860499204e-03
9.616726922453999390e-03
8.763275714768099800e-03
9.250481506891400016e-03
7.686623602055100285e-03
9.360646873158399994e-03
8.757440361777800442e-03
7.613405315089400056e-03
9.644037095649000274e-03
8.989536165866699943e-03
9.204694240767899785e-03
8.145006230119400739e-03
9.712546175021499750e-03
9.094391568262199729e-03
8.931261446011300176e-03
8.181143036544000560e-03
8.271129942328200174e-03
8.318206345567199719e-03
1.154806912934520056e-02
8.705692515192299530e-03
9.375954624653499644e-03
9.681875309500199284e-03
9.022179544151199757e-03
7.993195799095300161e-03
1.015374077997600009e-02
8.438599631699199646e-03
9.122818064772600030e-03
9.986008567362000474e-03
8.831655820896899822e-03
8.180188762777800687e-03
9.547121150975099169e-03
1.011985991604569951e-02
8.958336632939300700e-03
7.633467244134099772e-03
8.364676775030400677e-03
9.264778578618399277e-03
9.540398299681800490e-03
8.277706776095199517e-03
9.451757614986200720e-03
8.826053458825899520e-03
9.133853112915700165e-03
9.564306444627499598e-03
9.470450266380400425e-03
8.387760807407300054e-03
8.769330814820000194e-03
8.894321221194899374e-03
1.005803785299910075e-02
9.454456291504400450e-03
7.954095077568900524e-03
9.599665692216400800e-03
8.259918608550499697e-03
8.298090982398399762e-03
7.822235832778200865e-03
7.859664135500099569e-03
8.954904137674399300e-03
8.905828201758999446e-03
9.279621627894999933e-03
8.684929079307899744e-03
8.937498614268400352e-03
9.768189295121300700e-03
7.647169293643499809e-03
8.791558186175399414e-03
8.810902635651100129e-03
8.855743938276100166e-03
8.176394129136999728e-03
1.044722581763550019e-02
9.032950188960499685e-03
9.538616117019900476e-03
9.226756694306000733e-03
9.285253287572299563e-03
8.332737278729599947e-03
9.186902126359600129e-03
7.551032503628500071e-03
8.248106747138999814e-03
8.320922534930700123e-03
7.843177705086600005e-03
8.349236358870800595e-03
8.335782028109299524e-03
8.611878642033899897e-03
8.757446149698099730e-03
7.486031449258400208e-03
8.303288637943299563e-03
8.040008145384700336e-03
6.882638205506700149e-03
7.260430017270299782e-03
9.477024402014299145e-03
9.538318580832500643e-03
9.200637105428999957e-03
9.027598584857800604e-03
9.239648308813000824e-03
7.637294739188600287e-03
9.549118055578500672e-03
8.602780329385099900e-03
8.548101838065300107e-03
9.652122013549700383e-03
9.499054963388299522e-03
9.511392275632800028e-03
8.936766984623900276e-03
8.058489552099300582e-03
9.932371495576599457e-03
8.729124618711399386e-03
8.511090548736000017e-03
7.992369197907500319e-03
9.032403009050999146e-03
9.165485846072400633e-03
9.043271423129500483e-03
8.553200024584499753e-03
9.751407706632499173e-03
7.899300937568600606e-03
8.864470452130299508e-03
9.417905405950100645e-03
9.507401728222800164e-03
1.010893328109089932e-02
7.666660976632599933e-03
9.292290559116600165e-03
9.266301219322599370e-03
8.686122065446999496e-03
7.179360488454700380e-03
7.986008461195900215e-03
9.662998156024300150e-03
8.373592619397100464e-03
7.452532404883300057e-03
8.677385495178699393e-03
9.326339451530300459e-03
7.925445274383300515e-03
7.824552671165399542e-03
9.496150121865200300e-03
9.215117275076900594e-03
8.721544089697500640e-03
7.282790544411299818e-03
9.807323125711399359e-03
7.946665144873200567e-03
8.447583578204900454e-03
1.007551766449880058e-02
7.624699215997099953e-03
9.362775575971000325e-03
8.217383673307000411e-03
7.989742008951599209e-03
7.746139057531200266e-03
9.667020248228599261e-03
8.891219507930000696e-03
9.021834261576299960e-03
8.090404275870100026e-03
8.642747037603299917e-03
9.331865303190599314e-03
8.892135275341500264e-03
7.990973802646900506e-03
9.066773463437000774e-03
8.959550108671700264e-03
8.000980734605599859e-03
9.341267484374499164e-03
8.748210179689299218e-03
8.775824962650400143e-03
8.883581644262200649e-03
9.873972872967599207e-03
7.874371967183199650e-03
8.196340127943400541e-03
8.671840360877699355e-03
8.502423865755099827e-03
8.235577597959699986e-03
8.585930214429200388e-03
6.770526761559999759e-03
8.695937162678000348e-03
8.334155511386699688e-03
9.266557765185499951e-03
8.969422002851199643e-03
6.541909446520900381e-03
8.248744809130700503e-03
9.525575918619600194e-03
7.686491844753199840e-03
7.924921456589399671e-03
8.064593275971400355e-03
8.116125030291200179e-03
7.941392385875999799e-03
8.907712532219100310e-03
9.365283177554799277e-03
8.799767136086999314e-03
8.869495978482799803e-03
9.309353909175300396e-03
9.019708241990300607e-03
9.562042000899400110e-03
8.547571716417000712e-03
9.719074622036099134e-03
8.636675118057700676e-03
9.515890494445100253e-03
8.395753662090100350e-03
8.482968732741999474e-03
8.491817601353299216e-03
9.488140581747900662e-03
8.370461853688299786e-03
1.009792070637519946e-02
9.211679180725899918e-03
8.395228060470600120e-03
7.853249123381400229e-03
1.012818063390670022e-02
8.367092475207900393e-03
7.223784971071499708e-03
6.875045110888300046e-03
8.381799620936599554e-03
9.703488379765999594e-03
8.347469495462800718e-03
9.899178531634000508e-03
7.974379129990700685e-03
7.403937381608599946e-03
8.771505902743099645e-03
8.068309724169799718e-03
8.354195612396000253e-03
8.857801881263900612e-03
7.554428342577600153e-03
8.874356766266100829e-03
7.272775234064800080e-03
7.527934642075399807e-03
9.946050911133900649e-03
9.283145374554699347e-03
8.764989277077200533e-03
8.164606972634599197e-03
8.810705788089899168e-03
9.188974484589799638e-03
8.918181963280700716e-03
8.421104174648299731e-03
8.228026313878899697e-03
7.864187050411199434e-03
9.952301496144700180e-03
8.720692738541100178e-03
1.040988639063569927e-02
9.187925344308699172e-03
8.311085791752699167e-03
8.873522569087199247e-03
9.990699378677999135e-03
8.959780724324399592e-03
7.524192674146799875e-03
9.349085525494800486e-03
7.828640167714399217e-03
1.002764443095419990e-02
1.024306982154189923e-02
8.132743752583899283e-03
7.922495484092500345e-03
9.308663804814100787e-03
9.195146470786100604e-03
6.291561767255600401e-03
7.865211253048499246e-03
9.014427097158300706e-03
9.823565710639000151e-03
8.639000643312400723e-03
7.720686470094599574e-03
9.015915122329800149e-03
9.242853422106600200e-03
7.462043910977899687e-03
9.350013294921299956e-03
8.499866894173700380e-03
8.791294654506899911e-03
9.312183078974099748e-03
9.703219026993999824e-03
7.082887117197799592e-03
8.256511372641999955e-03
8.750615434667999293e-03
7.654729037489199986e-03
9.095023635392100736e-03
8.629860965037899900e-03
9.659870022603199782e-03
9.048945939751900508e-03
9.128663730489200781e-03
7.602897175628900266e-03
7.773474619632900380e-03
7.266440820006899934e-03
8.481112267095400337e-03
7.243507309300899720e-03
8.489324012747399839e-03
8.702252529204599144e-03
8.120232983592200540e-03
1.007561144555849976e-02
8.344951942850700050e-03
1.100071395293959926e-02
1.036202122884830046e-02
8.561961570801600308e-03
8.827915952564699409e-03
8.224897916096700345e-03
9.344420156838999236e-03
7.943764902994599961e-03
9.415687273536100729e-03
7.638063169467799660e-03
8.012663912548500036e-03
9.899651257940199345e-03
9.036152059667700021e-03
8.719947333388799668e-03
8.502074813420199342e-03
8.638470866673799223e-03
9.116384349666399947e-03
7.721739210820899833e-03
8.545506885117499715e-03
9.836498256740400584e-03
8.588176020091799201e-03
9.011414984080099236e-03
9.372701200671499158e-03
8.311631221451700607e-03
7.428330613760100384e-03
9.640104772860900312e-03
7.760230364897200035e-03
8.832729800552899246e-03
7.684084321206799753e-03
7.584952278914099989e-03
9.487124929755300085e-03
7.656131251886600167e-03
8.738433055537699751e-03
9.378209845803999953e-03
9.166011749241699882e-03
7.796515786199700350e-03
8.925204540787400054e-03
1.025977463289079981e-02
1.031547762460280002e-02
7.233114302146100363e-03
9.607014081532999628e-03
9.281127449366899720e-03
9.682185920331499648e-03
9.437059824735699251e-03
7.856432097970199660e-03
9.202125435013700644e-03
9.352805208758800670e-03
8.467132014975500484e-03
7.884215216659100356e-03
8.426807945617400056e-03
7.759934281922499684e-03
9.406082031279199354e-03
8.210652863084500278e-03
7.570608082785200074e-03
7.560866202534799983e-03
7.383662116308100341e-03
7.804915793208300201e-03
8.920096007006500169e-03
9.369249164492700344e-03
9.055663182533100000e-03
8.385939377119599678e-03
8.063257241187499549e-03
9.098312283649200374e-03
8.398326322661799417e-03
8.515497051110900578e-03
8.538083179055600339e-03
8.280909783190300300e-03
7.267053308011100013e-03
9.428168938043199332e-03
9.234864791584099231e-03
8.442055453138199231e-03
9.488263050325899950e-03
9.297873311849199143e-03
1.020519484406639914e-02
9.427638579250899320e-03
9.385653597105600085e-03
9.397246582947500759e-03
6.810267828858999721e-03
8.572461302392900620e-03
7.825999842385099325e-03
