-3.627440349714046164e-01
5.471862132573245274e-01
-8.692884532610198889e-01
-5.466737618481305461e-01
-9.892055095084627547e-01
-1.366006044322271684e+00
1.037762052027458637e+00
-4.359204587944629505e-01
-6.261159254800908736e-01
-6.073395176197975420e-01
1.522512106699848988e-01
-1.295309757054708522e+00
-5.385374764398798142e-01
5.262948738861424891e-01
1.128175125609513600e-02
-7.197572965034979564e-01
-7.515665632139948427e-01
9.804958734846264123e-01
1.278673517090916034e+00
-8.123990737879059898e-01
1.048370852199379977e+00
2.944851342231017965e-01
-9.107369849805111439e-01
7.657326477329742254e-01
1.436511289931345026e+00
1.272287548284480735e-02
-5.187438249950770963e-01
4.967475903500597756e-01
6.646495301319610416e-01
1.852463066103100076e+00
2.884703340007989780e+00
5.372106727568327633e-01
-3.531073051727655066e-01
4.686188131359402820e-01
9.222016825242873583e-02
-1.892770466470152513e-01
-1.445555612846663784e+00
1.389363015035030013e+00
5.835969006520291824e-01
-8.125442914026970165e-01
-1.109614146234492615e+00
6.407617414012704016e-01
-1.089294689254223791e-01
-9.114691966620593888e-01
8.266489833288349909e-02
-3.003785091434396648e-01
7.589354974771762574e-01
1.017617993381930708e+00
4.032979468961912783e-02
2.131222461544720129e-02
-1.215413665700149776e-02
-8.383477261432490391e-01
-6.308921060603585040e-01
3.850309205574177218e-01
7.722686876210126394e-01
-4.664588905272481489e-01
-3.877498310928045866e-01
-5.089809472464186246e-01
6.642636371122397909e-01
3.995905933819156042e-01
-7.397959666966157366e-01
-3.082343127457557452e-01
-1.635944213616451759e-01
-4.576062353850124942e-01
-4.923390520795010716e-01
-1.776618692360218743e+00
9.743945248557692729e-01
2.963490359151402243e-01
1.375872606050164704e+00
1.106469906315998841e+00
1.758403922087703186e-01
-2.896799651585630908e-01
6.796257884162743013e-01
-2.771628517227776589e-01
1.264262860168123392e+00
-6.069414995423397796e-01
1.855832603039876960e-01
6.173909465623834691e-01
-3.252623083530929993e-01
1.471014167976825382e+00
2.952085053027450057e-01
-3.276988611380239558e+00
-9.975848375578774685e-02
9.664449980427612663e-03
1.152954721697095453e+00
-9.144776359861631621e-01
1.082583325198280821e+00
-3.319238856562001412e-03
-5.885666760013839038e-01
6.633760093227069055e-01
3.389096103507934221e-01
1.731624710760671648e-01
1.664943719763708252e+00
-2.162397567005144849e-01
-3.770705415616045775e-01
1.176415617114957568e-01
6.568473068931561798e-01
-1.614714984308448065e+00
-4.769301828682891986e-01
1.354624534333441543e+00
-8.597329511583069461e-01
9.346703442863960598e-01
-1.004390090707559802e+00
-6.976397587861856708e-01
-2.849810901070237712e-01
8.976171015924573338e-01
1.355593085763206362e+00
2.967668889947497890e-01
8.913922874980495514e-01
2.131737598749468887e+00
1.082902858361504128e+00
-3.373908491435760326e-01
-4.988375463316550851e-02
-6.189927458252588582e-02
1.452474119608923031e+00
1.003610919993587203e+00
-7.485610685479264781e-01
1.205767647813950294e+00
3.949676316236089973e-02
7.990266969552540788e-01
-1.557039800286556641e+00
2.492343193605848217e+00
-2.619468894305800877e-01
1.899995548557429359e-01
-1.412666798637768562e+00
1.603326899720596721e+00
-2.850218392053234240e-01
-1.420899050696754040e+00
3.203714999277368913e-01
4.702441533719270983e-01
-8.005879960856455702e-01
-1.258022569621782161e+00
-8.334390281109269050e-02
1.079827826699627291e+00
5.740122980812465414e-01
1.961032846938892682e+00
-3.220451373233957915e-01
-1.799472433138529226e-01
7.454926224184996175e-02
-2.592868326264509138e-01
4.427065236480687282e-01
6.083044479134438465e-01
1.640589606749802920e+00
-6.542945689144713528e-01
-1.091613677966066787e+00
-4.461791558715050288e-01
-3.499034910104501517e-01
1.293694555114070777e-01
7.399994023362241879e-01
8.935642724669157211e-01
1.119625143855605520e+00
-1.493969200303379985e-01
-3.852285782676294346e-02
-1.024892740551425069e-01
5.513387591177082436e-01
-5.659555402266971402e-01
6.087490024984656273e-02
-4.081740487256995675e-01
-5.056391442327108354e-01
8.445177281288643867e-01
-5.995658561599550573e-01
8.820313107362187655e-01
-1.025708498070209140e+00
-5.041789164786285304e-02
3.778177005359620866e-01
6.784725387625647475e-01
-4.084111967303487023e-01
-3.207379978396698861e-01
-7.243895878723163317e-01
1.034560453016380110e+00
5.314976221557073943e-01
5.935902802529429145e-01
1.291908194942223753e+00
-1.921812962498175237e+00
-1.144290533832460266e+00
-1.551089182062833194e+00
-4.544991602234910773e-04
-1.260216288802204598e+00
2.293967282935451824e+00
1.329940126252082466e+00
-7.359744306118919388e-01
1.153302486747951883e-01
4.588450820838942956e-01
4.365842918010881535e-01
6.084714942282393180e-01
1.504144542388440531e+00
-1.801173288425725882e-01
3.038264614241990014e-01
1.901578300862738047e+00
1.255898273249238972e+00
6.788925562282660531e-01
2.245858337979413644e-01
6.790361225951154767e-01
-6.330807684909453004e-01
2.395895344550976191e-01
-2.441001739630739575e-01
6.028338345704044032e-01
1.520708801579310654e+00
-1.597040961395280734e+00
1.400430616557288843e+00
2.801410529314518172e+00
-9.749018438253831409e-01
8.539553707243707770e-01
-7.357134892919261482e-01
-2.226493847883101729e-01
-4.132969768470884375e-01
4.382404906716667603e-01
-1.394348435978751244e+00
-1.356941486808498798e+00
9.138317162494719037e-01
-2.794387419883737622e-01
-2.624857108114511117e-01
1.922447664195578998e-01
6.277191966535762280e-01
-2.821361132262256710e-02
-2.457782902581506779e-01
-6.312627929080659728e-01
-2.240656457465642903e-01
-8.013979959334111003e-02
-2.579077122532669741e-01
-3.256513173336559319e-01
1.728483229618113848e+00
5.064517599538131964e-01
1.251956097978610127e-01
2.089265290868854041e+00
-6.192557652844863370e-01
1.609310919372287929e-01
7.080277317800658110e-02
5.334039837784281257e-01
-6.217790621556146258e-01
-3.300419957085137246e-01
8.517717357693045388e-01
-1.925946080473052380e+00
8.214387031783965121e-01
-1.113057556040604641e-02
2.248219871687807014e+00
-1.366332638776304620e+00
1.008653317545692207e+00
-1.049372045271520060e+00
-2.114053334879013590e+00
-1.012221712337268986e+00
5.398531692789486636e-01
2.042856834923983289e+00
-7.041000535879417266e-02
1.337186116086411358e+00
1.165289711620503127e-01
-1.939556944352779810e+00
-1.779889273023784968e+00
5.516383585083521890e-01
-2.888578323649717006e-01
-5.741376142543792582e-01
4.316768820625134229e-01
3.552516608713992552e-01
3.231556963045174591e-01
1.461156243989893078e+00
-5.255214012598388162e-01
7.128015854002305307e-01
