2.026735324442183049e-07
2.028242335217975891e-07
2.028375632481196763e-07
2.028445432520611736e-07
2.034631880587876274e-07
2.027295556505790241e-07
2.027702140008935840e-07
2.027757871039326205e-07
2.028504930786613110e-07
2.032145738485563060e-07
2.033661288688427855e-07
2.042040689871906968e-07
2.029920091137969723e-07
2.027256638267202303e-07
2.035017139647706949e-07
2.034900295301710279e-07
2.035017139647706949e-07
2.029849736618464471e-07
2.035017139647706949e-07
2.042040689871906968e-07
2.030439318660403561e-07
2.028119091131328610e-07
2.035303182998796657e-07
2.029723432072108340e-07
2.035017139647706949e-07
2.090963598973545794e-07
2.035017139647706949e-07
2.042040689871906968e-07
2.026321103134639043e-07
2.028193426679984066e-07
2.028245183245636130e-07
2.027760082810846721e-07
2.036808142580450101e-07
2.027041128980300175e-07
2.029088470523531823e-07
2.034637888789892768e-07
2.031496474636622413e-07
2.027256638267202303e-07
2.028119091131328610e-07
2.026105110943228757e-07
2.034069300884846090e-07
2.029203149103551657e-07
2.027894208171264027e-07
2.029596523021764038e-07
2.027757871039326205e-07
2.027267729501613588e-07
2.032667904310604093e-07
2.027769704539809005e-07
2.034315247726908361e-07
2.029254280555455253e-07
2.184916898678552724e-07
2.035017139647706949e-07
2.068646895295336617e-07
2.033954745709088899e-07
2.027211491369466363e-07
2.027041128980300175e-07
2.028023935682579017e-07
2.033730000531725767e-07
2.027267729501613588e-07
2.026735324442183049e-07
2.028648529428054037e-07
2.028232861753991566e-07
2.029412853270584184e-07
2.027171863981233401e-07
2.030429725274644410e-07
2.029978940510734281e-07
2.026735324442183049e-07
2.089642067140574537e-07
2.034069300884846090e-07
2.028245183245636130e-07
2.452440636311052031e-07
2.034737318033577477e-07
2.028375632481196763e-07
2.027267729501613588e-07
2.026105110943228757e-07
2.027894208171264027e-07
2.034932237107006876e-07
2.028648529428054037e-07
2.028445432520611736e-07
2.184916898678552724e-07
2.027757871039326205e-07
2.074566524078527807e-07
2.031595334180783111e-07
2.028505623319162069e-07
2.035699575542777063e-07
2.027458044297853759e-07
2.027788414947500894e-07
2.033730000531725767e-07
2.030399574631371543e-07
2.028445432520611736e-07
2.028023935682579017e-07
2.028375632481196763e-07
2.029037306524171765e-07
2.083385258924876149e-07
2.031534643584767130e-07
2.032145738485563060e-07
2.028445432520611736e-07
2.214087793073649763e-07
2.037817445434993944e-07
2.028085897003418139e-07
2.027725588414597054e-07
2.028023935682579017e-07
2.027760082810846721e-07
2.027079758224155027e-07
2.035017139647706949e-07
2.034932237107006876e-07
2.029849736618464471e-07
2.029290607475682864e-07
2.028488010180736828e-07
2.027702140008935840e-07
2.026735324442183049e-07
2.029412853270584184e-07
2.029088470523531823e-07
2.027256638267202303e-07
2.028119091131328610e-07
2.033954745709088899e-07
2.027267729501613588e-07
2.028023935682579017e-07
2.029412853270584184e-07
2.026737615629066362e-07
2.030526879832399625e-07
2.026105110943228757e-07
2.030526879832399625e-07
2.027788414947500894e-07
2.027295556505790241e-07
2.029920091137969723e-07
2.027041128980300175e-07
2.034637888789892768e-07
2.027079758224155027e-07
2.028158767257893737e-07
2.032145738485563060e-07
2.028375632481196763e-07
2.028557974700299693e-07
2.029920091137969723e-07
2.033646221659283812e-07
2.027041128980300175e-07
2.034631880587876274e-07
2.026150807564951743e-07
2.028648529428054037e-07
2.028557974700299693e-07
2.028445432520611736e-07
2.028811591932797595e-07
2.028455425822939063e-07
2.035017139647706949e-07
2.027698516980766687e-07
2.032909618289133586e-07
2.027725588414597054e-07
2.026473783309190926e-07
2.029978940510734281e-07
2.033954745709088899e-07
2.027267729501613588e-07
2.061667264344042429e-07
2.029037306524171765e-07
2.027769704539809005e-07
2.068667461904370946e-07
2.026473783309190926e-07
2.027041128980300175e-07
2.047430718937538439e-07
2.028023935682579017e-07
2.028493944736542516e-07
2.029920091137969723e-07
2.032909618289133586e-07
2.028375632481196763e-07
2.029723432072108340e-07
2.035699575542777063e-07
2.034069300884846090e-07
2.027295556505790241e-07
2.040428228259683353e-07
2.028445432520611736e-07
2.028488010180736828e-07
2.034069300884846090e-07
2.027256638267202303e-07
2.027757871039326205e-07
2.033646221659283812e-07
2.028445432520611736e-07
2.041837651478685451e-07
2.030399574631371543e-07
2.037947347382981572e-07
2.029290607475682864e-07
2.026735324442183049e-07
2.027788414947500894e-07
2.029088470523531823e-07
2.030233735648919443e-07
2.032667904310604093e-07
2.031496474636622413e-07
2.028648529428054037e-07
2.061530390620723899e-07
2.027171863981233401e-07
2.026819178358723929e-07
2.032723036696038004e-07
2.026737615629066362e-07
2.029596523021764038e-07
2.035777129447549125e-07
2.029920091137969723e-07
2.061667264344042429e-07
2.035699575542777063e-07
2.026321103134639043e-07
2.029254280555455253e-07
2.028488010180736828e-07
2.026321103134639043e-07
2.030429725274644410e-07
2.034315247726908361e-07
2.027266279075989624e-07
2.031595334180783111e-07
2.061667264344042429e-07
2.027698516980766687e-07
2.027458044297853759e-07
2.028455425822939063e-07
2.029203149103551657e-07
2.034631880587876274e-07
2.061667264344042429e-07
2.033668040110677040e-07
2.028811591932797595e-07
2.030399574631371543e-07
2.034069300884846090e-07
2.027171863981233401e-07
2.027769704539809005e-07
2.027211491369466363e-07
2.027757871039326205e-07
2.033954745709088899e-07
2.033646221659283812e-07
2.028445432520611736e-07
2.026150807564951743e-07
2.074736462590517475e-07
2.027698516980766687e-07
2.042040689871906968e-07
2.027769704539809005e-07
2.029290607475682864e-07
2.030399574631371543e-07
2.028445432520611736e-07
2.027698516980766687e-07
2.027774329820547060e-07
2.028811591932797595e-07
2.030429725274644410e-07
2.027458044297853759e-07
2.034631880587876274e-07
2.083385258924876149e-07
2.033668040110677040e-07
2.026737615629066362e-07
2.030233735648919443e-07
2.029723432072108340e-07
2.029723432072108340e-07
2.452440636311052031e-07
2.031496474636622413e-07
2.026105110943228757e-07
2.035777129447549125e-07
2.027295556505790241e-07
2.029849736618464471e-07
2.028119091131328610e-07
2.033668040110677040e-07
2.027769704539809005e-07
2.028245183245636130e-07
2.027267729501613588e-07
2.034069300884846090e-07
2.030399574631371543e-07
2.035303182998796657e-07
2.027894208171264027e-07
