1.074772726773473686e+00
2.780571258950687574e-01
1.217050039936695915e+00
-1.270939151347215468e+00
2.686469012445436011e-01
-9.979767086584108160e-01
-7.874283420788078525e-01
-1.480022370599639370e+00
-7.914429025949855090e-01
1.001165353560387716e+00
1.570071139850157671e-01
6.165894242282887738e-01
-1.562582297917481489e+00
6.894241702071498556e-01
2.595538558145992436e+00
2.336440399567043039e-02
-1.097837150278376139e+00
-1.313764466518398955e+00
4.561885681681177029e-01
1.700464571420697291e-01
1.668203898807702812e+00
1.536300767703427717e+00
4.054447950983525728e-01
1.516743200607127973e+00
-2.169372535062225327e-01
2.894462309252369969e-02
2.453462728463547293e+00
-1.423676143983120534e-01
3.852470954880891085e-01
-8.289923363893376695e-01
-1.414232812215782786e+00
-4.522089871765703761e-01
-6.741794760800200181e-02
-9.657856842212896309e-01
5.497897306899305336e-01
2.621371188414660103e-01
-1.926322606713335448e-03
3.013036526972650009e-01
-9.658813372631119831e-01
-1.709623265206604348e+00
-4.027037251611479407e-01
2.519026389655334430e-01
7.455723060059721297e-01
2.003196888156801581e-01
-9.509267337835946021e-01
-1.990748148865322809e-01
-3.351399198583950856e-01
-3.798700287166603129e-01
-6.827384030289449512e-01
-8.918859332429639464e-01
2.164416636702225283e+00
-8.111939260506058347e-02
-5.809732646919852916e-01
-1.000148619961749308e+00
-5.747391965818757775e-01
-1.740091511087672904e+00
1.084733658692927039e+00
-2.056960784854076962e+00
-1.586677462101070690e-01
-4.361533534877409801e-01
-2.449663802816220981e-02
-8.519103266547919384e-01
-1.683569877784574897e+00
1.593374797998490244e-01
-1.008473978182947262e+00
8.354866474547451016e-01
-2.687734786112097041e-01
-1.482300933032161483e+00
-4.210673119558892563e-01
2.232325706408918808e+00
7.841795082955317353e-01
-1.138907927426164646e+00
-1.382050053286737690e+00
-1.753530719522717607e-01
3.406314215381247568e-01
-4.126190196163782575e-01
-1.013294411679853957e-01
-4.624389334984522204e-01
-1.685534050229604341e+00
-2.416942667971432035e-01
8.453743886582230083e-01
-3.974879184198832488e-02
-4.160425091630080563e-01
-9.604178926684998618e-01
2.155302158291045600e-01
-1.582904793400517374e+00
2.206098659347336621e+00
2.801363636910966237e-01
1.826221928168900721e-01
-6.874724699008987194e-01
-5.741319588657809447e-01
8.400326034716859569e-01
5.827083183468897976e-02
5.885908007768038130e-01
1.579710458956986363e+00
5.957202799944054661e-01
2.257400657582300685e+00
1.970325741219394189e-01
1.557782564987820084e+00
-8.343708483796913322e-01
-2.668282883713620213e-01
7.480329931791305231e-01
3.128403528633649788e-01
-2.934830638599257857e-01
1.196518157694785645e+00
1.930710305217361755e+00
2.309364571835360369e+00
-3.487590692892694189e-01
-6.998877870301442039e-01
1.697219857727832668e-02
-5.191249775737736410e-02
-2.054083706834022305e+00
-7.374545784329036291e-01
-6.830899200922330161e-01
1.028447861097580907e+00
6.996270517023700508e-01
1.015852759865145893e+00
-1.394606906294000581e-01
-9.403145076190984053e-01
-8.816726389236829720e-01
-1.967019732271780619e+00
-1.280790783244760034e+00
4.822527500661138444e-01
-6.099785533703532270e-01
6.600776201116236308e-01
6.352915215791952175e-01
8.896606131635389492e-01
-2.080495937643732918e-01
-1.742546380357227420e+00
5.781851686461249029e-01
-1.242751823106324371e+00
5.643551840233517192e-01
-3.565975310364369877e-01
-1.512705535847559124e-01
7.067263441719439099e-01
-2.265222300016964674e-01
-3.191762781595348236e-02
6.408352720140531034e-01
1.927161539389775913e-01
-2.613670847843646006e-01
-6.981225234889255615e-01
-1.147693582957397762e+00
-2.159331151510793578e+00
2.196471342442817831e-01
5.475830085514438172e-02
-1.578034018066682087e+00
-5.357280402287638577e-01
-5.155357335454903156e-01
9.780806561094304574e-02
9.797269607145107084e-01
1.429402429894311100e+00
9.527734490353609864e-01
-9.041793639613316946e-01
1.336070132964223056e+00
-1.459490259375843813e-02
-1.241907163207843556e+00
-4.724064386150071404e-01
1.316692375898501410e+00
4.020774387635859815e-01
4.115540744704488940e-01
6.670266560636863018e-02
8.819428753793076003e-01
-6.105867387983490158e-01
1.309733202974486588e+00
2.627966289646541664e-01
-1.238644558781030636e+00
3.840547882149613068e-01
-1.415157136073512678e+00
-6.361470292524421533e-01
4.648144826316462641e-01
5.903669265128209664e-01
2.405029873778181393e-01
-4.755957669112755859e-01
4.937798686431597028e-01
-1.878575877113267456e+00
1.384184933388664440e+00
-5.757161300061126585e-01
-3.856577953285663107e-01
-8.976745693941726723e-01
-1.345627006040455396e-02
-3.455811935392374967e-01
-8.631727138780203035e-01
-2.610867618094502962e+00
-6.670260915510817235e-01
7.269579499811036349e-01
-9.687526269334736928e-03
1.462576916277351646e+00
-1.438703896573202856e+00
-1.352208521354380855e+00
-1.764695248351096646e-01
5.270031690475696085e-01
-3.385113680874479170e-01
-6.272116752396836858e-01
-1.971043185267659092e+00
-2.379557017330477253e-01
-2.874988271519620664e-01
-5.633603508211881827e-02
-4.054946349435337161e-02
2.040979985120037199e-01
6.300011930576632224e-02
4.114329010149672672e-01
-2.517995902486012572e+00
-1.406043843404422289e-01
7.090027843099575566e-01
9.094910222459039184e-02
-2.274668365293775807e+00
9.737712754692816608e-01
7.865179827848574057e-01
2.272968892991679812e+00
-5.242823323195257013e-01
-1.182601670838061558e+00
8.436651752646825431e-01
2.241435530070972959e+00
9.221961523561159058e-02
1.488156277947615125e-01
-2.495600844076333313e+00
-1.412606305722885203e-01
2.806102798257859909e+00
8.285081607281594707e-01
2.846913642102590347e-01
-7.109422279190286131e-01
-4.240160747350316117e-01
-8.425955716845918708e-01
1.622526763078816214e-01
4.322490115035949598e-01
8.413847138630741185e-01
-1.768386432658965557e+00
-1.183326298702988666e+00
-5.308598349675743844e-01
2.582882409819609482e+00
1.421520662552076653e+00
-8.395118245641268462e-02
1.208247444285435179e+00
-1.794596315587499713e-01
-9.209705726206099952e-01
-7.135568903378981531e-01
8.360733236832013082e-01
1.037115115776693575e+00
-5.904210073179531060e-01
-1.536206081964961001e+00
-4.884852626806322484e-01
2.403906391431980538e-01
1.276844973487993418e+00
7.361294622736452853e-01
-2.751727473179240713e-01
8.385768037128943364e-01
8.434426109016270878e-01
-3.853567204485817271e-02
-1.646307027114642052e+00
-1.757370371289391775e-01
-7.114959600274604057e-01
1.042656060711885768e+00
1.732650171758006286e+00
-1.396994058949768691e+00
-1.158575110293206922e+00
-1.067150090625670344e+00
1.283689896252079299e+00
