1.784860814867506307e-01
-8.761196567941601510e-01
7.955036286588491184e-03
-1.399581693059893217e+00
-3.510661345482293805e-01
-2.624101445315512038e+00
6.145905047874749005e-01
-1.470320560213229655e+00
1.799557299448924397e+00
-1.034371728052645212e+00
4.246828014814776342e-01
-3.263575110907699917e-01
-3.796711589676661225e-01
1.000735599665540487e+00
-1.615203931432738216e-01
5.204480226549147437e-01
1.645200559928964745e+00
6.849733106759733348e-01
-1.248389792494251083e+00
-9.641753367126854046e-01
-2.377049425028734397e+00
-2.184076822265256457e+00
2.306009396522663568e+00
-1.601515379248365623e+00
-1.337756681940268644e-01
4.174412471343920128e-01
-2.516707172843179130e+00
-8.387333689066855946e-01
-2.535292972163355252e+00
-1.051433957731535029e+00
1.157438539753020024e+00
-9.781431808617088164e-01
1.620546784027308229e+00
-1.286846918738767442e+00
5.442133732886779152e-01
6.645515961721412124e-01
-6.251030132585709831e-01
5.491871689381081501e-01
-6.464271027251602408e-01
1.778452806971399625e+00
3.408032650719445417e-02
-1.421158833077081074e-01
-6.532511134429812572e-01
1.314849828306628332e+00
4.723415645055860645e-01
-9.549763177474936970e-01
-7.025524467794453942e-01
-3.930744003887217120e-01
-5.993393893140955830e-01
1.119919921634466853e+00
1.304522282331593397e+00
-5.561739099332742020e-01
-1.072264979294586390e-01
1.673152620419541714e+00
-2.172517060117222343e+00
9.368765661106250031e-02
-7.135308465665164412e-01
1.220583754466296966e+00
1.683363888477168002e+00
-6.403581301436970241e-01
-1.756759109575613820e-01
-6.260853828576714575e-01
-1.328524360227655521e+00
2.645254025707595602e+00
-1.387729621607626918e+00
-2.914755749132346696e-01
-1.915200986914379788e+00
-4.245967288030667031e-01
1.756419977426081136e+00
8.494963305407502441e-01
1.332294173860065767e+00
-9.973831131207869238e-02
-6.751418259126320542e-01
-2.371346718245086471e-01
9.959734292187900906e-02
4.958177684029078658e-01
-2.730948918743487594e-02
4.795892725223642739e-01
-7.764939423594926504e-01
-4.901088304480274438e-01
8.138467768851916917e-01
-7.439024834437407696e-01
-3.413900296854859295e-01
-1.851521863197397033e-01
-7.614613856960490423e-01
-8.565907624994938407e-01
2.256990766327843900e+00
-1.129880262914518402e-01
-5.801462186508622443e-01
8.854698589594895974e-01
1.198739048471002613e-02
4.980218735484392978e-01
-3.002162969884230481e+00
-1.244512962711213505e-01
1.997374936867645223e-01
-1.572891869139589671e+00
-9.822013564872066338e-01
1.425005659673723946e+00
-8.060419465585274557e-01
-1.047322673541525861e-01
2.068428112717898948e+00
-1.027011696870255009e-01
6.466597694886760950e-01
6.172836675477198082e-02
-1.563563778395478554e+00
-3.283703528612973432e-01
-8.580824409782945583e-01
-3.461622018644703869e-01
-4.718053378312472290e-01
9.489471376164687610e-01
9.761889018958405106e-01
-1.192216365207357409e+00
-6.482485491020100188e-01
1.079034958140538070e+00
-1.072122842519727115e+00
-5.381165663059453985e-01
-7.042771078369616244e-01
-9.813776800254879751e-01
-1.090253904833380583e+00
-7.141273758329429455e-01
-3.211044232680277943e-01
3.430183368924648035e-01
1.026310093484301467e+00
2.642261630800530336e-01
5.066669212729690841e-01
-2.685456785818395309e-01
-2.820808241123893834e-01
1.322743172601133499e-01
-6.218464200929220143e-01
-9.375750616036759855e-01
6.049516632576455999e-01
8.890567043494584931e-01
1.612207643730662943e+00
-7.505434429910249339e-01
-8.265234111063349820e-01
-1.480308334495362976e-02
3.496156717130185498e-01
-9.880237226287230667e-01
-6.311239538511763392e-02
7.419701855212353925e-01
2.047736541288909806e-01
5.133911529720002198e-01
-1.873669159126838957e-01
-4.206737681933837569e-01
2.627111814147348179e-01
-4.450765109818339837e-01
2.311121907606418779e-01
-5.226798413275044464e-01
2.799503301810259970e-01
-1.106772583690500467e+00
-2.823480684092302129e-01
1.171530599680934426e+00
8.647351403583095619e-01
-1.512392437499808784e+00
-1.893369720588831351e+00
-7.807339951998509830e-01
1.082667971542380370e+00
2.987728048100892764e-01
2.660949519995032264e-01
7.175007581639221144e-01
-1.897218511693690379e+00
7.610099155675582594e-01
6.594526803965906625e-01
-1.474525538990203166e-01
-1.360783990398837517e-01
-9.565437959996034856e-01
-3.508457899859210305e-01
7.322150407139952355e-01
2.150137626872946406e+00
-1.828884797111954397e+00
-1.834208707109213687e+00
3.473057268598867681e-02
1.186313732410377852e-01
8.389908450982148658e-01
3.867839367625475755e-01
7.353609699303839120e-01
-8.866777012435579364e-01
4.206437784811163372e-01
9.619582417277374731e-01
-4.256195078355657913e-01
3.642311976804827323e-01
4.202046300256929712e-01
1.839893939102029141e-01
-1.068492720246477345e+00
8.400218088920403670e-01
-7.333367230719235463e-01
1.697912331173186962e+00
5.789896201214898147e-02
-1.980040932625926065e+00
8.085096463837414538e-01
-7.853333327235608730e-01
-1.370576475669197158e+00
1.386217211196083765e+00
1.205585313811205372e+00
1.052388039086447957e+00
2.322660745894899459e-01
1.331895474031654092e-01
-8.278790585523099210e-01
-6.975984050279125936e-01
9.835721660884285678e-01
3.802768389039626329e-01
1.649172486896155476e+00
-5.404441995220372608e-01
-1.238508215710883986e+00
-1.665794349970451671e-01
2.392718444223764507e-01
-7.157240210309344652e-01
1.787051030053271039e-01
2.316559544933803227e+00
1.551641823135401665e+00
2.156362634177669824e-01
6.084623970090712319e-01
-1.304578459819021097e+00
8.846742467488865058e-01
-3.239686144683066038e-01
-7.871905467574999427e-02
-1.906727203433592033e+00
-1.212444903764596127e+00
-2.769137317638701856e-01
-6.573837767580445468e-02
-1.495894506836085380e+00
8.852990205258850498e-01
9.155502193794153865e-01
1.603050087906845667e+00
2.326120682070349055e+00
1.926672229262723857e+00
-7.579060382229053650e-01
8.655123505720279109e-01
4.638299361527594700e-01
1.832953401905186963e+00
-1.856382279715918404e+00
7.497459457326720589e-01
2.021359793072342370e+00
-3.900869118161488791e-02
9.262327036901853994e-01
1.710784840731455203e+00
7.059309290511603385e-02
6.466151782165733275e-01
4.610452174206121079e-01
-2.276668819017350631e-01
-4.088346624319949552e-01
1.328720145311126921e-01
-2.552964964570780815e-01
-2.092744970366957613e+00
-6.889196104475531213e-01
-1.529837809255657766e-01
-5.593245804590407655e-01
5.873038786434213732e-01
-3.391867096498336204e-02
-8.840571032774553473e-01
1.571213299959217657e+00
2.913338632781817816e-01
-7.167354119809250523e-01
1.343737196511108012e+00
1.855410879619946440e+00
9.195687616422802968e-01
-1.390517251836706492e-01
