1.345088361011990193e-03
1.466669447915947043e-03
1.470458899575037516e-03
1.577534518659707424e-03
1.388120553457950542e-03
1.593963621671529033e-03
1.394788174730093562e-03
1.343042793345052867e-03
1.626283746469417381e-03
1.403012895540238026e-03
1.396835171024218359e-03
1.429301373978879124e-03
1.349357221156918547e-03
1.486888002586859124e-03
1.445779628475633415e-03
1.466669447915947043e-03
1.464622451621822030e-03
1.606222259311307268e-03
1.419649807730043916e-03
1.386745163688190815e-03
1.437987579081314313e-03
1.489508077220879495e-03
1.470458899575037516e-03
1.606839741236772579e-03
1.458162981282627247e-03
1.429930166036225180e-03
1.568993109704262031e-03
1.421696804024168929e-03
1.443732632181508619e-03
1.460209977576752043e-03
1.437987579081314313e-03
1.493709500653576288e-03
1.552572968854796630e-03
1.381020273392457708e-03
1.419649807730043916e-03
1.464622451621822030e-03
1.360225507173174180e-03
1.603956139899033895e-03
1.554619965148921427e-03
1.411329911434822375e-03
1.565238600367297155e-03
1.451169903241255211e-03
1.354432265229518284e-03
1.419649807730043916e-03
1.411329911434822375e-03
1.547247521555436935e-03
1.435940582787189300e-03
1.364600536009959826e-03
1.419649807730043916e-03
1.341719385360098330e-03
1.411329911434822375e-03
1.498026668021572479e-03
1.470458899575037516e-03
1.445779628475633415e-03
1.403012895540238026e-03
1.464622451621822030e-03
1.571936075510719111e-03
1.373608925938446697e-03
1.358178510879049384e-03
1.451169903241255211e-03
1.552572968854796630e-03
1.352385268935393271e-03
1.437987579081314313e-03
1.451169903241255211e-03
1.360225507173174180e-03
1.550808251266178528e-03
1.419649807730043916e-03
1.443732632181508619e-03
1.604792744942647783e-03
1.451169903241255211e-03
1.339672389065973534e-03
1.451169903241255211e-03
1.403012895540238026e-03
1.584708738165938307e-03
1.443732632181508619e-03
1.349357221156918547e-03
1.445779628475633415e-03
1.378973277098332695e-03
1.517949421911309483e-03
1.496880520814363987e-03
1.495463057389197605e-03
1.421696804024168929e-03
1.610593632970217046e-03
1.427883169742100384e-03
1.493709500653576288e-03
1.665965112733764535e-03
1.488934998880983920e-03
1.464622451621822030e-03
1.612277332017032208e-03
1.427883169742100384e-03
1.435940582787189300e-03
1.352385268935393271e-03
1.505201712932362299e-03
1.510956343869937664e-03
1.483737503364894201e-03
1.413376907728947389e-03
1.505201712932362299e-03
1.503519072810190855e-03
1.386745163688190815e-03
1.596583696305549404e-03
1.419649807730043916e-03
1.498966276103319692e-03
1.524408892250504483e-03
1.347723872277129973e-03
1.528198343909594956e-03
1.421696804024168929e-03
1.414317410782465123e-03
1.626283746469417381e-03
1.435940582787189300e-03
1.373608925938446697e-03
1.582401800912947932e-03
1.451169903241255211e-03
1.443732632181508619e-03
1.495463057389197605e-03
1.371561929644321684e-03
1.347310224862793750e-03
1.445779628475633415e-03
1.582661741871813294e-03
1.341174638926431392e-03
1.378973277098332695e-03
1.405059891834363039e-03
1.493709500653576288e-03
1.388792159982315828e-03
1.429930166036225180e-03
1.396835171024218359e-03
1.464622451621822030e-03
1.411329911434822375e-03
1.413376907728947389e-03
1.477633119081268398e-03
1.479991802462488114e-03
1.345089789639177880e-03
1.396835171024218359e-03
1.558525875907956467e-03
1.460209977576752043e-03
1.364600536009959826e-03
1.378973277098332695e-03
1.386745163688190815e-03
1.360225507173174180e-03
1.472505895869162312e-03
1.606041895187989600e-03
1.358178510879049384e-03
1.470458899575037516e-03
1.598630692599674200e-03
1.413376907728947389e-03
1.470458899575037516e-03
1.429930166036225180e-03
1.429930166036225180e-03
1.386745163688190815e-03
1.364600536009959826e-03
1.546674443215541360e-03
1.371561929644321684e-03
1.491662504359451491e-03
1.421696804024168929e-03
1.381020273392457708e-03
1.445779628475633415e-03
1.506820983340301625e-03
1.504773987046176612e-03
1.341719385360098330e-03
1.429930166036225180e-03
1.429930166036225180e-03
1.479991802462488114e-03
1.488934998880983920e-03
1.607862050658068935e-03
1.378973277098332695e-03
1.466669447915947043e-03
1.445779628475633415e-03
1.364600536009959826e-03
1.493416061095072592e-03
1.411329911434822375e-03
1.466669447915947043e-03
1.477633119081268398e-03
1.421696804024168929e-03
1.413376907728947389e-03
1.378973277098332695e-03
1.489508077220879495e-03
1.499907862731507087e-03
1.394788174730093562e-03
1.378973277098332695e-03
1.464622451621822030e-03
1.403012895540238026e-03
1.543016201871859209e-03
1.584448797207072945e-03
1.564509156495682684e-03
1.485784499659019214e-03
1.594303436701709122e-03
1.557503566486660111e-03
1.561633564473492676e-03
1.565238600367297155e-03
1.488934998880983920e-03
1.386745163688190815e-03
1.411329911434822375e-03
1.360225507173174180e-03
1.451169903241255211e-03
1.427883169742100384e-03
1.403012895540238026e-03
1.503894120138935236e-03
1.600491680179742500e-03
1.421696804024168929e-03
1.405059891834363039e-03
1.609909046952193732e-03
1.520452526813617297e-03
1.386745163688190815e-03
1.349357221156918547e-03
1.435940582787189300e-03
1.522361895956379470e-03
1.429930166036225180e-03
1.421696804024168929e-03
1.427883169742100384e-03
1.453216899535380224e-03
1.403012895540238026e-03
1.358178510879049384e-03
1.453216899535380224e-03
1.493709500653576288e-03
1.405059891834363039e-03
1.427883169742100384e-03
1.437987579081314313e-03
1.598630692599674200e-03
1.411329911434822375e-03
1.429930166036225180e-03
1.403012895540238026e-03
1.472505895869162312e-03
1.565238600367297155e-03
1.349357221156918547e-03
1.378973277098332695e-03
1.386745163688190815e-03
1.411329911434822375e-03
1.445779628475633415e-03
1.458162981282627247e-03
1.491662504359451491e-03
1.451169903241255211e-03
1.419649807730043916e-03
1.337288426709357797e-03
1.354432265229518284e-03
1.394788174730093562e-03
1.453216899535380224e-03
1.427883169742100384e-03
1.549294517849561731e-03
1.371561929644321684e-03
1.437987579081314313e-03
1.375395529417460135e-03
1.464622451621822030e-03
1.584708738165938307e-03
1.371561929644321684e-03
1.603235224371902081e-03
1.354432265229518284e-03
1.352385268935393271e-03
1.354432265229518284e-03
1.569889079216594315e-03
1.479991802462488114e-03
1.588004151388930103e-03
1.443732632181508619e-03
1.699391822184044987e-03
1.354432265229518284e-03
1.337288426709357797e-03
1.479991802462488114e-03
1.451169903241255211e-03
1.339672389065973534e-03
1.628935316919739992e-03
1.435940582787189300e-03
1.464622451621822030e-03
1.427883169742100384e-03
1.526725426814713824e-03
1.419649807730043916e-03
1.419649807730043916e-03
1.411329911434822375e-03
1.453216899535380224e-03
1.443732632181508619e-03
1.592860118743689123e-03
1.343042793345052867e-03
1.343042793345052867e-03
1.403012895540238026e-03
1.460209977576752043e-03
1.352385268935393271e-03
1.534958788826770292e-03
1.609030478110301792e-03
1.443732632181508619e-03
1.445779628475633415e-03
1.458162981282627247e-03
1.522361895956379470e-03
1.451169903241255211e-03
1.435940582787189300e-03
1.429930166036225180e-03
1.445779628475633415e-03
1.552855247560303324e-03
1.520452526813617297e-03
1.609909046952193732e-03
1.677623430290025664e-03
1.493680027121746740e-03
1.411329911434822375e-03
1.394788174730093562e-03
1.405059891834363039e-03
1.394788174730093562e-03
1.398180986363437277e-03
1.352385268935393271e-03
1.451169903241255211e-03
1.419649807730043916e-03
1.558525875907956467e-03
1.445779628475633415e-03
1.445779628475633415e-03
1.598738123444121400e-03
1.550808251266178528e-03
1.437987579081314313e-03
1.360225507173174180e-03
1.451169903241255211e-03
1.534958788826770292e-03
1.453216899535380224e-03
1.628935316919739992e-03
1.482038798756612910e-03
1.453216899535380224e-03
1.451169903241255211e-03
1.486888002586859124e-03
1.584708738165938307e-03
1.534958788826770292e-03
1.339385343797520845e-03
1.386745163688190815e-03
1.565238600367297155e-03
1.381020273392457708e-03
1.388792159982315828e-03
