1.106185419420551708e-01
-8.198268583681675992e-01
-1.288453126682375327e+00
1.852972109396421097e+00
-9.813595665599279816e-02
-1.608939550501609084e+00
5.479005054296087751e-01
-6.343172926761931896e-01
1.432403965348828079e+00
1.455764920275208207e-01
-1.586989394701078693e+00
2.411556998984309086e+00
-1.650698428566485243e-01
-9.203005645188730433e-02
2.215793656813311030e-01
3.008255137589919970e-02
-1.496671392674036483e+00
-1.698661355476149826e-01
1.862707222702231658e+00
-3.399944662832329323e-01
-1.232496315828523814e+00
1.220598349233831259e+00
4.317166214029258264e-01
-2.402839979278921512e-01
-2.093004188986065994e+00
-6.402562056744352803e-02
-3.747666688364517662e-01
8.843644957298596454e-01
-7.675779968943794440e-01
1.053740760383106823e+00
-3.046744236874005529e-01
-1.509880940505820446e+00
7.091146850716673056e-01
9.779003392539936668e-01
-9.108598935401579499e-02
9.523892079274275391e-01
-2.470222130111803249e-01
1.246032619893663096e+00
1.280703532795971711e+00
-1.533820038996532187e+00
5.534172963491750252e-01
-3.464121055864372578e-01
-1.002676071717776951e+00
1.619086739103001937e+00
-8.878823448699725285e-01
-2.063866254208220230e+00
6.576740541902699189e-01
-7.305613913899108303e-01
-6.562446002935079514e-02
8.475691845162804938e-01
7.026497784631218213e-01
1.005322096707128576e+00
-7.055904578548974904e-01
-1.150922466525592602e+00
-7.041426275907711752e-01
4.369239451510980032e-01
-2.261114943469418048e-01
-2.093004188986065994e+00
1.038409639044679089e+00
1.800103080716976667e+00
-2.644695145666128955e+00
2.389668306099934081e-01
-2.000666534237570404e-01
-3.238559027722421324e-01
3.600683106137911871e-01
2.556801126925247192e-01
1.993381486308558381e+00
1.545002679305018445e+00
-8.406748779559483076e-01
7.213283397963644594e-01
7.345916799809962816e-01
7.228544735717700176e-01
7.509459801333048246e-01
2.997310284957608317e-01
6.350314420580933650e-01
-1.197970488762976515e+00
1.364872006174524977e+00
1.917951740081168532e-01
1.097735839777896211e-01
-1.487936357171534496e+00
-1.669943360181757319e-01
-9.782022417942191073e-01
-3.840476589982264599e-01
1.410994715099203711e+00
-8.435770817561402679e-02
-2.325126257312450095e-01
-5.218396388069530545e-01
-1.186059095094506022e-01
9.891436871223100447e-01
-1.539183374237921065e+00
-2.867029369443743203e-01
1.942689831618069851e+00
-2.610241625738842219e-01
-1.474021852434134860e+00
8.967116692641458053e-01
-1.475888482767209409e+00
1.146103534366147203e+00
1.005656862043943889e+00
9.369814796389300815e-01
1.079982856888317189e+00
1.007827420031345289e+00
1.578370656171395325e-01
-5.721421833117904532e-01
-1.182913468254800371e+00
1.823830079339806565e+00
6.262209099752452657e-01
-1.357083466684379625e+00
1.156172052805876316e+00
6.633829890768536686e-01
2.030972614971013002e+00
-3.195869941246814311e-02
1.590399813714727273e+00
6.173689355671899692e-01
-1.805159951116190042e-01
9.152659608702463645e-01
-2.536551816093403300e+00
2.020736900247464440e+00
-1.267689240119352911e+00
1.709532930160207131e+00
-9.819789645379319865e-01
4.281871906830524432e-01
5.546667040507391455e-01
-7.972363525648189508e-01
-1.115063956274771506e+00
8.459370654669031708e-01
1.726719135525127014e+00
-4.093606668371967405e-01
4.166432249417198475e-01
7.581887267100135830e-01
1.059354208672719899e+00
2.104341098020330592e-01
1.213116752918107055e+00
-1.421084395019777569e+00
1.336823726172802207e+00
-9.041179187484699176e-01
4.329347232339674639e-02
-4.015937440892109467e-01
1.435100253107488122e+00
-1.736973289617302241e+00
-2.867029369443743203e-01
1.938206907079050856e+00
6.723267783145097098e-01
-1.471723221777465618e+00
-1.390860927008889192e+00
-1.232961633713521438e-01
-1.911530494646577427e+00
-1.185977339340023029e+00
-5.903200903990766246e-01
4.434441893141899960e-01
5.582361810966424143e-01
1.090939959740298448e+00
-7.242954531711561783e-01
1.613012529708038600e-01
-7.956466749167796504e-01
1.114665050635300636e+00
2.409646709500003592e+00
-5.359296295570031843e-01
1.121389549158272603e+00
-8.821346084495377271e-01
4.186109753628560748e-01
-4.658977175800824710e-01
2.113979466453898226e+00
2.438531895715548570e-01
-2.220138069784773904e+00
1.199718794502003139e+00
-2.154146742644380108e+00
4.506187707022460409e-01
6.576625168182170800e-01
-2.112406491310280798e-01
-2.700896701431580449e-01
6.685038184421697449e-02
1.335888858385755551e+00
-1.802333543971121221e+00
1.255865276558695287e+00
-2.974601284912646859e-01
-1.221075190122285603e+00
-3.041860744406481021e-01
-1.543419593417408586e-01
1.088751005512406334e+00
-4.511923923480339882e-01
1.768040562237600311e+00
1.394544548465701750e+00
-4.674238235847049117e-01
-1.662920822528666021e+00
-1.131342855201614039e+00
3.024369618075655256e-02
-3.626900454972808441e-01
-6.690599096872048568e-01
-9.968959527166723067e-01
-5.121647668473978676e-01
3.816724936583747452e-01
2.498622758243464748e-01
1.361990220394381224e-01
1.106909513634520836e+00
1.456692267896292803e+00
-2.983931153990634355e-01
1.133568770794492364e+00
-2.220138069784773904e+00
1.125024986357983758e+00
-1.330471328386155339e+00
1.025078883342759456e-01
3.229548390738233299e-01
-1.357786479547385516e+00
9.324731790550387922e-01
5.749385032670187301e-02
3.343116576253726269e-01
-1.254020016449942210e+00
2.071094965351003125e+00
1.629696340746766142e-02
-2.187849669029516275e-01
7.026762188146031818e-01
-4.558886642135751704e-02
3.876003901678223285e-01
7.292357331266962062e-01
-4.719861707199163314e-01
1.163844585791609543e+00
3.490805158005979014e-01
2.336507540950559236e-01
8.268046584801199694e-01
2.548351341064863940e-01
1.025874659195613159e+00
-1.381953067548479019e+00
9.561010784461486667e-01
-1.872871373142859674e+00
1.440677501059101306e+00
-5.615263408206944140e-01
-3.351225832493879286e-01
3.932399498155127460e-01
1.387139180611164146e+00
-5.294550197004319614e-01
3.628590772032123102e-01
8.058258380360369122e-01
3.017155713091661973e+00
9.986815208514383535e-01
-6.416220914108339279e-01
-2.536551816093403300e+00
9.108824890550182296e-01
-1.877682254908205950e+00
-3.610988514221274981e-01
5.172383723370613806e-01
9.189099969712927196e-03
4.942857378304128524e-01
-4.738390507137607011e-01
4.829516108786545137e-01
2.585734560791151937e-01
1.662934814280692342e+00
-1.675229880894124612e+00
-6.303120422895197583e-01
-3.509858447585019192e-01
-8.757533384827207446e-01
-7.178232579359153931e-01
-1.230224774517489461e+00
-6.223265708621656955e-01
4.916560393746267632e-01
-5.293381656582197836e-01
-3.722532692229246210e-01
1.687742108172708866e+00
1.172352353798768565e+00
-3.299698081404554839e-02
-2.183230510254484891e+00
7.610916339678265308e-01
-4.682905124444441958e-01
-7.893108523246185060e-01
1.218293294206446609e+00
6.276603614252509455e-01
7.223687472358216732e-01
3.546257747737046051e-01
1.647693613645572652e+00
-1.506272849623459198e+00
-4.344884844416799785e-01
-1.329431225002879913e+00
-1.271821748561624998e+00
7.427643376371549921e-01
-8.447537574155508100e-01
2.107476293415792290e-01
9.085892836402125194e-01
-8.365442524706570016e-01
1.329884306644341985e+00
1.012720403906400168e+00
1.187078987048177520e-01
9.520278556155929717e-02
-8.641457688734905940e-01
-5.889630237620302466e-01
1.131967570905159981e+00
6.559398515046837019e-01
1.582414974201650448e+00
-1.422438777662927700e+00
2.324693272441218372e+00
-2.948634923902108684e-01
-1.150185635394144201e+00
3.250123652590818368e-01
-6.274743658986335904e-01
1.759542780305026755e+00
-1.126847039814731222e+00
5.842310974104074628e-01
-5.302799429521431324e-02
1.070946101310063847e+00
-1.667933047864433860e+00
-7.810594229769942665e-01
1.106825808376251441e+00
-1.365980858310999135e+00
6.037984143873612597e-01
-1.478877115546536114e+00
8.967028452041624353e-01
-8.605677891702858684e-01
1.073510743392555478e+00
1.768938624236249535e-01
2.661900259192583884e-01
1.573816338607667564e+00
-2.259328262960037248e-01
-4.501215719160784889e-01
1.867052097623166096e-01
1.198734132560684174e+00
-8.133531581141895117e-01
5.103347977870889562e-02
9.551259686675788174e-01
-6.086948972607795216e-01
2.287124507888476099e+00
