7.932289417906300197e-03
8.164411183131799546e-03
7.331030077071100035e-03
7.352133364158799748e-03
7.601982804676800203e-03
7.482792022728000300e-03
6.326950851670699698e-03
7.462091246823600310e-03
7.473251184172200259e-03
6.259174612541500322e-03
6.811282195345399679e-03
8.483607968041199932e-03
6.184667002061300378e-03
6.901433737085699988e-03
7.648529492330200311e-03
7.472157730950499885e-03
6.758159950549599664e-03
6.370426926711399672e-03
7.773137865526099852e-03
7.760493158959999929e-03
7.532407119306199980e-03
6.449826289791099621e-03
8.440369234270300725e-03
7.552109058091100065e-03
6.279263222960599841e-03
7.328797192475300197e-03
7.896619594834699413e-03
6.746122204213099785e-03
7.380842733168800282e-03
7.601712640981700062e-03
8.013867508591400804e-03
8.306251103994799490e-03
8.349371672013199824e-03
6.981551712814700397e-03
6.630851030737500325e-03
7.454858264901299651e-03
7.231876472734400166e-03
7.123838447389199864e-03
6.555019121937200391e-03
7.641666025295599900e-03
6.797283271686299644e-03
6.284268487372100115e-03
7.553954818185200024e-03
6.694962986950699600e-03
6.546853862545999950e-03
7.262995286413999677e-03
7.338569814806900418e-03
6.620091701189699876e-03
6.866617858295999584e-03
6.531650952436699777e-03
8.910312465812199670e-03
7.155526850991199977e-03
6.413959742227399660e-03
7.720969602134099795e-03
6.803723299975099684e-03
7.173305307761100071e-03
7.179498156088100214e-03
6.640853321340199622e-03
6.488903856456699690e-03
7.094009346567200364e-03
6.803768898264699570e-03
7.322304867661199798e-03
8.563863537595200678e-03
7.423778146422499793e-03
7.675195276197599621e-03
8.162926623024700443e-03
6.587715803825400403e-03
8.279628110809400532e-03
7.558774868467899900e-03
7.431484594404199825e-03
6.386784688892100000e-03
7.957198200343799238e-03
5.971369538344100010e-03
7.208910926677900011e-03
6.746631187072999782e-03
7.660486027421999772e-03
7.178259063178700321e-03
7.264824326030599674e-03
7.581720834537100141e-03
7.800454904562000025e-03
7.538397218467199692e-03
6.903113950261099627e-03
6.796330834661200131e-03
7.394192790459700251e-03
6.158591053330099603e-03
7.460867854955599739e-03
6.920300617986900257e-03
7.543187435404200350e-03
7.513528994284399826e-03
7.955031933204199240e-03
7.751059968723599848e-03
6.849868208306000329e-03
6.615252206794100358e-03
6.668951041167800291e-03
6.885597894585700034e-03
8.037108634114600511e-03
8.322554183420699872e-03
7.349704480673600188e-03
6.970164945132299728e-03
8.241467778298499150e-03
8.390609690508900320e-03
7.870593065168299957e-03
6.960087268370799760e-03
7.968500886650199330e-03
7.272628952389699822e-03
6.938979676166899882e-03
8.351637245730299253e-03
6.738866659030300424e-03
6.764877291630000400e-03
8.106928878817200659e-03
8.289516872494800612e-03
7.810721633200900203e-03
6.021891500984100261e-03
7.549713765707300080e-03
8.012617735633900673e-03
7.283647989352800070e-03
6.420527838459500272e-03
7.484589847920999732e-03
7.963221830547300567e-03
6.931702938484499837e-03
6.838885386251499811e-03
7.195869568602799964e-03
6.765356002908899831e-03
7.180332629163100298e-03
8.268161113829200839e-03
7.366311569190400060e-03
6.982590086038699927e-03
7.648578696537500048e-03
6.917989236297500052e-03
6.504442706897700134e-03
6.730028526237600249e-03
6.753332918461900196e-03
7.509363431467099698e-03
7.520771628307399911e-03
6.929611775576800282e-03
6.827308995093300109e-03
6.613994533585800320e-03
8.435620463258200474e-03
7.035992251649500311e-03
6.761291222500600412e-03
6.882605429839599651e-03
6.516459473380999817e-03
6.925154912179600289e-03
6.993360479718199740e-03
7.475809001233699701e-03
7.113178457703799723e-03
6.971499456707899722e-03
5.535261008970900065e-03
7.155600365829999782e-03
7.782782302065099737e-03
7.419132495555699931e-03
6.947374561041700161e-03
6.614228328631299898e-03
7.497531124074300300e-03
6.695784400432900144e-03
6.417076099529499950e-03
7.590842738209899881e-03
7.302907785505899883e-03
6.727677588982699901e-03
6.740773388687800079e-03
7.967751977622899648e-03
7.666140024103099831e-03
7.610308338657500137e-03
7.297430570856000207e-03
7.144554410712900330e-03
7.713796924949899853e-03
7.024960477743399760e-03
6.201240495103100235e-03
7.558031557650299846e-03
8.998273013971299153e-03
7.150820662120699854e-03
8.036047955402400578e-03
7.114756419220200079e-03
7.495469493616500369e-03
7.257490007692900258e-03
7.087437391540899780e-03
8.330359351714300767e-03
6.580920478426399711e-03
8.084045975052699812e-03
8.105122922297999452e-03
8.267592383669100653e-03
6.916821593311000237e-03
8.546687571052499419e-03
8.212738184133400177e-03
6.880010241319899598e-03
8.224252630966200767e-03
7.391877301835199886e-03
7.564709482019500025e-03
7.361378840891000079e-03
6.670476347053299997e-03
7.323924259806999584e-03
7.078584841136900327e-03
7.086046380172099889e-03
7.711202753700300422e-03
6.891842219801500372e-03
6.505981873824000228e-03
6.971005666309099645e-03
6.769405390793800138e-03
7.213233422661400121e-03
7.002179458367699567e-03
7.102376850516300272e-03
7.727970024252599733e-03
7.376446120744399766e-03
8.043573968090000567e-03
6.982513259774499742e-03
6.880381881855099878e-03
7.699119902997099765e-03
7.625623555633100070e-03
7.749889074600200406e-03
6.457303908480500204e-03
7.689890474277799766e-03
7.002207528659199626e-03
7.626284418431500053e-03
7.130064436731599863e-03
7.485844187262100102e-03
7.718362838252400097e-03
6.818581678943500153e-03
6.551489795835600295e-03
7.108978561139499622e-03
7.602301161177599589e-03
7.108531343046200351e-03
7.183453317625300427e-03
7.051020629132299933e-03
7.553180722065400143e-03
8.296612677476999931e-03
7.988128768681199143e-03
7.134878005554500316e-03
7.567068561798700153e-03
6.682639435813499638e-03
7.211791293552600145e-03
8.251359864236399236e-03
7.650042776121000060e-03
8.050780452125899656e-03
8.644346789810800763e-03
7.611532898838299643e-03
6.598128419933399665e-03
7.694597264764999923e-03
6.729771703480800366e-03
7.757026761459499820e-03
7.634415706163699862e-03
7.704706469960199630e-03
7.276493167741199600e-03
8.170294963083300430e-03
7.284032065815100078e-03
7.623791170404400214e-03
6.986559385677100324e-03
7.425138684996700385e-03
7.156178131900899943e-03
7.546843366675299626e-03
7.479098881323299926e-03
6.776996835503400381e-03
7.507304016564299645e-03
7.682676390586999637e-03
6.920794918815600071e-03
6.535613816880400141e-03
7.443975553193199826e-03
8.020798674626400740e-03
6.725548192510299832e-03
6.951902136823000233e-03
7.185777721860299797e-03
6.741244300746800262e-03
7.495153482366400353e-03
6.978248352233900297e-03
7.259568216220899789e-03
7.054128716337900243e-03
8.242084675448499431e-03
7.504493470452700335e-03
7.030803143589899919e-03
7.453991616520499672e-03
7.591279912283799974e-03
6.633539392080700300e-03
6.414653812502500371e-03
8.409827201642700728e-03
6.525681164833900191e-03
6.932722008396599925e-03
6.982651403200200099e-03
8.081090833053300795e-03
7.457103176474399846e-03
7.528644424160800368e-03
7.889186802178800237e-03
8.476957753540700566e-03
7.303757830303199590e-03
7.416439670844100253e-03
7.301770371919099646e-03
8.468436192010700067e-03
6.559705551391899897e-03
8.063900203445599491e-03
6.924240057488899834e-03
7.291048256942799996e-03
8.043772770889499185e-03
6.983688656888800347e-03
6.586267236474699881e-03
7.056904920400100013e-03
7.028782716270800396e-03
6.885771914384699634e-03
7.326916982163899847e-03
7.036681793640400286e-03
7.583274445149899672e-03
7.265478535007600415e-03
7.536262446504399595e-03
7.221492991538599852e-03
7.380212875971899761e-03
7.664210111906499985e-03
9.267304513939299618e-03
6.325256410456400226e-03
7.069803210088300427e-03
6.508656447517099583e-03
7.063138306067399778e-03
7.112810445595699887e-03
7.905350746647199153e-03
7.221255749181999632e-03
6.985508350915299938e-03
7.515559844030700147e-03
7.339748587445600082e-03
7.109058984055599724e-03
7.530388502778699589e-03
6.984173272006399813e-03
7.625945737764100105e-03
6.674582339411499858e-03
6.379809544271099718e-03
7.287788790130700356e-03
7.448812496502399925e-03
6.511796794413200404e-03
7.264246043530000162e-03
7.293329783786099696e-03
6.800944022838400181e-03
6.792948548823600323e-03
7.930940342114899816e-03
7.569940367735899719e-03
6.475567484399200220e-03
7.343267155252499769e-03
7.173595258575400299e-03
7.554478936575299841e-03
6.473650086681899569e-03
6.833226259110800060e-03
6.510366959204400006e-03
7.700885048709800278e-03
6.816927978350000375e-03
7.231769553263299628e-03
6.960246054762300391e-03
7.523149067728199593e-03
7.453482062236300304e-03
7.327613393868200389e-03
7.366378379251000211e-03
7.103675133645200208e-03
7.946712667086599374e-03
6.980534062827699684e-03
6.626104627091899957e-03
7.878547668511599877e-03
7.575111013624099936e-03
6.301784893536900231e-03
7.821585266576600026e-03
7.836546802576499840e-03
6.100923399942399794e-03
8.562457106382299551e-03
6.899375586779299754e-03
7.855943011458100741e-03
7.519968953786200332e-03
7.227246685374799987e-03
6.475527233477200266e-03
8.886310740796899213e-03
7.163027941350000316e-03
7.264013346839300056e-03
7.190287819970900274e-03
6.390880555589600193e-03
7.352408454917400138e-03
6.593644205291100159e-03
6.946174028119999656e-03
6.898313595669200264e-03
7.993077059590000810e-03
7.813665323618700434e-03
7.617362061678000298e-03
7.410769108946699962e-03
8.656459977194899680e-03
7.229868054766700261e-03
6.861207890800099726e-03
7.906980741264899373e-03
7.947289358645699686e-03
8.566800009140599151e-03
7.766144994867700373e-03
7.072446024731900149e-03
8.373079284252800403e-03
7.525550745185499886e-03
7.561596895972799715e-03
6.963574406007500342e-03
6.022026259412899783e-03
7.001569111191699966e-03
7.528430372716100188e-03
6.779698397714199916e-03
6.661550571683600222e-03
7.086269939467200289e-03
6.915825168696300429e-03
7.273030181437699707e-03
6.714650357628099836e-03
7.649786084532299996e-03
7.053864491026199703e-03
8.010257882663799484e-03
7.533893342622700016e-03
7.064238087669700086e-03
6.751009658925700117e-03
7.640709228883900417e-03
7.737287677691700311e-03
7.186657407489799657e-03
6.953226590578400271e-03
7.233931066694000017e-03
7.837986768512999677e-03
7.734543064856999953e-03
7.396899077887699944e-03
8.090479613496799616e-03
7.029717241535300004e-03
7.051919156163300416e-03
7.090550506332900238e-03
7.363848853083700130e-03
7.236883447767200432e-03
7.943084939850799178e-03
7.188196794854700283e-03
8.110293463112500795e-03
8.088144361324300577e-03
7.336998557325199836e-03
7.014528223555300049e-03
7.128340820492099980e-03
7.363066403527699678e-03
6.553122856875800116e-03
7.340523871243899781e-03
7.443515564222099971e-03
7.245879420354799788e-03
7.534843573729800049e-03
6.871054786757199891e-03
7.341080383052200030e-03
7.750035069570400392e-03
7.750853060067799949e-03
7.262993389311600025e-03
7.736866034697800418e-03
7.182467083278699579e-03
8.571626735448199461e-03
7.188835131240200321e-03
6.511969319638599707e-03
8.021156844090500393e-03
7.219536861456999841e-03
6.588314680902899664e-03
8.098467972937799589e-03
7.878307827188499313e-03
7.485923840196600024e-03
7.014678424547999940e-03
6.834991088063600145e-03
7.481706727021099866e-03
6.822726046288500254e-03
7.409580997768099725e-03
7.202949434830599636e-03
6.690878938012199961e-03
6.400816335953600153e-03
6.184927254100999576e-03
7.155061252013399618e-03
6.787019646874699677e-03
7.581295457227000233e-03
6.842176706375000320e-03
7.396584040450999639e-03
7.273684986842400210e-03
7.300211100283500280e-03
6.912941639991399857e-03
7.636264980032799951e-03
7.423871206035099861e-03
7.688315563046299941e-03
6.912631383973099654e-03
6.561858484496000017e-03
7.877004650844900494e-03
7.475563717923399722e-03
7.749774176661399991e-03
8.363644982645799739e-03
7.167833967360299693e-03
7.100480374983200033e-03
6.893217831208099840e-03
8.395917978785100849e-03
6.819820978378600233e-03
6.208920562328699815e-03
7.691809341000300018e-03
7.917210791695900723e-03
8.083153144001500867e-03
7.083830378041200068e-03
6.869368288241400194e-03
7.297051068764199774e-03
7.271400760158699787e-03
6.726592685114499842e-03
7.531126575096700262e-03
6.912804809707099804e-03
7.563651372139199892e-03
6.741263515444999993e-03
7.805580921439600299e-03
8.300805043534099578e-03
7.083483233508000056e-03
7.930568502084499663e-03
8.030411819740500626e-03
6.969483953852899719e-03
6.277272350962199814e-03
7.381808350153800172e-03
8.070624048383899518e-03
7.112609080374200123e-03
8.253407218009999741e-03
7.275516451866999648e-03
6.832462708563300131e-03
7.897827936761300099e-03
6.606853146346500227e-03
7.440793551732100344e-03
7.531819195311899827e-03
8.075189210505999762e-03
7.919774885536599862e-03
7.381106674956499671e-03
7.547038737423199597e-03
7.179929676499600087e-03
6.655788636956599599e-03
6.794415364483099781e-03
7.497437256641799851e-03
7.268711168971000135e-03
6.821819260387500423e-03
7.883263485196700254e-03
6.825659698048099772e-03
7.572806327462600073e-03
5.964737087055800406e-03
7.397210655676799730e-03
7.248425860267899631e-03
7.453245712664299805e-03
7.009624817136799954e-03
7.360142368342400057e-03
7.460078657354199914e-03
7.562290267665400419e-03
8.470481121659899360e-03
7.399201808372900084e-03
7.089994304874500282e-03
8.108887702409700235e-03
7.611865815593000031e-03
7.321038978553899568e-03
6.312076108281300391e-03
7.264910655324600432e-03
7.031789705400800367e-03
7.336402658204200025e-03
7.438779577621000040e-03
6.841724535907399603e-03
6.360419577194000029e-03
7.279665297620600307e-03
6.865381655848899756e-03
7.261345236189299668e-03
7.107648431463199634e-03
8.969869661563000668e-03
6.364255366544600313e-03
7.106616408059100026e-03
7.166408716136100053e-03
8.216436656887100842e-03
7.787409283984299962e-03
7.841131889046299569e-03
7.607158749645099617e-03
6.899922096982099608e-03
6.818464969368100322e-03
6.534022659447600266e-03
7.501984123369599862e-03
7.028478463598200089e-03
6.953837499692999691e-03
7.972059432375399463e-03
6.826869185253299846e-03
7.475817529214300039e-03
7.277759207549400373e-03
6.637930131694400396e-03
6.565963576623899851e-03
7.067441113407500232e-03
6.775600413023900349e-03
6.247634118579300198e-03
6.975066443277400281e-03
7.775052821529499988e-03
7.037241903985300313e-03
6.705190760754899809e-03
7.408538944409099637e-03
6.665648464938000138e-03
7.340898356832699888e-03
7.995750974001999967e-03
7.660473183494999685e-03
7.642704186365399839e-03
6.888171731066999696e-03
6.236151246173099807e-03
7.043843101805299586e-03
6.998114971312600387e-03
7.537905718200999666e-03
6.344719492470399930e-03
6.661825067184899696e-03
7.077934986218100376e-03
7.468642529774900327e-03
7.007649955348600052e-03
6.802091640300099960e-03
6.718764427520699731e-03
6.732247032332000156e-03
7.535698103709799825e-03
6.944841289946599924e-03
8.563049813925100590e-03
6.452031688389999950e-03
7.391340436896600211e-03
7.364574975771600272e-03
6.852535879273699733e-03
8.458528926848299379e-03
8.027881786301300712e-03
7.343466052328100069e-03
6.047907189761099998e-03
7.254168708040300076e-03
6.209036448820800212e-03
7.366702375293600162e-03
7.085407697735000149e-03
6.969955597853800221e-03
6.787185470562300330e-03
7.067484297379500111e-03
6.654905450081199762e-03
7.626836610220300190e-03
7.540048528675499795e-03
6.664766588169000402e-03
6.386548100811299984e-03
8.338985545253099763e-03
7.234174413683500116e-03
7.197254278275299656e-03
7.341226819386400052e-03
6.897571369329599800e-03
6.322628401676200390e-03
6.941706065589300229e-03
7.084265979742700343e-03
7.184964809949699605e-03
7.928894316172300713e-03
7.863447046592399181e-03
6.851881309123599752e-03
7.729583978980300411e-03
7.568541839429199572e-03
8.046659640377599315e-03
6.634287120068600024e-03
7.177116104473899895e-03
6.720503629165500148e-03
7.365498575639600060e-03
7.425145494390199968e-03
6.489640135853599716e-03
6.667932196080900327e-03
6.326868285273900237e-03
6.909688583539900196e-03
6.924246064175200097e-03
7.312035502378399880e-03
7.795413022468500319e-03
7.545690604187599987e-03
8.115260455565600009e-03
6.524379842844699705e-03
6.809702693942400013e-03
6.877766814485099592e-03
6.546773573152899796e-03
7.235133253097599665e-03
7.417915397567399760e-03
6.548992451657499603e-03
7.630536952013900268e-03
7.487002899146899711e-03
6.913675658817300396e-03
6.618375696087200159e-03
7.624005204428599587e-03
7.128360465590200326e-03
7.078069707513299884e-03
7.860420701022099652e-03
7.896598083045200389e-03
7.013089939003400337e-03
6.437515020170100390e-03
7.802905688574199999e-03
7.937106110813999665e-03
7.261609735776299729e-03
7.707905480796800081e-03
7.119986706501600301e-03
6.923920943625499862e-03
7.658946873133699700e-03
8.064773123022899934e-03
6.970029674026699887e-03
7.325303255421400199e-03
6.889393680489399804e-03
6.366075069456100279e-03
7.815009130814900076e-03
7.112057512886399771e-03
7.275656492459399785e-03
7.773935311091300336e-03
7.499521246168400213e-03
8.125041735637600696e-03
6.856619470109699861e-03
7.223327988279899629e-03
7.717291781865799789e-03
8.312051446917299163e-03
6.492230024270099695e-03
6.865345370541900243e-03
7.476247566580099778e-03
6.341901079604700051e-03
7.987097024800800596e-03
6.918346242720499646e-03
7.320857428142700171e-03
7.196677333362200106e-03
7.438095147614299726e-03
6.957364921787100379e-03
7.589135941685499868e-03
7.241844058517899613e-03
7.893428696736299807e-03
7.259322870247900128e-03
8.730940208439400690e-03
7.475510873450199635e-03
8.351595460611999783e-03
7.218216752415400339e-03
6.664337421597200072e-03
7.469154688630200156e-03
7.580446348781699935e-03
7.429856047685499953e-03
7.165539694465299786e-03
8.143495377469400082e-03
7.758158374285200297e-03
7.546764999492100272e-03
7.480573757482500245e-03
8.531470146218200074e-03
7.057464912479900071e-03
8.376094082827800769e-03
6.360959649224300419e-03
7.867882329448599998e-03
7.006785889421899595e-03
7.598991983628400337e-03
6.773796808630700057e-03
8.299459753657999206e-03
8.030706037104000730e-03
6.998161442152900369e-03
7.484647536302600074e-03
6.934472658454899664e-03
7.660451427490599756e-03
7.487118241523999657e-03
7.750998689310099714e-03
7.200687474499500342e-03
7.103440497841399977e-03
6.605064659739000310e-03
6.842933210119499753e-03
7.317484231384299709e-03
8.103305142107199155e-03
6.976995290357499921e-03
7.294743232896700423e-03
7.659609388346099584e-03
7.762139522063300073e-03
7.775278993638799763e-03
7.480505853982299946e-03
6.786133524796999876e-03
6.629380219451900050e-03
8.363747791788399971e-03
7.334948116857100374e-03
7.305545777919399998e-03
6.918516840876499929e-03
7.983430245977000614e-03
6.872990847129700417e-03
7.700881753015699840e-03
7.905638259718999333e-03
8.537026690933499293e-03
7.062104832861100003e-03
7.676755673613099712e-03
7.986421714772200253e-03
7.424231464097499900e-03
7.741522444377700249e-03
6.787254862260900211e-03
6.836085039462399919e-03
7.087334310655800385e-03
6.827953493850300384e-03
7.044239668222799892e-03
6.694296532883100247e-03
6.755766116192000320e-03
8.035759920141600024e-03
7.013164076139000169e-03
7.708353384228899818e-03
8.124400452037000217e-03
7.703752106383099721e-03
8.072491817785900844e-03
8.769189812466699971e-03
7.478188564797400018e-03
6.354448180964300356e-03
7.425535117001400356e-03
7.023644854015700066e-03
7.271443425454099732e-03
7.620214894229799737e-03
6.783873834753000390e-03
6.523527536150599930e-03
6.211638008026199725e-03
6.872408663618799658e-03
7.892505544291699565e-03
6.750094065248100211e-03
7.112074900225399780e-03
6.146506558946900414e-03
7.438896250443300176e-03
8.340865390605200352e-03
7.678353483881099860e-03
8.130621375109399473e-03
7.228362218233800283e-03
7.216292015100799970e-03
7.993431658391399186e-03
7.492612443236200404e-03
6.575547779769700361e-03
8.057883163802199294e-03
7.205896968045999960e-03
7.522371102407700294e-03
7.120578316202899605e-03
7.434896497871299609e-03
6.855593759666199841e-03
7.091108235485099782e-03
7.377271218499899946e-03
7.385871471135000386e-03
7.032256846218600151e-03
6.605122983524999887e-03
7.280462988439299725e-03
7.052339291164700340e-03
6.444096020836899766e-03
6.776560626803400031e-03
6.842989017113300203e-03
7.380043008842599589e-03
7.092932968225399738e-03
8.048865889460599457e-03
7.606432514051100074e-03
6.650003387311600143e-03
7.087804953518899755e-03
7.634330929115499750e-03
7.018278756680900420e-03
6.301035787754900343e-03
7.706933262917800391e-03
6.398805954813099710e-03
7.326214024265099642e-03
7.596173290880099856e-03
7.736778744341099752e-03
6.718114428170899634e-03
7.553833666682200146e-03
6.482310652148899795e-03
6.985634984930599867e-03
7.257078539711499590e-03
7.644376310501400235e-03
7.362365825615699994e-03
7.722120451605399630e-03
7.822286246649599525e-03
7.148291790198799817e-03
6.643116283006800411e-03
7.154351502103899890e-03
7.628980321225099955e-03
6.627155808850300131e-03
6.962272291436200078e-03
6.524694796791599867e-03
7.174333151532799949e-03
7.118007865510299695e-03
7.585675776398200128e-03
6.477379176069500248e-03
6.519629669852300240e-03
6.924191091133499731e-03
7.685905129766200210e-03
6.868790176113299777e-03
7.462783653304399904e-03
8.000151223771199971e-03
7.340347259074900092e-03
7.027887692644199831e-03
6.694785123142799749e-03
6.726134009576800223e-03
7.319279925413700247e-03
7.358046152167400239e-03
6.592919044737200092e-03
7.071294373663899839e-03
7.276222376223400248e-03
6.736773751965800111e-03
6.429715320891599660e-03
6.411938345283300054e-03
7.818320364286399787e-03
8.640731631759100348e-03
7.704359871585199880e-03
7.046171866166400267e-03
7.342675455420600433e-03
6.555771925781599986e-03
7.395001378229700169e-03
6.673944922176200216e-03
7.225183030067299818e-03
6.138744624532299805e-03
8.331286529191000295e-03
7.427212812269899656e-03
6.710105961747399664e-03
7.353229487790299661e-03
7.860263397187200810e-03
7.455088568943399677e-03
6.773012755298199981e-03
6.747295361151900428e-03
7.092245363487599888e-03
6.962144938839199930e-03
6.951041688773000257e-03
7.682018752603299652e-03
7.459922793736800152e-03
7.357383405150399666e-03
7.169237554899099939e-03
7.621827096259499792e-03
8.292014747907999750e-03
7.201753909929899632e-03
7.462267561146099931e-03
8.305796023267799852e-03
6.489816536382599609e-03
7.084837091078000255e-03
8.074854411989299680e-03
7.463747829602800261e-03
7.153065539111999951e-03
7.083695029360500238e-03
6.909716000313499869e-03
7.989188296596999930e-03
7.600202136801200055e-03
7.089829377430199690e-03
7.894446194550399504e-03
6.358090718948299601e-03
8.040405309956399557e-03
7.357966782378800273e-03
8.050991157599799927e-03
7.874652734942800408e-03
7.257444810727299578e-03
7.612553575438999603e-03
7.691309247680799821e-03
7.928820111387600150e-03
6.981795754870500151e-03
7.489823466563800235e-03
6.001511933697000097e-03
7.771264059810100398e-03
7.846278990080999757e-03
7.059023224602400254e-03
6.828962832080100187e-03
7.388508928203699894e-03
7.606917726581299832e-03
6.636729043649599626e-03
7.463682608785300078e-03
7.394453706904700191e-03
7.955626526513900551e-03
6.296607754839400259e-03
6.739248520761600275e-03
6.977795323318199648e-03
7.137317870862400215e-03
7.174946834848499981e-03
7.929085256098800799e-03
7.283116092352700209e-03
7.140589011704099633e-03
7.602276254912099934e-03
7.922832062043199883e-03
5.736853705157999792e-03
7.125692370993400374e-03
7.184836104849399996e-03
6.656460897361799779e-03
7.016103243805999791e-03
7.311896279068199993e-03
6.944604871380400182e-03
7.461337429971300061e-03
6.979654147629300344e-03
6.601901001287100064e-03
7.633617622804999940e-03
6.716437821714799951e-03
6.731897731673200033e-03
6.674961850852499656e-03
8.078275087165000257e-03
6.745888390206699649e-03
6.795367845396800381e-03
7.723028209833599986e-03
6.123141770159100036e-03
8.374599720158899460e-03
8.193536528735400476e-03
7.894609771886400632e-03
6.696386676025700181e-03
7.732322607254899817e-03
6.842504615649699744e-03
6.640775445515900016e-03
8.193383841983800653e-03
7.971012064061000837e-03
6.766578478404399952e-03
7.592777654422300411e-03
7.135031429678600004e-03
7.080983648676699924e-03
9.173251082947799992e-03
6.592504353291800227e-03
8.709219745809600524e-03
7.640648376705800118e-03
7.239857459186800279e-03
6.946447839502599940e-03
7.073621379287299907e-03
7.439939198799700240e-03
7.535372060456800407e-03
7.060892765827300049e-03
6.803859419651700317e-03
7.036465939073100091e-03
8.478952958295699407e-03
7.969618899386399918e-03
7.309341896462100314e-03
6.813879175302100209e-03
7.126415878896399762e-03
6.870750476698999840e-03
7.195059217062999696e-03
8.202877091238099452e-03
8.296819665541599678e-03
6.961469725375199653e-03
6.946286405615300329e-03
7.524087602769000127e-03
7.025447000220399855e-03
6.826968039947699761e-03
7.238187458336700283e-03
7.492301882772599633e-03
7.467892563860900092e-03
7.545183171161799589e-03
7.724033657996999709e-03
8.181417311815999960e-03
7.100716129823299652e-03
6.808896974733099836e-03
7.277072470800599775e-03
7.096620980653899763e-03
7.481483876689399605e-03
7.944681477623699584e-03
7.783721109673899692e-03
6.460654156997099919e-03
7.272759567455999892e-03
6.307936593018400109e-03
7.451099267513999758e-03
8.165942460733099928e-03
7.862402007252300429e-03
7.833549263039200211e-03
7.199065460734900036e-03
7.191633265651500156e-03
6.959675072409900361e-03
6.647183071474500014e-03
7.469930482582699989e-03
7.196072495460600037e-03
8.023421680135599948e-03
6.859220420998100171e-03
7.254556708739700287e-03
8.038202278408599494e-03
7.734055675842599863e-03
7.697624360492300206e-03
7.361730565470099921e-03
7.542010582588800152e-03
7.160816379078400150e-03
7.688048823138299986e-03
8.035191514606500329e-03
7.295076645185400062e-03
7.061226870022200425e-03
7.625698002394000127e-03
