3.099919120776131384e-07
3.102217609113098966e-07
3.102426423077351223e-07
3.102528523910608558e-07
3.111970129844799722e-07
3.100776125874306907e-07
3.101396670707747970e-07
3.101475263887467042e-07
3.102622730865044708e-07
3.108159530681584221e-07
3.110477508464770423e-07
3.123233404161674828e-07
3.104758647624934376e-07
3.100709823759929872e-07
3.112572834542861498e-07
3.112402093775721263e-07
3.112572834542861498e-07
3.104674210084333928e-07
3.112572834542861498e-07
3.123233404161674828e-07
3.105578673813095510e-07
3.102027740630388546e-07
3.113019273829035107e-07
3.104481502687409918e-07
3.112572834542861498e-07
3.198016466121344918e-07
3.112572834542861498e-07
3.123233404161674828e-07
3.099283014267755927e-07
3.102147999036613491e-07
3.102225545066011758e-07
3.101485593604862326e-07
3.115305284890236134e-07
3.100386498142498721e-07
3.103512492015555669e-07
3.111995978511753631e-07
3.107191834347947901e-07
3.100709823759929872e-07
3.102027740630388546e-07
3.098954488039688331e-07
3.111132269263904985e-07
3.103689973381161837e-07
3.101691179860662096e-07
3.104287761384473910e-07
3.101475263887467042e-07
3.100730111119551903e-07
3.108981054541210109e-07
3.101500505630503590e-07
3.111499426655036536e-07
3.103765495799586207e-07
3.341358964395084970e-07
3.112572834542861498e-07
3.163923978237809425e-07
3.110946113869149748e-07
3.100645373634255265e-07
3.100386498142498721e-07
3.101888353798348351e-07
3.110587645025171692e-07
3.100730111119551903e-07
3.099919120776131384e-07
3.102843870441005341e-07
3.102208796879222486e-07
3.104011157826948606e-07
3.100587212140774967e-07
3.105559977100022673e-07
3.104872262578948695e-07
3.099919120776131384e-07
3.195993841691110464e-07
3.111132269263904985e-07
3.102225545066011758e-07
3.749441210037819635e-07
3.112149801592532102e-07
3.102426423077351223e-07
3.100730111119551903e-07
3.098954488039688331e-07
3.101691179860662096e-07
3.112451404500343062e-07
3.102843870441005341e-07
3.102528523910608558e-07
3.341358964395084970e-07
3.101475263887467042e-07
3.172959763052643513e-07
3.107344132738723781e-07
3.102623183877724422e-07
3.113625363636179477e-07
3.101013968733990041e-07
3.101529285518514296e-07
3.110587645025171692e-07
3.105495532918502358e-07
3.102528523910608558e-07
3.101888353798348351e-07
3.102426423077351223e-07
3.103434951359187025e-07
3.186436296768437343e-07
3.107221045533247771e-07
3.108159530681584221e-07
3.102528523910608558e-07
3.384073059491176645e-07
3.116860511894004603e-07
3.101980844269006843e-07
3.101428671069036251e-07
3.101888353798348351e-07
3.101485593604862326e-07
3.100442704206861331e-07
3.112572834542861498e-07
3.112451404500343062e-07
3.104674210084333928e-07
3.103821891808395791e-07
3.102594817000955977e-07
3.101396670707747970e-07
3.099919120776131384e-07
3.104011157826948606e-07
3.103512492015555669e-07
3.100709823759929872e-07
3.102027740630388546e-07
3.110946113869149748e-07
3.100730111119551903e-07
3.101888353798348351e-07
3.104011157826948606e-07
3.099917921004108596e-07
3.105708012535501028e-07
3.098954488039688331e-07
3.105708012535501028e-07
3.101529285518514296e-07
3.100776125874306907e-07
3.104758647624934376e-07
3.100386498142498721e-07
3.111995978511753631e-07
3.100442704206861331e-07
3.102090117946467475e-07
3.108159530681584221e-07
3.102426423077351223e-07
3.102702639341887062e-07
3.104758647624934376e-07
3.110476001209920906e-07
3.100386498142498721e-07
3.111970129844799722e-07
3.099025486538380402e-07
3.102843870441005341e-07
3.102702639341887062e-07
3.102528523910608558e-07
3.103076731302304223e-07
3.102529069901295506e-07
3.112572834542861498e-07
3.101383864185868128e-07
3.109324129480674146e-07
3.101428671069036251e-07
3.099519613539517347e-07
3.104872262578948695e-07
3.110946113869149748e-07
3.100730111119551903e-07
3.153264124757127743e-07
3.103434951359187025e-07
3.101500505630503590e-07
3.163951064805301382e-07
3.099519613539517347e-07
3.100386498142498721e-07
3.131533907862903984e-07
3.101888353798348351e-07
3.102606110768216198e-07
3.104758647624934376e-07
3.109324129480674146e-07
3.102426423077351223e-07
3.104481502687409918e-07
3.113625363636179477e-07
3.111132269263904985e-07
3.100776125874306907e-07
3.120774015626582265e-07
3.102528523910608558e-07
3.102594817000955977e-07
3.111132269263904985e-07
3.100709823759929872e-07
3.101475263887467042e-07
3.110476001209920906e-07
3.102528523910608558e-07
3.122996932975321369e-07
3.105495532918502358e-07
3.117058137014971048e-07
3.103821891808395791e-07
3.099919120776131384e-07
3.101529285518514296e-07
3.103512492015555669e-07
3.105260531498989883e-07
3.108981054541210109e-07
3.107191834347947901e-07
3.102843870441005341e-07
3.153058853350364551e-07
3.100587212140774967e-07
3.100048073259300363e-07
3.109066689579652055e-07
3.099917921004108596e-07
3.104287761384473910e-07
3.113743745107934246e-07
3.104758647624934376e-07
3.153264124757127743e-07
3.113625363636179477e-07
3.099283014267755927e-07
3.103765495799586207e-07
3.102594817000955977e-07
3.099283014267755927e-07
3.105559977100022673e-07
3.111499426655036536e-07
3.100731060565530686e-07
3.107344132738723781e-07
3.153264124757127743e-07
3.101383864185868128e-07
3.101013968733990041e-07
3.102529069901295506e-07
3.103689973381161837e-07
3.111970129844799722e-07
3.153264124757127743e-07
3.110510799202679643e-07
3.103076731302304223e-07
3.105495532918502358e-07
3.111132269263904985e-07
3.100587212140774967e-07
3.101500505630503590e-07
3.100645373634255265e-07
3.101475263887467042e-07
3.110946113869149748e-07
3.110476001209920906e-07
3.102528523910608558e-07
3.099025486538380402e-07
3.173224005621895936e-07
3.101383864185868128e-07
3.123233404161674828e-07
3.101500505630503590e-07
3.103821891808395791e-07
3.105495532918502358e-07
3.102528523910608558e-07
3.101383864185868128e-07
3.101506226475899749e-07
3.103076731302304223e-07
3.105559977100022673e-07
3.101013968733990041e-07
3.111970129844799722e-07
3.186436296768437343e-07
3.110510799202679643e-07
3.099917921004108596e-07
3.105260531498989883e-07
3.104481502687409918e-07
3.104481502687409918e-07
3.749441210037819635e-07
3.107191834347947901e-07
3.098954488039688331e-07
3.113743745107934246e-07
3.100776125874306907e-07
3.104674210084333928e-07
3.102027740630388546e-07
3.110510799202679643e-07
3.101500505630503590e-07
3.102225545066011758e-07
3.100730111119551903e-07
3.111132269263904985e-07
3.105495532918502358e-07
3.113019273829035107e-07
3.101691179860662096e-07
