1.005420185956999940e-03
9.538956727624000025e-04
1.293891582554099933e-03
1.300404077640999979e-03
1.268844116461600004e-03
8.367637196683000217e-04
8.429043102594999549e-04
1.025446591586099939e-03
9.150550840901999858e-04
1.117524364871599896e-03
7.862159990743999719e-04
1.262607530593399955e-03
9.060293644656999519e-04
8.806488637794000459e-04
1.059201938182899923e-03
8.131739705941999977e-04
7.901542656309000316e-04
9.028444442125999492e-04
1.008027493397799929e-03
8.652623306621999837e-04
9.528104344398999684e-04
9.198207411164000327e-04
8.170265600573999726e-04
1.251917249258600049e-03
7.882118808501999965e-04
8.516502518523999575e-04
9.499724105298000326e-04
7.446354037352999680e-04
9.216238758400999848e-04
1.147685677052799960e-03
8.551101569626999620e-04
8.369593751826999786e-04
9.281728360193000149e-04
8.154502971296999749e-04
7.733080518002999467e-04
8.438900521759999836e-04
9.630747373794999776e-04
1.233953042701699905e-03
1.251973091795099925e-03
9.510520734496999634e-04
1.215447650876099904e-03
9.669237489727999704e-04
1.050230945071399915e-03
1.132431211451499905e-03
1.107905648655399967e-03
9.430203121888000193e-04
9.996145506570000474e-04
7.968144628661000132e-04
8.649632100607999776e-04
8.269507506796999492e-04
9.081375943287999832e-04
8.851028553599000126e-04
8.712288409909999714e-04
9.281460243607000081e-04
1.327869533905299930e-03
9.439841897073999967e-04
1.234059473572799923e-03
8.555927420113999858e-04
1.303422353534800003e-03
8.351496389706000462e-04
8.461233939119000092e-04
1.042911321494900028e-03
1.034360761310700039e-03
9.005975400619999462e-04
9.215764515413999878e-04
8.236103236940999633e-04
1.385080687280499994e-03
7.532426062991000055e-04
8.605582365291999632e-04
8.756340318295999627e-04
9.771499839301999758e-04
9.417150082279000019e-04
1.050921957659100041e-03
1.329259489195900104e-03
9.170285553508000309e-04
1.088105833937500020e-03
8.796257070287999630e-04
1.278974506492500064e-03
8.034089743880999668e-04
1.042196633321199961e-03
8.734254935006999883e-04
1.024965291179500077e-03
1.009590059913799930e-03
8.671320881190999665e-04
1.077384575770799985e-03
8.583234698090999636e-04
8.953689837324999836e-04
1.092581258926299910e-03
9.061267394484000173e-04
1.215720937617200022e-03
8.201162451176000111e-04
8.300126543987000312e-04
8.682333239325000116e-04
1.133545580110899981e-03
8.963099967630000194e-04
8.939606364443999616e-04
7.813023840696999749e-04
9.405847120922000443e-04
9.569185168242000427e-04
9.346686490395999950e-04
8.396175623585000122e-04
8.219393502901999960e-04
1.234059473572799923e-03
9.237647874382999905e-04
7.676659363653000247e-04
8.979992520568000390e-04
1.267693688688599930e-03
8.534545316698000008e-04
1.060978120518399912e-03
8.650798964976000489e-04
8.288719153126999960e-04
1.287104420219100038e-03
9.557851118341000431e-04
8.349883429755000468e-04
1.247302361886900050e-03
9.456340083824999821e-04
8.707281889700999597e-04
1.029672411633599958e-03
8.547571173220999945e-04
9.056618182855000025e-04
1.001849734453499939e-03
9.779370184225999376e-04
9.396352650844000398e-04
8.363132224207999723e-04
8.507870378281999751e-04
8.742708959932999702e-04
1.035499918650700053e-03
1.008502657860800003e-03
8.503552584957000098e-04
9.508648795892999913e-04
9.364673004681999804e-04
9.169081560271000100e-04
9.734665793672999919e-04
8.245375887713000214e-04
1.023336489175100074e-03
8.707334312581999948e-04
9.802588339503999666e-04
8.447037138211999910e-04
8.824678877209999597e-04
8.045593995218999848e-04
8.153172652227999671e-04
9.654974111373000427e-04
8.569396320304000511e-04
1.023266314006900015e-03
9.354618604201000304e-04
1.156057192863599922e-03
9.699207155784999755e-04
9.081754101213999463e-04
8.929798106388999899e-04
9.763886306318000528e-04
1.159238953068800031e-03
1.106396584984300092e-03
8.797093035130999642e-04
1.204697238559299935e-03
9.653527198365000278e-04
1.142280417678999968e-03
8.728210549435000236e-04
9.513523285306000037e-04
7.564435899299000498e-04
8.831669230736999493e-04
8.679035096184000526e-04
8.765006331850999470e-04
8.946450032485999673e-04
1.457239093759799984e-03
9.783653110560001052e-04
1.011742240289600003e-03
1.024231278725200051e-03
8.058474179716999461e-04
1.491930021623200011e-03
1.302269686756499971e-03
1.248308258004499982e-03
8.239429473919999535e-04
8.210156126312000277e-04
1.487287179788800064e-03
1.167913460881500089e-03
9.106275863274000508e-04
8.833159426435000091e-04
8.526196252001000137e-04
8.967883140402000200e-04
7.205222309934999599e-04
8.809882284517999871e-04
8.570532559281999465e-04
9.382294362688000083e-04
8.344802468473000532e-04
8.692205241952999893e-04
8.545727846152999805e-04
8.418609517614999548e-04
8.693852289532999749e-04
9.168881855977000037e-04
8.522614217827999749e-04
9.142077245643000488e-04
8.503525601601999830e-04
9.686119406800999766e-04
1.272943455203500015e-03
9.329378962120000139e-04
8.531348567859999704e-04
9.306791969186999991e-04
9.651608651998999601e-04
8.822509104743000161e-04
8.105336339237999548e-04
9.250476971092999948e-04
9.349276606574999544e-04
8.632199493140000528e-04
1.075720805592999922e-03
1.008474937106999944e-03
1.193727258164999907e-03
1.135141059590900024e-03
7.836906481594000393e-04
8.395975756721000280e-04
8.983154169121000112e-04
1.003679424110999951e-03
9.956224003520000761e-04
9.042551526097999818e-04
9.317372132885999711e-04
1.114950855482899983e-03
7.957466541128000110e-04
1.042260111053999912e-03
1.190357782054800003e-03
1.178322216235700012e-03
9.526921090366000534e-04
8.706611374243999890e-04
9.694334027070000302e-04
1.066990684574599998e-03
9.241377679186999882e-04
8.737689030139999743e-04
9.286898940617000116e-04
8.924770073775999688e-04
1.183494689798199892e-03
8.202990426227999574e-04
1.124664073979799979e-03
9.802294807704000495e-04
8.735013964116999582e-04
7.760510457327000032e-04
1.516527206946699947e-03
8.756393852306999835e-04
8.947081232985000174e-04
1.083819285812800048e-03
8.283834564666999693e-04
1.413100766266100084e-03
1.012183603125000079e-03
1.137936404543099956e-03
1.005815016129799934e-03
8.956178930928000454e-04
1.054254643963199950e-03
7.940744682673000175e-04
9.042482774271999937e-04
9.557217149642999827e-04
8.961411718902999920e-04
8.965182349723999468e-04
8.892356390047000039e-04
7.597327282219000413e-04
8.482278064410999968e-04
1.340174763337300019e-03
1.003450092432200047e-03
9.831788346294999779e-04
8.751109402228999861e-04
8.795418308668000174e-04
8.042362678217999505e-04
8.819267803217000498e-04
8.769957959879000385e-04
1.142280417678999968e-03
9.171436734257000078e-04
8.570045379237999821e-04
1.272943455203500015e-03
8.490378280483000355e-04
1.266133455624700093e-03
9.194721144897999732e-04
1.247615671813399928e-03
9.009545479359000290e-04
1.075864489583900057e-03
1.125615446448700006e-03
1.160277682453799992e-03
7.936463985076999943e-04
8.600740907888000403e-04
8.955913569439000535e-04
9.026314596586999762e-04
7.651215544056999595e-04
1.329259489195900104e-03
8.164805994025999989e-04
1.228829240724999905e-03
9.373156337735999866e-04
1.247422210398299895e-03
9.078982555828000144e-04
1.150500759028699966e-03
1.221715774593699899e-03
8.265700536150999856e-04
7.036357759902999928e-04
1.292811088367300069e-03
9.117085886694000158e-04
8.082649197981000427e-04
9.053810296420000334e-04
1.176103968010400094e-03
1.207802625085299935e-03
9.152020209758000326e-04
1.043433435309399932e-03
9.120613600459000301e-04
7.581593029042999528e-04
1.386924578772199971e-03
9.330818968143999702e-04
8.191722062977999791e-04
9.918543786119999543e-04
7.949449778771000520e-04
9.516845253292000126e-04
9.220809175288000427e-04
9.046473226438999466e-04
7.932675712341000131e-04
9.287315285586999775e-04
1.330580270224300012e-03
1.358995184995500033e-03
9.305447360671999756e-04
9.527445438023999721e-04
9.338381750805999602e-04
9.222712027027000093e-04
1.462681622633799951e-03
9.603401535453000206e-04
8.230601430338999611e-04
9.697316566957000323e-04
8.229710126257999605e-04
8.835859968283000165e-04
7.823231116059000019e-04
1.083117547082599903e-03
7.954537547008999751e-04
8.446209283060999865e-04
9.887202538547000714e-04
1.001548381383800083e-03
8.403352602040000535e-04
1.295028135254799916e-03
7.996208543186000394e-04
8.297429810286999653e-04
9.654805009980000361e-04
1.077384575770799985e-03
8.040183409081999837e-04
9.133097093384999997e-04
1.023594497028699948e-03
8.980288257135000040e-04
1.124842407245399975e-03
1.196024588693499939e-03
8.867442768239000312e-04
9.311939112770999767e-04
7.591661730344999521e-04
8.873500152666000161e-04
7.807186753580000081e-04
9.351013665257000129e-04
8.032742797169000132e-04
8.765952015792999969e-04
9.271015631461999732e-04
1.320642616872600003e-03
8.004877240158999761e-04
1.288462045283599988e-03
8.462917876182000356e-04
9.624437792390000412e-04
8.447339583416000513e-04
9.765823631739999153e-04
8.311897710442000316e-04
9.317118062993000023e-04
9.502967741934999950e-04
9.639780593777999779e-04
1.106025948066800043e-03
9.105088042506000135e-04
1.074360345541600006e-03
7.699798489164999841e-04
7.602923586033000268e-04
1.018351664291399904e-03
9.499822759952000414e-04
9.680812998453000411e-04
8.609463944367999741e-04
9.075414754802999797e-04
9.674208965174999715e-04
8.114330362919000084e-04
9.261870216752000201e-04
1.177242704370500079e-03
8.290026847368000456e-04
8.908918576204000357e-04
9.083012564711000301e-04
9.122949516097999829e-04
8.521440479798999927e-04
9.274158883841999816e-04
1.414076574490199991e-03
8.384587893360999963e-04
7.829505418539999591e-04
8.319058674913000105e-04
8.978731774712000492e-04
1.221506239186699984e-03
9.547351700875000326e-04
9.005958722586000038e-04
1.035499918650700053e-03
9.221921615983000179e-04
1.251220877375399916e-03
8.467226459821000075e-04
8.443458683281999597e-04
8.748615672367999552e-04
8.003760320180999723e-04
1.248308258004499982e-03
8.964019869922000040e-04
9.348208090473999815e-04
9.137216499144999726e-04
9.232926087206000040e-04
1.269975132394799994e-03
9.574132014122999816e-04
7.311345424979000468e-04
9.420278393828000404e-04
1.088672933666099893e-03
8.027401739975999944e-04
9.080837736034000482e-04
8.321497091562000351e-04
8.604651554551999643e-04
9.024584734457000417e-04
1.305717180411099980e-03
9.202771986856000345e-04
9.501174136793000139e-04
1.024109967702300063e-03
8.595129672144000360e-04
1.219913419853000010e-03
9.071219069853000061e-04
8.255063057431000478e-04
1.158487412448499978e-03
8.915783645442999870e-04
9.454993210894000041e-04
8.642854881658000024e-04
8.650887178121999472e-04
8.196153215373000326e-04
1.032477147424199979e-03
1.169307533557200013e-03
1.002787091617600001e-03
8.378315494790999516e-04
1.278974506492500064e-03
1.037518776352399979e-03
1.255108880215899956e-03
8.692046902093999907e-04
8.980812083186999733e-04
8.160267823220000109e-04
8.726581779476999838e-04
1.226360211187899974e-03
8.703782939312000111e-04
9.328501569720000020e-04
1.295644186175500022e-03
1.210357546280500015e-03
8.350676821265000252e-04
8.037977696457999748e-04
1.375532900197700076e-03
9.069486736497999824e-04
9.531143359018999592e-04
9.572528176354000483e-04
1.390575089179700097e-03
9.233773332302999811e-04
8.646658736123000438e-04
9.697963217710999818e-04
9.120874689130999829e-04
7.960424648847999867e-04
9.970373228146999812e-04
8.161995086038000089e-04
8.884244642006000137e-04
8.276362362752000094e-04
9.366818396319999667e-04
8.559891237833000500e-04
8.399317462985000276e-04
8.339260581569000021e-04
9.423295733573000023e-04
1.082543450536199974e-03
1.061889671252700014e-03
8.831146062560999571e-04
8.969956643652000471e-04
9.122853388230999861e-04
1.300404077640999979e-03
9.350844831402000280e-04
8.762636146936999756e-04
1.041826386917500029e-03
1.053977285358099992e-03
1.026292872608000010e-03
1.074762416138299974e-03
9.407062338854999721e-04
8.996360916164000037e-04
8.339547296880000507e-04
1.125910515472700046e-03
9.644753531239999957e-04
8.307585940104000215e-04
8.993357579730000334e-04
9.301767340239000450e-04
8.776082974554000370e-04
1.268819745865099958e-03
7.237641705968000374e-04
8.164882111307000334e-04
8.658425685213000465e-04
1.245934382626100049e-03
9.690032861856000311e-04
9.392735691115999862e-04
9.452062366124999683e-04
1.349061254120100103e-03
8.251226533415999698e-04
1.195889756778400039e-03
1.225448082753999909e-03
9.047535384019999606e-04
7.942012342202999691e-04
1.412991284529800055e-03
1.221715774593699899e-03
1.007804686373600048e-03
1.098769673406700068e-03
9.537826644693999907e-04
8.162302411893999779e-04
9.486296068578000014e-04
8.432166779659000392e-04
8.247664956104000479e-04
8.127420434863000427e-04
8.745009901201999730e-04
7.691197650295999652e-04
8.523657679023000176e-04
1.337978746576100070e-03
8.790187633639000514e-04
9.148173344902999935e-04
1.319830918642799986e-03
9.498760139995999791e-04
7.787821007023000130e-04
9.237450379758999986e-04
8.509775546354000474e-04
9.154131616649999756e-04
8.439051523454000128e-04
8.760901964736999897e-04
8.329531512518999941e-04
9.901488807363999830e-04
9.065845565863000447e-04
1.022756278026200035e-03
1.269343795880800100e-03
8.339998315548000432e-04
1.174604221098600031e-03
8.649464748809999838e-04
8.526203930434999873e-04
8.631885042699000100e-04
8.880149556606000381e-04
8.375717365559999560e-04
1.038597195858000002e-03
1.056780654842299962e-03
8.407851892488000427e-04
8.690630459440999754e-04
9.123113344218999627e-04
8.743843047587000154e-04
8.881958867472999810e-04
1.414076574490199991e-03
1.517096262223599935e-03
1.137511810406299914e-03
1.064325388393499950e-03
1.327443428977400025e-03
8.447530532469999702e-04
7.704422430286000456e-04
1.008439727336100065e-03
1.251220877375399916e-03
8.684494429876999950e-04
1.159576750024599989e-03
8.705468126569000350e-04
8.829957011199999735e-04
7.684800601131000324e-04
1.300533349927900009e-03
9.544803694229999583e-04
1.005624388503399908e-03
8.760749579850000447e-04
9.285362840126999565e-04
8.083254289782999683e-04
7.986809150055000422e-04
8.402169028449000448e-04
1.091006373479200091e-03
8.900696250629000451e-04
8.768708997267000158e-04
9.319139960244999989e-04
9.125283369379999770e-04
8.633169322529999886e-04
8.006995326779000385e-04
9.896046474744000978e-04
9.318136283507000078e-04
8.778163943973999513e-04
8.728054826561999898e-04
8.751951215050000161e-04
8.796848451771999708e-04
1.019667381174999910e-03
9.046818885136999593e-04
8.990582812922000332e-04
1.332847170455500043e-03
1.207282517845699975e-03
7.756544810234000100e-04
8.118076409929000361e-04
8.964674378651000478e-04
8.479497067872000240e-04
7.954790320093000277e-04
8.556145380512000407e-04
1.000307219140099922e-03
1.028975150474800053e-03
8.816203801409000463e-04
1.030403590985599915e-03
9.465171817003000063e-04
9.981761350891999503e-04
9.291648813833000130e-04
9.589855562913000061e-04
7.988089181419999549e-04
9.819448081128999504e-04
1.005113359086799978e-03
9.628075818500000244e-04
9.822986381369000312e-04
8.522034177287999548e-04
9.757645874201000338e-04
8.918495730969999832e-04
1.215157409839399960e-03
8.158547712735000077e-04
1.157150267931299995e-03
1.143566566250699915e-03
1.062268745521899966e-03
1.245609132037799917e-03
9.118295969471000009e-04
8.801069011087999565e-04
8.848189965274999482e-04
8.734601348987999780e-04
9.338272720953999517e-04
1.558118366142000012e-03
9.465682118866000161e-04
9.607530141752999939e-04
8.903821878363999721e-04
7.913800080715000136e-04
7.976957166569999778e-04
8.783029056035000347e-04
1.107702174048999944e-03
9.022173615463999945e-04
8.495894918039999634e-04
9.733232870608000487e-04
8.725686752215999851e-04
7.917726995414999707e-04
9.721670003185000188e-04
9.287716997927000263e-04
9.082872861425999840e-04
1.247302361886900050e-03
9.213002382488999975e-04
9.139774238010999613e-04
9.025630555524000263e-04
1.093819267937000059e-03
8.230988534256000180e-04
1.156057192863599922e-03
1.387076105735100037e-03
8.999415251612999942e-04
7.772004162684999478e-04
7.833446150660000303e-04
8.721537408216999609e-04
8.401523239478000515e-04
8.912157411855000169e-04
7.438062977997000067e-04
1.194833682319600089e-03
8.093431431458000293e-04
8.691798157490999771e-04
9.795261447678000558e-04
1.208692857038800098e-03
8.907386546573000177e-04
1.210848362829499997e-03
9.586929414440000441e-04
9.580442945618999548e-04
8.850882439369999605e-04
9.752451839855999938e-04
8.641849122498000517e-04
8.659972419211999471e-04
9.365021571242000166e-04
7.278404806349000411e-04
1.240737911076500053e-03
9.050028809319000380e-04
1.031435930201400099e-03
9.395494036216000362e-04
8.146579536253999903e-04
1.487287179788800064e-03
8.975587013646999478e-04
7.684933689445999985e-04
8.373430060635999759e-04
1.063077851686000099e-03
8.208807597643000449e-04
1.150394434032499941e-03
1.177712418543500018e-03
1.065322476397500065e-03
7.671291145748999896e-04
1.124236418052200091e-03
1.312513608498500029e-03
9.212842417274999659e-04
9.438053981405999503e-04
1.269477920208999903e-03
9.571990772993000393e-04
9.355792115426999917e-04
8.739289588271999818e-04
8.986527718661000081e-04
8.658532163475000064e-04
1.301576115570099966e-03
8.201503678164000178e-04
9.193075253554999467e-04
7.797664749713000172e-04
9.113488034247000085e-04
9.714515953796000252e-04
9.094884502361999567e-04
9.995290035059000832e-04
8.190708254469000445e-04
8.806771917166000179e-04
8.942657591084000445e-04
9.295227778835999906e-04
8.401617454743999514e-04
9.126238966662000504e-04
9.473596441431000187e-04
9.078855177899000260e-04
8.749042673710000391e-04
8.889928057417000474e-04
7.758676563175999482e-04
1.240737911076500053e-03
8.700887876942999585e-04
9.637351596399999646e-04
1.194833682319600089e-03
9.177397782343999812e-04
9.532403729795999514e-04
9.436477821132999459e-04
8.201329656762000294e-04
7.642662793886999912e-04
1.076058539757499943e-03
1.375532900197700076e-03
8.053494410020999809e-04
1.245934382626100049e-03
9.371159992962999801e-04
9.194990308476000277e-04
8.791355754069000430e-04
1.006025180698799908e-03
9.090208666802999764e-04
8.818502357255999504e-04
8.424586532464000375e-04
8.425190499769999843e-04
8.388652086227000064e-04
8.992066454470000426e-04
1.344262609698800058e-03
9.958354440787000640e-04
9.854607956879999318e-04
1.491930021623200011e-03
1.249814795653400069e-03
9.137079447184000107e-04
1.206992681074300086e-03
7.957894001815000052e-04
1.319489239366099936e-03
1.280826764245199994e-03
1.088064646446800085e-03
8.600087503233000159e-04
1.219489596393200049e-03
1.208154412972500076e-03
9.164989842631000253e-04
7.930213454715000221e-04
9.297702414013999652e-04
7.735318872413000056e-04
8.995336033371999652e-04
1.205743150018099945e-03
8.297691149283999710e-04
9.937225451075999520e-04
7.854200035743000340e-04
9.138013872166000397e-04
1.254532208707899964e-03
9.434757774024999473e-04
9.576260756508999826e-04
1.516527206946699947e-03
9.715423965880000054e-04
1.311351610511100104e-03
9.804470201303999103e-04
1.066177944149000051e-03
9.050720429581999692e-04
1.268077441783199916e-03
1.063680862001800025e-03
9.644662246127000535e-04
8.580324639522000094e-04
1.457239093759799984e-03
7.939426001314000420e-04
1.127645733684299982e-03
1.148525675890500102e-03
8.186701692530000364e-04
9.338870123930000360e-04
1.107478783469299918e-03
9.383262155601000036e-04
8.646197140452999488e-04
1.320538241015399919e-03
1.241437917351099996e-03
9.198096876904999792e-04
1.305013879064500061e-03
1.212318291655000053e-03
7.624565545953999922e-04
8.076028027783000362e-04
8.515176908384000350e-04
9.607324870440000228e-04
9.304315747856999486e-04
8.537238418236000031e-04
9.501635796782000433e-04
8.195250008609999493e-04
9.228422464380999597e-04
1.015067990871699934e-03
9.550342985735999846e-04
1.247144812114499941e-03
9.520619237575999585e-04
8.135385006406999466e-04
8.587285142852000468e-04
9.323820540953000084e-04
1.091813254403299930e-03
8.477359348146000376e-04
9.537178174870000530e-04
8.710038354086999763e-04
1.225384660047600062e-03
1.061991141522999893e-03
8.691992655702999874e-04
8.885176994404000387e-04
8.912098127953000434e-04
9.042604439175999913e-04
9.385235358038000091e-04
8.108435480358000113e-04
9.814007372429000859e-04
8.931498941633000260e-04
8.008568691710999657e-04
1.146621887928400089e-03
1.139998434331100088e-03
1.268819745865099958e-03
8.640078717252000235e-04
8.688479968895000509e-04
8.760859182152999896e-04
8.957214983597999725e-04
9.191175135472999568e-04
8.405801784365999740e-04
8.937245720843999637e-04
1.378720006780200045e-03
1.038615630594499906e-03
9.423532537028999918e-04
8.325286253372999766e-04
8.263733187134000022e-04
8.565826818316000157e-04
1.206992681074300086e-03
8.763055473910999699e-04
1.295028135254799916e-03
8.885854551462000301e-04
1.327443428977400025e-03
8.866898863098000416e-04
7.916237593377999744e-04
1.344262609698800058e-03
8.783283675999999703e-04
1.195889756778400039e-03
9.272630444876000209e-04
8.548071444594999889e-04
9.192508459529999615e-04
9.076155259211000350e-04
8.478747105805000198e-04
9.954525767172999699e-04
1.061915514371299975e-03
8.297595031508999677e-04
8.231951574828000025e-04
8.661641703776000456e-04
8.069148793701999686e-04
1.107387825590100015e-03
8.887775230055999743e-04
1.124633381806999961e-03
8.533041869966999588e-04
9.087717516820999772e-04
8.283972962495999692e-04
9.315539180269000533e-04
9.025590546721999705e-04
8.748874682124999948e-04
7.788968601779999593e-04
1.148706499361500056e-03
1.262607530593399955e-03
9.140897959010000360e-04
8.448611121545999796e-04
1.047253141223000034e-03
1.129690409361599991e-03
1.312513608498500029e-03
1.020450523304200106e-03
1.146621887928400089e-03
9.114540179302999499e-04
7.960385050231000509e-04
1.060425595732400082e-03
9.104956401522000097e-04
8.083558560664000272e-04
9.170135817692999947e-04
7.286758627225999822e-04
1.119679115302299986e-03
8.826425108535000154e-04
9.149357968533999635e-04
1.176185531678300075e-03
7.955934839873000366e-04
1.043896700027199939e-03
9.556270064792999697e-04
8.857189189397000157e-04
1.054254643963199950e-03
8.729404505561999886e-04
9.281194890632999848e-04
1.411001125221899959e-03
8.614756355603999912e-04
8.601717453595999563e-04
1.030358163256300070e-03
1.321680791552300041e-03
9.508392022723000190e-04
8.732235471367999621e-04
1.385080687280499994e-03
9.074152353875000309e-04
9.350456488315000460e-04
1.358995184995500033e-03
8.675685079386999832e-04
9.431792458847999784e-04
9.271000279280999746e-04
9.815467524093000364e-04
9.309322676227000260e-04
8.990034943957000502e-04
9.576673359775999530e-04
8.460255529629999655e-04
9.599262782903000358e-04
9.901803653623001029e-04
1.305013879064500061e-03
8.562826329378000296e-04
9.573472630419999595e-04
1.026647677715999962e-03
9.938275829469000316e-04
1.207282517845699975e-03
8.180522726882000304e-04
9.940625632209999871e-04
9.261870216752000201e-04
1.293397514398899944e-03
7.717479067260999467e-04
9.322032393094000337e-04
9.307956309789999468e-04
1.105358071271799955e-03
8.802388967167999734e-04
8.676932818887999558e-04
1.067105128583900088e-03
1.007247672190699980e-03
9.407091150152000229e-04
7.654573915653999907e-04
1.159541845010300058e-03
1.163308028586200081e-03
9.850140324436000919e-04
9.208393792971000325e-04
7.361837518291999794e-04
9.569948983415000037e-04
1.110145125324599972e-03
9.787044000860000825e-04
8.940397371197000322e-04
1.222289878135700107e-03
1.247951264692399908e-03
9.483825651673999683e-04
9.037362798576999839e-04
9.471025303853000373e-04
8.756671321480000115e-04
8.883094293792000509e-04
1.067586796784699994e-03
1.170049994469000033e-03
1.125615446448700006e-03
8.856203075172999761e-04
8.763707451315000266e-04
1.038379913162399944e-03
9.459951319725000245e-04
9.690196077949000215e-04
1.312568756779500028e-03
1.022132196192499995e-03
8.404769236691000218e-04
8.405226393685999615e-04
9.620184857613999939e-04
1.340174763337300019e-03
8.910031641213999763e-04
7.494902958182999859e-04
1.331940095603100080e-03
8.800816752497000192e-04
8.768619267474999680e-04
1.305717180411099980e-03
8.368416786929000093e-04
8.145871717027999533e-04
1.311351610511100104e-03
1.032386841650899953e-03
1.195813616935500080e-03
1.437211840234200013e-03
1.280826764245199994e-03
8.504362741582999988e-04
9.032482195587000469e-04
9.029206880540000413e-04
9.598522581394999809e-04
1.055686816704499943e-03
9.545543680221000270e-04
9.564989965839000010e-04
8.779906287162999841e-04
8.141453395925999769e-04
8.823366605183000522e-04
9.508630211697000328e-04
8.396141693128999920e-04
1.184456190346500027e-03
9.247506721519000101e-04
7.993269331058999987e-04
1.026713064614300083e-03
9.057504762512000231e-04
9.166725488086000136e-04
1.193818507495300043e-03
8.184588744710000500e-04
9.454283857784999672e-04
8.627263530443999955e-04
9.502453309660999648e-04
9.188205616100000297e-04
8.778162259261999617e-04
8.429080050986999598e-04
8.227516824357999654e-04
9.513426560105999949e-04
8.007400784457000030e-04
1.387076105735100037e-03
9.054301492570999890e-04
9.065293926338000323e-04
8.272787857499000171e-04
8.325002486218999924e-04
1.064616517166100092e-03
8.086951595148000318e-04
8.749303657296999973e-04
9.190287166123999648e-04
9.968695924333999172e-04
1.297770581070899903e-03
7.645628408519000328e-04
1.390964977474700099e-03
1.043150668680300000e-03
1.013115205710899899e-03
8.358220918054000415e-04
8.292990542504999557e-04
1.058742970476400083e-03
9.553439770569000043e-04
7.145405028492000498e-04
7.494664158212999833e-04
9.219432518126999699e-04
9.017677612136999711e-04
8.763538557603000418e-04
9.021166107848999863e-04
8.726644207418999709e-04
9.079048066195999573e-04
8.244393960089999506e-04
8.515089755642000135e-04
9.843960410049000086e-04
8.314513769682000148e-04
1.192651527458100068e-03
1.332100975739399992e-03
9.891263144448999168e-04
9.825330188155000002e-04
1.247615671813399928e-03
1.275229831876100025e-03
8.216873206717999678e-04
1.114950855482899983e-03
1.107478783469299918e-03
7.751693399922999703e-04
1.065766698121999988e-03
9.930146757756999013e-04
1.319830918642799986e-03
8.344794783787999560e-04
8.997405723480000504e-04
8.885821159313999620e-04
8.677279310295999814e-04
9.641955370257999621e-04
1.009085665184599953e-03
8.404186306562000082e-04
8.242655137402000358e-04
1.003354122217399967e-03
1.066018068002100002e-03
8.162094570635999987e-04
8.691865390335000007e-04
8.835816303772999836e-04
1.245609132037799917e-03
1.180998057461800019e-03
8.613708038748000336e-04
1.027768253425600034e-03
8.878118717967999670e-04
1.340305197347899926e-03
8.340892120720999961e-04
9.080591846800000399e-04
1.439233956691599904e-03
9.075950960481000019e-04
1.414713756494799914e-03
9.034592192443999898e-04
7.879849286614999497e-04
1.248712242631000056e-03
1.041874604557700050e-03
9.402193964394000300e-04
1.023839517003299893e-03
9.788894393845000690e-04
9.548902890932999855e-04
9.427463929157000331e-04
8.955570670098000029e-04
7.986298697204999644e-04
7.849873695075000211e-04
8.886944871410000502e-04
8.686200647210000044e-04
8.711026855103999730e-04
9.021276469278999939e-04
9.037529472926000102e-04
8.871650233760999728e-04
8.951976480137999832e-04
8.792381428002999733e-04
8.696073046337999537e-04
8.577296267725999668e-04
8.664699277150999732e-04
1.051022579037500003e-03
7.938377942049000156e-04
8.801925220859999933e-04
8.807787467179999628e-04
1.210848362829499997e-03
9.453603662282999802e-04
8.559673104317999616e-04
1.072558748910900023e-03
1.245432036370199913e-03
9.495271214454999555e-04
7.929455877053999489e-04
9.149611685792000213e-04
8.893305672789999497e-04
8.455832585702999487e-04
9.019504249262000166e-04
8.973556291590999981e-04
8.402270274602000521e-04
1.148706499361500056e-03
9.151913863367999941e-04
1.144565193937200015e-03
1.335955769697599925e-03
9.154099076516999511e-04
9.284851885808999717e-04
8.645829077757000115e-04
1.011485049484200059e-03
1.197652885599900059e-03
8.816142972858000007e-04
8.247116820195999742e-04
1.215720937617200022e-03
1.002665142411900004e-03
8.732528926564000040e-04
7.848762976682999463e-04
1.072614701211799942e-03
9.487582464061000177e-04
1.073000199527700087e-03
9.251967552429999578e-04
1.326301014151799957e-03
8.430065724308999755e-04
8.294685376507999466e-04
8.817006281156999871e-04
8.015719745796999821e-04
8.156579581156000016e-04
1.165531925765899953e-03
8.955103837772999476e-04
1.147570902864299917e-03
1.059023013577500101e-03
8.759898399560000224e-04
8.338528867107999985e-04
1.026357497731800097e-03
1.019827249598700058e-03
9.446582103711000100e-04
9.670825578540000493e-04
8.603393735140999702e-04
1.232382412673999972e-03
9.926565052442999203e-04
1.193073711553200049e-03
8.800398019856999583e-04
8.042394833174999497e-04
1.179192145513900105e-03
1.320538241015399919e-03
9.381287084355999922e-04
8.315824629388999774e-04
1.103760357665399972e-03
9.334109625564000062e-04
8.739820042062999492e-04
8.658012067027999773e-04
7.404320341276000124e-04
8.160916523867999808e-04
7.842519883614999798e-04
8.893521898658999581e-04
8.666362167364000417e-04
7.843176476168000092e-04
1.413100766266100084e-03
9.489591875476000417e-04
8.370605584088000335e-04
8.565729684125000364e-04
1.068102682434599960e-03
9.252579175109000142e-04
1.330297312076700019e-03
8.245408416524000264e-04
8.663737995509999869e-04
1.152897135965000059e-03
9.249093745680999701e-04
9.357021762238000454e-04
9.998904356840999322e-04
9.088711006543999686e-04
9.320996103246000303e-04
1.021509586604500090e-03
8.875864804457000382e-04
9.781251732180001011e-04
7.355618230328999979e-04
8.770111204554000180e-04
9.432350065445000266e-04
8.715262933326999983e-04
8.120187701355000400e-04
1.148525675890500102e-03
1.009172787655199981e-03
8.742325130544000315e-04
1.462681622633799951e-03
8.163050306408999989e-04
1.176185531678300075e-03
8.199639031889000224e-04
7.544618026519000218e-04
8.705607459018999648e-04
7.889706822557000180e-04
1.212318291655000053e-03
1.205540012449800042e-03
1.001402339420800038e-03
1.073294860121600056e-03
1.435245399207500097e-03
7.964808913221000210e-04
8.683739695880000322e-04
1.027868406758100000e-03
8.657277564263999789e-04
1.055864960043500101e-03
9.240916554651999520e-04
8.996048760390000509e-04
1.169307533557200013e-03
1.302269686756499971e-03
1.041312399530199906e-03
1.216065297688000016e-03
8.329810291907999500e-04
1.293397514398899944e-03
1.008258394602200032e-03
8.392573619526999540e-04
8.958839153571000009e-04
8.542560429481000066e-04
8.174478508006999744e-04
1.092581258926299910e-03
9.458867370992999485e-04
8.722110752290000192e-04
8.328869099384000408e-04
8.340759234575999791e-04
8.925281376217999866e-04
8.678765670108000299e-04
8.805405314778999614e-04
1.290527615264500019e-03
8.445599156691000484e-04
8.471614485630000330e-04
1.210937227864700020e-03
1.106379563103699953e-03
9.713416577177999512e-04
7.931402947280000474e-04
9.691605052534000425e-04
9.792934285354000946e-04
8.548679545234000310e-04
8.082848623118000239e-04
8.544011046212000166e-04
8.118378308439999766e-04
8.355646983855000501e-04
1.128437428492299948e-03
8.912710063923000043e-04
9.872555583957999016e-04
9.226676477121000539e-04
9.119687779433000366e-04
9.014529696784999999e-04
8.092507280278000113e-04
1.034577273489900064e-03
1.227412382864000043e-03
9.350083437222999477e-04
8.662384318234000319e-04
9.716219538922000239e-04
9.070833246107999799e-04
1.287855822859699942e-03
9.314210743503999537e-04
1.124236418052200091e-03
8.649748171367000089e-04
1.189474774855899973e-03
9.437391167125999507e-04
7.888260736820999850e-04
1.370651457541499987e-03
1.172278941855099893e-03
8.926114954227000117e-04
9.094289366374000124e-04
7.699062765906000303e-04
1.290644261424499966e-03
8.495015556558999916e-04
8.006237230516999835e-04
8.957628607697000174e-04
9.654771712317999650e-04
7.872654442018000090e-04
8.679753273777000323e-04
1.339743908575500003e-03
9.677927799342999574e-04
8.909865163426000483e-04
1.197945650795200021e-03
1.220651880586100030e-03
1.205743150018099945e-03
1.194714397995599951e-03
8.432858800554999786e-04
