1.607771701397927217e-07
1.607902539884267183e-07
1.617186695260290438e-07
1.614478911070940341e-07
1.609270521170189771e-07
1.612590482898148809e-07
1.607489690082352504e-07
1.611376230127508955e-07
1.607410733345722669e-07
1.701082991676577870e-07
1.607410733345722669e-07
1.607963381520367904e-07
1.628180221072900334e-07
1.613823931085778497e-07
1.607765810506260473e-07
1.607721106003464935e-07
1.609446732118391495e-07
1.623524320787396027e-07
1.607902539884267183e-07
1.607721106003464935e-07
1.607765810506260473e-07
1.607765810506260473e-07
1.607489690082352504e-07
1.620548328070849712e-07
1.609446732118391495e-07
1.611432554437248278e-07
1.608003792602236181e-07
1.607863964897583164e-07
1.609040833035978166e-07
1.611376230127508955e-07
1.607410733345722669e-07
1.619434012817924910e-07
1.608146755389950561e-07
1.607765810506260473e-07
1.609270521170189771e-07
1.607065143932655075e-07
1.607410733345722669e-07
1.672156764848665630e-07
1.608146755389950561e-07
1.607288884821115661e-07
1.679373469450558232e-07
1.608471212654052007e-07
1.608146755389950561e-07
1.607065143932655075e-07
1.608612960976864192e-07
1.665823215774226005e-07
1.615091711474049934e-07
1.607863964897583164e-07
1.610848242416806944e-07
1.607192774940802444e-07
1.611113817885695139e-07
1.610606382018999107e-07
1.609850994615727081e-07
1.607410733345722669e-07
1.608163535832915959e-07
1.607863964897583164e-07
1.608126294660889084e-07
1.609446732118391495e-07
1.616966832343245546e-07
1.609040833035978166e-07
1.608773363870684803e-07
1.613331069285568180e-07
1.608612960976864192e-07
1.612399806846688413e-07
1.607765810506260473e-07
1.607489690082352504e-07
1.607065143932655075e-07
1.607410733345722669e-07
1.623019745677121909e-07
1.610848242416806944e-07
1.610449724718869798e-07
1.699527846921640344e-07
1.613581826855100969e-07
1.609312742772293721e-07
1.607489690082352504e-07
1.611113817885695139e-07
1.607192774940802444e-07
1.617091821642569277e-07
1.608146755389950561e-07
1.621299446055177203e-07
1.608126294660889084e-07
1.622357248183325617e-07
1.708533059450431520e-07
1.616966832343245546e-07
1.634971920356904544e-07
1.613823931085778497e-07
1.607863964897583164e-07
1.611863757573021500e-07
1.607410733345722669e-07
1.608773363870684803e-07
1.608471212654052007e-07
1.607489690082352504e-07
1.664621485381043674e-07
1.610449724718869798e-07
1.629895965789957727e-07
1.607078996465225566e-07
1.612399806846688413e-07
1.619434012817924910e-07
1.610449724718869798e-07
1.656512164008783219e-07
1.608773363870684803e-07
1.607721106003464935e-07
1.608773363870684803e-07
1.607192774940802444e-07
1.612742604004136588e-07
1.607065143932655075e-07
1.607863964897583164e-07
1.612742604004136588e-07
1.608163535832915959e-07
1.611113817885695139e-07
1.609664972594264617e-07
1.607765810506260473e-07
1.608003792602236181e-07
1.608203718163723159e-07
1.610186712775397073e-07
1.608203718163723159e-07
1.627420637401961316e-07
1.609040833035978166e-07
1.608323557226580549e-07
1.607410733345722669e-07
1.608126294660889084e-07
1.607489690082352504e-07
1.608126294660889084e-07
1.623152783297523456e-07
1.622357248183325617e-07
1.608717222230787100e-07
1.609850994615727081e-07
1.664621485381043674e-07
1.607410733345722669e-07
1.608003792602236181e-07
1.607765810506260473e-07
1.616966832343245546e-07
1.609040833035978166e-07
1.609878115667610622e-07
1.607288884821115661e-07
1.609664972594264617e-07
1.608003792602236181e-07
1.612590482898148809e-07
1.607729638916574267e-07
1.608471212654052007e-07
1.621299446055177203e-07
1.609960073791316495e-07
1.607078996465225566e-07
1.608982391159669459e-07
1.607288884821115661e-07
1.608003792602236181e-07
1.608323557226580549e-07
1.608440970854587575e-07
1.607410733345722669e-07
1.607489690082352504e-07
1.607288884821115661e-07
1.607192774940802444e-07
1.633942404284563012e-07
1.608146755389950561e-07
1.607078996465225566e-07
1.611652156712069465e-07
1.608126294660889084e-07
1.607078996465225566e-07
1.609312742772293721e-07
1.611863757573021500e-07
1.607192774940802444e-07
1.623152783297523456e-07
1.609850994615727081e-07
1.608003792602236181e-07
1.607863964897583164e-07
1.607140561708100539e-07
1.610606382018999107e-07
1.608839663727165021e-07
1.608612960976864192e-07
1.607765810506260473e-07
1.672748281462348704e-07
1.608163535832915959e-07
1.607721106003464935e-07
1.608440970854587575e-07
1.607288884821115661e-07
1.622357248183325617e-07
1.611863757573021500e-07
1.611863757573021500e-07
1.623152783297523456e-07
1.618359068908622938e-07
1.623537313377077242e-07
1.608203718163723159e-07
1.607963381520367904e-07
1.608612960976864192e-07
1.607140561708100539e-07
1.607410733345722669e-07
1.607765810506260473e-07
1.608839663727165021e-07
1.607963381520367904e-07
1.607721106003464935e-07
1.607065143932655075e-07
1.607902539884267183e-07
1.607489690082352504e-07
1.608612960976864192e-07
1.608163535832915959e-07
1.608648511186818034e-07
1.607410733345722669e-07
1.608003792602236181e-07
1.659902550793380206e-07
1.609227158225222651e-07
1.854138185380658445e-07
1.834061744601459805e-07
1.607410733345722669e-07
1.607078996465225566e-07
1.659902550793380206e-07
1.624473200806280288e-07
1.608648511186818034e-07
1.608146755389950561e-07
1.608440970854587575e-07
1.608126294660889084e-07
1.607863964897583164e-07
1.607729638916574267e-07
1.608440970854587575e-07
1.607730990507823730e-07
1.609878115667610622e-07
1.613581826855100969e-07
1.607863964897583164e-07
1.607771701397927217e-07
1.623962001925713835e-07
1.613581826855100969e-07
1.610606382018999107e-07
1.608982391159669459e-07
1.607489690082352504e-07
1.625887316182995659e-07
1.628629865239242053e-07
1.607410733345722669e-07
1.607410733345722669e-07
1.607765810506260473e-07
1.607863964897583164e-07
1.612742604004136588e-07
1.607729638916574267e-07
1.607765810506260473e-07
1.607721106003464935e-07
1.607078996465225566e-07
1.608440970854587575e-07
1.608203718163723159e-07
1.609664972594264617e-07
1.607065143932655075e-07
1.607771701397927217e-07
1.607902539884267183e-07
1.623152783297523456e-07
1.607730990507823730e-07
1.607730990507823730e-07
1.608323557226580549e-07
1.656512164008783219e-07
1.607765810506260473e-07
1.608163535832915959e-07
1.608126294660889084e-07
1.607489690082352504e-07
1.610599761019525449e-07
1.607765810506260473e-07
1.607765810506260473e-07
1.608839663727165021e-07
1.608612960976864192e-07
1.608003792602236181e-07
1.613823931085778497e-07
1.607765810506260473e-07
1.609664972594264617e-07
1.608648511186818034e-07
1.607410733345722669e-07
1.607489690082352504e-07
1.650431497168011705e-07
1.607078996465225566e-07
1.608146755389950561e-07
1.607065143932655075e-07
1.609227158225222651e-07
1.607765810506260473e-07
1.608471212654052007e-07
1.608003792602236181e-07
1.607729638916574267e-07
1.607288884821115661e-07
1.621531159258400487e-07
1.613823931085778497e-07
1.607489690082352504e-07
1.615220722128469440e-07
1.607065143932655075e-07
1.609227158225222651e-07
1.638752040005166658e-07
1.612590482898148809e-07
1.633942404284563012e-07
1.609850994615727081e-07
1.607192774940802444e-07
1.612590482898148809e-07
1.611863757573021500e-07
1.608648511186818034e-07
1.607902539884267183e-07
1.607410733345722669e-07
1.607288884821115661e-07
1.607410733345722669e-07
1.629895965789957727e-07
1.617091821642569277e-07
1.607140561708100539e-07
1.608648511186818034e-07
1.607288884821115661e-07
1.607192774940802444e-07
1.608471212654052007e-07
1.608773363870684803e-07
1.607140561708100539e-07
1.607863964897583164e-07
1.610186712775397073e-07
1.609878115667610622e-07
1.607489690082352504e-07
1.623152783297523456e-07
1.609227158225222651e-07
1.615220722128469440e-07
1.611432554437248278e-07
1.736691481409836039e-07
1.607730990507823730e-07
1.607963381520367904e-07
1.607765810506260473e-07
1.612742604004136588e-07
1.609446732118391495e-07
1.608440970854587575e-07
1.609227158225222651e-07
1.608839663727165021e-07
1.607721106003464935e-07
1.736691481409836039e-07
1.607140561708100539e-07
