3.233035919242530299e-08
3.233298939426549001e-08
3.251965369388322419e-08
3.246520743838827082e-08
3.236049723329998819e-08
3.242724456798319851e-08
3.232468957238512475e-08
3.240282931777179271e-08
3.232309920773381730e-08
3.420433382498423961e-08
3.232309920773381730e-08
3.233421375316932402e-08
3.274061616959040735e-08
3.245205455661584517e-08
3.233024140245875782e-08
3.232934249719584730e-08
3.236403779931023060e-08
3.264704317983493973e-08
3.233298939426549001e-08
3.232934249719584730e-08
3.233024140245875782e-08
3.233024140245875782e-08
3.232468957238512475e-08
3.258724167899805484e-08
3.236403779931023060e-08
3.240396870419603426e-08
3.233502651598791384e-08
3.233221505358968377e-08
3.235587715628982023e-08
3.240282931777179271e-08
3.232309920773381730e-08
3.256483495597922569e-08
3.233789705484491850e-08
3.233024140245875782e-08
3.236049723329998819e-08
3.231615273850345462e-08
3.232309920773381730e-08
3.362391785615864915e-08
3.233789705484491850e-08
3.232065202564035926e-08
3.376995371628751459e-08
3.234442502221113101e-08
3.233789705484491850e-08
3.231615273850345462e-08
3.234727543948295540e-08
3.349712021000140841e-08
3.247754035345043795e-08
3.233221505358968377e-08
3.239221735823602439e-08
3.231871759299481491e-08
3.239756048085512031e-08
3.238735536294191307e-08
3.237216626048333092e-08
3.232309920773381730e-08
3.233823839894200094e-08
3.233221505358968377e-08
3.233748781407771435e-08
3.236403779931023060e-08
3.251522814852022956e-08
3.235587715628982023e-08
3.235050094019989022e-08
3.244213030870622859e-08
3.234727543948295540e-08
3.242341822584341481e-08
3.233024140245875782e-08
3.232468957238512475e-08
3.231615273850345462e-08
3.232309920773381730e-08
3.263694298046579372e-08
3.239221735823602439e-08
3.238420605271320966e-08
3.417313028953715574e-08
3.244718457735989649e-08
3.236134301950989637e-08
3.232468957238512475e-08
3.239756048085512031e-08
3.231871759299481491e-08
3.251774813866830592e-08
3.233789705484491850e-08
3.260235248771757682e-08
3.233748781407771435e-08
3.262361886836976559e-08
3.435559138241042002e-08
3.251522814852022956e-08
3.287711235094879181e-08
3.245205455661584517e-08
3.233221505358968377e-08
3.241264105937605852e-08
3.232309920773381730e-08
3.235050094019989022e-08
3.234442502221113101e-08
3.232468957238512475e-08
3.347322809950146779e-08
3.238420605271320966e-08
3.277510134610979510e-08
3.231643065097888103e-08
3.242341822584341481e-08
3.256483495597922569e-08
3.238420605271320966e-08
3.331024382688520306e-08
3.235050094019989022e-08
3.232934249719584730e-08
3.235050094019989022e-08
3.231871759299481491e-08
3.243031296795374961e-08
3.231615273850345462e-08
3.233221505358968377e-08
3.243031296795374961e-08
3.233823839894200094e-08
3.239756048085512031e-08
3.236842788978096255e-08
3.233024140245875782e-08
3.233502651598791384e-08
3.233904606256193690e-08
3.237891747918789107e-08
3.233904606256193690e-08
3.272536083559632742e-08
3.235587715628982023e-08
3.234145595499691253e-08
3.232309920773381730e-08
3.233748781407771435e-08
3.232468957238512475e-08
3.233748781407771435e-08
3.263961917631812097e-08
3.262361886836976559e-08
3.234937074777944581e-08
3.237216626048333092e-08
3.347322809950146779e-08
3.232309920773381730e-08
3.233502651598791384e-08
3.233024140245875782e-08
3.251522814852022956e-08
3.235587715628982023e-08
3.237271072295515555e-08
3.232065202564035926e-08
3.236842788978096255e-08
3.233502651598791384e-08
3.242724456798319851e-08
3.232951386482277584e-08
3.234442502221113101e-08
3.260235248771757682e-08
3.237435837061811220e-08
3.231643065097888103e-08
3.235470397617733648e-08
3.232065202564035926e-08
3.233502651598791384e-08
3.234145595499691253e-08
3.234381447755116892e-08
3.232309920773381730e-08
3.232468957238512475e-08
3.232065202564035926e-08
3.231871759299481491e-08
3.285638138192156969e-08
3.233789705484491850e-08
3.231643065097888103e-08
3.240837977934844345e-08
3.233748781407771435e-08
3.231643065097888103e-08
3.236134301950989637e-08
3.241264105937605852e-08
3.231871759299481491e-08
3.263961917631812097e-08
3.237216626048333092e-08
3.233502651598791384e-08
3.233221505358968377e-08
3.231766954712119474e-08
3.238735536294191307e-08
3.235183070928942497e-08
3.234727543948295540e-08
3.233024140245875782e-08
3.363576815654135316e-08
3.233823839894200094e-08
3.232934249719584730e-08
3.234381447755116892e-08
3.232065202564035926e-08
3.262361886836976559e-08
3.241264105937605852e-08
3.241264105937605852e-08
3.263961917631812097e-08
3.254322637177261547e-08
3.264735239882099064e-08
3.233904606256193690e-08
3.233421375316932402e-08
3.234727543948295540e-08
3.231766954712119474e-08
3.232309920773381730e-08
3.233024140245875782e-08
3.235183070928942497e-08
3.233421375316932402e-08
3.232934249719584730e-08
3.231615273850345462e-08
3.233298939426549001e-08
3.232468957238512475e-08
3.234727543948295540e-08
3.233823839894200094e-08
3.234798572093436962e-08
3.232309920773381730e-08
3.233502651598791384e-08
3.337809843653796504e-08
3.235962097032056263e-08
3.728238263199147700e-08
3.687346834730843529e-08
3.232309920773381730e-08
3.231643065097888103e-08
3.337809843653796504e-08
3.266615196749081424e-08
3.234798572093436962e-08
3.233789705484491850e-08
3.234381447755116892e-08
3.233748781407771435e-08
3.233221505358968377e-08
3.232951386482277584e-08
3.234381447755116892e-08
3.232953782033327129e-08
3.237271072295515555e-08
3.244718457735989649e-08
3.233221505358968377e-08
3.233035919242530299e-08
3.265589243480552034e-08
3.244718457735989649e-08
3.238735536294191307e-08
3.235470397617733648e-08
3.232468957238512475e-08
3.269457529463075862e-08
3.274965773206329784e-08
3.232309920773381730e-08
3.232309920773381730e-08
3.233024140245875782e-08
3.233221505358968377e-08
3.243031296795374961e-08
3.232951386482277584e-08
3.233024140245875782e-08
3.232934249719584730e-08
3.231643065097888103e-08
3.234381447755116892e-08
3.233904606256193690e-08
3.236842788978096255e-08
3.231615273850345462e-08
3.233035919242530299e-08
3.233298939426549001e-08
3.263961917631812097e-08
3.232953782033327129e-08
3.232953782033327129e-08
3.234145595499691253e-08
3.331024382688520306e-08
3.233024140245875782e-08
3.233823839894200094e-08
3.233748781407771435e-08
3.232468957238512475e-08
3.238721891934543451e-08
3.233024140245875782e-08
3.233024140245875782e-08
3.235183070928942497e-08
3.234727543948295540e-08
3.233502651598791384e-08
3.245205455661584517e-08
3.233024140245875782e-08
3.236842788978096255e-08
3.234798572093436962e-08
3.232309920773381730e-08
3.232468957238512475e-08
3.318770782501656417e-08
3.231643065097888103e-08
3.233789705484491850e-08
3.231615273850345462e-08
3.235962097032056263e-08
3.233024140245875782e-08
3.234442502221113101e-08
3.233502651598791384e-08
3.232951386482277584e-08
3.232065202564035926e-08
3.260700568942032580e-08
3.245205455661584517e-08
3.232468957238512475e-08
3.248013612061912026e-08
3.231615273850345462e-08
3.235962097032056263e-08
3.295301541252943605e-08
3.242724456798319851e-08
3.285638138192156969e-08
3.237216626048333092e-08
3.231871759299481491e-08
3.242724456798319851e-08
3.241264105937605852e-08
3.234798572093436962e-08
3.233298939426549001e-08
3.232309920773381730e-08
3.232065202564035926e-08
3.232309920773381730e-08
3.277510134610979510e-08
3.251774813866830592e-08
3.231766954712119474e-08
3.234798572093436962e-08
3.232065202564035926e-08
3.231871759299481491e-08
3.234442502221113101e-08
3.235050094019989022e-08
3.231766954712119474e-08
3.233221505358968377e-08
3.237891747918789107e-08
3.237271072295515555e-08
3.232468957238512475e-08
3.263961917631812097e-08
3.235962097032056263e-08
3.248013612061912026e-08
3.240396870419603426e-08
3.492197479184660499e-08
3.232953782033327129e-08
3.233421375316932402e-08
3.233024140245875782e-08
3.243031296795374961e-08
3.236403779931023060e-08
3.234381447755116892e-08
3.235962097032056263e-08
3.235183070928942497e-08
3.232934249719584730e-08
3.492197479184660499e-08
3.231766954712119474e-08
