3.799284262427631703e-03
3.901570798811175231e-03
3.893445395051348557e-03
3.820528405942520602e-03
3.906000566372244860e-03
3.910022149202142805e-03
3.907800802804797802e-03
3.893674691622594011e-03
3.786412255175714611e-03
3.910826347777422371e-03
3.908799326343958928e-03
3.886724271199379615e-03
3.834854186562397863e-03
3.889386672171795106e-03
3.902411874367105789e-03
3.923057688539703311e-03
3.902411874367105789e-03
3.862350134611816990e-03
3.902411874367105789e-03
3.886724271199379615e-03
3.827410627095105718e-03
3.897774043547934473e-03
3.898015056833366038e-03
3.861194173824409378e-03
3.902411874367105789e-03
3.848822779840583175e-03
3.902411874367105789e-03
3.886724271199379615e-03
3.880700347240380495e-03
3.804872915709411885e-03
3.827705390670261588e-03
3.788830931478800318e-03
3.892791920275849062e-03
3.866076569084214189e-03
3.867929530886410772e-03
3.845874359815406630e-03
3.909786968872327149e-03
3.889386672171795106e-03
3.897774043547934473e-03
3.876529900033046008e-03
3.820769419227952168e-03
3.899151574610858900e-03
3.887710222470002006e-03
3.864636839916006390e-03
3.893674691622594011e-03
3.807778276726763410e-03
3.914371190678269004e-03
3.830555165199383497e-03
3.921210201400524356e-03
3.861102766014585901e-03
3.748032781492665819e-03
3.902411874367105789e-03
3.883599888171045556e-03
3.825166236761691919e-03
3.911580918032292985e-03
3.866076569084214189e-03
3.876842884033829349e-03
3.828754928766830556e-03
3.807778276726763410e-03
3.799284262427631703e-03
3.816199757445934686e-03
3.810464584864588135e-03
3.821905937005444596e-03
3.791858444212908592e-03
3.783948536218995507e-03
3.783857128409172030e-03
3.799284262427631703e-03
3.771577142235168871e-03
3.820769419227952168e-03
3.827705390670261588e-03
3.813354877417277859e-03
3.923793325283216234e-03
3.893445395051348557e-03
3.807778276726763410e-03
3.876529900033046008e-03
3.887710222470002006e-03
3.845812050934289007e-03
3.816199757445934686e-03
3.820528405942520602e-03
3.748032781492665819e-03
3.893674691622594011e-03
3.797810115506488476e-03
3.832541331266913279e-03
3.872055711075021462e-03
3.920797827965114175e-03
3.835213278194657491e-03
3.882118553314826189e-03
3.828754928766830556e-03
3.912099824167811733e-03
3.820528405942520602e-03
3.876842884033829349e-03
3.893445395051348557e-03
3.794810073469607591e-03
3.780250634452226189e-03
3.833580710172008067e-03
3.910826347777422371e-03
3.820528405942520602e-03
3.776399042195050133e-03
3.917127433225637070e-03
3.904951028275675893e-03
3.812141034566380801e-03
3.876842884033829349e-03
3.788830931478800318e-03
3.834335280426879114e-03
3.902411874367105789e-03
3.845812050934289007e-03
3.862350134611816990e-03
3.784716344440291428e-03
3.824325161205760926e-03
3.907800802804797802e-03
3.799284262427631703e-03
3.821905937005444596e-03
3.867929530886410772e-03
3.889386672171795106e-03
3.897774043547934473e-03
3.825166236761691919e-03
3.807778276726763410e-03
3.876842884033829349e-03
3.821905937005444596e-03
3.885023914332177281e-03
3.785104497006403119e-03
3.876529900033046008e-03
3.785104497006403119e-03
3.882118553314826189e-03
3.910022149202142805e-03
3.834854186562397863e-03
3.866076569084214189e-03
3.845874359815406630e-03
3.834335280426879114e-03
3.816429054017180141e-03
3.910826347777422371e-03
3.893445395051348557e-03
3.861961982045705732e-03
3.834854186562397863e-03
3.918236433670337776e-03
3.866076569084214189e-03
3.906000566372244860e-03
3.872626501846812910e-03
3.816199757445934686e-03
3.861961982045705732e-03
3.820528405942520602e-03
3.912637949010302693e-03
3.835392311404888822e-03
3.902411874367105789e-03
3.912458915800071796e-03
3.831553688738544624e-03
3.812141034566380801e-03
3.869104081818322462e-03
3.783857128409172030e-03
3.825166236761691919e-03
3.807778276726763410e-03
3.814513412794074375e-03
3.794810073469607591e-03
3.830555165199383497e-03
3.806354250565631252e-03
3.869104081818322462e-03
3.866076569084214189e-03
3.828993111202735541e-03
3.876842884033829349e-03
3.799597246428415478e-03
3.834854186562397863e-03
3.831553688738544624e-03
3.893445395051348557e-03
3.861194173824409378e-03
3.920797827965114175e-03
3.820769419227952168e-03
3.910022149202142805e-03
3.809478633593965744e-03
3.820528405942520602e-03
3.824325161205760926e-03
3.820769419227952168e-03
3.889386672171795106e-03
3.893674691622594011e-03
3.918236433670337776e-03
3.820528405942520602e-03
3.834971793604891391e-03
3.912099824167811733e-03
3.839881795620223200e-03
3.784716344440291428e-03
3.799284262427631703e-03
3.882118553314826189e-03
3.867929530886410772e-03
3.787391202310592519e-03
3.914371190678269004e-03
3.909786968872327149e-03
3.816199757445934686e-03
3.891759050399488246e-03
3.791858444212908592e-03
3.795380864241399040e-03
3.837125553072854699e-03
3.885023914332177281e-03
3.864636839916006390e-03
3.843552190359699871e-03
3.834854186562397863e-03
3.814513412794074375e-03
3.920797827965114175e-03
3.880700347240380495e-03
3.861102766014585901e-03
3.824325161205760926e-03
3.880700347240380495e-03
3.783948536218995507e-03
3.921210201400524356e-03
3.832776511596728934e-03
3.832541331266913279e-03
3.814513412794074375e-03
3.912458915800071796e-03
3.835213278194657491e-03
3.835392311404888822e-03
3.899151574610858900e-03
3.906000566372244860e-03
3.814513412794074375e-03
3.840990796064923472e-03
3.912637949010302693e-03
3.912099824167811733e-03
3.820769419227952168e-03
3.791858444212908592e-03
3.830555165199383497e-03
3.911580918032292985e-03
3.893674691622594011e-03
3.825166236761691919e-03
3.918236433670337776e-03
3.820528405942520602e-03
3.872626501846812910e-03
3.875055753111902347e-03
3.912458915800071796e-03
3.886724271199379615e-03
3.830555165199383497e-03
3.784716344440291428e-03
3.912099824167811733e-03
3.820528405942520602e-03
3.912458915800071796e-03
3.863657892781128481e-03
3.912637949010302693e-03
3.783948536218995507e-03
3.835213278194657491e-03
3.906000566372244860e-03
3.780250634452226189e-03
3.840990796064923472e-03
3.885023914332177281e-03
3.787391202310592519e-03
3.861194173824409378e-03
3.861194173824409378e-03
3.813354877417277859e-03
3.909786968872327149e-03
3.876529900033046008e-03
3.843552190359699871e-03
3.910022149202142805e-03
3.862350134611816990e-03
3.897774043547934473e-03
3.840990796064923472e-03
3.830555165199383497e-03
3.827705390670261588e-03
3.807778276726763410e-03
3.820769419227952168e-03
3.912099824167811733e-03
3.898015056833366038e-03
3.887710222470002006e-03
