1.257919232010100072e-03
1.379900490922400047e-03
6.631408894929300031e-03
5.766806136129200115e-03
6.188959144367600293e-03
1.227964027391899955e-03
1.607887884667499965e-03
1.732634217707899925e-03
1.682893273816899902e-03
1.305847493885800049e-03
1.565729898062600059e-03
6.635934327802000404e-03
1.829350037145900058e-03
1.317602709670000032e-03
1.559570736846400008e-03
1.203468972188700059e-03
1.594582318289499995e-03
1.844555137765100002e-03
1.657274174902600029e-03
1.647460722783500048e-03
1.664772392927200018e-03
1.695194264226200075e-03
1.572423822719099971e-03
5.321922199994499891e-03
1.634166815103999968e-03
1.704308273143799977e-03
1.547103321039799972e-03
1.581181693413500093e-03
1.768324717301199929e-03
4.844922051879900320e-03
1.783063171689700096e-03
1.198081364384999967e-03
1.579886007360300050e-03
1.682783973088300021e-03
1.809022283692500021e-03
1.638183717666399919e-03
1.079080236620100089e-03
5.634655283407900145e-03
6.903267918377800280e-03
1.559512856253400092e-03
5.992828930041700294e-03
1.498154174763700061e-03
1.226075049875199972e-03
6.999492296461000233e-03
1.576645203326800058e-03
1.577504574746100077e-03
1.614199820315499962e-03
1.573090794091799990e-03
1.431203407759400062e-03
1.813744791678899900e-03
1.706892595115000032e-03
1.116315461408799942e-03
1.305254496642999995e-03
1.759871830575900032e-03
6.145317103025900278e-03
1.244664076336300055e-03
6.084610014102600009e-03
1.540530528226100038e-03
6.831058520585299790e-03
1.093973633919600010e-03
1.257050188619300091e-03
1.305799218525500061e-03
1.771357771876100025e-03
1.533058566115600048e-03
1.336106890674300038e-03
1.686545369074499926e-03
6.491134243300699866e-03
1.598736732929800092e-03
1.348625610791199950e-03
1.327628069308299952e-03
1.291410916879899909e-03
1.306254224330700032e-03
1.540449936041100041e-03
5.251981299514800298e-03
1.475741265652400066e-03
7.140340606971999800e-03
1.628154700871999906e-03
5.492997706603899855e-03
1.157502534976899942e-03
1.910228434724400067e-03
1.659264286421300010e-03
1.354186955741700036e-03
1.080574877495300108e-03
1.368843566725799982e-03
6.115694252309599940e-03
1.792419274630599902e-03
1.289926162762200035e-03
5.373410959646000157e-03
1.342178855819400017e-03
6.475689683901600033e-03
1.469533867495400031e-03
1.774409935404700107e-03
1.492259004094099962e-03
6.633876459042199573e-03
1.397025553274999906e-03
1.359586898253100024e-03
1.184388413692599902e-03
1.136009301124799899e-03
1.613685287731400023e-03
1.490176547478900063e-03
1.260791430324699957e-03
1.292379673893300071e-03
6.084610014102600009e-03
1.654268362310499932e-03
1.683906241774399968e-03
1.506154880846200016e-03
6.626627078711300016e-03
1.481697888990400093e-03
5.568293014955600327e-03
1.066862474987100018e-03
1.577337061704000036e-03
5.843016271529700122e-03
1.246875029000000037e-03
1.680764729262399990e-03
7.322086725759300099e-03
1.786752150736199956e-03
1.472393991092399998e-03
1.325763487807600071e-03
1.500798911409400010e-03
1.099264770234400102e-03
1.646044972668499933e-03
1.176110272998199960e-03
1.552665332187600075e-03
1.709000463837100038e-03
1.411032772046700006e-03
1.541192588335100078e-03
5.980597891165399978e-03
1.233272879931499944e-03
1.645534771620899917e-03
1.729596550510300017e-03
1.657367085681800065e-03
1.640550228706000053e-03
1.243403663764100020e-03
1.510619420333700075e-03
1.195134483919400034e-03
1.113704579288699991e-03
1.227206608727000013e-03
1.683650476179800095e-03
1.394879398944599922e-03
1.004559803286100101e-03
1.556925743801400048e-03
1.293665211701399949e-03
1.549378236822199998e-03
5.074107399735500352e-03
1.228638793992099928e-03
6.493741958310299961e-03
1.277673473447399994e-03
1.728238801397699934e-03
1.462744072426000073e-03
1.310227251631700032e-03
6.610466429006299841e-03
6.135585199723199608e-03
1.583329265493500088e-03
6.956021485724600030e-03
1.862384991176999982e-03
5.457419689011600190e-03
1.282350304240599970e-03
1.324770978188799997e-03
1.635217508625099944e-03
1.144231680674399985e-03
1.455453740690400071e-03
1.149601128094399983e-03
1.144998198954300019e-03
5.719057810868699923e-03
1.553929441385999916e-03
1.380878789275399908e-03
1.315348174179699998e-03
1.506103969336899983e-03
6.292284729652500297e-03
6.858064894386200171e-03
6.695270304376299900e-03
1.586111422886400018e-03
1.651105224627700055e-03
6.515060766656700399e-03
5.796670557303000050e-03
1.930665855554000070e-03
1.826151892478699917e-03
1.366291523745099970e-03
1.160992761729599983e-03
1.643176879398399902e-03
1.792099793883100006e-03
1.433895292867200027e-03
1.470817675337799920e-03
1.565324523341599973e-03
1.404441843180300083e-03
1.797205200539900077e-03
1.613309787020699966e-03
1.446799096253399914e-03
1.262902944224799902e-03
1.583708658749499905e-03
1.883164492702499998e-03
1.511731077271899915e-03
6.156203004565099883e-03
5.768472876874299916e-03
1.611998131358499935e-03
1.664507985249300080e-03
1.898213398110699945e-03
1.553977431364399935e-03
1.648013403523199919e-03
1.458319301487700061e-03
1.338444390618600014e-03
1.781246405130999929e-03
1.611928139475199938e-03
1.233118198740099959e-03
1.280594149648000071e-03
6.686515204354700342e-03
1.372407020602700069e-03
1.657190177716999979e-03
1.031229552169000020e-03
1.511432734492100007e-03
1.537593311841300037e-03
1.317050140571700062e-03
1.269418524135099927e-03
1.152767567895400047e-03
6.242939598665600033e-03
1.701855194168900090e-03
6.169118816886099907e-03
6.029514067626699954e-03
6.048649221912200113e-03
1.207420466982600006e-03
1.848562565089399961e-03
1.602441073746900101e-03
1.315386623999099990e-03
1.870588711346900072e-03
1.434906838263499962e-03
1.802306666315800108e-03
1.592895232313199915e-03
5.539691656897400424e-03
1.159439870776299980e-03
6.642646003527899641e-03
1.365400877611199978e-03
1.523324470987599995e-03
1.505214563326800082e-03
6.794907769737099784e-03
1.537591937391699897e-03
1.671474314130700018e-03
1.524799598420399898e-03
1.377464322475800088e-03
5.603323957045499605e-03
1.558144315564299973e-03
5.916019406572100431e-03
2.191303375510999813e-03
1.547267500243400045e-03
6.318206631555699920e-03
1.866195358461799920e-03
1.483480021817900046e-03
1.092570999759900040e-03
9.790641641654999634e-04
1.534277710007099895e-03
1.338262791211400002e-03
1.667327243780400078e-03
1.555788333632799995e-03
6.153620771940000039e-03
1.346138860674900035e-03
1.586375338306100042e-03
1.713888505508199970e-03
1.066523137790800031e-03
1.875164129508400009e-03
1.619657088765599946e-03
9.812510538186999722e-04
5.457419689011600190e-03
1.447581092188200084e-03
1.663549923763599963e-03
5.768472876874299916e-03
1.752621610192799930e-03
6.688616569852499916e-03
1.271298033588100099e-03
5.987919249406100340e-03
1.755955601510099991e-03
1.406851467123199908e-03
5.444111764614800036e-03
6.509898788221800403e-03
1.248379355651300059e-03
1.494196437992699987e-03
1.415525285280499904e-03
1.316704352132399983e-03
1.689348617953799914e-03
5.251981299514800298e-03
1.440303203295599955e-03
6.170565706029300379e-03
1.655812935613700009e-03
5.058257950174300382e-03
1.621614419417400071e-03
6.972273022296300408e-03
6.543004303822499979e-03
1.416276031951599953e-03
1.764751705963600028e-03
6.586107411316300363e-03
1.570494996062900099e-03
1.192804553546700013e-03
1.240319680638399952e-03
5.997502368469799852e-03
6.094584348191599797e-03
1.314510823248799930e-03
1.276833453984999988e-03
1.800676454025299964e-03
1.488259028732600089e-03
6.353786872112900282e-03
1.915798461640999973e-03
1.458962005244800100e-03
1.400701572215999917e-03
1.531514905467999937e-03
1.347876556500699928e-03
1.863716787734899950e-03
1.590437826023299991e-03
1.175834393932400105e-03
1.521885624377499954e-03
6.429286550909099791e-03
6.440319670471399659e-03
1.584011047106100023e-03
1.349628527318100062e-03
1.172437829718099914e-03
1.542757477901200019e-03
6.107079386576799718e-03
1.565268992434999933e-03
1.823188622095099935e-03
1.364686549764999954e-03
1.490986132924199993e-03
1.098798190621499927e-03
1.391479842847400099e-03
6.713221488508500263e-03
1.435015903895999921e-03
1.694812684932799898e-03
1.243716233211900057e-03
5.828480109334800360e-03
1.622429388051100036e-03
6.569073486380999638e-03
1.437781387373200095e-03
9.977321075368000836e-04
1.254223786704200105e-03
6.115694252309599940e-03
1.471385326095800070e-03
1.408294603929400018e-03
6.896270275539099701e-03
1.506547061251699900e-03
1.285448721247299964e-03
5.460117486447100058e-03
1.475359699156899998e-03
2.027182278812000166e-03
1.626000849935000043e-03
1.221349966241699978e-03
1.744490425200000009e-03
1.658745340629200074e-03
1.660153906723300108e-03
1.600252965496200058e-03
1.817435300224500049e-03
6.047354140903800357e-03
1.273891661908500101e-03
5.849591113798200369e-03
1.535441084060700043e-03
1.207263151251100055e-03
1.498913770048100093e-03
1.618207647989300000e-03
1.359264057790099964e-03
1.173446575446499994e-03
1.471158259363400085e-03
1.247366987509200033e-03
5.856988432011599709e-03
1.862941723802000009e-03
1.325153375824499914e-03
1.772435274748100078e-03
1.026402199228699987e-03
1.727040974958699926e-03
1.155331013179200028e-03
1.681077188588600037e-03
1.015672432603700057e-03
1.766447286156100100e-03
1.285840376721699959e-03
1.668013808895100081e-03
1.180124260911399967e-03
6.574206611855299906e-03
1.528605039046800019e-03
1.120466742663900079e-03
1.337851273580400015e-03
1.666311731214399974e-03
1.610513061317200064e-03
1.843467947199700077e-03
6.069938973102899891e-03
9.976634490175999900e-04
1.732356417208100099e-03
1.129902627745900086e-03
1.789250407832900088e-03
6.590715078278699957e-03
1.677187102805600093e-03
1.354301212921200015e-03
5.980597891165399978e-03
1.861737784143999977e-03
6.537316078387500097e-03
1.470688856351199964e-03
1.191538141886100107e-03
1.953747382001999947e-03
1.503202167789700026e-03
6.695270304376299900e-03
1.591963267441800101e-03
1.310718789782500029e-03
1.753454393794000006e-03
1.573705360870699971e-03
6.117290978475299970e-03
1.513962648501600066e-03
1.633211511908199938e-03
1.073288849060400046e-03
1.335341459601300032e-03
1.187804923904099913e-03
1.237851453746200000e-03
1.621671595256300074e-03
1.241484468987899895e-03
1.325667630619300043e-03
5.943597834489200080e-03
1.005676720247700075e-03
1.341775357345000074e-03
1.376933482503200044e-03
1.907312495746799931e-03
6.247092534510699686e-03
1.252298754275200021e-03
1.097837474660799976e-03
7.407149312941499995e-03
1.673456189481300040e-03
1.266262105656900099e-03
1.649336637406999956e-03
1.393109656328500026e-03
1.665287229183900044e-03
1.969696893101200146e-03
6.697674795299300189e-03
1.248104872121399934e-03
1.424086993245800032e-03
5.492997706603899855e-03
1.799282848720899905e-03
7.226276197227999784e-03
1.429606871928099966e-03
1.274004873320999957e-03
1.855529471134200088e-03
1.422580517995800011e-03
6.599241331539999929e-03
1.568750540045600085e-03
1.584630681562999898e-03
5.526355972939700316e-03
5.719761766400799884e-03
1.339295420771900074e-03
1.477064134373499895e-03
6.430709241717700274e-03
1.143757163450000083e-03
1.705944099330599989e-03
1.336679414080699973e-03
5.773523648009999849e-03
1.767518390560300070e-03
1.079558552311100060e-03
1.634647460249600073e-03
1.175375239776000041e-03
1.829225185695199964e-03
1.295150229151800086e-03
1.710186705311199894e-03
1.575927141677800104e-03
1.600434496553999929e-03
1.432206875024900081e-03
1.210905233417200032e-03
1.769338826332999930e-03
1.651172267320599914e-03
1.634002955699500074e-03
5.947067691939599693e-03
1.742227808354800036e-03
1.419333958868899915e-03
1.119575655146500025e-03
1.359356118843999895e-03
5.766806136129200115e-03
1.002266328897999902e-03
1.707559622685200047e-03
5.600839507228500339e-03
1.289340029302500027e-03
1.336741409172399970e-03
7.109316000969899581e-03
1.692043417062000015e-03
1.124721088704600056e-03
1.222626054257099993e-03
5.349560292686600382e-03
1.370859037611399985e-03
1.694645710985499907e-03
1.312558922232100059e-03
1.189733859577199893e-03
1.062319616096100072e-03
5.846678327569900142e-03
1.744024337941100069e-03
1.139002806716899949e-03
1.722857370189100025e-03
6.056373522339500090e-03
1.398149547064699971e-03
1.404545097833999898e-03
1.182571333025199964e-03
5.560698403731799931e-03
1.782907430459299957e-03
6.787780222295000318e-03
6.024165135530799853e-03
1.300594077916400080e-03
1.575449812744200099e-03
6.418999311069400159e-03
6.543004303822499979e-03
1.766744105881200072e-03
5.830308049534700318e-03
1.318221033112699928e-03
1.543807408416100107e-03
1.654049944266599908e-03
1.648053102052900003e-03
1.635268214411200001e-03
1.522551895192400051e-03
1.574033484066600028e-03
1.681539703370699915e-03
1.728092953642700047e-03
6.354752978215899746e-03
1.301587364478300072e-03
1.815838409253300043e-03
6.171394720339299679e-03
1.785164552824699971e-03
1.784295792925699904e-03
1.202020160062400008e-03
1.853315209775000015e-03
1.188288367565200083e-03
1.495858173768600070e-03
1.598157871075399968e-03
1.570534341339900088e-03
1.199510015586999993e-03
1.480135788499100042e-03
1.595962709267799906e-03
5.986328817085300423e-03
1.593680520330800028e-03
5.582162346428500357e-03
1.684022648777399938e-03
1.439269956370600083e-03
1.239647765395900060e-03
1.246078038797500008e-03
1.783627989804599913e-03
1.795734656829600043e-03
1.330390360792600094e-03
1.835513832710999969e-03
1.260388176601300080e-03
1.671125037722000087e-03
1.239796451014500093e-03
1.083000140467699950e-03
6.069938973102899891e-03
6.203982487288799835e-03
6.349588441284400274e-03
1.443869324708100003e-03
6.888744325157500348e-03
1.863331551687499909e-03
1.665885386263999931e-03
1.308489396296299949e-03
6.537316078387500097e-03
1.793144364164200085e-03
5.914724805636100043e-03
1.571941386446999928e-03
1.638459265330799962e-03
1.501868094543499935e-03
6.459859592226600312e-03
1.476950989392100027e-03
1.773243303883400082e-03
1.039508652206599893e-03
1.231660659140100013e-03
1.713493079656500107e-03
1.683326143892000058e-03
1.588038830216100027e-03
1.303605448416800001e-03
1.183128952608699909e-03
1.294071934300699894e-03
1.503093679448800008e-03
1.669251716845999945e-03
1.336025048922499965e-03
1.676115451038600072e-03
1.857943761996600071e-03
1.833382453735799954e-03
1.326579820944999953e-03
1.659142742246899963e-03
1.750751571313699951e-03
1.459666173143799950e-03
1.240322414926499925e-03
1.333279286013299997e-03
1.179339801129399967e-03
5.704580023204400101e-03
5.869743667074499988e-03
1.742743349602399920e-03
1.573255853272700075e-03
2.132237339895899988e-03
1.547095491369799951e-03
1.521585434279700087e-03
1.605100915956400066e-03
1.468661524073000069e-03
2.015063632669700146e-03
1.174422246791199942e-03
1.351150484414400050e-03
1.939371404496900014e-03
1.395926148245500101e-03
1.602421669877999999e-03
1.466836073532599939e-03
1.246581475860100100e-03
1.510126558630599984e-03
1.323917919289599931e-03
1.541363443333600104e-03
1.581457433349400072e-03
1.444468346413799956e-03
1.720491908051199979e-03
1.793980660368899895e-03
7.041927846130099922e-03
1.570658346476400038e-03
6.130856154728000010e-03
6.278603016457800189e-03
5.343050441437799739e-03
5.616019796297700394e-03
1.278124513244499908e-03
1.673445927114499939e-03
1.786054994638299918e-03
1.553842384230799895e-03
1.289496746334199955e-03
6.811014712721399911e-03
1.452001751669599900e-03
1.843541713848699960e-03
1.711342595166700023e-03
1.732236268104900105e-03
1.531736269132699972e-03
1.703823417726599981e-03
1.361164045739699999e-03
1.401586223891200089e-03
1.770405840481099934e-03
1.680918238996799994e-03
1.795891843844700042e-03
1.622564100755099960e-03
1.244497918855900012e-03
1.736874964754000009e-03
1.284985314316899972e-03
7.322086725759300099e-03
1.256899967192199935e-03
1.850051123055300017e-03
1.625306981317999923e-03
1.347044783051799983e-03
1.163442969431200021e-03
6.493741958310299961e-03
6.152757000452100181e-03
1.384999866233999934e-03
1.379633901930099951e-03
1.374660056506400024e-03
1.614090109567700064e-03
1.585779846336699992e-03
1.385002372903200050e-03
1.601983348554200009e-03
5.300090224202899658e-03
1.609523198848300096e-03
1.823531593163899922e-03
1.852841801367300029e-03
6.586416724248800141e-03
1.758016586416299900e-03
6.364546071974499716e-03
1.274783346279100048e-03
1.234106110457299996e-03
1.546179996725400088e-03
1.410531119878599910e-03
1.747883445165300011e-03
1.042769893578400107e-03
1.410981689805699928e-03
1.604451029666999987e-03
6.531515402225999793e-03
1.801673333615499972e-03
1.233429879731900037e-03
1.287505630094800107e-03
1.670616338715799967e-03
6.515060766656700399e-03
1.848072108728199920e-03
1.668245489374599929e-03
1.723014391416899903e-03
1.305714603649899951e-03
1.505489883178699924e-03
5.717439201840799658e-03
6.861198309675500297e-03
1.495151364412100007e-03
1.600443129595499918e-03
6.006210622883700022e-03
6.471172906050100260e-03
1.524556160526899977e-03
1.524760483446600031e-03
6.631137427699499570e-03
1.556651250665000083e-03
1.381045788520699922e-03
1.777027395820299964e-03
1.283054822211600072e-03
1.613956930615699894e-03
5.351004311361600048e-03
1.690952891022799937e-03
1.366746365279100000e-03
1.652672485043700078e-03
1.203189837030800048e-03
1.828354035139999985e-03
1.359399393915200005e-03
1.313892158070999964e-03
1.376851150260399942e-03
1.474043017782799940e-03
1.228881297792799995e-03
1.602024263704200039e-03
1.756188165587099911e-03
1.161199647560700069e-03
1.675014528879300007e-03
1.679307973846100007e-03
1.613730087647599967e-03
1.637494352180799903e-03
1.793242112930599997e-03
6.531515402225999793e-03
1.944290716343600100e-03
1.740422932057100053e-03
5.300090224202899658e-03
1.704761250785700099e-03
1.154761981938900008e-03
1.927633707072900007e-03
1.584873389552800054e-03
1.324557502515300066e-03
1.357058130191800011e-03
6.430709241717700274e-03
1.635077696166000035e-03
6.056373522339500090e-03
1.405623682917299909e-03
1.189025013417400025e-03
1.758623848451200096e-03
1.679978723631100077e-03
1.341369484849800090e-03
1.794315645310400054e-03
1.250591282386800040e-03
1.739514899960599914e-03
1.393014046067599966e-03
1.274461380617200037e-03
5.806280424504499729e-03
1.265662639195699922e-03
1.212418252446499948e-03
6.292284729652500297e-03
6.026262016827099721e-03
1.597432842037099961e-03
6.339278932936100175e-03
1.822457389896000018e-03
6.505644937975000285e-03
5.142560225927899666e-03
6.053693576763300062e-03
1.669409265229300065e-03
5.908649300841699835e-03
6.252095687426200213e-03
1.665229854739200049e-03
1.450718896586199961e-03
1.143433154319199903e-03
1.488954362311899898e-03
1.148483869321899895e-03
6.596965357986900313e-03
1.471644883828500004e-03
1.335851320446399980e-03
1.509709769116799900e-03
1.855716286828899917e-03
6.243063724413199650e-03
1.316191386481300064e-03
1.116874617583600050e-03
6.794907769737099784e-03
1.668093066682299922e-03
5.569306595202700057e-03
1.861284291347000070e-03
5.020621847034599863e-03
1.683501370412300016e-03
5.504287020123100303e-03
1.325390394151899996e-03
1.376791860490899928e-03
1.871480481467199895e-03
5.719057810868699923e-03
1.469229518950199934e-03
7.339491444574499680e-03
5.322885514136599903e-03
1.434982248327400104e-03
1.317381267571399997e-03
5.476725619897399901e-03
1.644711944836999961e-03
1.064881319146099899e-03
6.327272117996099975e-03
4.633981342039700073e-03
1.192530536575099913e-03
6.148918314172900114e-03
5.448211850486999949e-03
1.648637947077799971e-03
1.859568672402400064e-03
1.235360079038200047e-03
1.588312630067400090e-03
1.537062940649800086e-03
1.773187709981399914e-03
1.255175935358499939e-03
1.471632644985900037e-03
1.405415920987100088e-03
1.055030768519300052e-03
1.032006496055100017e-03
7.610174528178299640e-03
1.190652964538199904e-03
1.724902937068300071e-03
1.047420302782999923e-03
1.143474812765299950e-03
5.234939933218800065e-03
1.616914225821699993e-03
1.283926667517499946e-03
1.052569906705399941e-03
5.526535944459599892e-03
1.744841078711099934e-03
1.305838980802899972e-03
1.173504028393600098e-03
1.275338854235600001e-03
1.026294132758799908e-03
1.268565921259699964e-03
1.563157729322399913e-03
1.309492048013600031e-03
1.323682515804799984e-03
1.138051071446800032e-03
5.505851178675099863e-03
5.125071128504899570e-03
5.846678327569900142e-03
1.146801413620600037e-03
1.064530972374700020e-03
1.267756072866599998e-03
1.276508414193699937e-03
1.554353686505100017e-03
1.016118650135300078e-03
1.786480184500800067e-03
6.255982482393099633e-03
1.478461776950200065e-03
1.796093977095499904e-03
1.491416518464300104e-03
1.651541524028299996e-03
1.631353711279400062e-03
6.339278932936100175e-03
1.257677472815100020e-03
6.569073486380999638e-03
1.140627364307499926e-03
6.888744325157500348e-03
1.669513858859799976e-03
1.396894257925799946e-03
5.806280424504499729e-03
1.523556801483299996e-03
6.787780222295000318e-03
1.500909178625999983e-03
1.387720424224200095e-03
1.141616970675500076e-03
1.359418262316200053e-03
1.625521560173799921e-03
1.367179218576500049e-03
7.483985820438600160e-03
1.113249376364000044e-03
1.493529760226900045e-03
1.709401932850100050e-03
1.480057593710399971e-03
6.467085197749899809e-03
1.118262591180500028e-03
7.219480880446800010e-03
1.488763148633499974e-03
1.580091307824799986e-03
1.177576867506299925e-03
1.586907303188999979e-03
1.286082045757900097e-03
1.746435694439699930e-03
1.831379608169200063e-03
6.677797924202800300e-03
6.635934327802000404e-03
1.106620603737000063e-03
1.640523543687400073e-03
1.376470094814299938e-03
5.351880083292399719e-03
6.471172906050100260e-03
1.827049307062600034e-03
5.505851178675099863e-03
1.374432779174999996e-03
1.634749775253199972e-03
1.746696182927799917e-03
1.094073099130399946e-03
1.681134842686900005e-03
1.764248066656499926e-03
1.438366123316499974e-03
6.087456940986099574e-03
1.843503389635199998e-03
1.473095627118899999e-03
6.011397370241199599e-03
1.179485870644200046e-03
1.504356971006399948e-03
1.147665914103899966e-03
1.110992325636500069e-03
6.318206631555699920e-03
1.645596284687200067e-03
1.116708514017499898e-03
5.635024477214600064e-03
1.577838771226300080e-03
1.250316803183099904e-03
1.407602417186100104e-03
6.092367764802699912e-03
1.820201718801299972e-03
1.783859139055400059e-03
6.491134243300699866e-03
1.325969750757900051e-03
1.768039581192000021e-03
6.440319670471399659e-03
1.808918875491800004e-03
4.391360709236799900e-03
1.133301233357499960e-03
1.184135663246099974e-03
1.233980347129400067e-03
1.097949321319000027e-03
1.208826584173099952e-03
1.776389361907199918e-03
1.305264305253699911e-03
1.166535276651100043e-03
6.148918314172900114e-03
1.088845799873600041e-03
1.234791333064000048e-03
1.741804764482799989e-03
1.298012418682800099e-03
5.869743667074499988e-03
1.628448235697700077e-03
1.277724353050999941e-03
1.180124260911399967e-03
5.900603820347800031e-03
1.647711965187399893e-03
1.402576110874899969e-03
1.619915019061499975e-03
1.248570374249100088e-03
1.212929722286799992e-03
1.764783161138899987e-03
1.400159096332800022e-03
1.330384554935799997e-03
1.246798928923999921e-03
1.668047652590400097e-03
5.878228105775600183e-03
5.306661389457400201e-03
1.679925077095900058e-03
1.527856732660499940e-03
1.608240166657099943e-03
1.457999798057099975e-03
5.251236105109399754e-03
6.576420448707600078e-03
1.370553128947399899e-03
6.610435405131599718e-03
6.217885761664400206e-03
1.764047936929500054e-03
1.515895040553300044e-03
1.204208364270799953e-03
1.169780616638199959e-03
1.609947546753899995e-03
5.681129988938000107e-03
6.419238562382400051e-03
5.444111764614800036e-03
1.564833272010700055e-03
1.271687208616099950e-03
6.018361493376999695e-03
1.227271704128700056e-03
1.395242931330300086e-03
5.679304752689399993e-03
1.570549483416299906e-03
1.359355337298999954e-03
1.644228808055999899e-03
1.741884045650099987e-03
6.153620771940000039e-03
1.849951659590899980e-03
1.674720300169299991e-03
6.809173949028000244e-03
1.102379164681399929e-03
1.664360598411400004e-03
5.943597834489200080e-03
1.605277457648699975e-03
1.209636514176099962e-03
5.569306595202700057e-03
1.874632350297499982e-03
6.413660828947000299e-03
6.052988902069699785e-03
5.142560225927899666e-03
1.729666403342499954e-03
1.276248618356800018e-03
1.297800038782200103e-03
1.134119887875999991e-03
1.309083993326599958e-03
1.224456807310800093e-03
1.596706423790299981e-03
1.252324631413400053e-03
1.190255074846300037e-03
1.297402153535600049e-03
1.198980425652799997e-03
1.253140088598299947e-03
5.119366076992500243e-03
1.976511222637999856e-03
1.539347131442000017e-03
1.960569212761300011e-03
1.246378858997700036e-03
1.175260875852000104e-03
6.800748648140100307e-03
1.465360369600899985e-03
1.238713869026600040e-03
1.695863594850800056e-03
1.547350284738300066e-03
1.463632063031799916e-03
1.414157513959400083e-03
1.556812663547400052e-03
1.649033331683399982e-03
1.313617437500599981e-03
1.668101456128300020e-03
6.152757000452100181e-03
1.434616794134799906e-03
1.269033111223399988e-03
1.315407625914600089e-03
1.664264125669700058e-03
6.322068188010600276e-03
1.549711295532199898e-03
1.564988031288500015e-03
1.419823222450899893e-03
1.187579723785500089e-03
6.126079503141100384e-03
1.763767406186799976e-03
5.773215624252299970e-03
2.007610214859400187e-03
1.667324539759399912e-03
1.157743842472799996e-03
1.172183187188699906e-03
6.537641887418899934e-03
1.292249607657300001e-03
1.480196964845200075e-03
1.403904133213499999e-03
1.626048656238600083e-03
1.664608321121900051e-03
1.707573001300199955e-03
1.752776596064099931e-03
1.629650396963600078e-03
1.513304902474399936e-03
1.678518925669800080e-03
1.072464628713600031e-03
1.281235989412400026e-03
1.698402834038099983e-03
5.237767829063500087e-03
6.020703069081899568e-03
1.266950219304000067e-03
1.888170393930699905e-03
5.987919249406100340e-03
5.913437715834599616e-03
1.508823072310999918e-03
6.242939598665600033e-03
5.476725619897399901e-03
1.499181321139199906e-03
1.392988875689699958e-03
1.713704936932500039e-03
6.171394720339299679e-03
1.928299827189100058e-03
1.195839205679600061e-03
1.502422127914499958e-03
1.799659097540899947e-03
2.063952121986799976e-03
1.363257415207300063e-03
1.653192059479000010e-03
1.156596115908300072e-03
2.120095735576500110e-03
5.808033237264099632e-03
1.758031680124000047e-03
1.607349571909000080e-03
1.563978396115599896e-03
5.616019796297700394e-03
5.563899749727699816e-03
1.607818427405799996e-03
5.875726404120699964e-03
1.609537630486600071e-03
5.616633600153000429e-03
1.653772828073800036e-03
1.332206975004200048e-03
6.399103942877300277e-03
1.742513396924400037e-03
6.212582713290400183e-03
1.697409001332000032e-03
1.581549321749299965e-03
4.732408592479800044e-03
1.325823434048600076e-03
1.397885006069299980e-03
1.334487372386099907e-03
1.256876173546100104e-03
2.110554222603399852e-03
1.350183283732200087e-03
1.496207297601399953e-03
1.819657471337400014e-03
1.512424834665300043e-03
1.137721594078299966e-03
1.246630269291099926e-03
1.577159234867600048e-03
1.583975336956299938e-03
1.144007306683799937e-03
1.051454932189600094e-03
2.001607936717600053e-03
1.693899408392999986e-03
1.084916469266199905e-03
1.150671959293200026e-03
1.740652538987299972e-03
1.530523224018399964e-03
1.517790882118499971e-03
1.142125965168599901e-03
1.560997818463000014e-03
6.364546071974499716e-03
1.298170195451199896e-03
1.549710511466399982e-03
5.595717802544399912e-03
6.074455620804500126e-03
1.104679861991500001e-03
1.592882474681999979e-03
1.373226454895399955e-03
1.506836696288699987e-03
1.504634448725299892e-03
1.191898666588300012e-03
1.758486808761499905e-03
1.169946413389699909e-03
6.677797924202800300e-03
1.597356831651499916e-03
6.446458020585099993e-03
7.823894202248399959e-03
1.534227778286299977e-03
1.764771535854800033e-03
1.077593898748400092e-03
1.230793805590100045e-03
6.423936472432800228e-03
1.464222281095099937e-03
1.645136345295199936e-03
6.475689683901600033e-03
1.651799681303800071e-03
1.536903722101700103e-03
1.734406780357100088e-03
1.749677283384700084e-03
1.277120123838899933e-03
5.819684111158500255e-03
1.517266934995699975e-03
6.691994581956100217e-03
1.043978919082199979e-03
1.062127245297300000e-03
1.759672784005999980e-03
1.529836655056000024e-03
1.101839173886100037e-03
5.958229660685500015e-03
1.351329478113799925e-03
1.294432770373700036e-03
5.905167455217999808e-03
1.559900112656800036e-03
1.273556913781300100e-03
1.753372583238500034e-03
1.713764595333599908e-03
1.286411650030799911e-03
1.671676285804699980e-03
1.189293153727599998e-03
6.335319856414299566e-03
1.198456599260699961e-03
6.509935690768299879e-03
1.557201648165099962e-03
1.802898391516099966e-03
5.196899234246299924e-03
6.327272117996099975e-03
1.677614906062300073e-03
1.129042097466499955e-03
1.561107108216300016e-03
1.258654788840699902e-03
1.098315278481000077e-03
1.252856034424199927e-03
1.701612466889400105e-03
1.482385412146400034e-03
1.513087970412700049e-03
1.968386070199799887e-03
1.312153668692999991e-03
1.553345241088000071e-03
5.603323957045499605e-03
1.543195339924099962e-03
1.713541786179400075e-03
1.418498006273400010e-03
1.428829634249500092e-03
1.545693167642299892e-03
6.111157771556700348e-03
9.975981678313999672e-04
1.301902054878100075e-03
6.003666384013100349e-03
1.638532648187099967e-03
1.584904649054899931e-03
1.161889013594199918e-03
1.246697767018399919e-03
1.330393293158899960e-03
5.000417293842400121e-03
1.235449524383499956e-03
1.168143072231900108e-03
1.599093295895100087e-03
1.555697005418500050e-03
1.746070780447699913e-03
1.503338777412999974e-03
1.798731875580600022e-03
5.322885514136599903e-03
1.262638539232499970e-03
1.303582701804399929e-03
6.107079386576799718e-03
1.428414461984200056e-03
6.011397370241199599e-03
1.587995500876599993e-03
1.684494914087400095e-03
1.853119194274499993e-03
1.335605057548399982e-03
5.448211850486999949e-03
4.985723668653700182e-03
5.749742767659199623e-03
1.381396914117599987e-03
5.943213967917099910e-03
1.576365548982699939e-03
1.864727896654099978e-03
1.478504535647800046e-03
1.637838661795999913e-03
6.224435485701399623e-03
1.574122838902400085e-03
1.844950598917399981e-03
6.697674795299300189e-03
6.858064894386200171e-03
1.366285931036499918e-03
6.283834327602400363e-03
1.577613309462300032e-03
5.900603820347800031e-03
1.598518250794600092e-03
1.839347901964800015e-03
1.748401438893900078e-03
1.564206894950699979e-03
1.368573516208600052e-03
5.373410959646000157e-03
1.615252875170000019e-03
1.363767868049599969e-03
1.604942237791899930e-03
1.413834863215699972e-03
1.107588770062499939e-03
1.843239137720999957e-03
1.980479839047599895e-03
6.374042773313199836e-03
1.152428158702300046e-03
1.398666057457700071e-03
6.110689480448600053e-03
1.265937114967999929e-03
1.139016242858899948e-03
1.258874816217200052e-03
1.401403490056799895e-03
1.298907106036000045e-03
1.501814119274300042e-03
1.701431241698599930e-03
1.645265166341599921e-03
1.067725195210999980e-03
1.161795102305200091e-03
6.020091108267700344e-03
1.632469947796099958e-03
1.598986495602900022e-03
1.428000387347799901e-03
1.820782394035399968e-03
1.830321800024400014e-03
1.770612736907400085e-03
1.774620234699400079e-03
5.201342157492699729e-03
1.195083499291500068e-03
1.427805463213400019e-03
1.648717649688100041e-03
1.251066536830999906e-03
6.643994110269500417e-03
1.200691371351599902e-03
6.006210622883700022e-03
1.786603502064999923e-03
6.078672438575100090e-03
1.264184857823599925e-03
1.813936773981499918e-03
6.598366302315099644e-03
6.676798176216299646e-03
1.380985448444199898e-03
1.769065425800100044e-03
1.681619467724299911e-03
6.270242383642599983e-03
1.575159650057099967e-03
1.529235784679299935e-03
1.595292500061899982e-03
1.348827524866900085e-03
1.456455405170100107e-03
1.351065534623699946e-03
6.722799087150200040e-03
1.325224269697899927e-03
1.314161733652300041e-03
5.532601516679699731e-03
6.594857728875400116e-03
6.596965357986900313e-03
6.939945791464400410e-03
1.857595606143000021e-03
