1.074162403597199965e-03
1.136675111774300070e-03
1.178533889469299918e-03
1.084277079202000020e-03
1.302198815432199916e-03
1.074687920756500076e-03
1.001548381383800083e-03
1.214186725638900007e-03
1.098531143718300095e-03
1.055657971038900106e-03
1.058742970476400083e-03
1.131099531529600058e-03
1.141975435122900102e-03
1.164345441827900011e-03
1.163585007139499895e-03
1.204683027033199910e-03
1.061915514371299975e-03
1.132101875260399905e-03
1.068032578375500063e-03
1.056417130972799913e-03
1.219047219887599894e-03
1.152736010847200000e-03
1.114440186963599946e-03
1.021510057978900106e-03
1.048492536220999938e-03
1.167854575106000003e-03
1.235830074261200099e-03
1.084553542237399982e-03
1.039828528227800062e-03
1.110868811333600012e-03
1.096196797692499964e-03
1.283936546141999958e-03
1.157221255678500017e-03
1.203015255759200047e-03
1.115402795414199930e-03
1.195929388873499897e-03
1.195813616935500080e-03
1.119466088964400034e-03
1.074762416138299974e-03
1.246232854607999931e-03
1.211315641671800031e-03
1.176453595502900077e-03
9.934502802083000281e-04
1.128222629569800061e-03
1.177293959505199949e-03
1.038909674559599988e-03
1.074133732066099916e-03
1.153929323823699995e-03
1.080542934113200076e-03
1.115318614132099900e-03
1.106060890256700029e-03
1.166394695584400043e-03
1.178113000507300095e-03
1.358454529743900047e-03
1.191550329919800017e-03
1.069676211560000078e-03
1.154185097710299984e-03
1.305530150306700088e-03
1.148291447512599962e-03
1.248710331770000025e-03
1.054353013501799999e-03
1.111733967241900021e-03
1.068591130375899992e-03
1.043616648297299989e-03
9.688835366318000047e-04
1.205705085046500065e-03
1.088308289726300096e-03
1.307312802493099894e-03
1.146737066542999946e-03
1.154009061125800062e-03
1.161831549749300007e-03
1.331214047388399897e-03
1.186775885795799930e-03
1.205540012449800042e-03
1.193073711553200049e-03
1.172278941855099893e-03
1.136544852479100080e-03
1.067486459659099931e-03
1.084941632250799965e-03
1.128793129055399944e-03
1.060171577098099937e-03
1.138577863319399901e-03
1.154297469810199950e-03
1.110073996600299947e-03
1.087369122472200056e-03
1.227016704123500002e-03
1.243887098020199974e-03
1.136725908881600078e-03
1.061894994581000099e-03
1.219489596393200049e-03
1.155233340569800093e-03
1.171592962479499908e-03
1.259671790977500046e-03
1.194688043332199981e-03
1.089797165713200094e-03
1.184013072049799973e-03
1.155399060245999908e-03
1.212996958581699950e-03
1.067158424588899972e-03
1.248712242631000056e-03
1.239325633563599909e-03
1.272684821333400001e-03
1.116197513865199937e-03
1.152412845734199914e-03
1.126433170299500014e-03
1.080139420207699942e-03
1.197126190733399957e-03
1.110941105167400017e-03
1.239325633563599909e-03
1.109055670798700073e-03
1.178731209712999923e-03
1.130162585160599973e-03
1.100379419268800087e-03
1.034045468114099930e-03
1.094780458524499895e-03
1.152502625519000005e-03
1.393765642896899930e-03
1.198643841619600071e-03
1.386924578772199971e-03
1.110296461603499981e-03
1.161784125450599902e-03
1.150500759028699966e-03
1.123523616552699923e-03
1.175997660979799997e-03
1.353847063965300107e-03
1.160277682453799992e-03
9.438434498995000154e-04
1.265654265495299961e-03
1.277129920649600070e-03
1.253322879620099922e-03
1.196154879589799921e-03
1.136348845799500015e-03
1.569508871249600084e-03
1.167307701837300106e-03
1.050741307832999977e-03
1.030714881160299957e-03
1.094463716857300029e-03
1.098936188194399961e-03
1.199875977507000027e-03
1.152037270856299915e-03
1.152087595145899999e-03
1.035997074090700028e-03
1.064748515561600049e-03
1.237077266342599940e-03
1.193322009811099982e-03
1.105170883970000000e-03
1.168353698269900031e-03
1.189734795354700087e-03
1.119445816709500104e-03
1.127984702294800067e-03
1.212144413884000058e-03
1.086499461527399950e-03
1.126337080005399916e-03
1.106446105732600054e-03
1.120884865625799932e-03
1.091051308383300016e-03
1.116422759746799921e-03
1.252479116019499916e-03
1.068172810181000024e-03
1.035954328021999925e-03
1.073160825161099908e-03
1.157263482721000063e-03
1.143128361963200064e-03
1.019974148880500040e-03
1.113431221046000093e-03
1.105470004571400006e-03
1.116561529669499956e-03
1.194552386862299991e-03
1.204403210935000093e-03
1.104215545634400046e-03
1.210128389487700106e-03
1.125910515472700046e-03
1.047810476687499950e-03
1.167623562293400004e-03
1.209641076616199944e-03
1.070220328307899945e-03
1.104790581684899926e-03
1.032642068515599943e-03
1.138288882227899996e-03
1.040583705927299995e-03
1.011955580635299969e-03
1.288462045283599988e-03
1.144462826518999896e-03
1.117078573635899930e-03
1.173618636465600029e-03
1.088157380696399938e-03
1.056688273311799913e-03
1.070593453207899920e-03
1.062535655971700004e-03
1.106371844286800068e-03
1.211750070497200028e-03
1.207628570426700102e-03
1.361370480356599967e-03
1.108581643497199946e-03
1.227016704123500002e-03
1.200960688084500017e-03
1.015862154932599924e-03
1.017408090177699970e-03
9.417996097157999838e-04
1.245432036370199913e-03
1.183469331013800065e-03
1.177523307682800009e-03
1.205368539109100091e-03
1.177712116385199901e-03
1.152519008331099985e-03
1.053746174549900078e-03
1.393765642896899930e-03
1.090643948067500021e-03
1.160028415025600055e-03
1.124633381806999961e-03
1.243657766341400069e-03
1.193818507495300043e-03
1.212195643519200063e-03
1.085068786063800002e-03
1.188968367754499912e-03
1.260034923507900081e-03
1.125827981426499999e-03
1.119463889904800035e-03
1.163952711885099913e-03
1.153195991577299958e-03
1.041779648488900005e-03
1.138860875782100055e-03
1.139948246257199965e-03
1.131354868054199915e-03
1.327869533905299930e-03
1.147823199830299949e-03
1.219733818677000078e-03
1.153900673506399977e-03
1.128437428492299948e-03
1.071774950797499924e-03
1.107900955797999978e-03
1.052226444044699954e-03
1.230356554645600006e-03
1.225221706352799898e-03
1.281520073439399929e-03
1.030502920881399978e-03
1.319579229374199950e-03
1.238383808998399973e-03
1.142839133567900107e-03
1.175216017631499970e-03
1.197652885599900059e-03
1.232062052521199977e-03
1.161507912158099912e-03
1.033347968637199962e-03
1.161010671816000046e-03
1.064473187649399950e-03
1.211659269288799939e-03
1.217830073619199970e-03
1.078039223388300083e-03
1.205688174907199950e-03
1.148508930380300053e-03
1.191046876181500042e-03
1.110935862879300091e-03
1.197460491544599962e-03
1.143052118121799972e-03
1.137766375273899970e-03
1.030714881160299957e-03
1.076520896330000103e-03
1.221043243042099899e-03
1.064721798948299906e-03
1.209368179162600065e-03
1.195872294768800031e-03
1.128517103288400074e-03
1.151661691839499973e-03
1.172021302259899922e-03
1.161047053206299947e-03
1.151593792565099939e-03
1.158394802209100020e-03
1.039534607015100021e-03
1.192651527458100068e-03
1.155025008399499908e-03
1.175909850132999960e-03
1.102368219886499905e-03
1.175822258988899966e-03
1.140431505809799987e-03
1.102289248452600076e-03
1.056437915098599892e-03
1.171003304888200078e-03
1.094180057763700009e-03
1.167470718396800044e-03
1.055004138998599968e-03
1.268077441783199916e-03
1.063178686534999983e-03
1.039016592051199978e-03
1.149047096010800051e-03
1.067843910184400032e-03
1.027473118111000032e-03
1.063647787448299955e-03
1.016258719641900026e-03
1.106050242430500069e-03
1.087943608723799952e-03
1.191560002439800026e-03
1.162150925721899992e-03
1.177930129493399937e-03
1.127645733684299982e-03
1.283118995404100050e-03
1.122675561630200091e-03
1.056757828386400023e-03
1.051051221945000034e-03
1.082810939659800079e-03
1.153915618627600033e-03
1.084112020804499973e-03
1.337978746576100070e-03
1.239736677415100106e-03
1.159238953068800031e-03
1.169730451792799905e-03
1.234678821743200082e-03
1.185452969600599930e-03
1.197122724532600048e-03
1.179421918311600098e-03
1.210357546280500015e-03
1.131423415094700040e-03
1.148105929492000037e-03
1.117218794364600041e-03
1.140537936680900005e-03
1.291477923230599902e-03
1.029033747591300008e-03
1.069210358645999960e-03
1.145869492194700025e-03
1.109428198104500012e-03
1.209900816642900086e-03
1.222152482022099973e-03
1.140982970316499912e-03
1.300533349927900009e-03
1.135576657641699898e-03
1.057655524709900105e-03
1.091813254403299930e-03
1.113773025914399943e-03
1.133545580110899981e-03
1.028419554759399911e-03
1.223386508538700001e-03
1.142666147354900064e-03
1.165465591420100037e-03
1.156775708872899910e-03
1.138673136088299903e-03
1.031980373450700102e-03
1.191892199238400035e-03
1.101154068346000105e-03
1.002664228504599906e-03
1.060358041725599932e-03
1.317479588330000041e-03
1.033854072416900017e-03
1.129200479650900070e-03
1.197945650795200021e-03
1.113760980953800057e-03
1.215447650876099904e-03
1.242057408362699962e-03
9.806397080367999265e-04
1.282011363305799942e-03
1.265172965088700099e-03
1.251917249258600049e-03
1.175822258988899966e-03
1.171761591936100076e-03
1.269182824384000076e-03
1.147329580894499920e-03
1.387778576773499939e-03
1.216596304540999967e-03
1.117203469897099953e-03
1.076029765714600064e-03
1.240514893049299945e-03
1.178505424649000039e-03
1.109394212942700023e-03
1.266855351625199985e-03
1.136243825765899992e-03
1.093342530695199993e-03
1.153709950108099992e-03
1.165531925765899953e-03
1.049550817055000052e-03
1.255108880215899956e-03
1.036250138794000009e-03
1.328880607575299915e-03
1.236043117987900087e-03
1.075357312879800069e-03
1.133187484548099904e-03
1.125026670436699971e-03
1.094927839998299963e-03
1.176889513541199989e-03
1.197945366094399977e-03
1.249293339093799976e-03
1.147622909296700053e-03
1.215157409839399960e-03
1.059278499356099959e-03
1.110768419811099987e-03
1.080359997857000074e-03
1.122134454230899964e-03
1.021429318591000066e-03
1.152295142822300006e-03
1.169977915310600096e-03
9.740652598927999678e-04
1.320642616872600003e-03
1.203951350131700088e-03
1.064745262680499936e-03
9.848430776444999906e-04
1.140171924711900087e-03
1.192626313118600075e-03
1.063628731039400078e-03
1.084960727156200101e-03
1.297770581070899903e-03
1.309850306357999939e-03
1.168979373701900049e-03
1.158144112497899942e-03
1.083493553964699893e-03
1.015377013901499993e-03
1.135799030853100076e-03
1.170639248694899971e-03
1.193161736057400018e-03
1.180998057461800019e-03
1.184191863616599911e-03
1.092828066952700010e-03
1.083115679007899982e-03
1.113471144182399952e-03
1.285198469888299911e-03
1.222289878135700107e-03
1.007336788484100012e-03
1.127794154354900061e-03
1.277726450261600002e-03
1.093662205579000023e-03
1.175309040434900035e-03
1.082543450536199974e-03
1.190967884789399973e-03
1.233921892085500108e-03
1.184865884280300033e-03
1.144854996553100078e-03
9.763914257384000020e-04
1.251949914198800026e-03
1.253364885490900089e-03
1.118024068306599974e-03
1.118023899835400093e-03
1.079072882531899921e-03
1.129443312913900026e-03
1.036011903044900019e-03
1.282404307230399984e-03
1.183494689798199892e-03
1.201506598362899999e-03
1.193727258164999907e-03
1.070966267919599936e-03
1.128194237701799982e-03
1.265473648103599899e-03
1.060978120518399912e-03
1.036168872469700073e-03
1.109387489658300108e-03
1.042260111053999912e-03
1.201506598362899999e-03
1.162478876611900032e-03
1.053381644503400020e-03
1.185452969600599930e-03
1.179757077530799950e-03
1.136517670672199934e-03
1.186202805881700047e-03
1.212195643519200063e-03
1.126897560219000064e-03
1.103144602984000100e-03
1.155143470762600095e-03
1.365050081154599998e-03
1.131478680301500027e-03
1.316266213666699965e-03
1.348113322564599989e-03
1.242994765526800023e-03
1.091316929985500011e-03
1.128636975013200087e-03
1.089742490864599933e-03
1.054865627534599904e-03
1.132735811530999901e-03
1.219732301741100053e-03
1.152087595145899999e-03
1.112865851856899898e-03
9.607331070713000330e-04
1.174094686302200059e-03
1.115847059139899898e-03
1.266133455624700093e-03
1.390964977474700099e-03
1.190180084438999947e-03
1.124664073979799979e-03
1.048563529975600050e-03
1.208000453843499980e-03
1.064647069918200082e-03
1.005248136514799934e-03
1.148345268238000006e-03
1.019104534087200090e-03
1.169085993701500037e-03
1.172410913218599948e-03
1.208748149864600054e-03
1.121058164465700037e-03
1.048758880787100051e-03
1.186405529478600038e-03
1.131897589543800044e-03
1.569508871249600084e-03
1.136091589266299915e-03
1.215972261329300056e-03
1.293554568843199902e-03
1.103524606162199903e-03
1.197875009886800084e-03
1.113633167409899902e-03
1.075486544789599997e-03
1.102368219886499905e-03
1.208748149864600054e-03
1.142425035455599909e-03
1.154094134921500011e-03
1.070594633033300058e-03
1.138206925965999953e-03
1.138860875782100055e-03
1.172307284233799944e-03
1.185841682291699896e-03
1.134168310353600093e-03
1.159515199264700078e-03
1.122199400725300104e-03
1.178322216235700012e-03
1.148706499361500056e-03
1.122057909634800081e-03
1.079825236267700035e-03
1.137936404543099956e-03
1.207131422881999993e-03
1.113471144182399952e-03
1.007873610274500047e-03
1.180792386001400067e-03
1.225668469597199954e-03
1.149636610546599927e-03
1.080626304565399922e-03
1.071397444953400054e-03
1.226309381750900068e-03
1.042947847906799909e-03
9.990597220343999923e-04
1.365585446500299947e-03
1.312822375120999965e-03
1.120400195995200016e-03
1.331940095603100080e-03
1.193018108349099991e-03
1.052949717395500065e-03
1.095800415920599900e-03
1.176674974377399895e-03
1.187836936499099896e-03
1.109592902862499997e-03
1.128403560656500004e-03
1.063280417178899930e-03
1.103524606162199903e-03
1.023594497028699948e-03
1.148706499361500056e-03
1.341961359946899999e-03
1.175298208973200040e-03
1.098151663268800027e-03
1.190371253587399957e-03
1.249814795653400069e-03
1.134787475482299966e-03
1.048472593707300065e-03
1.369160085741900033e-03
9.838630388789000678e-04
1.090562932404900032e-03
1.066020308118399923e-03
1.083111984168699977e-03
1.119833380938000094e-03
1.131210838030600107e-03
1.048902833423999946e-03
1.035686705918499942e-03
1.170384407933100068e-03
1.140149199070499908e-03
1.122544334427500075e-03
1.044226014817400006e-03
1.095075628432600054e-03
1.154786721112600065e-03
1.127984702294800067e-03
1.114136632736399896e-03
1.218992071606599895e-03
1.150133383767400035e-03
1.112776349130800008e-03
1.131417486704500066e-03
1.142324284694100009e-03
1.116513221300300101e-03
1.063817997603299986e-03
1.056299326295999895e-03
1.266500546517200032e-03
1.084828602215299901e-03
1.088082384489700042e-03
1.086233226872200096e-03
1.084767589578299963e-03
1.183227986097999933e-03
1.113976576923199997e-03
1.224603714914100031e-03
1.134968985491700052e-03
1.205684845140999988e-03
1.186094411008499971e-03
1.250741072806899924e-03
1.152269033955100053e-03
1.132057247006199897e-03
1.091857925761600089e-03
1.060323919026799925e-03
1.168692862490099994e-03
1.143943953766900007e-03
1.060432045901399910e-03
9.790372120190001057e-04
1.268844116461600004e-03
1.295894490613699965e-03
1.182235513292000063e-03
1.009841066129000100e-03
1.340305197347899926e-03
1.192153542653399912e-03
1.082663994786399941e-03
1.163500282629800027e-03
1.157115829936300033e-03
1.074207505464000066e-03
1.227699278738300084e-03
1.255275664780899957e-03
1.145210554841099952e-03
9.431792458847999784e-04
1.130589861745599995e-03
1.046055091880899969e-03
1.100547047423299993e-03
1.250741072806899924e-03
1.143290581706499958e-03
1.121195902360999901e-03
1.035152651786299966e-03
1.183855456022500077e-03
1.110145125324599972e-03
1.192269362472000039e-03
1.188590239076600099e-03
1.155620835574200107e-03
1.129146658551499934e-03
1.082726723886199898e-03
1.145637823166300012e-03
1.171139941531900049e-03
1.120549462235399894e-03
1.252391277034200102e-03
1.246131605544500108e-03
1.167244929559999944e-03
1.240098109593299955e-03
1.136483185171100006e-03
1.076971393577499936e-03
1.075785996665300096e-03
1.004770514761099947e-03
1.106677601624299996e-03
1.030361939540100054e-03
1.264047190912499915e-03
1.090987654072500014e-03
1.296988328751499985e-03
1.135825567002000068e-03
1.304533062302699973e-03
1.218992071606599895e-03
1.147290998520000002e-03
1.194942843996700055e-03
1.161662088717199974e-03
1.199193230200500029e-03
1.336715421525100020e-03
1.167296090274600037e-03
1.052045504753200108e-03
1.226309381750900068e-03
1.155262757999400008e-03
1.142158098835400039e-03
1.095822211960399955e-03
1.204697238559299935e-03
1.092271236138999974e-03
1.121821971194999915e-03
1.216065297688000016e-03
1.237229706214200029e-03
1.245627859866199963e-03
1.102934026953600018e-03
1.264317641611500086e-03
1.208692857038800098e-03
1.139078783780899957e-03
1.043137328913000105e-03
1.187567318052300041e-03
1.262339870101700018e-03
1.139812549948200074e-03
1.128194237701799982e-03
1.115841705738800094e-03
1.272873291304200049e-03
1.055864960043500101e-03
1.147749149389499894e-03
1.128902161050200073e-03
1.061088433673500067e-03
1.080369419383599974e-03
1.051640710201099923e-03
1.161511581922699968e-03
1.119377775191600106e-03
1.013276542660999924e-03
1.232864179153499943e-03
1.165255371018500017e-03
1.293891582554099933e-03
1.290438618980599937e-03
1.152412845734199914e-03
1.235737952303999970e-03
9.919444913620999085e-04
1.068604970158799992e-03
1.097937300681799989e-03
1.130277298972099959e-03
1.191072553498499905e-03
1.119892519086400102e-03
1.013957246577400001e-03
1.246653226445400102e-03
1.136995987949400043e-03
1.145588703551200056e-03
1.094964791231300017e-03
1.188837280767000024e-03
1.062147024199399910e-03
1.044767073431100007e-03
1.209210960094799945e-03
1.086331067821099923e-03
1.179481243020799900e-03
1.159236390521599987e-03
1.267693688688599930e-03
1.129583832172900010e-03
1.299409612092099946e-03
1.053100351036499955e-03
1.092469095692000106e-03
1.292811088367300069e-03
1.074687152288000087e-03
1.011825758994499896e-03
1.106903067168300012e-03
1.146334413357600040e-03
1.210003995680300004e-03
1.142770729461600049e-03
1.154786721112600065e-03
1.246653226445400102e-03
1.171944887197800102e-03
1.363717556867900067e-03
1.116293592124500012e-03
1.190189949904400064e-03
1.170752409976399998e-03
1.118510579512700057e-03
1.197833749560099897e-03
1.010113950499799945e-03
1.144565193937200015e-03
1.236775775184800101e-03
1.120986420627199985e-03
1.111310359419600104e-03
1.119343249316099957e-03
9.990597220343999923e-04
1.230876140234700043e-03
1.116802875488499911e-03
1.259875055084199932e-03
1.084911387730399905e-03
1.115874806057199926e-03
1.077049352602099924e-03
1.074987544184600064e-03
1.348709840925000009e-03
1.138523090821299925e-03
1.093280906759799918e-03
1.119226437273099966e-03
1.145958150160400046e-03
1.101312145427699955e-03
1.261762451996100093e-03
1.315928479502199945e-03
1.173057830881199916e-03
1.043782139362700026e-03
1.185413910521700099e-03
1.346587237012899976e-03
1.134356145500799986e-03
1.051026793101100028e-03
1.128789789840600093e-03
1.159458519862200093e-03
1.016075330226800079e-03
1.066018068002100002e-03
1.206882540749100062e-03
1.057234233966599995e-03
1.152831570575400073e-03
1.176453595502900077e-03
1.149394868056700068e-03
1.215452857894800016e-03
1.190453004875299987e-03
1.113148124465400011e-03
1.148383084030599969e-03
1.217830073619199970e-03
1.233900189463900095e-03
1.055995571916100093e-03
1.022298525255700089e-03
1.083117547082599903e-03
1.140431505809799987e-03
1.239822224566200070e-03
1.093212445077200012e-03
1.143455893467899961e-03
1.205560393745699942e-03
1.228927927763900094e-03
1.321680791552300041e-03
1.093931515732800026e-03
1.165117048477300101e-03
9.993738469437000831e-04
1.247455346099900003e-03
1.079465035861899977e-03
1.159028235519199944e-03
1.040695397925100107e-03
1.175964026654299907e-03
1.222740692724700023e-03
1.116191631904800072e-03
1.141660643587699914e-03
1.195097963002500008e-03
1.116297870382899904e-03
1.127372697285299995e-03
1.220902706682000082e-03
1.118796754763099919e-03
1.074060560620000021e-03
1.173145570121200036e-03
1.219097113293700092e-03
1.107057459769899936e-03
9.639718445059999516e-04
1.265473648103599899e-03
1.070935269603300044e-03
1.167913460881500089e-03
1.148266858589199954e-03
1.096790355740799930e-03
1.175253322740700069e-03
1.105935430335600001e-03
1.119916977422300095e-03
1.091725364747599949e-03
1.112221613126200027e-03
1.122850184762700038e-03
1.125295917846199983e-03
1.295644186175500022e-03
1.349061254120100103e-03
1.056234456231200033e-03
1.204673898521899968e-03
1.075196016884700069e-03
1.079805249581299942e-03
1.157363887594299937e-03
1.033475245143300036e-03
1.191259747358900094e-03
1.120314575018000088e-03
1.230388039271499909e-03
1.080684597578299936e-03
1.175298208973200040e-03
1.106025948066800043e-03
1.086930319891299922e-03
1.062268745521899966e-03
1.118198302625499898e-03
1.111697230824999988e-03
1.190357782054800003e-03
1.269880085542799981e-03
1.031831433247000105e-03
1.117815971364599951e-03
1.109947555533799968e-03
1.277129920649600070e-03
1.121507390361300028e-03
1.163049920347300091e-03
1.175786885451900014e-03
1.211829627801400047e-03
1.347909847958199967e-03
1.100765910438400094e-03
1.219047219887599894e-03
1.305974372031200011e-03
1.174728356767400011e-03
9.757694969421000205e-04
1.062959356344999988e-03
1.221754426318500059e-03
1.193448046888800082e-03
1.120289349158899933e-03
1.263544163084300096e-03
1.111975629510799897e-03
1.213255757235100034e-03
1.303285525595199905e-03
1.114708664029400104e-03
1.095932274052000043e-03
1.034408908129500100e-03
1.120856537688599960e-03
1.054072080491400085e-03
1.133357568072500049e-03
1.052015314902099950e-03
1.153780824994999916e-03
1.270570738358499938e-03
1.139037661344799966e-03
1.022530785515100024e-03
9.740652598927999678e-04
1.083214246340100106e-03
1.157947452143600004e-03
1.040831396960900006e-03
1.058666548380199964e-03
1.170049994469000033e-03
1.101327892877899907e-03
1.174045848989799983e-03
1.170886870827899913e-03
1.150835260236600073e-03
1.131863123155699927e-03
1.227463232304999924e-03
1.037022136775299927e-03
1.137203338274400070e-03
1.024459662270700002e-03
9.856301259717000114e-04
1.147916380459200079e-03
1.124913715065600003e-03
1.139917353053000086e-03
1.041826386917500029e-03
1.193925491396199967e-03
1.191070695078900055e-03
1.025195043416699935e-03
1.126421655548899949e-03
1.013515725709500078e-03
1.063306527334799932e-03
1.084112826254600035e-03
1.414713756494799914e-03
1.340094882762099971e-03
1.247144812114499941e-03
1.062535655971700004e-03
1.126951950733100054e-03
1.088435480350299911e-03
1.082663994786399941e-03
1.056476763352800011e-03
1.197620875321499896e-03
1.023552288975199944e-03
1.249380461564400004e-03
1.300330552573000092e-03
1.104827387954499971e-03
1.108827738630199919e-03
1.110585967840399925e-03
1.072707922531099907e-03
1.182954066824899947e-03
1.219121342650000047e-03
1.116191631904800072e-03
1.005329228314900090e-03
1.197006078372600101e-03
1.060978334982400073e-03
1.208288973754500064e-03
1.287460815132200056e-03
1.113013156565399904e-03
1.077779410465200087e-03
9.966512638390999639e-04
1.221608411152099892e-03
1.025083971577500077e-03
1.195241972482799899e-03
1.027768253425600034e-03
1.157095859506900026e-03
1.110754486566099949e-03
1.271643604110599905e-03
1.117326825937600080e-03
1.155617581560899974e-03
1.294184959267300015e-03
1.058877843162199951e-03
1.008701042853800021e-03
1.254857650895100036e-03
1.246022690038999957e-03
1.032093909556800089e-03
1.343690303342300095e-03
1.145279716867399992e-03
1.074747810736500098e-03
1.179842938993600062e-03
1.038837543629699987e-03
1.208154412972500076e-03
1.175669534329300053e-03
1.140803546167799918e-03
1.168743957921900087e-03
1.106526146876100078e-03
1.182560927612100014e-03
1.063628731039400078e-03
1.335955769697599925e-03
1.050087225473799899e-03
1.222506312046100054e-03
1.125926592848899930e-03
1.121908302024899901e-03
1.194103346671600025e-03
1.131194190251800071e-03
1.119749504776000040e-03
9.790372120190001057e-04
1.040907206587100061e-03
1.160484872594800057e-03
1.038909674559599988e-03
9.896979697275000085e-04
1.123203375029200105e-03
1.202226159670599908e-03
1.055865632024799916e-03
1.038888588914699956e-03
1.056695885039899948e-03
1.111211509317900107e-03
1.140805213971200077e-03
1.062317663493299921e-03
1.176103968010400094e-03
1.178437110178000031e-03
1.225448082753999909e-03
1.320555037598300074e-03
1.099720641123599950e-03
1.064974169519599962e-03
1.139998434331100088e-03
1.154094134921500011e-03
1.061044239292699941e-03
1.201706469445499919e-03
1.078666463245300019e-03
1.077550679972800107e-03
1.156706658172300048e-03
1.115111941280200062e-03
1.097260929837400078e-03
1.200133952199499950e-03
1.172121669933700022e-03
1.189907412441000003e-03
1.040947752354899917e-03
1.082068625670699977e-03
1.268076080667300022e-03
1.169372555292500036e-03
1.297053552287799963e-03
1.034150274040600065e-03
1.130946328566500040e-03
1.157079473323799953e-03
1.080424576754099959e-03
1.168327162972499899e-03
1.220437154679600072e-03
1.013957246577400001e-03
1.116578419040699941e-03
1.209227281704099936e-03
1.212374674227699933e-03
1.128019545705999990e-03
1.129661537547800012e-03
1.423005670054800029e-03
1.185706994998599918e-03
1.111436514900200102e-03
1.195992785743299957e-03
1.235737952303999970e-03
1.187305227353300076e-03
1.234035256856100054e-03
1.129538241188200081e-03
1.281987466757800002e-03
1.157236229259999945e-03
1.334026941846200081e-03
1.157718240290799916e-03
1.423005670054800029e-03
1.069976788837600102e-03
1.313502534030800079e-03
1.123132082664400058e-03
1.034282142176500040e-03
1.147685677052799960e-03
1.096490306846999944e-03
1.115069241146000086e-03
1.164266169531600085e-03
1.175135334566699977e-03
1.119873453965800026e-03
1.074283597366800002e-03
1.023266314006900015e-03
1.190504448102699909e-03
1.196024588693499939e-03
1.122458584383499930e-03
1.036168872469700073e-03
1.080787852345799997e-03
1.217357657839399998e-03
1.135764740919000025e-03
1.067383912877400065e-03
1.282082278466900073e-03
1.143666893153599904e-03
1.161491915636700097e-03
1.219892450926899968e-03
1.159679788398999996e-03
1.117415690972800102e-03
1.103693020763000035e-03
1.281555986876300058e-03
1.023158215763199982e-03
1.069950654937899988e-03
1.113460566565599918e-03
1.077268232318000056e-03
1.291559150388600077e-03
1.065713979652300070e-03
1.229333988354099939e-03
1.158795807205399968e-03
1.199875977507000027e-03
1.060340639585399944e-03
1.159325187456500088e-03
1.558118366142000012e-03
1.154415398473500071e-03
1.119679115302299986e-03
1.159576750024599989e-03
1.308310356343799982e-03
1.055524939131999990e-03
1.233921892085500108e-03
1.182537247266500025e-03
1.198747233593199912e-03
1.194762041931300050e-03
1.247951264692399908e-03
1.116708307094299970e-03
1.092573441811500040e-03
1.137598843298200015e-03
1.291129631568300063e-03
1.131786038453500010e-03
1.125749103573600108e-03
1.150394434032499941e-03
1.210708071864400074e-03
1.161010671816000046e-03
1.032093909556800089e-03
1.189166861456799956e-03
1.108440997841699926e-03
1.303888535911000048e-03
1.041064543080300097e-03
1.305462333602899934e-03
1.148093191699099940e-03
1.064150621301199976e-03
1.204185733286999892e-03
1.188965920315300040e-03
1.258559338200599927e-03
9.680481545440999553e-04
1.143266793845200066e-03
1.109406939479499902e-03
1.194714397995599951e-03
1.192952217711599995e-03
1.245321032996000001e-03
1.109512211994700005e-03
1.109814978543000085e-03
1.163972461347500013e-03
1.048533102887500099e-03
9.983669768134999754e-04
1.129559863775100089e-03
1.105094307965200041e-03
1.112418749138200042e-03
1.183683451311700078e-03
1.202651453148200064e-03
1.138860445775299922e-03
1.152493012732299900e-03
1.192899782945800076e-03
1.183946790621799973e-03
1.120446570625999996e-03
1.165404429152199980e-03
1.059732674770200080e-03
1.105287570406800072e-03
1.116416786171599892e-03
1.133932245993600095e-03
1.218332847127199907e-03
1.346655509845300080e-03
1.125310529269099927e-03
1.243547014834399996e-03
1.103356996814600045e-03
1.108183001286900055e-03
1.237244996723900004e-03
1.144468117826800014e-03
1.142766728581399993e-03
1.112361414730900092e-03
1.105182491045900032e-03
1.251390315487299924e-03
1.053100351036499955e-03
1.069506728159700087e-03
1.193920474198399955e-03
9.607299049026999825e-04
1.233222349684899924e-03
1.150716478159799928e-03
1.307198358483800020e-03
1.198251968471099977e-03
1.435245399207500097e-03
1.139211168304899964e-03
1.159706704756799942e-03
1.249111416655899901e-03
1.073188703099999973e-03
1.200940160953199937e-03
9.713422164070999610e-04
1.063267816943100092e-03
1.128725373349600061e-03
1.090560234069399897e-03
1.196706670493099915e-03
1.128632138109799928e-03
1.203282411288699892e-03
1.009327438938799988e-03
1.317479588330000041e-03
1.064919355928799997e-03
1.089245501957500058e-03
1.197202572250700026e-03
1.149674840312300047e-03
1.094608778530400039e-03
1.105154148790199898e-03
1.114189678115499972e-03
1.339743908575500003e-03
1.282011363305799942e-03
1.023898322068599953e-03
1.211492342172599927e-03
1.091716649473399928e-03
1.184456190346500027e-03
1.260658197213399912e-03
1.219913419853000010e-03
1.033229019380700045e-03
1.139843765525599918e-03
1.189745881477099945e-03
1.120959021040599966e-03
1.096780642321700059e-03
1.080730313277799984e-03
1.069967177060100099e-03
1.200547827454500043e-03
1.144961212311199983e-03
1.112221613126200027e-03
9.419783817588000272e-04
1.284104373936399961e-03
1.130513163107099966e-03
1.059126734358199979e-03
1.283358342589500023e-03
9.607331070713000330e-04
1.194831174399800088e-03
1.412991284529800055e-03
1.061223286540399942e-03
9.999404021311000638e-04
1.138236499622699918e-03
1.066177944149000051e-03
1.113709070320899981e-03
1.228829240724999905e-03
1.106204915830399970e-03
1.058263226976100067e-03
9.893665935231999754e-04
1.018989774611500036e-03
1.000500032512499941e-03
1.065330327250799992e-03
1.106396584984300092e-03
1.155409694885000055e-03
1.107387825590100015e-03
1.021429318591000066e-03
1.174876322948799909e-03
1.069079589221899910e-03
1.193990338378599905e-03
1.071790136848099892e-03
1.192269597666800090e-03
1.162399835507499932e-03
1.173829860301999926e-03
1.022188885964700087e-03
1.065973400956499997e-03
1.155168842488400044e-03
1.338251261502399966e-03
1.377330808082400000e-03
1.153900673506399977e-03
1.008687734022300055e-03
1.133428124965600060e-03
1.316072163493100080e-03
1.025627677483499948e-03
1.116471288602899998e-03
1.080361319927199918e-03
1.291559150388600077e-03
1.147156347558999897e-03
1.104392586159000074e-03
1.186130303256299930e-03
1.218572984965199911e-03
1.115138039638899911e-03
9.686119406800999766e-04
1.101312145427699955e-03
1.111645316691599892e-03
1.135405321922999897e-03
1.324026959722000071e-03
1.005665065474599905e-03
1.369160085741900033e-03
9.547481767583999640e-04
1.147216374184599919e-03
1.029178356164900041e-03
1.139741277246399988e-03
1.049458401937000034e-03
1.146334319950799950e-03
1.004473953297899905e-03
1.121828054050099960e-03
1.204619010821900106e-03
1.085790932479499971e-03
1.097212211832999896e-03
1.037903390566200000e-03
9.838630388789000678e-04
1.107339762028299989e-03
1.228227686516600000e-03
1.104493162074999917e-03
1.235660250626499992e-03
1.147802769957300024e-03
1.114115307525900085e-03
1.148979425591300108e-03
1.130605640103100103e-03
1.143566566250699915e-03
1.153780824994999916e-03
1.102087211460199903e-03
1.132684681286800100e-03
1.270565837165500093e-03
1.163308028586200081e-03
1.045557114911300003e-03
1.100672829364400095e-03
1.278823304503699928e-03
1.180916788924399937e-03
1.186214847068299940e-03
1.243561796126599990e-03
1.220651880586100030e-03
1.120247475894900089e-03
1.139543431882199948e-03
1.197006078372600101e-03
1.264087471021399945e-03
1.242872816321100027e-03
1.178336382344800015e-03
1.005248136514799934e-03
1.197406751208499954e-03
1.200498117696299901e-03
1.266920738523500106e-03
1.108657116896900018e-03
1.320555037598300074e-03
1.135718057686500079e-03
1.072736299246500108e-03
1.139265955201399947e-03
1.043481953626099927e-03
1.092351721889100015e-03
1.114591978667900038e-03
1.234270237130200010e-03
