2.431009390937048931e-01
1.302071897204271078e-01
-1.474441979426745153e+00
3.253606750374342660e+00
-7.611779138311006720e-01
-6.571173949011258619e-01
3.832280038867510452e-01
-1.521832588759209681e+00
6.772407661015363844e-01
1.040246239283581620e+00
3.070119374870297971e-02
1.442712147696845193e+00
-8.905867330556934691e-01
-5.750160894235997189e-01
3.372225655646099440e-01
-7.634809024845512146e-03
-1.663503596985213884e+00
7.494461843474316438e-03
1.359182664567028187e+00
-7.488144490819653720e-01
-1.559485394530678581e-01
1.395612816789698618e+00
1.710661530378654316e-01
4.154985837748049748e-01
-5.824149082434044722e-01
-4.341289460353828233e-01
-9.287992292550657780e-02
5.698799948751253064e-01
-1.510020292168696932e+00
-2.023439138790481540e+00
-7.491067343501998099e-01
-1.578041752964783440e+00
8.871831594845124291e-01
9.295579900895020176e-01
4.070874666079324022e+00
2.427730852032152498e-01
1.737614373214849128e-02
-5.524089261069856649e-01
4.891439995059360668e-01
-9.607610776987055567e-01
7.985978226350424203e-01
5.286409765181373510e-01
-1.657467005437179008e-01
2.616824998488163967e+00
-2.061254937873959192e-01
-1.376145582842102311e+00
3.800985411445634843e-01
-7.485802793454285897e-01
6.480600624098530049e-02
5.978313452555215068e-01
6.846955645106569399e-01
1.457005095936089178e+00
1.674376777538180150e-01
-1.003779354370904375e+00
-2.236017048212989522e+00
1.324671053022628275e-01
-7.974067589805270417e-01
-5.824149082434044722e-01
1.033143699183049158e+00
4.937114790191345914e-01
1.329532852485455274e+00
-8.319646457934134487e-01
-5.723776060497525187e-01
3.313331626249860773e-01
5.361660211876636550e-01
-7.352381643140686318e-01
1.447685571080695066e+00
1.353687283136977282e-01
1.174104484456353736e+00
7.119619527596544595e-01
1.211111588449680365e+00
6.167530853575797778e-01
9.376565631447498772e-01
1.967044915443433073e+00
-7.128568310128374774e-02
-6.996677893628002742e-01
-1.374516744598714042e-02
1.081751299256930587e-01
-5.996064752571930168e-01
-1.098978608622493525e+00
9.160580158428349717e-02
-9.667506617026419002e-01
-1.020721869239436419e+00
8.494633618586608925e-01
-7.598443875413657400e-01
-6.605759982101162553e-01
1.529823708985662112e+00
4.104983817049856487e-02
1.670534855436639265e+00
-9.346183461959011174e-01
-3.605555768806157357e-01
-6.065169573242634726e-02
-1.361086194108603875e+00
-1.199322636013528731e+00
1.475755580048000670e+00
-2.960921130294675296e-01
6.733328034025827247e-01
1.308707228141169132e+00
-1.897928981396538040e-01
3.851455437448583069e-02
6.789366378692391901e-01
9.862551477813247258e-02
-2.664514571177192259e-01
-8.744647518254410334e-01
1.103765825788751931e+00
3.189610295293840436e-01
-1.844652622109907714e-01
3.051877326478837915e-01
-1.921127004137260230e-01
1.522187574391312692e+00
7.635226354496356393e-02
-2.779866309605524943e+00
1.299679430420136894e+00
4.827410121202893034e-01
9.356425345129028015e-01
-1.396348059284959975e+00
-1.583376831482605773e-01
-8.057028902923516478e-01
1.073742764947811290e+00
-5.872999729097472255e-01
-2.249777483091781050e-01
-4.228421924357116946e-01
-5.373531898670088625e-01
1.625427125933217587e+00
3.507212688368676473e-02
2.159046902524422773e+00
-8.095936484580001924e-01
1.839575344013119951e+00
7.078163451582897281e-01
1.169078352000629595e+00
-2.095402141954565700e-01
7.013536717161472644e-01
-1.025819892347924256e+00
4.501868188349411604e-01
-4.604555961760078420e-01
-4.210826063740890080e-01
-4.801805000936443246e-01
1.189539127918149530e+00
-1.605710859129547696e+00
-3.605555768806157357e-01
1.034827260500738033e+00
-6.256336071128125731e-01
-1.737402984983076992e+00
-2.499633358512814152e-01
5.169677239859246098e-01
-1.860250474878595295e+00
2.307908572214757204e+00
-2.800263340276792912e-01
9.148153388524840057e-01
-2.210414630651806045e-01
1.042433213652611768e+00
-8.055843425366100707e-02
-2.681590835322575028e+00
-3.256818498642181092e-01
5.760236973219372558e-01
1.160898465228662690e+00
-9.479598009068108677e-01
8.580312373287461991e-01
-1.013823264196504370e+00
7.652566541983922832e-01
-2.541796267000523413e-01
-1.733223148667621394e-01
-1.888097883671490118e-01
2.873025648723454673e+00
1.390418607541695106e+00
-1.230826237897511000e+00
1.145325694603206435e+00
1.113770657141419651e+00
-2.937059861843450137e-01
2.559537580542655122e-01
5.024624413485667684e-01
1.310627678230504412e+00
-9.722530049013795583e-01
7.141247950726273275e-02
-3.952744533045950831e-02
3.824050697118504538e-01
-1.070421936662356632e+00
-9.400196570509071758e-01
2.363187238374849564e+00
1.703874382547739819e-01
-3.298096424957706971e-03
1.680537137000833958e+00
-9.433828340355872033e-01
-1.219482656473566795e+00
-9.007717785393033472e-01
1.856580970800773445e+00
-2.491154040383299351e-01
-1.131654622144655509e+00
-2.290965140771495379e-01
-7.501464174291357923e-01
1.514748913155083143e-01
2.745110154530623792e+00
-1.078568170207033772e+00
5.118411458531852976e-01
1.237044783072711152e+00
-5.433039354057535020e-01
5.915982097476316648e-01
2.873025648723454673e+00
-1.153545090906079373e+00
-2.060961276867977199e-01
3.833201683874663535e-01
1.512301253321154171e+00
-2.604289374353562295e-02
7.459829210916673059e-01
1.344908449955929841e+00
-2.655689985326901703e-01
-8.599047251301197292e-01
-8.849253128694050119e-01
7.910114032655748972e-02
6.408421996447570823e-01
1.035981458246185927e+00
7.966266051420711758e-01
6.770287060174482452e-01
1.293967069103977741e+00
-3.106269676953851699e-01
1.022211051155313299e+00
1.744649455407808747e-01
-3.098451078055929342e-01
-1.384243527095336823e+00
4.712073825470430855e-01
6.618384857918176989e-01
-7.692312489334330872e-01
2.021526927858805500e+00
2.266207801751482856e-02
4.140515682856698021e-01
-4.105122221362117463e-02
-6.938062494999756857e-02
3.297853572348865558e-01
1.485821594940261559e+00
-8.750164745933346477e-01
1.195779350583477063e+00
-1.115155036722949689e+00
1.797602222016499329e+00
4.338709554377266353e-01
7.454028682840339037e-01
-1.396348059284959975e+00
-2.379347328470197975e-01
-1.284667154974554082e+00
-9.721902841984036980e-01
5.466419840501438587e-01
-6.374649413174070522e-01
2.449434135540427479e-02
-3.989409247129263036e-01
8.380589435625992456e-01
1.804819416266191467e+00
1.580952060329734676e+00
-2.172159906306847243e-01
-3.789435495719810088e-01
-2.879000453296515771e-01
1.906227912164556726e-01
-6.957598211799759236e-01
-8.841032675013824615e-01
-6.659310033931070683e-01
2.360482401498519511e+00
-2.946245432033643419e-01
6.109941652516674981e-01
2.327654811883026476e+00
-2.479017733874721852e-01
-5.424521511430776405e-02
-1.706782095095624951e+00
-1.136692715895698758e+00
-1.590274287936977782e+00
-3.552698907277085927e-01
9.859972511072100376e-01
3.954939736871431188e-01
8.049448055691469373e-01
4.419351196468032650e-01
1.356785515643881057e+00
-1.623974936630141919e+00
2.891107579265436156e-01
-1.593232575269494689e+00
-7.663910613278249739e-01
-5.485868646827900957e-02
-1.215440069930705747e+00
1.107512851453904323e+00
1.050851222073172497e+00
2.016154709978761894e-01
-6.905037594737363227e-01
1.280341789597055246e+00
2.059168002630721306e-01
8.679237114429767530e-01
-9.863293293338768475e-01
1.190537093144689029e+00
1.640799879602894973e-01
-9.879179674908145081e-01
8.736835944154918154e-01
-1.634858918208104361e+00
1.875673632244061251e+00
2.241314858585309322e-01
-1.379708142769583645e+00
4.644366637369083395e-01
2.231573080125326847e+00
9.600915733994029588e-02
-4.685766962623643672e-01
-3.647198335852910311e-01
-2.767171118680272213e-01
3.591431176615674237e-01
-1.112836492198176819e+00
-5.500479264287733150e-01
1.467366036964011355e+00
-1.073033079547279112e+00
-9.357262392159039488e-02
-1.929283316245255842e+00
2.034143310185619336e-01
-3.238068988358840106e-02
6.874488962926237345e-01
3.473517668651290857e-01
3.029114452694285364e-01
2.311523271047331296e-01
-4.342279375477992726e-02
-8.445646290947936285e-02
4.289329128391637935e-01
2.237160260160729053e-01
-2.238083049284884662e-01
-8.567768556492564302e-01
7.309182744025355394e-01
8.240228560177079165e-02
-8.149859109907203747e-02
