8.965747786595441914e-09
8.966446266999552378e-09
9.017120433962121136e-09
9.002205781154201398e-09
8.974050979588732278e-09
8.992079770524650720e-09
8.964222615787350681e-09
8.985389428214688094e-09
8.963685122860129444e-09
9.405549322509829681e-09
8.963685122860129444e-09
8.966818258455370035e-09
9.074436865550261160e-09
8.999180660434443925e-09
8.965741312361224222e-09
8.965490904355892266e-09
8.974932502131283080e-09
9.050413197169979547e-09
8.966446266999552378e-09
8.965490904355892266e-09
8.965741312361224222e-09
8.965741312361224222e-09
8.964222615787350681e-09
9.035462573725198184e-09
8.974932502131283080e-09
8.985930385620874082e-09
8.967052548692581023e-09
8.966284472122364337e-09
8.972722500175280792e-09
8.985389428214688094e-09
8.963685122860129444e-09
9.029295009574379733e-09
8.967688312268757272e-09
8.965741312361224222e-09
8.974050979588732278e-09
8.961867303649626905e-09
8.963685122860129444e-09
9.285812241836571186e-09
8.967688312268757272e-09
8.963118762360931686e-09
9.355970327224524005e-09
8.969628472304018725e-09
8.967688312268757272e-09
8.961867303649626905e-09
8.970419151871243706e-09
9.269192839598330768e-09
9.005949538587954227e-09
8.966284472122364337e-09
8.982630946952144592e-09
8.962517347913638495e-09
8.984196779417074017e-09
8.981327628335859052e-09
8.977146171127803548e-09
8.963685122860129444e-09
8.967929184577176349e-09
8.966284472122364337e-09
8.967654584796357851e-09
8.974932502131283080e-09
9.015755461500191238e-09
8.972722500175280792e-09
8.971312882218108510e-09
8.995977354381827346e-09
8.970419151871243706e-09
8.991289333107118674e-09
8.965741312361224222e-09
8.964222615787350681e-09
8.961867303649626905e-09
8.963685122860129444e-09
9.049349252466209374e-09
8.982630946952144592e-09
8.980484582050262401e-09
9.399139261579689029e-09
8.997772951640254642e-09
8.974159862995227774e-09
8.964222615787350681e-09
8.984196779417074017e-09
8.962517347913638495e-09
9.016637742058197688e-09
8.967688312268757272e-09
9.039864000114800965e-09
8.967654584796357851e-09
9.045590113871490087e-09
9.491665760469385183e-09
9.015755461500191238e-09
9.109407198081812637e-09
8.999180660434443925e-09
8.966284472122364337e-09
8.988382358316086199e-09
8.963685122860129444e-09
8.971312882218108510e-09
8.969628472304018725e-09
8.964222615787350681e-09
9.271322543672531719e-09
8.980484582050262401e-09
9.083951097137137605e-09
8.961920571143310287e-09
8.991289333107118674e-09
9.029295009574379733e-09
8.980484582050262401e-09
9.228944217580344053e-09
8.971312882218108510e-09
8.965490904355892266e-09
8.971312882218108510e-09
8.962517347913638495e-09
8.993254510703703816e-09
8.961867303649626905e-09
8.966284472122364337e-09
8.993254510703703816e-09
8.967929184577176349e-09
8.984196779417074017e-09
8.976203808322390756e-09
8.965741312361224222e-09
8.967052548692581023e-09
8.968136699007388428e-09
8.979040904515076371e-09
8.968136699007388428e-09
9.071322812107010138e-09
8.972722500175280792e-09
8.968810067156108666e-09
8.963685122860129444e-09
8.967654584796357851e-09
8.964222615787350681e-09
8.967654584796357851e-09
9.050141537165786163e-09
9.045590113871490087e-09
8.970954085950808776e-09
8.977146171127803548e-09
9.271322543672531719e-09
8.963685122860129444e-09
8.967052548692581023e-09
8.965741312361224222e-09
9.015755461500191238e-09
8.972722500175280792e-09
8.977266812304523962e-09
8.963118762360931686e-09
8.976203808322390756e-09
8.967052548692581023e-09
8.992079770524650720e-09
8.965532711675653300e-09
8.969628472304018725e-09
9.039864000114800965e-09
8.977719345532811197e-09
8.961920571143310287e-09
8.972469275179269386e-09
8.963118762360931686e-09
8.967052548692581023e-09
8.968810067156108666e-09
8.969366912198257400e-09
8.963685122860129444e-09
8.964222615787350681e-09
8.963118762360931686e-09
8.962517347913638495e-09
9.103517633702294574e-09
8.967688312268757272e-09
8.961920571143310287e-09
8.986990394635584758e-09
8.967654584796357851e-09
8.961920571143310287e-09
8.974159862995227774e-09
8.988382358316086199e-09
8.962517347913638495e-09
9.050141537165786163e-09
8.977146171127803548e-09
8.967052548692581023e-09
8.966284472122364337e-09
8.962296758562477968e-09
8.981327628335859052e-09
8.971551149590637472e-09
8.970419151871243706e-09
8.965741312361224222e-09
9.287662712390103674e-09
8.967929184577176349e-09
8.965490904355892266e-09
8.969366912198257400e-09
8.963118762360931686e-09
9.045590113871490087e-09
8.988382358316086199e-09
8.988382358316086199e-09
9.050141537165786163e-09
9.023558331606931947e-09
9.052295388088371332e-09
8.968136699007388428e-09
8.966818258455370035e-09
8.970419151871243706e-09
8.962296758562477968e-09
8.963685122860129444e-09
8.965741312361224222e-09
8.971551149590637472e-09
8.966818258455370035e-09
8.965490904355892266e-09
8.961867303649626905e-09
8.966446266999552378e-09
8.964222615787350681e-09
8.970419151871243706e-09
8.967929184577176349e-09
8.970446307120301473e-09
8.963685122860129444e-09
8.967052548692581023e-09
9.237536043394843605e-09
8.973647285447874594e-09
1.025884095013981421e-08
9.984107647907131146e-09
8.963685122860129444e-09
8.961920571143310287e-09
9.237536043394843605e-09
9.056886495405617049e-09
8.970446307120301473e-09
8.967688312268757272e-09
8.969366912198257400e-09
8.967654584796357851e-09
8.966284472122364337e-09
8.965532711675653300e-09
8.969366912198257400e-09
8.965419125186323647e-09
8.977266812304523962e-09
8.997772951640254642e-09
8.966284472122364337e-09
8.965747786595441914e-09
9.054673118861303543e-09
8.997772951640254642e-09
8.981327628335859052e-09
8.972469275179269386e-09
8.964222615787350681e-09
9.064356527416908471e-09
9.076913601014645949e-09
8.963685122860129444e-09
8.963685122860129444e-09
8.965741312361224222e-09
8.966284472122364337e-09
8.993254510703703816e-09
8.965532711675653300e-09
8.965741312361224222e-09
8.965490904355892266e-09
8.961920571143310287e-09
8.969366912198257400e-09
8.968136699007388428e-09
8.976203808322390756e-09
8.961867303649626905e-09
8.965747786595441914e-09
8.966446266999552378e-09
9.050141537165786163e-09
8.965419125186323647e-09
8.965419125186323647e-09
8.968810067156108666e-09
9.228944217580344053e-09
8.965741312361224222e-09
8.967929184577176349e-09
8.967654584796357851e-09
8.964222615787350681e-09
8.981185614352793716e-09
8.965741312361224222e-09
8.965741312361224222e-09
8.971551149590637472e-09
8.970419151871243706e-09
8.967052548692581023e-09
8.999180660434443925e-09
8.965741312361224222e-09
8.976203808322390756e-09
8.970446307120301473e-09
8.963685122860129444e-09
8.964222615787350681e-09
9.186950155405244437e-09
8.961920571143310287e-09
8.967688312268757272e-09
8.961867303649626905e-09
8.973647285447874594e-09
8.965741312361224222e-09
8.969628472304018725e-09
8.967052548692581023e-09
8.965532711675653300e-09
8.963118762360931686e-09
9.040943144803794265e-09
8.999180660434443925e-09
8.964222615787350681e-09
9.006728047884834010e-09
8.961867303649626905e-09
8.973647285447874594e-09
9.127561408092354147e-09
8.992079770524650720e-09
9.103517633702294574e-09
8.977146171127803548e-09
8.962517347913638495e-09
8.992079770524650720e-09
8.988382358316086199e-09
8.970446307120301473e-09
8.966446266999552378e-09
8.963685122860129444e-09
8.963118762360931686e-09
8.963685122860129444e-09
9.083951097137137605e-09
9.016637742058197688e-09
8.962296758562477968e-09
8.970446307120301473e-09
8.963118762360931686e-09
8.962517347913638495e-09
8.969628472304018725e-09
8.971312882218108510e-09
8.962296758562477968e-09
8.966284472122364337e-09
8.979040904515076371e-09
8.977266812304523962e-09
8.964222615787350681e-09
9.050141537165786163e-09
8.973647285447874594e-09
9.006728047884834010e-09
8.985930385620874082e-09
9.653567002793679337e-09
8.965419125186323647e-09
8.966818258455370035e-09
8.965741312361224222e-09
8.993254510703703816e-09
8.974932502131283080e-09
8.969366912198257400e-09
8.973647285447874594e-09
8.971551149590637472e-09
8.965490904355892266e-09
9.653567002793679337e-09
8.962296758562477968e-09
