1.800977125734492534e-01
-9.247410670814713018e-01
-4.751183747514418076e-01
3.071715907405819790e-01
-1.795130745456387233e-01
1.333214463786958071e-01
3.738605300849227597e-01
3.502190167606827331e-01
-1.224520337653446089e-01
-1.082407814832715198e+00
1.539339251910422313e+00
1.797505627730403788e+00
-3.496348284353812952e-01
-4.679270114660964985e-01
7.803114777325507179e-01
-5.018834659393985043e-02
-3.044053643985131230e-01
-8.740768901902228327e-01
-2.312369381986744687e-01
-1.175880824498236388e+00
-3.933627879590584908e-01
-4.535929415617718369e-02
1.488059688291767158e+00
-8.444825914424310964e-01
-1.751867279065648653e+00
1.459784210951042480e-02
1.645239268128547705e+00
3.379280533017888777e-01
3.991083005734806510e-02
-6.572480218615667225e-01
-1.035310164375496500e+00
-2.508305359546086910e-01
1.242823309270087717e-01
1.851506757448416307e+00
2.223840861289554105e-01
4.409896255479431315e-02
3.835177604161317810e-01
3.688645057307614605e-01
1.359271561352895175e+00
-1.958696488760748977e+00
-3.524561952804721177e-01
-2.572861567653672576e-01
4.017499702848595367e-01
-2.364677734480425675e-01
-1.981791823250924844e+00
5.699196655421571167e-01
-1.025447193416713310e+00
4.763322143753866977e-01
-5.101518380039798961e-02
1.318776270906396375e+00
2.094477835369628338e-01
2.464230582847696804e-01
-1.383770693290420795e+00
-6.893465540082821530e-02
-8.195542559216261180e-01
3.587434989573180522e-01
-1.454382240528585335e+00
-1.751867279065648653e+00
-3.348721183120051403e-01
1.459359703538591013e+00
7.574617056572277018e-01
8.522441684193210465e-02
-7.655788869679039932e-01
1.594174096163313292e+00
-7.518813731859991245e-01
-1.320278506402203123e+00
-1.545132981192329780e-01
1.489355918771987142e+00
-2.754358370411766899e-01
4.058647579924241078e-01
-3.811008701851937297e-01
1.011111943241534972e+00
1.654914155839904977e+00
1.127837027681979576e+00
1.764409171286068778e-01
-1.261124265332161931e+00
9.628028213143668967e-01
3.663464704117895265e-01
-1.134871235704218106e+00
-1.380519332734714943e+00
-2.825190169690235398e-01
5.815226660851001705e-01
1.258619718914095673e-03
7.478173951927170604e-01
-4.412647642670677328e-01
-1.059409865076630597e+00
-2.841966002655921808e-01
1.458016022746802642e+00
9.981685663664247032e-01
-8.055762515351815312e-01
-7.636986583701826925e-02
1.072017059940607808e+00
-5.282649703832585919e-01
-1.309789959879963162e+00
-7.953001466606176573e-01
-1.160109994184035237e-01
9.541982270930338128e-02
1.494755367913580546e-01
1.508095352457379690e+00
9.254616309582385236e-01
5.940708700533718911e-01
-5.077194590972365917e-01
3.865655012513776190e-01
-1.366948091116089170e-01
-1.130366246971630462e+00
-1.115824629004201540e+00
7.407805018659322505e-01
-8.326453234988130392e-01
-1.472576150122018868e-01
-1.205993765698621267e+00
-7.611253574055849846e-02
-2.945399176035939925e-02
6.449713908022179920e-01
7.031699402484747896e-01
5.272028636318124573e-01
1.555693592082903476e-01
1.754850313881201329e-01
-1.684226406985951607e+00
1.558154444327564558e+00
-4.658543731229456419e-01
1.547175512561539845e+00
-2.932485107143781300e-01
1.056231699757143039e-01
-1.328374138808771532e+00
-3.446660681089698808e-01
1.148921095835278017e+00
-1.019774006577547798e+00
3.080242843773305372e-01
7.651858738749494071e-01
4.332136814081318232e-01
2.012280002991635453e+00
-7.715032531348969304e-04
-5.886754276258225893e-01
1.206394624419614425e+00
-5.633617753175332865e-01
-4.994977156497531490e-01
1.628769673815710695e+00
1.672703864201346535e+00
-1.724285251726402679e+00
-7.636986583701826925e-02
-1.915332060116830409e-03
-3.318302942564985147e-01
-1.799671209917422798e+00
-1.131709404769688954e+00
7.053747828572679568e-01
-2.027260142212210958e+00
-3.063051934363210660e-01
3.518815832487050543e-01
1.867982033987254820e+00
1.039916328025432657e+00
4.013421856090632622e-01
2.430329257549967148e-01
-3.139167369940129015e-01
-1.190831224466348953e-01
9.529498724838396662e-01
1.705014733603069654e+00
-1.647588843064644593e+00
-1.357991761470125625e-01
-1.176007494976048173e+00
1.371212158508174905e+00
-3.140233921394973149e-01
1.126483771941402479e+00
4.108253371127896791e-01
-3.707572820859135199e-01
6.226022124243941747e-01
-6.317789346068131140e-01
2.250371350166407158e-01
-2.124256145830067943e-01
4.889132180109777570e-01
2.827472838682346112e-01
-2.222552602435545477e-01
1.264523226762881702e-01
-1.547943640398322662e+00
6.254520087913122417e-01
1.500947180943734249e+00
-2.486945539905997815e-01
-2.533941010786854853e-01
1.101368483511372398e-01
-1.162098351860719053e-01
-1.136676644119035906e+00
1.716485624730876847e-01
5.341729241770375447e-01
1.530492475797290863e+00
-1.212791269886334344e+00
-1.396434614166534471e+00
9.253588051402653059e-02
4.850137733299418885e-01
-1.473973216597050717e+00
-1.327987507664113720e-01
4.118381779510373319e-01
4.964987313007133141e-01
-3.031093305488971046e-01
1.563759920430868589e-01
1.047680300036958778e+00
1.717764425825940577e+00
-1.252851164227130942e+00
-1.599455920678896359e-01
-3.707572820859135199e-01
8.572753637080111622e-01
-2.678498471091735333e-01
-1.506136303406108330e-02
-5.266980474147023999e-02
-5.047585287063810489e-01
-5.383186494067578876e-01
3.423528306208766248e-01
-1.193749386643659927e-01
-1.325733006738028852e+00
6.783796483818399503e-01
-1.461293909421862658e+00
-1.343456800866874801e+00
9.125669927551004479e-01
-3.608124860460083516e-01
1.473540900700597289e+00
1.049596386281636429e+00
-1.987315539935566311e-01
1.948645169499671592e+00
3.034358867061156539e-01
-5.462096978142896297e-01
5.646060742766757096e-02
-8.660195242782969816e-01
1.038941613210491388e+00
-1.457776241741145284e+00
1.015555345926941522e+00
-4.054130222897864844e-01
-7.344224875998872637e-01
-9.360797057373715369e-01
-1.152586329686011268e+00
5.750801664538392893e-02
-1.761759612491706484e-01
3.758567065652517747e-01
1.137280506141741115e-01
4.501790008765043094e-01
1.309352085406897626e+00
1.426398655076609456e-01
-6.482322198239537370e-01
1.555693592082903476e-01
-1.169181198814271294e+00
-1.882946474922237323e+00
-1.653507803518737829e+00
-9.367936894307191675e-01
-7.432812056436726156e-01
6.108559853929077521e-01
-8.704482298287470610e-02
6.188161558138524088e-01
6.501380595495218628e-01
-4.422625426107945623e-01
1.110065187842562029e+00
2.870461569225111753e-01
-7.978124569638674890e-01
-3.355120957319351338e-01
1.153889863751546674e+00
6.250436461968743584e-01
-1.484166760156173881e+00
1.086829642435131582e+00
1.616332930051453065e+00
-4.527013865767318679e-01
1.349020888238147142e-01
1.364587519981376451e-01
7.863273744784475550e-02
-1.670347661525958927e+00
4.075368576365240303e-01
-5.742914830532307169e-02
-8.164149564024822947e-01
6.892088106768698430e-02
-3.350345606020919131e-01
-9.100667665067921352e-02
2.924502297979855170e-01
1.752085668707919375e+00
-2.051758922507953997e+00
-1.826939931691287544e+00
-1.298564779312844308e+00
5.732834459937293792e-01
1.713476352256196877e+00
-1.283835044276283366e+00
-1.055984170354396179e+00
-1.534318246404071384e-01
2.508667989943001442e-01
1.719510220273898493e-01
-2.270518035448173266e-01
-2.807563350623611953e-01
5.354552401802658013e-01
9.090905291055885185e-01
-1.257496662034240709e+00
2.136147090208276034e-01
8.314312596246219433e-01
7.561504048055601723e-01
-1.301346001569575028e+00
1.152763554047899319e+00
9.393854393852828499e-01
-3.761900218659028350e-01
-5.779224766127892821e-01
1.957939071638347128e-01
3.809532071641662521e-01
-2.033014613834009943e+00
1.092786308418298491e+00
-1.616507642230330610e+00
8.174785556318604485e-01
-1.961292854412930664e+00
7.472465282066906855e-01
5.603395988440428299e-01
-2.812925410267386739e-01
-1.321569043975622249e+00
5.126296765957147339e-03
-1.246085063123092640e+00
7.719610479496664679e-01
1.317129999691483588e+00
-2.633218236448119365e-01
1.392804603002537611e+00
5.590977391246670924e-01
-5.036450363376423489e-01
1.227011870764417450e-01
1.161769277060032746e+00
-4.401602289686423197e-01
-1.255888134818356816e+00
-1.036166676181328405e+00
4.696292038222204396e-02
-2.257795324578398821e-01
1.152344611045635459e+00
