-7.151372321617911476e-01
1.788937150061632175e-01
2.378172415977187759e-01
-5.242110362798920731e-01
1.071801177440156128e+00
-1.264696834919553647e-01
-9.170785168996460346e-01
-5.168905110552697302e-01
2.356906411440337079e-01
4.847642829784725160e-01
-5.063415944567648541e-01
-4.752511602045999539e-01
-3.679432902864806509e-01
-3.065399163245400849e-01
6.328784830125359917e-02
-2.183045878682848273e-01
8.998347548342922053e-02
2.632561375382280300e+00
-4.223259966473709714e-01
-5.476041131529019168e-01
4.470450420325386420e-01
-5.433482023917785009e-01
-7.578376104441687522e-01
4.555310359068392989e-01
1.201149992132973576e+00
-1.222062770738385318e+00
-8.855144460122030825e-01
-8.117917734605111235e-01
2.369115360942800841e+00
1.117406043516920189e+00
-1.399227947783240777e+00
4.782153616913257244e-01
8.491944376247856363e-02
-8.358107835916653849e-01
-2.676396817771435621e-02
-7.634509509872631217e-01
8.281413605383957099e-01
-5.750786555643325748e-01
2.321056053874661074e-01
3.011255782374280709e+00
1.560005497971686417e+00
-7.083788401035742144e-01
-1.246216507639579918e+00
-2.151662837761950942e-01
4.154359773199256534e-01
1.771374028579648097e-01
2.175952444916140482e+00
-7.643022024093327760e-01
2.736529322657533791e-01
5.172563763412047627e-02
-1.184440650035397669e+00
-5.913052825843649885e-01
1.440995076468576164e+00
-6.146109724052845058e-02
1.172663192088281292e+00
3.231294194072166504e-02
1.548559326701708594e+00
1.201149992132973576e+00
-2.212070722805498657e-01
-1.010641456258945636e+00
7.795430200772022200e-01
4.629811241080537820e-02
1.386571930474097325e+00
-4.870415452531671185e-01
-5.089303990225794161e-01
1.590983782533529123e+00
-1.025920733517745154e+00
-1.116410707146637371e+00
-1.994888579853605626e-01
-9.296415097624451951e-01
-1.790994114895057554e-01
1.355305668183797163e-01
-1.359305883176876950e+00
5.898998089623908037e-02
2.976186820328108884e-01
2.237169006883419797e+00
-1.143290081894971832e+00
-1.254905110838844484e+00
1.116221696312732714e+00
4.180205680925522804e-01
-9.752977014876413886e-01
-2.301899604094763407e-01
-1.035168487734140941e+00
-2.452231877642160607e-01
-3.798849406978483390e-01
2.606575093185380165e+00
-8.490885057422516979e-01
-3.255040123140141572e-01
7.991858938057691542e-02
1.397097734375605027e+00
-4.860287205800116750e-01
-8.526480783512883077e-01
2.813042580285846778e-02
2.407659372759631378e+00
-4.140328598038351404e-01
-4.202566049054661801e-01
-9.953975406606494492e-01
-5.963905033406119438e-01
-7.383595600983169360e-01
-3.819903668578088912e-02
-7.471097096678169791e-01
2.148639272620470331e-01
3.257434158013343684e-01
-6.630021074967099026e-02
1.147331698329596250e+00
-5.930593847283970321e-01
1.030293277384376205e-01
-2.465070583669648208e-01
3.346988667623579938e-01
5.310423464666769178e-01
9.106452277376740900e-01
7.957046529306770477e-01
-6.815848646230748820e-01
-9.493170600138797210e-01
-1.022212651721871701e+00
-4.339096907794753322e-01
-2.118820686270878884e-01
3.166291928662100297e+00
-1.233951982521680923e+00
4.387656850062958691e-01
-1.022627166341799176e+00
-1.881413826243019949e-01
-5.185989684222792606e-01
3.080359574945708001e-01
-1.689061116420559339e-01
-1.158343403372572356e+00
4.606052614827423897e-01
-5.238693122815787362e-01
-2.880892337079334342e-01
3.396328324636684326e-01
-9.605229711846789975e-01
-1.528395224275977959e-01
3.198787981253525370e+00
-5.583073053084730564e-01
-9.333810385597754444e-02
7.955466264445381075e-01
9.414143548795688154e-01
-7.952936356927801098e-01
4.044436297362196342e+00
-4.860287205800116750e-01
-8.557833714855594964e-01
6.643899813909860674e-02
2.082371916514958787e+00
9.665848961991977406e-01
-1.179443800933936082e+00
4.077426102547828002e+00
5.117880788760390542e-01
1.063790892560845767e-02
-8.689624455858727670e-01
-9.273979271292158710e-01
-1.455300898750757632e+00
-1.277058458899730242e+00
-7.747455264559691690e-01
2.124734948570004889e+00
-1.294795026656637260e+00
-7.461263434106968351e-01
1.670425485513515218e+00
-1.106105313231446452e+00
-2.438274880402705944e-02
4.451410157099636722e-01
-5.477918143924425110e-01
-5.091523547328334898e-01
-7.403123860974315518e-01
-2.828225174852265766e-01
5.203861851548812201e-01
-5.121287953344638710e-01
-5.063105870000507158e-01
-2.946741359738165866e-01
-8.753159775151622135e-01
-8.941530261115967493e-01
-3.952732326531201434e-01
-6.120927142535538268e-01
3.774188307419473976e+00
-1.014699021006934876e+00
-7.602427120420602868e-01
1.610384855131159920e+00
-4.500947204569352711e-01
-5.659190050639126834e-01
-6.001784711420315999e-01
4.011010135040345426e-01
-3.404103796868648280e-01
-2.769889321099189838e-01
-5.674496750136400758e-01
4.950774296445008549e-01
2.685855797546353507e+00
-1.172375139128075117e-01
-6.456690793778180337e-01
1.710567081183619997e+00
-5.344032535700493636e-01
-4.729486692080115962e-01
-7.334833790676025256e-01
1.055153102175696578e+00
4.445591980433830637e-01
-7.948462018358851688e-01
-1.230620937166109652e+00
-1.386941391849179750e+00
-1.275698528681890931e+00
-2.828225174852265766e-01
2.128401683112846332e-01
3.492357877992527726e+00
1.151779729858414258e+00
-2.471188589546672310e-01
-4.780212204605763238e-01
-2.554014789839940680e-01
-2.874038935779937298e-01
-4.329276003113369242e-01
4.677028809893250538e-01
2.376162745748069127e-01
2.169769286448961054e+00
3.603582025923184773e+00
-5.536759055745948954e-01
1.211772314102964598e+00
-1.176149326990242994e+00
-1.785134844983179703e-01
-9.928256179158898576e-01
3.802776625761600804e-01
5.079262162247849544e-02
-4.306427883181665472e-01
-6.389900220542762410e-01
-1.182186698406841208e+00
-4.038805746610380498e-01
5.199924452288315901e-01
-4.189777426354499568e-01
8.811904281911629999e-01
-9.238750257792760490e-01
-1.396713739517547959e+00
-1.147725021372056231e+00
-5.552109262212520102e-01
-4.856215600574975144e-01
-7.481218092359619432e-01
8.624251224713237463e-01
5.990118702237783310e-01
-6.494573544710922075e-01
-3.180407567010656300e-01
3.199827512202944590e-01
-4.339096907794753322e-01
3.464470250140291169e-02
3.575627246843956275e+00
1.079957703967519667e+00
2.431551012618861751e+00
2.656933438832652650e-01
4.079029071964996866e-01
5.196041927035919272e-01
-5.987089154062948948e-01
-5.834310946967822264e-01
-5.441827501990377514e-02
5.010945076498812822e-02
-6.306449332170067645e-01
-7.652683433185604178e-01
-4.104244220704795221e-01
7.605447731694361391e-01
-2.158669629651520927e-01
-3.145364308570341438e-01
-4.008025012039475032e-01
6.943435093678467229e-01
-1.152359458892468158e+00
-1.122353043920517157e+00
-1.328812101762428366e+00
-7.945218236271638368e-01
5.320097792210593646e+00
-4.786898974937097151e-01
-7.931563216746093103e-02
-1.275030223654616490e+00
-5.484025847022426792e-01
-3.171498353288257355e-01
3.342655579653663889e-02
6.927509603604217192e-01
-1.213783450104077843e+00
3.961211279533475960e+00
1.423655057062553242e+00
1.273006755401893342e+00
2.167190160175574143e-01
-8.842127233157953681e-01
-1.371071393855118059e-01
4.654480926523697493e-01
-5.907077138133729477e-01
3.609106822682639049e+00
-5.558482198417340481e-01
5.211659785495421637e-01
-3.503780337209624896e-01
5.461578581614580097e-01
6.742294273056237408e-01
3.325189875043866872e-01
-3.460458441492222925e-01
-1.100235711001077865e+00
-7.967172377233776581e-01
2.304138543690604557e+00
-4.990674097503541295e-01
-7.585669455134679273e-01
9.003483876012835507e-02
-1.746143790977961463e-01
-5.249825575478482831e-01
-1.580243764011426633e+00
2.236242228190768344e+00
-1.056775722070037338e+00
8.595757434433932975e-02
-6.198602184357048239e-01
3.209063427378973099e+00
-7.585962258112177725e-01
-9.816136108984170328e-01
4.118332216638745935e-01
-6.198251606143326820e-01
3.818492789164463219e-01
-8.101781468460557134e-01
-4.859605294420141774e-01
-4.191212218419086422e-01
9.880860020816835121e-01
-5.624035896761150344e-01
-7.364842255006894822e-01
-7.724159835196095503e-02
-1.571421144617524690e-01
-2.798961304461601851e-01
6.445537149560796042e-01
1.166753367778750272e+00
2.437744564510857970e+00
-9.416348361999177241e-01
1.777047135277948664e+00
-9.945466205038357987e-01
