5.600951147609000390e-04
5.027264824947999707e-04
2.864798154122999950e-03
2.584051064898000138e-03
2.601320217082499827e-03
4.591432992014000025e-04
4.505470560303000095e-04
5.668902427304999946e-04
4.671289429054000029e-04
5.678837797424000260e-04
4.422119192542000210e-04
2.343795977772700125e-03
4.983549967151000007e-04
4.920719416897000259e-04
6.019671366678999973e-04
4.670378162861999914e-04
4.445768754305999939e-04
4.825043049442000187e-04
5.203584373842999556e-04
4.662717719972999980e-04
5.285942769790999895e-04
5.278693112369999690e-04
4.462589157637000012e-04
2.687962515986899812e-03
4.481440435341999917e-04
4.568294259268999911e-04
5.461451389220000393e-04
4.150692889876999876e-04
4.885804885404000436e-04
1.925397581035900082e-03
4.615625446107999761e-04
4.605772822670999847e-04
4.977707325190000196e-04
4.644558967670000247e-04
4.441847749760999774e-04
4.490302369966999905e-04
5.293248595545000214e-04
2.513348632138499850e-03
2.522489249121300132e-03
5.194858935850999891e-04
2.159571266595600083e-03
5.162707797797999642e-04
5.527838373813999482e-04
2.729614907484999905e-03
5.842543049237999483e-04
4.997658109231000421e-04
6.134912766158999702e-04
4.426898157961999783e-04
4.663478116675000154e-04
4.501249121302999898e-04
4.989654523526000163e-04
4.771246549560000192e-04
5.118800846133000210e-04
5.344813912485999862e-04
2.644659615389100080e-03
5.194136282345000483e-04
2.795618138889600056e-03
4.701534046444999916e-04
2.852942958154800097e-03
4.713941136505000150e-04
4.772358885524000138e-04
5.563087416510999498e-04
5.227803699945999865e-04
4.785764058175000267e-04
5.314613375025000136e-04
4.612860796820999901e-04
2.484882094836899941e-03
4.385595283000999966e-04
5.002911504644999476e-04
5.024306619467999984e-04
5.547770885595999790e-04
5.180859363345999670e-04
6.087514169635000090e-04
2.552226839669500050e-03
5.072984408208999589e-04
2.645733855248399817e-03
4.857841398297999837e-04
3.072448114655700058e-03
4.679296928404999903e-04
5.496898968318999915e-04
5.040436100666000193e-04
5.671714953172999740e-04
5.459053824553000266e-04
4.817153647659000123e-04
2.444987211753599926e-03
4.606917992873999900e-04
5.029170473507000444e-04
2.696038196635899831e-03
4.988325530765000144e-04
2.317963474265799951e-03
4.492024922474999768e-04
4.571345033832000231e-04
4.603452567563000026e-04
2.445327319249799951e-03
5.062131720868000371e-04
5.171138592691999899e-04
4.329682703908000201e-04
5.324579570596000427e-04
5.101391320182999947e-04
5.137561063380999792e-04
4.726904121246000199e-04
4.482172938046000013e-04
2.795618138889600056e-03
4.709403754432000080e-04
4.394341465135000028e-04
5.029067172262999567e-04
2.641109333983000101e-03
4.385889564004999842e-04
2.526156513839600097e-03
4.909814438009000356e-04
4.609092724854999988e-04
2.637468405892099896e-03
5.437673933835000502e-04
4.721947061034999964e-04
2.735053804428799924e-03
5.150425705357000164e-04
4.648689784657000193e-04
5.524077345378999989e-04
4.491651341873000112e-04
5.110671705510999672e-04
5.318703012028000486e-04
5.448205363886999544e-04
4.912499442898999886e-04
4.650062793043000246e-04
4.782085476821999791e-04
4.714497939264999872e-04
2.594233725654599820e-03
5.298108442598999709e-04
4.559937853848999877e-04
4.961918538357000530e-04
4.868781323010999760e-04
5.279350231186000176e-04
5.330047819949000490e-04
4.607123965349999885e-04
5.918494907365999882e-04
4.838353048160999917e-04
5.293437491375000163e-04
4.774416762700999764e-04
5.099316894895999973e-04
4.568573280456999998e-04
4.599696691408000204e-04
5.366173008092999701e-04
4.696859365852999973e-04
2.360432373880999926e-03
5.285165618969000275e-04
2.398271529236200000e-03
5.328260745396999577e-04
4.941032698404999564e-04
4.956475916681999955e-04
5.606374111091999655e-04
2.393784490884000044e-03
2.650803520848899787e-03
4.653047885224999964e-04
2.730588105564999823e-03
5.297621327718999478e-04
2.470304743421099843e-03
4.882986922426999768e-04
5.156613818144000242e-04
4.099096290651000002e-04
5.053353501402999860e-04
4.587564971173999757e-04
5.043016674959999559e-04
5.011154139205999461e-04
2.663288442281099965e-03
5.420698636820999632e-04
5.481421473748000241e-04
4.993597051600000541e-04
4.489140004055999973e-04
2.507132699017000123e-03
2.514739017114500132e-03
2.597628122671999992e-03
4.497302318581000127e-04
4.680062737650999768e-04
2.471674778021400003e-03
2.391456063349400082e-03
4.900471022260999461e-04
4.882873307552000391e-04
4.669158114556999813e-04
4.969157989981999677e-04
4.011483506375999983e-04
4.894691987806999885e-04
4.808156391512000073e-04
5.341363819811999767e-04
4.785785199138999752e-04
4.872426286585999845e-04
4.798926742473000199e-04
4.440934551120999754e-04
4.546724945725000191e-04
5.045587900562000438e-04
4.504641687443999929e-04
4.997494511802000414e-04
4.481992952763999929e-04
2.326509145594599787e-03
2.276740487866399810e-03
5.125666847546999890e-04
4.619131310842999839e-04
4.778663327308999833e-04
5.093227886413000376e-04
5.087478587935000043e-04
4.547402664397999917e-04
4.936957920356999877e-04
5.042204349356000075e-04
4.556999070066999999e-04
5.757801088687999544e-04
5.284169442924000013e-04
2.239227277313299812e-03
5.742814741652999596e-04
4.619357701934000116e-04
4.659613151824000153e-04
4.615729469793999982e-04
5.249069841226000404e-04
5.491112327828999657e-04
4.869279109891999917e-04
5.396923233986999999e-04
2.512909998518699818e-03
4.417082656132000204e-04
2.268909953720899941e-03
2.301991413602899952e-03
2.667628133577900056e-03
5.241892572513999699e-04
4.570001584073000219e-04
5.121116710193999739e-04
5.790972988596999969e-04
4.993959534652000478e-04
4.838138395091000246e-04
5.134990680743000465e-04
4.862767880406999735e-04
2.873631640955599982e-03
4.558590873600999759e-04
2.419326923029199803e-03
5.277972072892000077e-04
4.778980122962000121e-04
4.588215617804999847e-04
2.992750842975400172e-03
4.720519323215999923e-04
5.090329939463999857e-04
6.272150892726000319e-04
4.806682975120000209e-04
2.208963583767599784e-03
4.993883483453000031e-04
2.702393626977499849e-03
5.332558287784999870e-04
4.612776577588999813e-04
2.666367889367600181e-03
4.318188785324999948e-04
4.953162650557000300e-04
5.318793413473000024e-04
4.958873199149999586e-04
4.931941277920000397e-04
4.886303052940999935e-04
4.365161903320999813e-04
4.480411659170000166e-04
2.423317799989100057e-03
5.952510552567000235e-04
5.147295072743000507e-04
4.920140330931999833e-04
5.056821833862000255e-04
4.471306865356999903e-04
4.666511856698000115e-04
4.789115348801000057e-04
2.470304743421099843e-03
4.993173028468000365e-04
4.649961052398999834e-04
2.276740487866399810e-03
4.578947532470000153e-04
2.737427242716999887e-03
5.042345350125000117e-04
2.559300162402699825e-03
4.937392280514000132e-04
5.836747423595999625e-04
2.615243084173499936e-03
3.157202555771899868e-03
4.530498759104000027e-04
4.922118632924000169e-04
5.179307067772000216e-04
4.996355990290000243e-04
4.341751709163999798e-04
2.552226839669500050e-03
4.668165377147000207e-04
2.415706047029099902e-03
4.952623192660000331e-04
2.172911735346100010e-03
4.674777803719999810e-04
3.043578357222799860e-03
2.865762952472599920e-03
4.481350593094000066e-04
3.899611783240999820e-04
2.679493012161100057e-03
4.615221076923999911e-04
4.652508268735999785e-04
5.130904710132000229e-04
2.025540923303999815e-03
2.468335091460199977e-03
5.264240413481999833e-04
5.532479618308999572e-04
5.311662985896999653e-04
4.293205640267999993e-04
3.103633563097000191e-03
4.839172373627999833e-04
4.644806299255000250e-04
5.213644627560000411e-04
4.518284825498000159e-04
5.341369053909999619e-04
5.075786867468999727e-04
4.997586371347000284e-04
4.581457809845999873e-04
5.309738220363000461e-04
2.577311130586699972e-03
2.759316478389200154e-03
4.887098309691999569e-04
5.220821013013000238e-04
5.377212703230999612e-04
4.930189791043000386e-04
2.630489555128900057e-03
5.351860526639000372e-04
4.472805683748999747e-04
5.338022675082000493e-04
4.471636431256000173e-04
5.230358708040000167e-04
4.262042597961000117e-04
2.570920264654599861e-03
4.413934329451000118e-04
4.405992560314999978e-04
5.367701717255999932e-04
2.389851690375499951e-03
4.402936890426999801e-04
2.610135956964299876e-03
4.552316590411000191e-04
4.984769493705000498e-04
5.448171634037000336e-04
2.444987211753599926e-03
4.367719282587999817e-04
5.132962868735999615e-04
2.572239318863400129e-03
4.926789774284999826e-04
5.999877785210000133e-04
2.845715168692399856e-03
4.577580801572000003e-04
4.933004190247000393e-04
4.157632284280999863e-04
4.941564961726999756e-04
4.373900024595000092e-04
5.129224742527000109e-04
4.565260513758000031e-04
4.748890216115000105e-04
4.982918360157999804e-04
2.362934180258399915e-03
4.428615106919000241e-04
2.243353564479899902e-03
4.464989393768999766e-04
5.130195108629000264e-04
4.576511930222000027e-04
5.517587515969999811e-04
4.709622420248000033e-04
5.312382684302000089e-04
5.143783502921999914e-04
5.191253464586000370e-04
2.479619148249800203e-03
4.859085653233000102e-04
5.694396472727999547e-04
4.111267731463999768e-04
4.426879576383999874e-04
5.998637176094999933e-04
5.290630274168999945e-04
5.001155364964000177e-04
4.991104998370000066e-04
5.031868031100999918e-04
5.506063926120999827e-04
4.623206552471999828e-04
5.056519820162999569e-04
2.534630001597499866e-03
4.670258116424000263e-04
5.110505552495000050e-04
4.926146813580999833e-04
5.003799054725000537e-04
4.659961893214000167e-04
4.967326146337999650e-04
2.814982158803300098e-03
4.956598419551999689e-04
4.547559387244999802e-04
4.685616769466000009e-04
5.103535651212000096e-04
2.441841209596600209e-03
5.512441155720999549e-04
5.201394822547999791e-04
2.594233725654599820e-03
5.159126516511000409e-04
2.439565253239600173e-03
4.478558234432000068e-04
4.709110825599000156e-04
4.550936527735999866e-04
4.508982145887999952e-04
2.597628122671999992e-03
4.991405585428999956e-04
5.075232248533000003e-04
5.369859448637999627e-04
4.956645470970999804e-04
2.432616399447000075e-03
5.136943421356999573e-04
4.192497682766999729e-04
5.342414070989000242e-04
5.562743442970999926e-04
4.791337832398000251e-04
5.165138043957999891e-04
4.670653841279000218e-04
5.066225860674999524e-04
5.247966806856000158e-04
3.056745501222900025e-03
4.863386431065000242e-04
5.251283021168999966e-04
5.531075934898999676e-04
4.450653829251000168e-04
2.194520607362200181e-03
5.026222597082999908e-04
4.645185492778999923e-04
2.736732883645199947e-03
4.831641655124000205e-04
5.241619829912999963e-04
4.715707377878000238e-04
4.698589708475999849e-04
4.619730491206000197e-04
5.530855400648999540e-04
2.821693075335500109e-03
4.826461025247999969e-04
4.708955125311000095e-04
3.072448114655700058e-03
6.024131147101999912e-04
3.028570661395100106e-03
5.032641713320000314e-04
5.181620821603000106e-04
4.651421520168000129e-04
5.137588205147999940e-04
2.285575068285299917e-03
4.782800158655999933e-04
5.200369954323000440e-04
2.642427216465599929e-03
2.369730820501000056e-03
4.520168266468000198e-04
4.567698743741000237e-04
2.382294031721199964e-03
5.433640975371999528e-04
5.316528377119999994e-04
5.216554059222000333e-04
2.663349386770600107e-03
5.373533967470999796e-04
4.832679322270999915e-04
5.168927786098999940e-04
5.290028592159000224e-04
4.507600706551000169e-04
5.291777805861999856e-04
4.435959509066999770e-04
4.746338982682000236e-04
4.560055973825999798e-04
5.138849645627000451e-04
4.614778566082000221e-04
4.671551015401999903e-04
4.718051206140000159e-04
5.121586358106999587e-04
2.975879224353599785e-03
5.909795388011000305e-04
5.150535281749999555e-04
5.198446517567999973e-04
5.043321259319999850e-04
2.584051064898000138e-03
5.216773654049000359e-04
4.993020189946000258e-04
2.282536452750400045e-03
5.491925800535000200e-04
5.797958288299999950e-04
2.386947032944100079e-03
5.076381711621000443e-04
5.271722827751000075e-04
4.936449749445000288e-04
2.201539264714800180e-03
5.244327265979000343e-04
4.579647638369999932e-04
5.170549648505999964e-04
5.323938289753999721e-04
5.072765190716000197e-04
3.146258041201199871e-03
3.996601731875999816e-04
4.827664885248000187e-04
4.770755862997000146e-04
2.520507915440400089e-03
5.425682853283000494e-04
5.242937114157000074e-04
5.036338920271000476e-04
2.367121854009899933e-03
4.500456394873000193e-04
2.592171713117499832e-03
2.453630733774499976e-03
5.208131401885999481e-04
4.331894662105000037e-04
2.338749242291199900e-03
2.865762952472599920e-03
5.279882027008999702e-04
2.253690006805099920e-03
5.387211225604999782e-04
4.375664982797999804e-04
4.801912029009000040e-04
4.669492123297000236e-04
4.684209612190000024e-04
4.328977133030999756e-04
4.586655596723000143e-04
4.407999599395999966e-04
4.814984658548999747e-04
2.779203910157599950e-03
5.005606425002000074e-04
4.992602360435999904e-04
2.784431379886499833e-03
5.290347417216999595e-04
4.384492687047999906e-04
5.119052768691999830e-04
4.627173801859999999e-04
5.369877931070000509e-04
4.554899051084000151e-04
5.066052078762999736e-04
4.633043596318999922e-04
5.270581330450999557e-04
5.024146570677000181e-04
5.461970461718999642e-04
2.572823861080800103e-03
4.739603419310000026e-04
2.462589629799599895e-03
4.638470688053999958e-04
4.555120483069000233e-04
4.795809608409999842e-04
5.139503555939000257e-04
4.440795349201999876e-04
5.588406018848000390e-04
5.973937905384999955e-04
4.640935188810000190e-04
4.729991139296999729e-04
5.281275543372000378e-04
4.779600112360000161e-04
5.047586239955999905e-04
2.814982158803300098e-03
2.774251712638500008e-03
2.756578338526000180e-03
5.776693590244000006e-04
2.601360425984900176e-03
4.744854287520000168e-04
4.282771045991999809e-04
5.568730905454000006e-04
2.439565253239600173e-03
4.897329707453000006e-04
2.240771499100100133e-03
4.691880446510000142e-04
4.964447730647000021e-04
4.566064418804000264e-04
2.565993717903899875e-03
5.193311955036000087e-04
5.358215110676000422e-04
4.731262649850999803e-04
5.052365221981000272e-04
4.459378067833999980e-04
4.536519447889000118e-04
4.462631387906000179e-04
5.848991767085999537e-04
4.943098049327999521e-04
5.129119764700999914e-04
5.120745212002999905e-04
5.045800638101999866e-04
4.917263040531999908e-04
4.422582532419000044e-04
5.350133935528000309e-04
5.176442889922000089e-04
4.894274624467999987e-04
4.513373418327999730e-04
4.572958628752999983e-04
4.942330584114999845e-04
5.454740293709999920e-04
5.165167606185999639e-04
5.104769762578000199e-04
2.886932940564100169e-03
2.802173774351999873e-03
4.209266301325000135e-04
4.650264375035000107e-04
4.935288168334999500e-04
4.558128862438999822e-04
4.578512419046999976e-04
4.867486723896000079e-04
5.434624474859999508e-04
5.508888512342999819e-04
4.847807410330999848e-04
5.566574083823999522e-04
5.046092155823999606e-04
5.498796519319000368e-04
4.662873319768999795e-04
5.299266682489000169e-04
4.418512077211999905e-04
5.383903013725000082e-04
5.674518253730000475e-04
5.129938038773999755e-04
5.320924271085000030e-04
4.410722966175000198e-04
5.301022058516000491e-04
4.680140706242000054e-04
2.909936536749399821e-03
4.473294515933999896e-04
2.600099200775099918e-03
2.588768553879800070e-03
2.598790165317400088e-03
2.766541348162399917e-03
5.002090726138999676e-04
4.903567762251999536e-04
4.877977490040999995e-04
4.716036326780999777e-04
5.302624154864000452e-04
2.717728209508100089e-03
5.341180562392000217e-04
5.310963537671000313e-04
5.017840789206000005e-04
4.360677870775999786e-04
4.561702903342999956e-04
4.660815421863000055e-04
5.973034357843000136e-04
5.319762131535000355e-04
4.773901055346000018e-04
5.176785491865000272e-04
4.871220194244999750e-04
4.413710565374000055e-04
5.270200036651000218e-04
5.039694929668999930e-04
4.953451078891999695e-04
2.735053804428799924e-03
4.746294858485000071e-04
5.037627594450999526e-04
4.732487585838000030e-04
5.550930883661999837e-04
4.643641256318999989e-04
2.398271529236200000e-03
2.765832252958499819e-03
5.250635388359999999e-04
4.231771056159999993e-04
4.338719003586999834e-04
4.658693819375000133e-04
4.575752970352999979e-04
5.148864702430000191e-04
4.142715550344000237e-04
2.401930439684999818e-03
4.425972905805000148e-04
4.664983850869000082e-04
5.469352667921000433e-04
2.496862686181999975e-03
4.986975688024999865e-04
2.654386178776500013e-03
5.308847874203999556e-04
5.194293542364000500e-04
4.738160593137000069e-04
5.343304569699000323e-04
4.492439521691000168e-04
4.970581227124000120e-04
5.127843041774999893e-04
4.204517078115000209e-04
2.914618595603800117e-03
5.137564959031000293e-04
5.614168080437000052e-04
5.251888911035999807e-04
4.598996737576000002e-04
2.471674778021400003e-03
4.672023960893999977e-04
4.355518152118999968e-04
4.772933789074999930e-04
5.524115564629999671e-04
4.525130903406000002e-04
2.248789686987599790e-03
2.669348639217499885e-03
5.927552694544000215e-04
4.468452112068999733e-04
2.559131924054700025e-03
2.266444828694300084e-03
4.877580305974000218e-04
4.967483054118999614e-04
2.641716451055900212e-03
5.053745754861000208e-04
5.311481373578999608e-04
4.738531168731000020e-04
5.008151064479999864e-04
4.470904769591999765e-04
2.535814684095299889e-03
4.424073047353000040e-04
5.009085242581000352e-04
4.491822060461000054e-04
5.244988447659000054e-04
5.286942792478999944e-04
5.216002195867000535e-04
5.412503258516999623e-04
4.400398087356000064e-04
4.770415603000000156e-04
5.127475158808000215e-04
5.115928239703000343e-04
4.713193322275000051e-04
5.179980990742999621e-04
5.400168998146000427e-04
4.859372994177999948e-04
4.617002665977999894e-04
4.949869107109999876e-04
4.389027319291999947e-04
2.914618595603800117e-03
4.728158183871000232e-04
5.055320687680000266e-04
2.401930439684999818e-03
5.154937821515000402e-04
5.398154707876999699e-04
5.012181161546000420e-04
4.762947143106999897e-04
4.240655218221000156e-04
5.592610309175000301e-04
2.382294031721199964e-03
4.578476473023000270e-04
2.520507915440400089e-03
5.054002433840000530e-04
5.133434385257999635e-04
4.799853720761000121e-04
5.513222920698000176e-04
5.005258191687999951e-04
4.769321524295000187e-04
4.619511550667999996e-04
4.762364490130999747e-04
4.448951757597999993e-04
5.055469449032999737e-04
2.769610555679299924e-03
4.966678105545000452e-04
5.209446136219999645e-04
2.507132699017000123e-03
2.384474184011900044e-03
4.752802760354999756e-04
2.510510475335599959e-03
4.319242873609999925e-04
2.519498573441999838e-03
2.343570432183500040e-03
2.376784155708200081e-03
4.825217054189000210e-04
2.645002383225800082e-03
2.717323720647200121e-03
5.014673928005000409e-04
4.486213406088000212e-04
5.292046505638000123e-04
4.371598498965000262e-04
5.017161244886999801e-04
2.175680879831400159e-03
4.619456448776000060e-04
5.529426390723999859e-04
4.327107436343999845e-04
5.003831489902999929e-04
2.869783635296400005e-03
5.214163143972000295e-04
5.257505860557999851e-04
2.992750842975400172e-03
5.511780524423000012e-04
2.771556723759699848e-03
5.394635816184000432e-04
2.488242537002599824e-03
4.939322494296999712e-04
2.894362006885899986e-03
5.665351451429000412e-04
5.360858441854000249e-04
4.510493032033000027e-04
2.663288442281099965e-03
4.530274345587000030e-04
2.810689667709199892e-03
2.363404796156399860e-03
4.544535167185999899e-04
5.128351472688999881e-04
2.291956356672899923e-03
4.929860057449000519e-04
5.096694140625000280e-04
2.542017616318100002e-03
2.169061460975799972e-03
5.236081219707999475e-04
2.479037015602099814e-03
2.185393153450899874e-03
4.172465727458999924e-04
4.536543075866999834e-04
4.872670963316999906e-04
5.118957167056999462e-04
5.018452405938999498e-04
4.503671833085000180e-04
5.331264633590999816e-04
4.440416599334000270e-04
5.038316765257999479e-04
5.356707842871999891e-04
5.035353894211000176e-04
3.180154040860600200e-03
5.413270634648000143e-04
4.474400509042999931e-04
5.120883169088000448e-04
5.009331918141000407e-04
2.432453007804299960e-03
4.805403862139000031e-04
5.366878684700999731e-04
5.107563412231000280e-04
2.987870870347699836e-03
5.434229793178000333e-04
5.044652149390000317e-04
4.679660288887000242e-04
4.975361721385999523e-04
4.872268200688999944e-04
5.253078526914000497e-04
4.590883644165999976e-04
5.502162486102999545e-04
4.777404516111000143e-04
4.558474539624000075e-04
2.409331257040799902e-03
2.615383903128300214e-03
3.146258041201199871e-03
4.862495703639000029e-04
4.973041022300000264e-04
5.082968095735999848e-04
4.840571214600000206e-04
4.946948452623999536e-04
5.146315836314999939e-04
5.061276940929999683e-04
2.418255897602300010e-03
6.022515058259999459e-04
5.412293746496000309e-04
4.621307670562999829e-04
4.600776469863000176e-04
4.616998936236999798e-04
2.510510475335599959e-03
4.840225408977000244e-04
2.610135956964299876e-03
5.289001248972000123e-04
2.601360425984900176e-03
4.471180950235999750e-04
4.386139012239000014e-04
2.769610555679299924e-03
4.559137686354000217e-04
2.592171713117499832e-03
5.035788746442000250e-04
4.666878668039000050e-04
5.289047961807999626e-04
5.080523968315999632e-04
4.774897469783000105e-04
5.562976110649000454e-04
2.549936830685399849e-03
4.606506512170999959e-04
4.525459604924000228e-04
4.743767520980999848e-04
4.298107036845999897e-04
2.735448320897799785e-03
5.258142616487999476e-04
2.691047930815499995e-03
4.503404792399000171e-04
4.812424316730000234e-04
4.701640329663999752e-04
5.082789034267999780e-04
5.039531346566000162e-04
4.845481021964000070e-04
4.328185114852999850e-04
2.404446572239800003e-03
2.343795977772700125e-03
5.331793389496999576e-04
4.590609573755999795e-04
5.685892345821000424e-04
2.159641117954000204e-03
2.266444828694300084e-03
5.475022775330999668e-04
2.409331257040799902e-03
5.304553819471999852e-04
4.394380837793000153e-04
5.453374642962000246e-04
5.503652024711999961e-04
4.554253000227000137e-04
5.317056121826999786e-04
3.969754465656000230e-04
2.472190931967399932e-03
4.627287729987000211e-04
4.865019340220000117e-04
2.668697725225399955e-03
5.063638183178000409e-04
5.589329577660999849e-04
5.315740557934999638e-04
4.953812167388000091e-04
2.666367889367600181e-03
4.770909697821000030e-04
5.172718715403999907e-04
2.439736021635900177e-03
4.845813183014999995e-04
5.025574624192999471e-04
5.565431545197000417e-04
2.630066915633199817e-03
5.177209548761000073e-04
4.784172535204000098e-04
2.484882094836899941e-03
5.074358573847999668e-04
5.340214445627999591e-04
2.759316478389200154e-03
4.884112721949999481e-04
2.205852184559899815e-03
5.061609935462999931e-04
5.610478771981000298e-04
5.077564451079000230e-04
5.170646074543999542e-04
5.314157538877999857e-04
4.638468091433000143e-04
5.495494905654999852e-04
5.303058629295999676e-04
2.479037015602099814e-03
5.000190098595999914e-04
5.474094774226000463e-04
5.869040990682000041e-04
5.633486834711999656e-04
2.802173774351999873e-03
4.701124877076000145e-04
5.389848930428999940e-04
5.056519820162999569e-04
2.578769963155099799e-03
4.179522258773000175e-04
5.212549032326999716e-04
4.976419264485999663e-04
5.949913086724000410e-04
4.726372706881000084e-04
4.707572767123000251e-04
5.770111481072999655e-04
5.535543107511999928e-04
5.151882245129999621e-04
4.385551323540999883e-04
2.392791287882899826e-03
2.546428275498500201e-03
5.253873656142000375e-04
4.958750312344000540e-04
4.252046974075000124e-04
5.299365909969999851e-04
2.240311913284900001e-03
2.668359903173100033e-03
4.988620361709000242e-04
2.777171760024899939e-03
3.061890966209099979e-03
5.029718531326999621e-04
4.893171224022999566e-04
5.333646583965000101e-04
5.139078908131999770e-04
4.941751212382000527e-04
2.298279645333599786e-03
2.329883229324300042e-03
2.615243084173499936e-03
4.946792471676999745e-04
4.802222557828999985e-04
2.471514471441200057e-03
5.269873159160999489e-04
5.289151432873000214e-04
2.622208689640899947e-03
5.511321003123999555e-04
4.857962200237999966e-04
4.390362253553999929e-04
5.218756492976000475e-04
2.423317799989100057e-03
4.863218697505999996e-04
4.381680090593999960e-04
2.769222850412300044e-03
5.006928032671000353e-04
4.832103075889999824e-04
3.056745501222900025e-03
4.954074111396999849e-04
4.827307559380999936e-04
2.771556723759699848e-03
5.576837331565000352e-04
2.432934067979600126e-03
2.762568833202300091e-03
2.343570432183500040e-03
4.785589110301999771e-04
4.954509052324000337e-04
5.260156904007000540e-04
5.127548915004999722e-04
5.633592387762999861e-04
5.203794087852999482e-04
5.048071938944000137e-04
5.060790214670000432e-04
4.628819931697999838e-04
5.156822857485000031e-04
5.223380354661999762e-04
4.753592804192999905e-04
2.297416821204999876e-03
4.999807670826000427e-04
4.426525091072000041e-04
5.493080199303999748e-04
5.373469550934000536e-04
5.295373758154000221e-04
2.559737329982400209e-03
4.463207097819000256e-04
5.577930453951999729e-04
4.686975794926999893e-04
5.160144984190000519e-04
5.194156079196000355e-04
4.810525332079999849e-04
4.776053254443000137e-04
4.646072896257999788e-04
5.210235030156000003e-04
4.384421924214999995e-04
2.765832252958499819e-03
5.040555020141999562e-04
5.111162425914000289e-04
4.578714005838000118e-04
4.534207967681999803e-04
2.445752797041400150e-03
4.407065137195000093e-04
4.866854213912999937e-04
5.165433344499000164e-04
5.559020651345000525e-04
2.362318863647999874e-03
4.155643681590999883e-04
2.763091300438000070e-03
5.562552798900000312e-04
5.223797325154000155e-04
4.686320676928000094e-04
4.674175677665999844e-04
2.266114655157900216e-03
5.235677957157999557e-04
3.988424155467000238e-04
4.433726496577999779e-04
4.924788686078999857e-04
4.857963393263000046e-04
4.905975319649999965e-04
5.009984582408000178e-04
4.650560003417999804e-04
5.156496460560000073e-04
4.656741178970000110e-04
4.783684803828000109e-04
5.334813682131000221e-04
4.692153742055000143e-04
2.495601959046799944e-03
2.704976553743600014e-03
5.520932484691999957e-04
5.355933207230000308e-04
2.559300162402699825e-03
2.542095390155400033e-03
4.361967259801000064e-04
2.512909998518699818e-03
2.291956356672899923e-03
4.453795426888999820e-04
5.742980944129000200e-04
5.439931958104999698e-04
2.784431379886499833e-03
4.487306035362999788e-04
4.953506184872000185e-04
4.605353198566000087e-04
4.821090850060000027e-04
5.288333191104999977e-04
5.920137028220999551e-04
4.795034593475999891e-04
4.799671696143000162e-04
5.331205569769000311e-04
2.303618831609400164e-03
4.611753363751000035e-04
5.016524281231000146e-04
4.799447832488000173e-04
2.766541348162399917e-03
2.395559003245100165e-03
4.888446843204000396e-04
2.513848105971599935e-03
4.922530483630999879e-04
2.528148976004199796e-03
4.519933647779999955e-04
4.926654997352000395e-04
2.425952271197800211e-03
5.007610142615999968e-04
2.649083828159500172e-03
4.737854074217000061e-04
4.379384196631999908e-04
2.320913517897100174e-03
5.517816336316999463e-04
5.174866187359000247e-04
5.631643482447000080e-04
5.417322929192000276e-04
5.211762298114999475e-04
5.224360090788000323e-04
4.754354856953000230e-04
4.281530136406000073e-04
4.368488311781999864e-04
4.849315354110999730e-04
4.736364717627999845e-04
4.660640964591000138e-04
4.726251644699000021e-04
5.269818103628999811e-04
5.250380624646000310e-04
4.780798766594999993e-04
4.671734479179000168e-04
5.224691665469999476e-04
4.944132673810000154e-04
4.536870361525999922e-04
6.028075628651000323e-04
4.333929307552999814e-04
4.999518275894000024e-04
4.593528388895000230e-04
2.654386178776500013e-03
5.247813566306000401e-04
4.827277312112000025e-04
1.963075862514599996e-03
2.801590789473500098e-03
5.308343787378999763e-04
4.441621035122999758e-04
5.228792756673000417e-04
4.973484278752000019e-04
4.464977552435000271e-04
5.050375382757999734e-04
5.410572491661000318e-04
4.706590408797999871e-04
2.404446572239800003e-03
4.846156332707000198e-04
2.538955454380099810e-03
2.667290443830299881e-03
4.800976356446000196e-04
4.891769033608999936e-04
5.052215274070000510e-04
5.674048461546000316e-04
2.553287125556000063e-03
4.608452269190999756e-04
4.727531213080000136e-04
2.317963474265799951e-03
5.217462850449999887e-04
4.843305838671000058e-04
4.390268915801000260e-04
5.500411051207000418e-04
5.255005707403999620e-04
2.215265132428599886e-03
5.185244338820999780e-04
2.774195060764900189e-03
5.162128184164000225e-04
4.842723151728999865e-04
4.616784851639999920e-04
4.692483735917999830e-04
4.767201322088999993e-04
2.328618827849199963e-03
4.923372364373999584e-04
5.840647190073999752e-04
2.334723131783600011e-03
4.662012616264999960e-04
4.711131273787999996e-04
5.596378784628999519e-04
5.281616136246999622e-04
5.129022025253000003e-04
4.983836257714999683e-04
5.092874214846000204e-04
2.542527563929300113e-03
5.651871855352999952e-04
2.732627942300400094e-03
4.847385284923000186e-04
4.324613968255999730e-04
2.418345524506499995e-03
2.542017616318100002e-03
5.004862247141000486e-04
4.881733397083000132e-04
5.977628815910000174e-04
5.117229622568000022e-04
5.165517604165999893e-04
4.917570646049999536e-04
3.961517777224999757e-04
4.720432985071999765e-04
4.589069420068999749e-04
4.532558703210999747e-04
5.117454218298999767e-04
4.550253437572000207e-04
2.208963583767599784e-03
5.408303015730999991e-04
4.649357836552999736e-04
4.929096032312000513e-04
5.982997881391000430e-04
4.888579276567000306e-04
2.503799789249399905e-03
4.677939125570000026e-04
4.907563114252000425e-04
2.557209255310899983e-03
4.969976821207999470e-04
4.890327592904000070e-04
5.518085724218000504e-04
5.116873042862999689e-04
5.180327905447999542e-04
2.570111995427299973e-03
5.010411495106999657e-04
5.441988383608000216e-04
4.003700734521999875e-04
4.969798397483999805e-04
5.349250246024999473e-04
4.738335686647000204e-04
4.568466578832000211e-04
2.363404796156399860e-03
5.328056066956999908e-04
4.995027442960000251e-04
2.630489555128900057e-03
4.587574848296999998e-04
2.668697725225399955e-03
4.547942677740999954e-04
4.351595167608999799e-04
4.421270378834999976e-04
4.245639103211000021e-04
2.185393153450899874e-03
2.270956960993299883e-03
2.192950414768900149e-03
5.861314203585000051e-04
2.894479886060200187e-03
4.365741962168999987e-04
4.721331857911000214e-04
5.483134712648000042e-04
4.665723590574999912e-04
2.812423592184299954e-03
5.054041970933999652e-04
4.914032859842000370e-04
2.821693075335500109e-03
2.514739017114500132e-03
5.589398973391999578e-04
2.604646972212300206e-03
4.634582848045000047e-04
2.578769963155099799e-03
5.503011424020000245e-04
4.618308240189999947e-04
4.976471071069999601e-04
4.934745212435000077e-04
4.534846743549999929e-04
2.696038196635899831e-03
4.933879227857000367e-04
5.106592908737000221e-04
4.602901445128999912e-04
4.730496355390000247e-04
5.148685996397000132e-04
4.546078903892000257e-04
4.500145863021999776e-04
2.792941754306400067e-03
4.745583264041999794e-04
4.497710580542999882e-04
2.598852080895100100e-03
5.769174752427000440e-04
5.355516962753999622e-04
4.368147161336000074e-04
5.134963872908000207e-04
5.476855512348000055e-04
4.524777107735999818e-04
4.395017170875000216e-04
4.744633753923999998e-04
4.630051630677000252e-04
4.723704300746000163e-04
2.763019859892499892e-03
4.768102414861999979e-04
5.432585088894000425e-04
5.066519038192000357e-04
4.929656519491000055e-04
5.114869349652000031e-04
4.495052990880999896e-04
5.568897414616999541e-04
2.222152700698600079e-03
5.240176840805999946e-04
4.560230353832000127e-04
5.566187097894000416e-04
5.062461490336000406e-04
2.782347882767700203e-03
5.309286460212000319e-04
2.559131924054700025e-03
4.857157331146999763e-04
2.722391585076199948e-03
5.219993448205000487e-04
4.488135831002000153e-04
2.587620376048500176e-03
2.401682640210500101e-03
4.835301599060999990e-04
4.963581377642999884e-04
4.257774959535999787e-04
2.748553121793099845e-03
4.787143216592999826e-04
4.378704218977000242e-04
4.894079132829000150e-04
5.259604234354000370e-04
4.390801579024999988e-04
4.838194695582999816e-04
2.607008246781999852e-03
5.282588856530000309e-04
4.892147536953000411e-04
2.418303941587699856e-03
2.669576526956800137e-03
2.175680879831400159e-03
2.858074715692899854e-03
4.694440438441000222e-04
