8.137363040490000130e-03
7.683076337204899908e-03
1.172519497754279973e-02
1.173721264999720050e-02
1.135926478685429959e-02
7.314641227778599999e-03
8.164662497396000737e-03
9.295274152941400067e-03
8.163399272331900089e-03
8.506176328611799939e-03
7.741628838485699673e-03
1.098878728679690032e-02
8.737157710143999764e-03
8.189817316072300554e-03
9.395350024996199784e-03
7.456512963216899680e-03
7.982810278589800440e-03
8.361693434354200080e-03
8.922646220604700529e-03
8.203780017110600190e-03
9.291500628449200078e-03
9.183293226409200774e-03
7.992483327810299618e-03
1.098810206270259965e-02
8.172348371016099206e-03
8.145377070388599983e-03
9.132635883974100574e-03
7.597928963934399635e-03
8.404704793095600299e-03
1.039176798279159951e-02
8.256108581760100013e-03
7.326473355532400408e-03
8.685338812193200628e-03
8.189866649502200793e-03
7.962439958810999321e-03
8.069641792249299811e-03
7.667162726222200367e-03
1.111226267244960070e-02
1.443305799371540077e-02
8.747854017368099366e-03
1.154650323362649972e-02
8.697010757625500341e-03
8.092559393098200729e-03
1.209107290008640083e-02
8.997534233937900042e-03
8.151134442228600077e-03
9.364034756263600601e-03
7.888114688727500268e-03
7.855357582521199991e-03
7.987619602901599794e-03
8.433322840985300536e-03
7.532376774950499954e-03
8.395057484143399890e-03
9.378360756829800735e-03
1.227597650685650042e-02
8.200971857772699700e-03
1.210493153270199990e-02
8.288190644089999184e-03
1.280304104420790061e-02
7.213274264683200258e-03
7.509303027321999856e-03
8.558284878002199794e-03
9.020252742139699825e-03
8.164808334298900155e-03
8.309669475835300412e-03
8.127018092620400674e-03
1.206265379519209924e-02
7.852102990307200520e-03
8.215579313702699865e-03
8.123726154565299312e-03
8.292114367219499335e-03
7.946624045937799793e-03
9.123075759273400684e-03
1.160988761122890012e-02
8.437164264389300852e-03
1.186822670295789930e-02
8.378599940495799758e-03
1.158840731506310083e-02
7.321773316091600113e-03
9.549809444836999950e-03
8.787426933352899400e-03
8.651284382151099364e-03
8.133789181484800054e-03
7.939434176497499329e-03
1.096484931227760008e-02
8.302377721399399960e-03
8.226414508424999619e-03
1.034905154261439933e-02
8.040789747772900467e-03
1.140462832730460008e-02
8.035255591658799906e-03
8.002180545450500102e-03
7.907660854712299583e-03
1.277045604184679981e-02
8.549700973812000143e-03
8.575040869252500628e-03
7.093859585200599886e-03
8.128724810587200159e-03
8.705093634658099197e-03
8.691273540098000405e-03
7.393389447970900169e-03
7.757774114318200138e-03
1.210493153270199990e-02
8.249938938275799133e-03
7.966860409190999748e-03
8.346112056473500504e-03
1.345668916748350014e-02
7.564852702505200227e-03
1.065950301107380059e-02
7.736009377283400122e-03
8.221045780443900219e-03
1.164217865454159929e-02
8.109049678690600366e-03
8.294444568415200100e-03
1.265365517195050048e-02
8.838339594691799889e-03
8.190670578303900148e-03
8.295197339077700627e-03
7.622049743980200028e-03
7.847236792035899161e-03
8.863523412833499912e-03
8.446208670754299513e-03
8.565106668426900050e-03
8.304542021017000467e-03
8.265544964757400373e-03
8.277697055277099397e-03
1.157378516019660041e-02
8.069408687614800305e-03
8.214502626615299841e-03
8.804701405587100210e-03
8.224366000162500537e-03
9.076031215574799360e-03
8.186521496794500058e-03
7.903482324517499547e-03
8.561478506650600784e-03
7.518690251748200160e-03
8.261942374587900179e-03
8.207725835284500338e-03
8.314904975766699777e-03
6.952498813052199883e-03
8.170963538378799712e-03
8.275245135891499959e-03
8.234049743604700614e-03
1.078992617404959942e-02
8.426872499550399492e-03
1.146766877857560013e-02
8.260705391064899344e-03
8.729582524253300113e-03
8.565432673876700528e-03
8.871798648596400730e-03
1.243955081743649931e-02
1.047199753003390070e-02
8.123943443524999503e-03
1.281733244615699922e-02
9.232025209461399221e-03
9.780581176254700068e-03
7.875556429240400738e-03
7.902842631049400435e-03
7.605629043308100197e-03
7.399299198869799775e-03
8.174372217631700049e-03
7.566696926198200092e-03
7.571159256196199720e-03
1.115838128792700015e-02
9.305359694677399832e-03
8.660193564279199813e-03
8.154862643476399470e-03
7.754517637633700014e-03
1.096731616666330074e-02
1.209166158837200050e-02
1.147493139022819943e-02
8.021526581733700451e-03
8.322064825071600128e-03
1.077534962317430040e-02
1.202278445388130050e-02
8.130291753295000590e-03
8.670496526890100752e-03
7.599052846421800074e-03
7.471562743887099657e-03
7.415860406054600347e-03
8.493409966035099512e-03
7.971165341403499763e-03
8.646854724624800093e-03
8.343306446096399390e-03
8.466193007513899554e-03
8.597057252078200290e-03
7.870953556697800682e-03
7.658972914053500426e-03
8.069447078608399729e-03
7.959682735494100561e-03
8.681248855772399908e-03
7.775500132220200360e-03
1.176380281243170033e-02
1.119530900501899962e-02
8.617123922043000081e-03
8.332755025260799378e-03
8.383387411503599382e-03
8.765157819366400233e-03
8.189270208710800608e-03
7.950571704685700444e-03
7.913236719937899802e-03
8.666764462774900410e-03
8.279215342502199704e-03
8.266655690596100628e-03
8.192241218812700010e-03
1.255333512560100062e-02
8.675523887031300063e-03
8.121001148185999149e-03
7.308925691618600035e-03
7.900625951054200333e-03
8.809043532748800712e-03
8.161916528688700420e-03
7.727725061889100140e-03
8.194903563774299723e-03
9.976221990438599585e-03
8.201812402405500579e-03
1.234141956416950035e-02
1.069489280381749965e-02
1.075528484930209951e-02
7.804788838543100411e-03
8.370788967091499430e-03
8.602221004240899471e-03
8.688883169802000261e-03
8.893487054710699780e-03
8.465903997718200041e-03
8.643793099392199641e-03
8.318247939863500362e-03
1.223186485974159937e-02
7.505121898460200350e-03
1.205227675890340085e-02
8.021260802411800742e-03
8.288863232950999249e-03
8.129357658386500082e-03
1.263480210439659954e-02
8.046982801265900251e-03
8.314572448502300511e-03
9.054408326564499301e-03
8.147591387140400501e-03
1.070622782976829966e-02
8.560961399438000649e-03
1.148627838548100036e-02
9.515951895445299430e-03
7.860092383757500550e-03
1.196244605633180018e-02
7.690727254895299812e-03
8.336525267552999732e-03
8.247514630807599792e-03
7.528760289976500070e-03
8.182929541917299474e-03
8.136709524144700514e-03
7.933393753360700601e-03
7.993880150839299467e-03
1.016288395376089941e-02
9.710714118824499350e-03
8.753787677977300022e-03
8.645696462519799827e-03
7.827840857678600855e-03
8.094347731732899967e-03
8.317080432792500755e-03
7.358962866824099620e-03
9.780581176254700068e-03
8.185411044292800406e-03
8.079276887371500751e-03
1.119530900501899962e-02
8.091906922491599874e-03
1.454705006533409985e-02
8.074942061568800289e-03
1.033646985389049915e-02
8.466998362195400293e-03
8.921203270132599394e-03
1.123448176685619936e-02
1.356602683233719929e-02
7.311989570928900152e-03
8.728138428346699992e-03
8.737783035478100327e-03
7.893309091317600446e-03
7.801056737559599989e-03
1.160988761122890012e-02
8.047138646052099525e-03
1.092764733796739926e-02
8.474799589804899239e-03
1.048048746499189929e-02
8.092745636757299812e-03
1.330842373314609917e-02
1.251787858608409930e-02
7.808682221862799783e-03
7.275075387827800028e-03
1.288682380717550043e-02
8.233374380902200307e-03
7.490100190316199835e-03
8.238116962381100347e-03
1.150447391131580004e-02
1.248944126148819958e-02
8.602488442958999490e-03
8.624296842094399465e-03
9.221144037632399496e-03
7.621337342641499972e-03
1.169016390937369955e-02
8.536928547573999215e-03
8.142204874875399664e-03
8.510508736285300052e-03
8.206094706216200685e-03
8.235815007130900534e-03
9.043572688025899864e-03
8.141002850474900188e-03
7.308288990766499682e-03
8.424352616372100463e-03
1.336939921793969983e-02
1.226309856564820021e-02
8.246613486970500242e-03
8.222515686586299652e-03
8.333220036782900200e-03
8.436621049161600189e-03
1.311762524565739975e-02
9.136862502470600653e-03
8.205180033851799254e-03
8.322419909741399571e-03
7.802189785304300060e-03
8.294650540609800615e-03
7.580582654633299597e-03
1.074183483972489944e-02
7.635211635379999737e-03
7.769883977585200288e-03
8.135243846784500493e-03
1.070793302850219994e-02
7.859519661186399608e-03
1.281874018488979999e-02
7.783428917280800149e-03
7.015645657080299934e-03
8.170418694860900194e-03
1.096484931227760008e-02
7.643407105382100247e-03
8.430467351737400139e-03
1.368007585995380075e-02
8.181647987816400083e-03
8.699701645825799745e-03
1.141535024695060005e-02
8.294217717396100420e-03
8.703142463240000695e-03
7.444111402802200232e-03
7.447455570088500239e-03
7.982729870305599329e-03
8.959882749567500693e-03
8.151517542170399339e-03
8.243284238670399444e-03
8.622686902624000782e-03
1.270640622850880037e-02
7.588900226548500431e-03
1.088518087885339929e-02
7.670870815963900385e-03
7.809767599272400378e-03
7.991270356087000135e-03
9.468765913452800026e-03
8.052114423560699508e-03
8.088908175270300566e-03
8.747142151980899505e-03
8.056699253468000560e-03
1.094834453292329972e-02
8.064459226048200507e-03
8.766433077738300730e-03
7.563468113498299575e-03
7.152995474690200008e-03
9.564413787685299706e-03
8.154049367268999954e-03
8.258347698619999608e-03
7.475154540487099868e-03
8.901408129920499249e-03
8.318424719490999375e-03
8.270170147156299598e-03
8.005443581259999442e-03
1.357653322145500017e-02
8.167487478095099285e-03
8.137255517272200256e-03
7.974255969602999858e-03
8.655777246993600835e-03
8.250725328021400393e-03
8.652265498139400518e-03
1.268031391613340039e-02
7.722663587934700327e-03
8.085052757697100065e-03
7.544604321887800162e-03
8.927202038287000707e-03
1.123083527039170013e-02
9.389625228848799687e-03
8.201263390184400717e-03
1.157378516019660041e-02
9.023154290808599667e-03
1.198653611526889935e-02
7.674467784711199586e-03
7.505176812705099954e-03
8.399200162934199881e-03
7.742450284166400160e-03
1.147493139022819943e-02
8.615101189757999253e-03
7.940335345341199835e-03
9.485544980606400167e-03
8.715996645151500091e-03
1.092607690350030046e-02
8.846116320787900805e-03
7.709311706853200045e-03
8.204158689291699696e-03
8.583949352305100464e-03
8.134519458300399145e-03
8.080286735986000335e-03
8.091902493875700528e-03
8.542890467840399266e-03
8.544266263403399800e-03
1.359905066663780020e-02
7.641404033409599818e-03
8.072705824249499715e-03
8.686365568198600728e-03
8.185647207985400492e-03
1.136823172891330072e-02
7.586612014548199841e-03
7.675837971709000181e-03
1.320026813827749994e-02
8.705604844270499465e-03
8.286035871159199220e-03
8.397819612589200663e-03
7.674818223270500096e-03
8.298619655476400722e-03
9.714923533223999985e-03
1.298905760037340033e-02
7.830988023531800304e-03
8.086162816334499168e-03
1.158840731506310083e-02
9.667023044663299383e-03
1.297478242599920013e-02
8.059477574277700701e-03
8.215801135624199378e-03
8.597568198319400709e-03
8.670161233098100731e-03
1.283367527339199926e-02
8.351556945012600722e-03
8.910768802811299544e-03
1.159453151585359935e-02
9.595080546970899751e-03
7.769831811923200160e-03
7.984370796691999880e-03
1.262339799341649985e-02
8.742324912290100336e-03
8.909930655544899547e-03
7.928009373667700699e-03
1.030893395500990031e-02
9.155707131258199530e-03
7.637170173208100189e-03
8.728495375654999472e-03
8.222188825446499413e-03
7.827088830111000178e-03
8.388698058362200477e-03
7.800456632365200017e-03
8.146597489649399365e-03
7.990478919407999897e-03
8.833294624272999829e-03
7.305493032067500274e-03
8.345902128310199800e-03
7.866391164510299835e-03
8.708157457194200257e-03
1.095010288749520035e-02
9.715839082317899444e-03
8.379063351608500090e-03
8.162535290050600134e-03
8.242067448189000292e-03
1.173721264999720050e-02
7.840034760651499318e-03
8.795968401171500028e-03
1.063493247977199962e-02
8.294971413293900780e-03
8.863495307701299217e-03
1.399942552626409938e-02
8.640221652701899485e-03
7.965271243873400103e-03
8.101170734922899866e-03
1.007324531477249950e-02
8.061677558417600087e-03
8.039442663385300628e-03
7.846687721424399145e-03
8.302981203183200376e-03
8.040181684307699458e-03
1.205839298507060085e-02
7.319354361108700371e-03
7.399127822765899816e-03
8.454143438713399711e-03
1.071825105858529963e-02
8.671664908388200532e-03
8.521930914512899913e-03
7.610691130972200256e-03
1.221804092158119970e-02
7.975705378264899906e-03
1.166153040728789940e-02
1.186495288295470046e-02
8.346758826946999721e-03
7.824466728063399906e-03
1.171477736966449953e-02
1.251787858608409930e-02
9.088373827288699636e-03
1.091682839987430029e-02
8.419203004957100805e-03
7.653854482111899747e-03
7.999638805808699168e-03
8.224330821702499628e-03
8.355787074458199959e-03
7.677123137143899642e-03
8.136020577571500059e-03
7.771957058574700122e-03
8.615453548781399143e-03
1.091246187221289916e-02
7.863802173100500545e-03
8.812096574517499711e-03
1.268123928649030063e-02
8.585862142884200660e-03
7.787270522805800170e-03
8.018028579998099856e-03
8.070472456201700090e-03
8.353203106309100429e-03
8.060771373185600039e-03
8.869377365327800466e-03
8.243021703821299534e-03
7.876094792795499538e-03
8.339653275540100108e-03
9.318378763070300080e-03
1.176497126849839966e-02
8.248834657147600252e-03
1.129701693566429951e-02
7.985735958730300760e-03
7.604829817901300089e-03
7.765535226593099812e-03
8.200732212459399539e-03
7.949926410305400287e-03
9.698125524959700858e-03
8.761744812998099527e-03
8.378954543537299460e-03
7.433358181718700136e-03
9.198391950039500400e-03
7.705603087341600203e-03
7.961548066171400539e-03
1.268031391613340039e-02
1.179116634653920061e-02
1.193956080850499916e-02
8.735170246266800789e-03
1.127401276815839966e-02
8.413959460781000529e-03
7.866966414060299478e-03
8.462442660588600021e-03
1.198653611526889935e-02
8.670434309341999365e-03
1.118358212526819953e-02
8.189047398154800442e-03
8.841913388951499336e-03
8.111823684203000456e-03
1.339216702908000052e-02
8.417654979210100266e-03
9.214149983080300796e-03
7.202562617780799634e-03
7.957073904268599507e-03
8.007208218685599177e-03
8.143195233543400538e-03
7.713197860405500081e-03
8.854280327295299333e-03
7.270853801972399812e-03
8.021173257235499759e-03
8.512548680666899570e-03
8.696484580801300268e-03
8.341125270063400043e-03
8.166695914385600080e-03
9.341476956226399744e-03
9.050031177499700749e-03
8.074793610264899626e-03
8.002483144620700303e-03
8.172573099332900229e-03
8.586911228112000666e-03
8.020600923061199650e-03
7.995365549836800159e-03
7.899354168741100010e-03
1.187520429862749978e-02
1.117257185499660049e-02
7.721979405395300138e-03
8.207397155301700276e-03
9.001135720925000638e-03
8.120509648581299492e-03
8.205509418833500587e-03
8.569777630405499280e-03
8.591521714446999358e-03
9.491542751508699402e-03
7.648736950006100425e-03
8.523910067396700194e-03
8.791759810528699398e-03
8.528959096853300573e-03
8.257445247206299244e-03
8.430503270767100363e-03
7.342297313502299874e-03
8.642464380828199580e-03
8.596288329527799685e-03
8.819610677972600232e-03
9.418533955769499769e-03
7.818718989006899489e-03
8.750429770649799724e-03
8.349402436338399999e-03
1.151363377748649934e-02
7.862598586308500170e-03
1.128078419897069959e-02
1.237738588622500080e-02
1.209469667857379985e-02
1.114401313511440006e-02
8.042025491237199744e-03
8.532516438036199732e-03
8.621726951650199311e-03
8.092467817928600607e-03
8.344985031437799489e-03
1.504045193622859967e-02
8.510590873727000641e-03
9.120566404395000215e-03
8.735000338987499238e-03
7.991820924077599336e-03
8.010816079378599644e-03
8.014629009713999247e-03
9.122335461676499627e-03
8.533724137151000103e-03
8.379281377816299656e-03
8.809648281052299273e-03
8.374882811112999842e-03
7.758940451518500300e-03
7.967577131420700703e-03
8.755633258888000092e-03
7.817174383456700071e-03
1.265365517195050048e-02
7.781270855601999693e-03
8.727447385830599397e-03
8.284961154940600689e-03
8.560307456100700249e-03
7.229282702529300428e-03
1.146766877857560013e-02
1.252434112755120010e-02
8.741681094282000020e-03
7.564001615736799973e-03
7.553296270771899835e-03
8.144935850353600751e-03
7.991946891067700301e-03
8.233076212934299296e-03
7.268189484798600122e-03
1.176273894407819931e-02
7.961124489747299984e-03
8.104529395621099322e-03
9.162372351082800209e-03
1.149762833794680007e-02
8.851153397279300228e-03
1.183540690842740072e-02
8.420048636660600397e-03
7.735156562692900063e-03
8.115795213270399905e-03
8.268335274599599924e-03
8.099761916072900289e-03
7.813313232889800009e-03
8.361606693264099499e-03
7.615677146707000231e-03
1.185734674227180083e-02
9.046786702428200044e-03
8.657907927103499282e-03
7.957503213727299199e-03
7.644644927849999876e-03
1.077534962317430040e-02
8.226726568901599618e-03
7.748449682939100372e-03
7.940411691336199743e-03
8.644258523750000117e-03
8.023798177943500601e-03
1.172147801696199997e-02
1.327047369398320041e-02
9.280568640377099762e-03
7.976100900088900839e-03
1.159373109679360039e-02
1.164208358280260057e-02
8.478417965213199542e-03
8.394840460421699666e-03
1.014184299050389926e-02
8.820899799934400071e-03
8.241895604186000659e-03
8.416181293255399140e-03
7.637030817896100186e-03
8.023363854626999747e-03
1.017444318604249914e-02
7.852666210927500626e-03
8.119283670667500410e-03
7.995555487947499790e-03
8.138364126697099354e-03
9.140671096712099652e-03
8.348512188397100645e-03
8.525821969572199704e-03
7.676299808859999955e-03
8.297325785314500421e-03
8.039809682635699895e-03
8.985727097341000488e-03
8.420470908576300345e-03
8.320458870119099362e-03
9.430711692116499137e-03
8.349907463722100812e-03
8.036554261853300768e-03
8.607836989387000065e-03
7.743033641165300400e-03
1.185734674227180083e-02
8.311807344641099562e-03
8.910153936881699474e-03
1.176273894407819931e-02
8.807223741330699393e-03
8.173040471482900804e-03
8.795666644391400210e-03
8.265586485601399483e-03
7.543636552684800101e-03
8.701695476956400332e-03
1.262339799341649985e-02
8.189011215859099205e-03
1.071825105858529963e-02
8.190750241062199830e-03
8.096417815351199601e-03
8.536149521649299965e-03
9.395112575064300600e-03
8.001240257263099453e-03
8.173831884279600390e-03
7.187040638566499599e-03
8.504292393518799245e-03
7.414694923894900140e-03
7.903674140194300035e-03
1.119890735668379982e-02
7.997165181298400427e-03
7.855060857215699979e-03
1.096731616666330074e-02
7.704094380296899747e-03
8.228115619755600393e-03
1.137884934060619940e-02
8.032425697999600114e-03
1.161445288314040016e-02
1.042541486726259944e-02
1.110619191925719951e-02
8.373274577672300614e-03
1.090508861982119986e-02
1.352093664015770018e-02
8.957743056103799340e-03
7.742219783158700054e-03
8.126859258231299357e-03
7.649569317669399626e-03
7.673168266068799981e-03
1.077175124819229959e-02
7.981140464672100560e-03
8.411623386917600406e-03
7.716936710311999952e-03
8.642511723714300584e-03
1.192995200285400063e-02
7.941537719760799821e-03
8.032591647238400412e-03
1.263480210439659954e-02
9.450429226824099208e-03
1.171564219180470066e-02
9.119955647379300243e-03
1.054465757672469993e-02
8.787474147021200749e-03
1.272218627081950042e-02
8.143142425901400000e-03
8.056150685347800849e-03
8.280067238598500662e-03
1.115838128792700015e-02
7.932551020007599235e-03
1.333377659160559989e-02
9.545244751138399347e-03
7.876667533929199855e-03
7.755404209891300117e-03
1.116429668044419989e-02
8.677273524426900447e-03
7.858030774324200468e-03
1.204318259881739968e-02
1.202969698258819949e-02
8.089558566770299261e-03
1.155750151234759965e-02
9.462511721985500737e-03
7.684596369159899833e-03
7.903685902281800194e-03
7.478120828796099885e-03
8.595312675463999755e-03
8.607646818480099715e-03
7.994646531532499656e-03
7.762359314489099618e-03
7.671346409371200027e-03
8.096087356770399757e-03
7.801223784308499581e-03
7.872244335157199333e-03
1.228416224257139998e-02
8.254031120386700823e-03
7.848293212031799346e-03
7.759091114391899677e-03
7.873118112865500062e-03
9.526147523853400328e-03
8.488780979616500355e-03
8.163069866399400368e-03
7.775794007195399593e-03
1.114131352593289957e-02
9.400973214625600247e-03
7.940381590593900002e-03
7.684523897063299906e-03
7.534450303380599984e-03
7.573619998770600263e-03
8.307845560497800416e-03
8.196615105967199402e-03
8.383091259160100131e-03
7.904066236394800826e-03
7.378003268132300382e-03
1.054156677406810003e-02
1.043523910962259986e-02
1.205839298507060085e-02
7.936750777872300655e-03
7.749908931369300057e-03
7.942271525196199777e-03
7.720113639482600355e-03
8.759514258647399867e-03
7.807275585891100197e-03
8.461448176304899385e-03
1.170193662605869926e-02
9.039945872528400844e-03
9.393528585542100864e-03
8.142931477920400257e-03
7.808675159912999673e-03
8.042635860334899911e-03
1.137884934060619940e-02
7.605736013503300134e-03
1.281874018488979999e-02
8.488734804993600808e-03
1.127401276815839966e-02
7.918636405019899294e-03
7.587180575982900056e-03
1.119890735668379982e-02
8.096445433559999391e-03
1.166153040728789940e-02
8.037581515553499437e-03
7.937439449025900789e-03
8.137213382613899676e-03
8.003315805875200334e-03
8.264236983226300182e-03
8.385706703848900753e-03
1.145346803336880041e-02
7.476364160550100224e-03
7.824791896045799403e-03
8.440961161052499759e-03
7.464286224174799915e-03
1.297173258432880033e-02
8.298717732422199872e-03
1.171872213557909916e-02
8.026868827743800089e-03
8.419436273741899568e-03
7.388260565629000028e-03
8.733165146516499652e-03
8.170472731818999301e-03
8.488685655422200174e-03
7.689975659618500381e-03
1.282276387362290063e-02
1.098878728679690032e-02
8.347982178488200233e-03
7.990651649598400769e-03
8.689555711399499921e-03
9.900693512405699809e-03
1.164208358280260057e-02
8.988436027181299567e-03
1.054156677406810003e-02
8.386253940079999719e-03
7.866435861083900111e-03
9.266902771213399170e-03
8.697364127124700486e-03
8.058963510431900457e-03
9.451121791682099912e-03
7.161210874491200258e-03
1.126492988760560005e-02
8.298355748381299954e-03
8.323391266576399272e-03
1.052420567304799930e-02
8.505027248560299152e-03
8.739693770956600410e-03
7.601052020838899685e-03
7.711519240045800090e-03
1.196244605633180018e-02
8.526856486814199387e-03
7.989658412149200362e-03
1.126882637131429964e-02
8.432335675968799169e-03
8.131807573151699289e-03
8.534740405415700004e-03
1.116718347376119934e-02
8.624896161562700669e-03
8.446173148883299314e-03
1.206265379519209924e-02
7.890943248290000628e-03
9.412126571219399732e-03
1.226309856564820021e-02
8.252950945221600859e-03
9.117021647412100818e-03
7.534337703333600020e-03
8.548468769968200348e-03
7.877353570152900719e-03
8.000843110405700745e-03
7.912522899958900763e-03
8.188327616316900745e-03
8.316078374601399564e-03
8.103335272019500379e-03
1.155750151234759965e-02
7.423756166028599827e-03
8.127349210467099336e-03
9.554084050787999688e-03
8.543937926321200013e-03
1.117257185499660049e-02
8.298879732156200575e-03
8.209678853903999360e-03
8.005443581259999442e-03
1.139042206392189976e-02
7.360824716928900113e-03
8.414376303394000348e-03
8.601418605272399473e-03
8.939062277087900590e-03
7.335212655803000255e-03
8.374436270812399274e-03
8.803802402354600487e-03
8.683325554973000265e-03
8.199861400841099157e-03
7.789778133488200335e-03
1.194178918945280020e-02
1.157260393839650015e-02
8.955627857208799461e-03
8.463191587727699958e-03
7.755357711340900295e-03
8.270068978044399152e-03
1.052892636764420076e-02
1.220905936328270033e-02
8.134345811285699501e-03
1.291336594384429916e-02
1.361915421368329986e-02
8.771197399849399792e-03
8.249309796478199175e-03
7.938351847092600666e-03
8.040488261907700537e-03
8.434416678348100049e-03
1.082988771532649927e-02
1.059230495277099955e-02
1.123448176685619936e-02
8.602857846548699408e-03
7.752133202446500129e-03
1.080337438107089980e-02
8.307463132839299630e-03
8.104676050814999672e-03
1.222320307812329969e-02
9.015869224358799908e-03
7.959949160120400463e-03
7.798925029909100325e-03
8.826122306430100525e-03
1.016288395376089941e-02
8.455094881460499881e-03
7.865106792836699251e-03
1.372917825715390047e-02
7.727286162480800392e-03
8.411099066927900728e-03
1.359905066663780020e-02
8.475586768122600478e-03
7.624300391109600089e-03
1.171564219180470066e-02
9.246307031377000440e-03
1.090618411017080062e-02
1.278828959050410004e-02
1.042541486726259944e-02
8.463510750944999370e-03
7.871002830620100685e-03
7.849278897582200737e-03
7.807200377259800039e-03
8.173979905510799643e-03
8.146074188032299476e-03
8.632893421104799458e-03
8.146131292398099688e-03
7.582975619255000188e-03
8.335946378954800159e-03
8.305900397548599684e-03
7.461461201509199913e-03
1.111144203939989916e-02
8.805858623593900217e-03
7.881284470712700274e-03
9.475459106890500235e-03
8.447220460320599422e-03
8.309474451744300674e-03
1.263864317172110063e-02
7.694891246087199807e-03
8.210240603523200759e-03
8.415536454644399755e-03
8.643878089157300271e-03
8.784006405402099496e-03
8.315061665580700256e-03
7.908975328031800020e-03
8.195375580574199362e-03
7.886805805001499692e-03
7.724933357935300123e-03
1.252434112755120010e-02
8.707693249077299441e-03
7.925079693969600339e-03
7.545685246978500044e-03
8.158767247042000501e-03
1.183002626940789920e-02
7.869618700124099420e-03
8.070811370133499155e-03
8.417831196589899492e-03
8.141632928892800561e-03
1.250294899887669994e-02
7.631611445299900202e-03
1.241397429768049954e-02
9.259337714871800074e-03
8.827448128455700829e-03
7.383661047941900146e-03
7.466821158843100353e-03
1.120442226951539992e-02
8.299995667436700642e-03
7.181740889065000265e-03
7.696850563868799615e-03
8.328445136037100280e-03
8.679552555625500571e-03
8.749630795719000667e-03
8.854886425464900471e-03
8.268745305668999748e-03
8.654424840189699902e-03
7.828849368710600817e-03
7.484162926617499677e-03
7.846861614989699904e-03
8.200896663375700779e-03
1.123418971044840009e-02
1.237207247136209998e-02
8.563518496792200257e-03
9.193915325431499877e-03
1.033646985389049915e-02
1.212319373975019945e-02
7.598738504752599807e-03
9.976221990438599585e-03
1.116429668044419989e-02
7.826899471109399764e-03
8.860362911698900501e-03
9.291632433388600371e-03
1.268123928649030063e-02
8.280700175471999991e-03
7.960774789151000078e-03
7.900499511131500036e-03
8.608924409505100406e-03
9.285648848935200428e-03
9.589059396790800341e-03
8.483691998870099282e-03
7.357267224837599727e-03
9.184184619671700855e-03
1.089571056302699945e-02
8.241115653759499907e-03
8.698130204266600260e-03
8.434541895207200296e-03
1.114401313511440006e-02
1.125872878972359985e-02
8.377342850445000308e-03
1.161098279194039927e-02
8.259618951858000227e-03
1.105282309565290035e-02
7.890417583036999152e-03
7.846411958292000624e-03
1.257786894902370063e-02
8.416436090703799736e-03
1.301998159150410082e-02
7.895653458683399295e-03
7.635727525923200094e-03
1.024692348787950048e-02
8.550677794470700616e-03
8.363113985430900219e-03
8.386793186025599464e-03
8.516656116889700229e-03
9.088841957363900242e-03
8.164914336716500715e-03
8.074058494764800586e-03
7.790407368836099744e-03
7.671001217131900342e-03
7.453954884844599983e-03
7.902501072215600830e-03
8.256093536146700759e-03
8.137602640657499997e-03
8.245750940458099892e-03
7.466348447473900203e-03
8.449495364750800319e-03
8.070229282685399338e-03
8.380585911755399769e-03
7.626739132005700209e-03
8.161267290668900234e-03
9.161601819661200144e-03
7.760444239763300382e-03
7.949125745550299910e-03
8.040340891677400306e-03
1.183540690842740072e-02
8.096654111910399354e-03
8.529039609791899679e-03
9.356998311024199502e-03
1.325872963122740056e-02
8.151076459500999905e-03
7.853395117389300531e-03
8.604663144954600648e-03
8.288631475488399819e-03
8.067983117415300498e-03
7.530376232942799682e-03
9.484505590207199799e-03
7.499809641582200204e-03
1.282276387362290063e-02
8.384626776685199720e-03
1.162061240594429966e-02
1.401394817183449978e-02
8.164703737689599228e-03
8.364945470165700142e-03
7.999949190567899257e-03
8.528034178161000151e-03
1.265353607765059944e-02
7.768740173604599987e-03
7.855449393482599393e-03
1.140462832730460008e-02
8.845280472713400177e-03
8.376496034607000193e-03
7.857535699091399914e-03
9.347118146736100447e-03
7.966400303439299946e-03
1.113181504296959987e-02
8.748455358244800611e-03
1.304788052887199956e-02
7.281075369943899867e-03
7.910691704591599552e-03
7.958273645974900390e-03
8.139654316166299378e-03
6.875745716169600133e-03
1.080830028538909936e-02
7.728448249881700143e-03
8.482962881824599594e-03
1.074541827961270068e-02
8.281289621833200221e-03
7.518445886387500193e-03
9.349640585128200440e-03
9.036794027504499449e-03
8.205508047856599138e-03
8.896282780449599192e-03
8.307814362852999554e-03
1.064708444048689980e-02
8.541064384762299400e-03
1.121366352396539930e-02
8.417312099305799405e-03
7.751784638836000003e-03
1.069681124283380046e-02
1.204318259881739968e-02
8.797243843721200274e-03
7.835045164412300298e-03
9.157820456016100424e-03
7.930355832258099286e-03
8.173739024524799904e-03
7.793256426842599602e-03
7.330609468220099928e-03
8.157484717596700380e-03
8.257943571126399873e-03
7.908980196378499750e-03
8.400441921889000713e-03
8.200009061895300808e-03
1.070622782976829966e-02
9.051234936231000727e-03
7.796306969649899679e-03
8.465794073167300787e-03
9.338219249887600229e-03
8.294216196453600004e-03
1.145196014457999963e-02
7.297579651793399853e-03
7.969241005859299329e-03
1.206992991066769931e-02
8.402523427798500033e-03
8.452012562897199405e-03
7.922842138286100705e-03
8.168712993492699415e-03
8.316437031837400212e-03
1.102178258257619989e-02
7.956908094119700264e-03
8.458096623250499838e-03
7.297296222392900093e-03
8.519437132384000827e-03
9.414675380413099412e-03
8.244394140889000494e-03
8.329637968950399929e-03
9.545244751138399347e-03
8.306065632547200012e-03
8.107612149472800608e-03
1.311762524565739975e-02
7.905443151508099314e-03
1.052420567304799930e-02
8.143953795711799185e-03
7.870368508904599866e-03
7.686870462730700272e-03
7.388116794150799936e-03
9.462511721985500737e-03
1.106325963272090061e-02
9.738219032354999971e-03
9.017767201376399380e-03
1.310200328117529928e-02
7.585837061907899602e-03
8.487613920352099842e-03
8.802111412304599800e-03
8.213173580835300691e-03
1.328851067396009944e-02
8.703941592347800779e-03
8.451154607752800127e-03
1.298905760037340033e-02
1.209166158837200050e-02
8.532945941091399367e-03
1.176646059590370080e-02
8.243328339453100465e-03
1.139042206392189976e-02
9.381219154772500041e-03
8.044420373339699476e-03
8.818453803928700055e-03
8.496221556243799267e-03
7.821419960981399952e-03
1.034905154261439933e-02
8.193488714115799987e-03
8.325169910561100797e-03
7.867928247585200333e-03
7.836547224264899317e-03
8.026891153279300251e-03
7.912564341424999786e-03
7.936868471791400786e-03
1.500078307921869948e-02
7.458855314708899911e-03
7.866906007212700822e-03
1.163582099414259968e-02
8.442313578252300110e-03
8.144281004454800854e-03
7.599200095177800068e-03
8.356353805602300538e-03
8.494937838738199701e-03
8.043981987112999374e-03
7.762300196046199863e-03
8.296129239746199632e-03
7.314228339877599898e-03
7.561126820555199787e-03
1.367524292224999924e-02
8.269362375217500019e-03
9.290126866174499426e-03
8.655005992247999380e-03
8.068095959110999776e-03
8.455377494606600500e-03
7.949609729316799503e-03
9.252699889800399674e-03
9.549636934551500658e-03
8.011454574150899885e-03
7.974711120583299201e-03
9.473556320115100390e-03
8.240230562628700003e-03
1.320899694666040000e-02
8.292227117844500756e-03
1.159373109679360039e-02
8.481116670136800567e-03
1.216961467540590008e-02
7.968008483786700319e-03
8.268476131884399533e-03
1.279075782764669926e-02
1.247896944583149967e-02
8.234433780615999995e-03
8.844851121472199415e-03
7.825808634028199803e-03
1.053894309844369964e-02
8.477469847763000055e-03
7.740248489369300211e-03
8.097100097731900134e-03
8.015554168790399447e-03
7.709509343392999606e-03
7.717925243228800428e-03
1.477347994566300012e-02
8.042693938886999461e-03
7.842362594493199751e-03
1.059148216636139964e-02
1.098855787471040082e-02
1.077175124819229959e-02
1.333772205445669934e-02
8.368818853054399778e-03
