6.444174478177146746e-03
6.331696208060585626e-03
6.305596302972929848e-03
6.425148371538452231e-03
6.279712232462416298e-03
6.330004925793253009e-03
6.329529556428623201e-03
6.337343555639167111e-03
6.456323646374767869e-03
6.314165069630247804e-03
6.299997845309507176e-03
6.116369002979391012e-03
6.414236489253624836e-03
6.341013302936060296e-03
6.252257386447418117e-03
6.220946154799403965e-03
6.252257386447418117e-03
6.362035860939089377e-03
6.252257386447418117e-03
6.116369002979391012e-03
6.374731567929562553e-03
6.334176632351024364e-03
6.216582462622952977e-03
6.364957598816784433e-03
6.252257386447418117e-03
6.109497669840668367e-03
6.252257386447418117e-03
6.116369002979391012e-03
6.349126569600287151e-03
6.417199760907559350e-03
6.421057696944228003e-03
6.454277030707281787e-03
6.171636616347462960e-03
6.363305291519853919e-03
6.351416465839756012e-03
6.325370229520197417e-03
6.272889839387454751e-03
6.341013302936060296e-03
6.334176632351024364e-03
6.353202738989718878e-03
6.307554201810380845e-03
6.294728654079568587e-03
6.316162762995391859e-03
6.357476795105346939e-03
6.337343555639167111e-03
6.435973938440178212e-03
6.262318698442352789e-03
6.420501295616051068e-03
6.242873011488184014e-03
6.366361735824757097e-03
6.088610188954292693e-03
6.252257386447418117e-03
6.183251419385645854e-03
6.343229125634845984e-03
6.330666974480883558e-03
6.363305291519853919e-03
6.335592066720322109e-03
6.370683971649844166e-03
6.435973938440178212e-03
6.444174478177146746e-03
6.396568042160357716e-03
6.407134502182819727e-03
6.385700393266996455e-03
6.451447514125882403e-03
6.455929338004212301e-03
6.457333475012184965e-03
6.444174478177146746e-03
6.200469409028096235e-03
6.307554201810380845e-03
6.421057696944228003e-03
5.886459260711220109e-03
6.227022867294233419e-03
6.305596302972929848e-03
6.435973938440178212e-03
6.353202738989718878e-03
6.316162762995391859e-03
6.311917893986831833e-03
6.396568042160357716e-03
6.425148371538452231e-03
6.088610188954292693e-03
6.337343555639167111e-03
6.261926281270081135e-03
6.363861578574882619e-03
6.344054885569138866e-03
6.216227466479105727e-03
6.421436597037384793e-03
6.326228021720131482e-03
6.370683971649844166e-03
6.323264750066196968e-03
6.425148371538452231e-03
6.335592066720322109e-03
6.305596302972929848e-03
6.435026624756565866e-03
6.225694786846749582e-03
6.405136808817674804e-03
6.314165069630247804e-03
6.425148371538452231e-03
5.862035724937528225e-03
6.212362320780182717e-03
6.330085957756800136e-03
6.431985042123488164e-03
6.335592066720322109e-03
6.454277030707281787e-03
6.421638713668311425e-03
6.252257386447418117e-03
6.311917893986831833e-03
6.362035860939089377e-03
6.457403686139385340e-03
6.422667947248013494e-03
6.329529556428623201e-03
6.444174478177146746e-03
6.385700393266996455e-03
6.351416465839756012e-03
6.341013302936060296e-03
6.334176632351024364e-03
6.343229125634845984e-03
6.435973938440178212e-03
6.335592066720322109e-03
6.385700393266996455e-03
6.345002199252750344e-03
6.453007600126517244e-03
6.353202738989718878e-03
6.453007600126517244e-03
6.326228021720131482e-03
6.330004925793253009e-03
6.414236489253624836e-03
6.363305291519853919e-03
6.325370229520197417e-03
6.421638713668311425e-03
6.428315294826594112e-03
6.314165069630247804e-03
6.305596302972929848e-03
6.366431946951957473e-03
6.414236489253624836e-03
6.252246418333654542e-03
6.363305291519853919e-03
6.279712232462416298e-03
6.357047032432091953e-03
6.396568042160357716e-03
6.366431946951957473e-03
6.425148371538452231e-03
6.328347731258914324e-03
6.419319470446342192e-03
6.252257386447418117e-03
6.330464857849956925e-03
6.390969584496935044e-03
6.431985042123488164e-03
6.360475774938454535e-03
6.457333475012184965e-03
6.343229125634845984e-03
6.435973938440178212e-03
6.283501296402494926e-03
6.435026624756565866e-03
6.420501295616051068e-03
6.274223158573073722e-03
6.360475774938454535e-03
6.363305291519853919e-03
6.295582875037251946e-03
6.335592066720322109e-03
6.426563805907749977e-03
6.414236489253624836e-03
6.390969584496935044e-03
6.305596302972929848e-03
6.364957598816784433e-03
6.216227466479105727e-03
6.307554201810380845e-03
6.330004925793253009e-03
6.207340742166818880e-03
6.425148371538452231e-03
6.422667947248013494e-03
6.307554201810380845e-03
6.341013302936060296e-03
6.337343555639167111e-03
6.252246418333654542e-03
6.425148371538452231e-03
6.299677076540901276e-03
6.323264750066196968e-03
6.303334059967610585e-03
6.457403686139385340e-03
6.444174478177146746e-03
6.326228021720131482e-03
6.351416465839756012e-03
6.448448534292774807e-03
6.262318698442352789e-03
6.272889839387454751e-03
6.396568042160357716e-03
6.192529557215067058e-03
6.451447514125882403e-03
6.448018771619519821e-03
6.353290437629780657e-03
6.345002199252750344e-03
6.357476795105346939e-03
6.307199205666533595e-03
6.414236489253624836e-03
6.283501296402494926e-03
6.216227466479105727e-03
6.349126569600287151e-03
6.366361735824757097e-03
6.422667947248013494e-03
6.349126569600287151e-03
6.455929338004212301e-03
6.242873011488184014e-03
6.420976664980680877e-03
6.363861578574882619e-03
6.283501296402494926e-03
6.330464857849956925e-03
6.421436597037384793e-03
6.419319470446342192e-03
6.294728654079568587e-03
6.279712232462416298e-03
6.283501296402494926e-03
6.343218157521082409e-03
6.328347731258914324e-03
6.323264750066196968e-03
6.307554201810380845e-03
6.451447514125882403e-03
6.420501295616051068e-03
6.330666974480883558e-03
6.337343555639167111e-03
6.343229125634845984e-03
6.252246418333654542e-03
6.425148371538452231e-03
6.357047032432091953e-03
6.170954542082653267e-03
6.330464857849956925e-03
6.116369002979391012e-03
6.420501295616051068e-03
6.457403686139385340e-03
6.323264750066196968e-03
6.425148371538452231e-03
6.330464857849956925e-03
6.365351907187340001e-03
6.328347731258914324e-03
6.455929338004212301e-03
6.421436597037384793e-03
6.279712232462416298e-03
6.225694786846749582e-03
6.343218157521082409e-03
6.345002199252750344e-03
6.448448534292774807e-03
6.364957598816784433e-03
6.364957598816784433e-03
5.886459260711220109e-03
6.272889839387454751e-03
6.353202738989718878e-03
6.307199205666533595e-03
6.330004925793253009e-03
6.362035860939089377e-03
6.334176632351024364e-03
6.343218157521082409e-03
6.420501295616051068e-03
6.421057696944228003e-03
6.435973938440178212e-03
6.307554201810380845e-03
6.323264750066196968e-03
6.216582462622952977e-03
6.316162762995391859e-03
