2.099807794484888298e-07
2.101366153807684188e-07
2.101506524215821632e-07
2.101576699415159904e-07
2.107976710244009053e-07
2.100388283665688641e-07
2.100808915929930379e-07
2.100863600581191408e-07
2.101639816445496276e-07
2.105397248482604131e-07
2.106967406902782313e-07
2.115621129325714245e-07
2.103092860393676687e-07
2.100344847653158361e-07
2.108382038519899630e-07
2.108264645515283780e-07
2.108382038519899630e-07
2.103030619868696266e-07
2.108382038519899630e-07
2.115621129325714245e-07
2.103642696706104765e-07
2.101237838507893429e-07
2.108682500150158424e-07
2.102899981197914808e-07
2.108382038519899630e-07
2.166287249746616269e-07
2.108382038519899630e-07
2.115621129325714245e-07
2.099377466995443035e-07
2.101317866835706860e-07
2.101370749516379442e-07
2.100869085108746121e-07
2.110234441963783608e-07
2.100124464129404646e-07
2.102243121128628890e-07
2.107990595128067258e-07
2.104736236808021141e-07
2.100344847653158361e-07
2.101237838507893429e-07
2.099154531327082909e-07
2.107404238343117488e-07
2.102362892001418882e-07
2.101008247022204689e-07
2.102768663852257284e-07
2.100863600581191408e-07
2.100357865125674364e-07
2.105948756004023746e-07
2.100879143513283825e-07
2.107654913756034753e-07
2.102414634312422563e-07
2.263462720859527623e-07
2.108382038519899630e-07
2.143184848440016902e-07
2.107280524718317452e-07
2.100300188142650222e-07
2.100124464129404646e-07
2.101142078546333287e-07
2.107040913178433343e-07
2.100357865125674364e-07
2.099807794484888298e-07
2.101789281808465858e-07
2.101358945599487677e-07
2.102580358161467349e-07
2.100260257733982180e-07
2.103630907721829466e-07
2.103164681800310220e-07
2.099807794484888298e-07
2.164917459135105600e-07
2.107404238343117488e-07
2.101370749516379442e-07
2.540127931792504918e-07
2.108094408497163740e-07
2.101506524215821632e-07
2.100357865125674364e-07
2.099154531327082909e-07
2.101008247022204689e-07
2.108297948519469921e-07
2.101789281808465858e-07
2.101576699415159904e-07
2.263462720859527623e-07
2.100863600581191408e-07
2.149309475545198602e-07
2.104839161573385474e-07
2.101640252892380211e-07
2.109093092579529607e-07
2.100551719466394116e-07
2.100898600925337096e-07
2.107040913178433343e-07
2.103591243496182068e-07
2.101576699415159904e-07
2.101142078546333287e-07
2.101506524215821632e-07
2.102190439699889464e-07
2.158440723855475668e-07
2.104762371629390670e-07
2.105397248482604131e-07
2.101576699415159904e-07
2.292810633594241280e-07
2.111285412942548387e-07
2.101205228470334427e-07
2.100831432403492303e-07
2.101142078546333287e-07
2.100869085108746121e-07
2.100163162516491484e-07
2.108382038519899630e-07
2.108297948519469921e-07
2.103030619868696266e-07
2.102452653409173107e-07
2.101621350291663482e-07
2.100808915929930379e-07
2.099807794484888298e-07
2.102580358161467349e-07
2.102243121128628890e-07
2.100344847653158361e-07
2.101237838507893429e-07
2.107280524718317452e-07
2.100357865125674364e-07
2.101142078546333287e-07
2.102580358161467349e-07
2.099808006935341876e-07
2.103731305545408989e-07
2.099154531327082909e-07
2.103731305545408989e-07
2.100898600925337096e-07
2.100388283665688641e-07
2.103092860393676687e-07
2.100124464129404646e-07
2.107990595128067258e-07
2.100163162516491484e-07
2.101279721907206036e-07
2.105397248482604131e-07
2.101506524215821632e-07
2.101694211850650516e-07
2.103092860393676687e-07
2.106961702117720581e-07
2.100124464129404646e-07
2.107976710244009053e-07
2.099202383719141738e-07
2.101789281808465858e-07
2.101694211850650516e-07
2.101576699415159904e-07
2.101950619226223198e-07
2.101580279153678732e-07
2.108382038519899630e-07
2.100801822092548418e-07
2.106186940440937459e-07
2.100831432403492303e-07
2.099537065424675016e-07
2.103164681800310220e-07
2.107280524718317452e-07
2.100357865125674364e-07
2.135960720150573065e-07
2.102190439699889464e-07
2.100879143513283825e-07
2.143204149873598061e-07
2.099537065424675016e-07
2.100124464129404646e-07
2.121231420877596661e-07
2.101142078546333287e-07
2.101628514934643381e-07
2.103092860393676687e-07
2.106186940440937459e-07
2.101506524215821632e-07
2.102899981197914808e-07
2.109093092579529607e-07
2.107404238343117488e-07
2.100388283665688641e-07
2.113953697150695384e-07
2.101576699415159904e-07
2.101621350291663482e-07
2.107404238343117488e-07
2.100344847653158361e-07
2.100863600581191408e-07
2.106961702117720581e-07
2.101576699415159904e-07
2.115444815275921292e-07
2.103591243496182068e-07
2.111419511712867180e-07
2.102452653409173107e-07
2.099807794484888298e-07
2.100898600925337096e-07
2.102243121128628890e-07
2.103427998507562444e-07
2.105948756004023746e-07
2.104736236808021141e-07
2.101789281808465858e-07
2.135820783927199750e-07
2.100260257733982180e-07
2.099894992424640005e-07
2.106006477214489152e-07
2.099808006935341876e-07
2.102768663852257284e-07
2.109173333879146190e-07
2.103092860393676687e-07
2.135960720150573065e-07
2.109093092579529607e-07
2.099377466995443035e-07
2.102414634312422563e-07
2.101621350291663482e-07
2.099377466995443035e-07
2.103630907721829466e-07
2.107654913756034753e-07
2.100357819730307279e-07
2.104839161573385474e-07
2.135960720150573065e-07
2.100801822092548418e-07
2.100551719466394116e-07
2.101580279153678732e-07
2.102362892001418882e-07
2.107976710244009053e-07
2.135960720150573065e-07
2.106984962139708170e-07
2.101950619226223198e-07
2.103591243496182068e-07
2.107404238343117488e-07
2.100260257733982180e-07
2.100879143513283825e-07
2.100300188142650222e-07
2.100863600581191408e-07
2.107280524718317452e-07
2.106961702117720581e-07
2.101576699415159904e-07
2.099202383719141738e-07
2.149487524980878266e-07
2.100801822092548418e-07
2.115621129325714245e-07
2.100879143513283825e-07
2.102452653409173107e-07
2.103591243496182068e-07
2.101576699415159904e-07
2.100801822092548418e-07
2.100883314719786212e-07
2.101950619226223198e-07
2.103630907721829466e-07
2.100551719466394116e-07
2.107976710244009053e-07
2.158440723855475668e-07
2.106984962139708170e-07
2.099808006935341876e-07
2.103427998507562444e-07
2.102899981197914808e-07
2.102899981197914808e-07
2.540127931792504918e-07
2.104736236808021141e-07
2.099154531327082909e-07
2.109173333879146190e-07
2.100388283665688641e-07
2.103030619868696266e-07
2.101237838507893429e-07
2.106984962139708170e-07
2.100879143513283825e-07
2.101370749516379442e-07
2.100357865125674364e-07
2.107404238343117488e-07
2.103591243496182068e-07
2.108682500150158424e-07
2.101008247022204689e-07
