1.945328253956835285e+00
-2.070932144715507406e-01
1.239539808810985466e+00
1.006974633010015330e+00
1.096980351080385496e+00
9.405279204862063702e-01
-6.134796898660075382e-01
-9.109267207312889969e-01
-2.540941239785427519e-01
-4.492355867502152988e-01
-3.476106466612342571e-01
3.399566282737687128e-01
-1.312597850995695703e+00
7.285182091789057512e-01
1.603235517835335688e+00
1.253670543004553384e+00
-8.850608371801590435e-01
-6.322068523347577074e-01
6.200422535731554552e-01
1.037221711008587288e+00
4.771166679028323587e-01
-1.178311724936829563e+00
1.365406146724676306e+00
-8.357977669951019983e-01
-6.743602688485282881e-01
3.586880209689575216e-01
1.057437067541296516e+00
-9.573623336851522225e-01
-6.267247647007438971e-01
-7.795271717089137520e-02
1.998954230631690143e-01
2.038628240181221407e-01
-1.789093936362188275e-01
2.692222800470202015e-01
-1.333437329683453187e+00
-1.284913281580112532e+00
6.343876174112106359e-01
-9.651849122602553788e-01
3.064894911977507630e-01
-3.796092543934845853e-01
-8.985172094495946782e-01
1.027491528338137616e+00
-3.731264524087942180e-01
-1.598852687180105425e+00
-1.013172771331474764e-01
-1.420655458099231438e+00
-6.912736518589702728e-01
-7.196033890085158369e-01
-8.534021204366942781e-03
-7.002100303609536391e-01
-1.017680215752813755e+00
6.329781994321046490e-01
-1.176895245178663174e+00
-4.119327615861505532e-01
-9.614966968781959999e-02
-3.627889088679910334e-01
-7.113820440727542938e-01
3.666373101199135558e-03
-1.046373261628296136e+00
4.968727794762125005e-01
-1.416014339071753447e+00
-1.120982162101687107e+00
-7.567194883638670433e-01
2.118892693886981760e-01
-3.330313448621486372e-01
1.041716378605149096e+00
-2.400346230231243105e-01
5.660328875899780510e-01
1.150270038389324512e+00
1.123411090686520231e+00
2.696207776182384830e+00
7.847612787058009243e-01
-1.591976634915022837e+00
-8.563979860964340274e-01
-3.794050887891769475e-01
-5.383771868694890994e-01
-5.255304057063073797e-01
-9.129554083592266167e-01
-2.260729639781816847e+00
-1.533461187133884629e-01
4.242201690432769179e-01
1.690619191760652340e+00
4.695698028479593500e-01
3.368554919055232189e-01
5.986806052966133634e-02
-3.661857966865492836e-02
1.352151380087048604e+00
7.257358351894312998e-01
-1.184592771910428777e+00
2.074880644455256995e-02
-1.364107541618950759e+00
1.190234397255744758e+00
9.584787943078371120e-01
-7.691020374532372417e-01
-4.774340749922153515e-01
-1.229801581886541539e+00
1.222894186023443464e+00
1.695191661986678922e+00
5.055778463032263303e-01
-9.795121619144807334e-02
-4.617721452491853618e-01
-3.743652198962864608e-01
-3.646947365038898381e-01
1.755618266307930497e+00
-6.522823185004961166e-01
1.789865770000761636e+00
-1.125732826280604115e+00
6.607320031017936968e-01
3.834926027641891166e-01
2.034509200765304282e-01
-9.392931320046910004e-01
-1.347477689784926103e+00
1.219801288288771657e+00
-4.495762047733943903e-03
2.497274052591041293e+00
1.802033946214437465e-02
1.591223676890425320e+00
-1.498140139943194837e-01
-4.748772682293946890e-01
1.022071114471704734e+00
-5.121168823512981527e-01
-1.308221412902288439e+00
-9.469298743944336294e-02
-1.221468130155246579e+00
-9.848463076676061689e-01
-1.195482592006842648e-01
-1.385322904102446850e+00
-3.783039503651663971e-01
-4.671028575302430541e-01
5.930114302678985982e-01
-7.290049596216318095e-01
2.075747479249476501e-01
-1.737676556602861799e+00
7.497335401148961243e-01
2.767343799377433022e-01
-1.186385730792547388e-01
3.345792853877860851e-01
-4.344176962358820004e-01
-4.661259308580488203e-01
2.559640377840818326e-01
-1.714596507681999393e-01
6.957796719845452810e-03
-4.965373790147858402e-01
8.191251635872167647e-01
-1.294803320651073120e-01
-1.067560748586045216e+00
2.816228359785933333e-01
1.103560696525657470e+00
-7.692083342630333664e-01
8.953916228743511452e-01
1.684588436059080985e-01
-6.554954708010043429e-01
1.412371114808211869e-01
1.179840181800289045e+00
9.851366369426040048e-01
-9.761542552955963792e-02
-1.884701277259076546e-01
-8.952313303823651314e-01
1.594110368742032158e-01
-7.502792065998794557e-01
-3.841802524802288565e-01
-5.598986411476848390e-01
-1.610709498041772214e+00
9.629134594212251930e-02
6.850677539068976696e-01
-3.382716090789012475e-01
1.427599193153754831e+00
1.252208157004993105e-01
1.268655218751125746e-01
-4.556317741352460260e-01
2.857462523357766626e-01
6.123910816177444705e-01
-1.125138670236561556e+00
9.986217742002911901e-02
-1.353268203902734945e-01
7.224767243251399851e-01
-1.180225916634761729e+00
-8.381539412672519562e-01
8.282711853426222293e-01
-1.180856168930606298e+00
3.106666573094404082e+00
-1.280940105251098693e+00
-3.199160920715317769e+00
5.126385250971564611e-01
-8.452762989012825301e-01
6.930719888826850639e-01
-4.781291927883821735e-01
-8.924129171419833417e-01
3.103827006750647377e-01
-4.093066767846934573e-01
-4.021944696331088975e-01
3.902507191525602659e-01
2.308453634003629351e-01
-7.241725155709983763e-01
-1.387611646078371175e+00
-5.756447058886964285e-01
7.543166189564430579e-02
7.987580693678755783e-02
-6.178444110739181871e-01
-1.227910719808243512e+00
7.589956018338252230e-02
-1.347524015242694606e+00
-4.318662975584053321e-01
-1.227376566980270312e+00
-4.648593516139752913e-01
-2.268175674770114725e+00
-1.350798330725692109e+00
1.574312302677710163e+00
1.647793163913632064e+00
-1.380789809360731590e+00
-1.100304234551678029e+00
7.267598105289932997e-01
5.597720173084399509e-01
3.820845314564685236e+00
3.195332157548188778e+00
-3.087852633825232118e-01
-1.826321535791214368e+00
1.837780096798451002e+00
2.600357422499378401e+00
-2.306686308703198574e-01
5.766983532589504691e-01
-7.375667503348466436e-01
-8.432535835935565105e-01
-2.333438108611713413e-01
5.040728918239011369e-01
1.211325665882574398e+00
-5.554125598810581987e-01
-3.838602423986882672e-01
-1.176561406506212853e-01
3.997461271213624823e-01
3.123099261367068280e+00
-1.264969998548418351e-01
-2.729667892278746510e-01
-3.798150111756724567e-01
-1.241565133004275179e+00
-2.922055121086751250e-01
7.781885195008193534e-01
2.777185963506623723e-01
-9.779546400552003860e-01
-1.638487810954260882e+00
1.386694503754556607e+00
1.812525624487103748e+00
2.666399194440477682e+00
5.561723914489835607e-01
-4.678952580080062984e-01
6.893196876816920504e-01
9.597782120917399684e-01
3.465547123890640457e-01
-2.280845890305788493e-01
-1.371995565533539185e+00
-1.314911565755302769e+00
5.535172747625687339e-01
1.336781860452034287e+00
-5.361319620157381505e-02
4.565249899371042197e-01
-1.486086863640052158e+00
2.752526535118952622e-01
