4.754217700101022112e-03
4.605996598673897137e-03
4.712408547172398932e-03
4.729339816082876562e-03
4.511589522651614573e-03
4.585562064591204405e-03
4.592890995749399248e-03
4.617398666049210565e-03
4.771777757204176580e-03
4.537704000954314795e-03
4.525237833212809174e-03
4.443312356652957644e-03
4.666536488803515667e-03
4.622591355765234659e-03
4.496665944492881858e-03
4.734359829422701144e-03
4.496665944492881858e-03
4.673419172957088592e-03
4.496665944492881858e-03
4.443312356652957644e-03
4.839388379949233557e-03
4.611884477933338861e-03
4.480373973958759297e-03
4.668318244553505345e-03
4.496665944492881858e-03
4.658506889581530593e-03
4.496665944492881858e-03
4.443312356652957644e-03
4.632221010972646137e-03
4.819016098701939602e-03
4.717138173676695481e-03
4.767374159462767214e-03
4.462620486271401225e-03
4.649918821313230380e-03
4.684397001943675122e-03
4.852642932626676300e-03
4.725972041214999454e-03
4.622591355765234659e-03
4.611884477933338861e-03
4.636762361951485278e-03
4.597829312108296998e-03
4.717381608665352152e-03
4.707104662681271985e-03
4.678801082868169585e-03
4.617398666049210565e-03
4.744970077974676459e-03
4.729407801550828024e-03
4.710346333898936082e-03
4.734106383542330786e-03
4.663469937931052217e-03
4.739149791314773916e-03
4.496665944492881858e-03
4.698330346147859202e-03
4.614121282642418692e-03
4.577609739280414508e-03
4.649918821313230380e-03
4.695867646146224469e-03
4.629044860801151406e-03
4.744970077974676459e-03
4.754217700101022112e-03
4.829863885321936633e-03
4.824560000830809686e-03
4.834836946814889853e-03
4.763014412527587921e-03
4.785773582703042178e-03
4.780925276080589051e-03
4.754217700101022112e-03
4.775962227731068294e-03
4.597829312108296998e-03
4.717138173676695481e-03
4.594530122469888712e-03
4.735302344890740360e-03
4.712408547172398932e-03
4.744970077974676459e-03
4.636762361951485278e-03
4.707104662681271985e-03
4.851815167572237977e-03
4.829863885321936633e-03
4.729339816082876562e-03
4.739149791314773916e-03
4.617398666049210565e-03
4.806958813155950624e-03
4.843427379364537155e-03
4.690116124823171147e-03
4.732291980963212151e-03
4.686396233188716391e-03
4.701560760552402768e-03
4.629044860801151406e-03
4.549081150653977966e-03
4.729339816082876562e-03
4.695867646146224469e-03
4.712408547172398932e-03
4.807571462972707980e-03
4.787001460729482273e-03
4.655159339103851629e-03
4.537704000954314795e-03
4.729339816082876562e-03
4.466126261460878072e-03
4.729121685404956074e-03
4.599682835527158647e-03
4.740046693914772361e-03
4.695867646146224469e-03
4.767374159462767214e-03
4.695065077429951342e-03
4.496665944492881858e-03
4.851815167572237977e-03
4.673419172957088592e-03
4.776277398495541900e-03
4.723451936823433971e-03
4.592890995749399248e-03
4.754217700101022112e-03
4.834836946814889853e-03
4.684397001943675122e-03
4.622591355765234659e-03
4.611884477933338861e-03
4.614121282642418692e-03
4.744970077974676459e-03
4.695867646146224469e-03
4.834836946814889853e-03
4.627514739825139625e-03
4.790874511106625426e-03
4.636762361951485278e-03
4.790874511106625426e-03
4.701560760552402768e-03
4.585562064591204405e-03
4.666536488803515667e-03
4.649918821313230380e-03
4.852642932626676300e-03
4.695065077429951342e-03
4.734854004198747399e-03
4.537704000954314795e-03
4.712408547172398932e-03
4.658822060346005066e-03
4.666536488803515667e-03
4.732149517446750109e-03
4.649918821313230380e-03
4.511589522651614573e-03
4.641190985505378591e-03
4.829863885321936633e-03
4.658822060346005066e-03
4.729339816082876562e-03
4.559462407089650421e-03
4.676917745239187255e-03
4.496665944492881858e-03
4.568940895039179557e-03
4.642693171362346008e-03
4.740046693914772361e-03
4.645559074378051087e-03
4.780925276080589051e-03
4.614121282642418692e-03
4.744970077974676459e-03
4.823783853199906449e-03
4.807571462972707980e-03
4.710346333898936082e-03
4.815785684297396035e-03
4.645559074378051087e-03
4.649918821313230380e-03
4.837111587714900893e-03
4.695867646146224469e-03
4.813322984295762171e-03
4.666536488803515667e-03
4.642693171362346008e-03
4.712408547172398932e-03
4.668318244553505345e-03
4.732291980963212151e-03
4.597829312108296998e-03
4.585562064591204405e-03
4.560767694802494478e-03
4.729339816082876562e-03
4.723451936823433971e-03
4.597829312108296998e-03
4.622591355765234659e-03
4.617398666049210565e-03
4.732149517446750109e-03
4.729339816082876562e-03
4.842349905040775962e-03
4.549081150653977966e-03
4.846577023554493775e-03
4.776277398495541900e-03
4.754217700101022112e-03
4.701560760552402768e-03
4.684397001943675122e-03
4.796256421017707286e-03
4.729407801550828024e-03
4.725972041214999454e-03
4.829863885321936633e-03
4.706328515050368748e-03
4.763014412527587921e-03
4.758646323654915425e-03
4.846863139700365725e-03
4.627514739825139625e-03
4.678801082868169585e-03
4.849747319112749852e-03
4.666536488803515667e-03
4.823783853199906449e-03
4.732291980963212151e-03
4.632221010972646137e-03
4.663469937931052217e-03
4.723451936823433971e-03
4.632221010972646137e-03
4.785773582703042178e-03
4.734106383542330786e-03
4.703017402740741239e-03
4.843427379364537155e-03
4.823783853199906449e-03
4.568940895039179557e-03
4.686396233188716391e-03
4.676917745239187255e-03
4.717381608665352152e-03
4.511589522651614573e-03
4.823783853199906449e-03
4.849604855596286943e-03
4.559462407089650421e-03
4.549081150653977966e-03
4.597829312108296998e-03
4.763014412527587921e-03
4.710346333898936082e-03
4.577609739280414508e-03
4.617398666049210565e-03
4.614121282642418692e-03
4.732149517446750109e-03
4.729339816082876562e-03
4.641190985505378591e-03
4.689503475006413791e-03
4.568940895039179557e-03
4.443312356652957644e-03
4.710346333898936082e-03
4.776277398495541900e-03
4.549081150653977966e-03
4.729339816082876562e-03
4.568940895039179557e-03
4.654322419054639746e-03
4.559462407089650421e-03
4.785773582703042178e-03
4.686396233188716391e-03
4.511589522651614573e-03
4.787001460729482273e-03
4.849604855596286943e-03
4.627514739825139625e-03
4.796256421017707286e-03
4.668318244553505345e-03
4.668318244553505345e-03
4.594530122469888712e-03
4.725972041214999454e-03
4.636762361951485278e-03
4.849747319112749852e-03
4.585562064591204405e-03
4.673419172957088592e-03
4.611884477933338861e-03
4.849604855596286943e-03
4.710346333898936082e-03
4.717138173676695481e-03
4.744970077974676459e-03
4.597829312108296998e-03
4.549081150653977966e-03
4.480373973958759297e-03
4.707104662681271985e-03
