2.466274427321875073e+00
-6.196089748767383831e-01
-2.766635768776686266e-01
5.749831353953716029e-01
-7.001791887256564317e-01
-3.935277818449489096e-01
-7.035873245331376591e-01
2.664661468870194727e-01
1.629409358235083816e-01
-3.915883099910684451e-02
-4.391901876384605163e-01
-6.130846633239728227e-01
-6.049142068810381412e-01
-2.411461107935032322e-01
-1.655692659753943974e-01
-1.397855904599523968e-01
-5.855364173541484085e-01
-2.635976972473220714e-01
2.075701688408687406e+00
-6.095510961031456176e-01
5.432104381346310185e-02
-6.476047743856258032e-01
-4.165658986677083231e-01
-3.392036652114517326e-01
1.754709782187412914e+00
8.460005219361634854e-01
8.853687206381873065e-02
-2.704941612271991036e-02
1.890891888746490279e+00
-1.152177265912883941e+00
-9.128959689923249465e-01
-1.319571873865838629e+00
-1.422442004864113763e+00
-1.896515657742612604e-01
1.439864706789246496e+00
1.074869574700274777e+00
-7.761638637659203921e-01
-2.109291044259671843e-01
-3.033487987156160970e-01
3.115430216033393762e+00
5.197687554717329156e-02
7.696621894766879635e-01
2.071605383236521991e+00
-3.724469798370466656e-01
-7.206951095971602106e-01
-9.252481104707580006e-02
9.328499167481701937e-01
1.860551329821503952e+00
-7.611895903787865292e-01
-7.474095273831123931e-01
-2.939024795433228809e-01
-8.098867295599812555e-02
1.993123002738910257e-02
2.676836683515838589e-01
1.378687709804955919e+00
-1.219175278326230183e+00
1.170252118430218230e-01
1.210212698643372331e+00
-2.924720072418374728e-01
-6.967234876529219134e-01
-5.116453958782687383e-01
9.801371859539191878e-01
1.210621571927164020e+00
-1.582688715147564096e-01
9.698534966675806390e-02
-4.053255253893168764e-01
9.484395819856240861e-02
-1.358930029908455905e+00
-1.394121932496853074e-02
4.910377294828193184e-01
2.137370648548000129e-01
-3.426836672899438163e-01
-1.069544013180217634e+00
7.266515798548323080e-02
1.372612128929899145e+00
-2.700619490700585934e-01
1.688116673997089867e+00
4.119860081791162365e+00
2.191467990597948112e-01
-2.267193753983802740e-01
-4.791174489404581571e-03
-5.725652952382337402e-01
6.308751317368551659e-01
6.665739029253187065e-01
-5.919285086417753750e-01
2.123794108190581731e-01
-3.769277066011723631e-01
-1.282923390011961318e-01
3.571461361497011988e-01
-7.514588762387077736e-01
-6.711786693582655339e-01
-3.164308676303304591e-01
3.147892021820680175e-01
1.654920546398502001e-01
1.492120013995634098e+00
4.726676363996257790e-01
-1.196073715161790618e-01
-1.495445288088236881e-02
3.204094709631282335e-03
-1.207338260565964938e-01
2.722469946241179883e+00
-7.834440525870129957e-01
-1.082541625957856440e-01
-1.377243280240096679e+00
5.896090558890248329e-02
-6.009104742459067117e-01
-5.160045092639836684e-01
6.350536944495297487e-01
-3.923091824951611684e-01
-1.085618109105527251e+00
-7.344450402254508736e-01
-1.248940465248909559e+00
3.792669812369204863e-01
5.106315038727999855e-01
-2.260248236745323602e-01
-1.606365882637585507e+00
-2.524215816483699748e-01
-2.943275684784293217e-02
-2.945056560711716287e-01
7.224857300042900610e-01
-2.986343159534600167e-01
1.773226419839901979e-01
-9.405724464598218537e-01
7.384800381111207290e-01
-9.070823850962549395e-01
-4.959313803933719234e-01
-5.559670613896515734e-01
-1.220527506390975070e+00
5.297127535094358075e-01
-1.763909378166188091e+00
1.920563653553201133e-01
-1.155833419300232201e+00
2.335500851804585970e-02
4.443687474409218630e-01
-1.236546677717557774e+00
-2.649997086842069693e-01
-1.230846148920224509e-01
-1.202945020392478082e+00
-1.096810118582701277e+00
-1.198652403217446982e-03
-4.690340660713575305e-02
-1.151803491051127448e+00
-7.923659925253155600e-02
-8.016628572853213841e-01
-3.640215912936526355e-01
-1.091313343651918233e+00
7.044402286995640750e-02
-3.326123891341009609e-01
4.107339095718720579e-01
6.675244431690396940e-02
6.687041873451308183e-01
1.412410339108070678e+00
9.794301674635930155e-01
3.949930995548588397e-01
-6.174281058646471365e-01
-7.752957739048866870e-01
7.429783991765201989e-01
1.973964544520453446e-01
-9.351717713564438039e-01
-8.919191733825585500e-01
-1.235491370852816129e+00
-5.252086113776317511e-01
-6.355458991133708935e-01
-7.785895976002068508e-01
-8.588150978798029245e-01
1.811880822833191740e-01
-4.173641418044114482e-01
1.810992453904410326e-01
-6.511660889995974921e-01
-1.284266525578298346e+00
5.221143732146591443e-01
9.844514971055378094e-01
4.882244573220297923e-01
-5.974539539457655035e-01
-8.351388630763918464e-01
-1.069394377797354245e+00
-9.482801921920944732e-01
-7.695454736860092293e-01
-6.425272642560371228e-01
-1.093429582647498899e+00
-2.133248162817328042e-01
2.320386560997104441e-01
1.624849222254355907e-01
2.165562945505795867e+00
-2.009965360718000693e-01
2.477647228241884603e-01
3.492671297252593621e-01
-8.980800925986404115e-02
2.211658872842604318e+00
-1.122665224495623226e+00
-8.897149729136294427e-01
2.644851932695425623e-01
-3.122789315200841243e-01
-1.878350351112819672e-01
-2.476361986587796715e-01
-4.691983997223151542e-02
-3.861006922935096564e-02
1.112063351521434873e+00
4.869095620405929914e-01
9.557343335331035250e-02
2.585766376230322350e-01
-1.202217813048646278e+00
-3.221070798399128937e-02
-1.560710884196323534e+00
-5.584469157991140548e-02
-2.404652116146953900e-01
-2.128359446978194125e-01
-3.890204633484149466e-01
1.596521560657751637e+00
-8.192219101981157436e-01
2.752156827261922900e-01
-1.164132062710050874e+00
-8.966820227522306341e-01
-2.359673452611232569e-01
-4.800866868707868718e-01
1.958630254914862423e+00
4.360708763364622986e-01
-1.690267306968790573e+00
1.652532743463391574e-01
-1.198741129502361169e-01
3.971576832898239262e-01
-4.047120401795105682e-01
1.950554513223905773e-01
-2.711575952320852481e-02
-1.108478382135856144e+00
-2.234588933823282442e-01
6.161405839819338315e-01
6.337096124532050290e+00
-7.138199593413991906e-01
-1.669251604771772479e+00
-6.789212848264369882e-02
-7.002525639007480818e-01
1.536614090002193789e-01
1.427605603300893922e+00
4.371289127749064529e-01
1.274627163084462556e+00
9.727549173787033987e-02
-6.542134529485883754e-02
1.375063346541544052e-01
6.316441561392390769e-01
-1.445919821487604340e+00
2.273828791565556673e-01
-1.260364053661207295e+00
9.244681866459425468e-01
-2.324459669986191912e-01
8.618800595714624924e-02
-7.330028825279474858e-02
1.013746519242251232e-01
-1.371666859750097223e-01
-3.551946405496808623e-01
-1.374668891390786463e-01
2.379100545503541886e-01
-5.643656348529988431e-01
-9.182104664627034341e-01
-3.484622412440210315e-01
-1.074217923504324906e-01
2.975439228313784268e-01
3.453010466614883645e-01
-5.555917041560723413e-02
-9.627319414457600200e-01
-1.260270626218510381e+00
-4.248122470347882040e-01
7.886945816104153906e-01
2.544142187745972450e-01
1.000980625420750114e-01
-9.826788653924368733e-01
-3.891977546894845874e-01
2.105704561859789437e-01
8.176765695091242625e-01
-3.624996892996479314e-01
1.006668487804501355e+00
2.338061852217690195e-01
3.639079383723569094e-01
-3.186248997361162960e-01
-1.719649338814568940e-02
-4.548971811895607953e-01
-4.588986952757558857e-01
-6.923007772734387499e-01
-6.193534481516059786e-01
-3.476997221710234620e-01
-1.505990108914419534e-01
-1.126624010016165300e+00
3.076875364842265315e-01
-2.084422240717471730e-01
2.910195541741621428e-01
2.877784054061122143e-01
2.480723105583872851e-02
-8.824691155747420579e-01
3.978477131010565437e-01
1.940380867262716302e+00
6.258848760844020198e-01
2.645797436113880963e+00
-5.957969257560459253e-01
-4.666165939635820714e-01
5.924424457997450322e-01
2.130752289650224451e+00
-1.024624289037294050e-01
-3.034504139445634574e-01
1.828854263329846852e-01
-5.280274810457441514e-01
-4.053255253893168764e-01
-3.929982938585258045e-01
-6.492975564759855267e-01
-3.244105396477430237e-01
-3.000674152174148679e-01
3.673429316229106460e-03
3.453010466614883645e-01
-7.603517009741388444e-01
7.837760809313819299e-02
-2.674520209456935360e-01
-1.256045683619018805e+00
7.266515798548323080e-02
-3.110874146447797570e-02
1.368216507430356499e+00
-1.380317056348958182e+00
-4.047120401795105682e-01
-4.238575305829487827e-01
-5.967484124581057259e-01
