4.598779234561315391e-08
4.602190067065838816e-08
4.602499098524605319e-08
4.602651272068756311e-08
4.616661175821408900e-08
4.600050598540829987e-08
4.600971388963232286e-08
4.601088989457389752e-08
4.602790545746710242e-08
4.611009302707139848e-08
4.614448072502743354e-08
4.633380824897722999e-08
4.605963541380647467e-08
4.599953263866900109e-08
4.617553261640157137e-08
4.617298756975709422e-08
4.617553261640157137e-08
4.605834770408133682e-08
4.617553261640157137e-08
4.633380824897722999e-08
4.607176150866576806e-08
4.601908600440364253e-08
4.618214209184730475e-08
4.605548814073922375e-08
4.617553261640157137e-08
4.744329618747583885e-08
4.617553261640157137e-08
4.633380824897722999e-08
4.597835946386171348e-08
4.602086009775783996e-08
4.602201297946816714e-08
4.601103262340021956e-08
4.621607945674328362e-08
4.599472652434498729e-08
4.604110939356299986e-08
4.616697004021153535e-08
4.609569874764239337e-08
4.599953263866900109e-08
4.601908600440364253e-08
4.597348294255436042e-08
4.615414771570066226e-08
4.604373923049817051e-08
4.601408185026703847e-08
4.605261338501714657e-08
4.601088989457389752e-08
4.599982856496948001e-08
4.612224591484681167e-08
4.601125354918893762e-08
4.615960828058894659e-08
4.604486368833542088e-08
4.957035382756340845e-08
4.617553261640157137e-08
4.693746608204465187e-08
4.615140264056213815e-08
4.599856954050034493e-08
4.599472652434498729e-08
4.601700883838866861e-08
4.614610698979148558e-08
4.599982856496948001e-08
4.598779234561315391e-08
4.603118380695850081e-08
4.602176132068857967e-08
4.604850338303947032e-08
4.599770299866258193e-08
4.607149022634444867e-08
4.606128519278114474e-08
4.598779234561315391e-08
4.741329220365915549e-08
4.615414771570066226e-08
4.602201297946816714e-08
5.562599317410223474e-08
4.616924936486497222e-08
4.602499098524605319e-08
4.599982856496948001e-08
4.597348294255436042e-08
4.601408185026703847e-08
4.617371841571333796e-08
4.603118380695850081e-08
4.602651272068756311e-08
4.957035382756340845e-08
4.601088989457389752e-08
4.707154130279581151e-08
4.609795645990250049e-08
4.602791307331537583e-08
4.619113382286669943e-08
4.600405059875825545e-08
4.601168023895109064e-08
4.614610698979148558e-08
4.607056190792931403e-08
4.602651272068756311e-08
4.601700883838866861e-08
4.602499098524605319e-08
4.603995796847363935e-08
4.727148576731719361e-08
4.609617621856794611e-08
4.611009302707139848e-08
4.602651272068756311e-08
5.020690528809246917e-08
4.623913411083722347e-08
4.601838442530969418e-08
4.601019445803370352e-08
4.601700883838866861e-08
4.601103262340021956e-08
4.599556469847329154e-08
4.617553261640157137e-08
4.617371841571333796e-08
4.605834770408133682e-08
4.604569906438651550e-08
4.602749442153964212e-08
4.600971388963232286e-08
4.598779234561315391e-08
4.604850338303947032e-08
4.604110939356299986e-08
4.599953263866900109e-08
4.601908600440364253e-08
4.615140264056213815e-08
4.599982856496948001e-08
4.601700883838866861e-08
4.604850338303947032e-08
4.598778167480874995e-08
4.607368720479233280e-08
4.597348294255436042e-08
4.607368720479233280e-08
4.601168023895109064e-08
4.600050598540829987e-08
4.605963541380647467e-08
4.599472652434498729e-08
4.616697004021153535e-08
4.599556469847329154e-08
4.602000881149931331e-08
4.611009302707139848e-08
4.602499098524605319e-08
4.602909277371299214e-08
4.605963541380647467e-08
4.614442581960525871e-08
4.599472652434498729e-08
4.616661175821408900e-08
4.597453454756056109e-08
4.603118380695850081e-08
4.602909277371299214e-08
4.602651272068756311e-08
4.603466338371809796e-08
4.602654313484209553e-08
4.617553261640157137e-08
4.600953489058204451e-08
4.612737575207043958e-08
4.601019445803370352e-08
4.598186481057134605e-08
4.606128519278114474e-08
4.615140264056213815e-08
4.599982856496948001e-08
4.677930172482954340e-08
4.603995796847363935e-08
4.601125354918893762e-08
4.693787454946177546e-08
4.598186481057134605e-08
4.599472652434498729e-08
4.645686233242823731e-08
4.601700883838866861e-08
4.602765858539493579e-08
4.605963541380647467e-08
4.612737575207043958e-08
4.602499098524605319e-08
4.605548814073922375e-08
4.619113382286669943e-08
4.615414771570066226e-08
4.600050598540829987e-08
4.629731236978844697e-08
4.602651272068756311e-08
4.602749442153964212e-08
4.615414771570066226e-08
4.599953263866900109e-08
4.601088989457389752e-08
4.614442581960525871e-08
4.602651272068756311e-08
4.633018799706170126e-08
4.607056190792931403e-08
4.624206752959976959e-08
4.604569906438651550e-08
4.598779234561315391e-08
4.601168023895109064e-08
4.604110939356299986e-08
4.606704739688959913e-08
4.612224591484681167e-08
4.609569874764239337e-08
4.603118380695850081e-08
4.677625029544403492e-08
4.599770299866258193e-08
4.598970432583930941e-08
4.612351433572050333e-08
4.598778167480874995e-08
4.605261338501714657e-08
4.619289039849333377e-08
4.605963541380647467e-08
4.677930172482954340e-08
4.619113382286669943e-08
4.597835946386171348e-08
4.604486368833542088e-08
4.602749442153964212e-08
4.597835946386171348e-08
4.607149022634444867e-08
4.615960828058894659e-08
4.599983786686167021e-08
4.609795645990250049e-08
4.677930172482954340e-08
4.600953489058204451e-08
4.600405059875825545e-08
4.602654313484209553e-08
4.604373923049817051e-08
4.616661175821408900e-08
4.677930172482954340e-08
4.614493988807775945e-08
4.603466338371809796e-08
4.607056190792931403e-08
4.615414771570066226e-08
4.599770299866258193e-08
4.601125354918893762e-08
4.599856954050034493e-08
4.601088989457389752e-08
4.615140264056213815e-08
4.614442581960525871e-08
4.602651272068756311e-08
4.597453454756056109e-08
4.707545483285431267e-08
4.600953489058204451e-08
4.633380824897722999e-08
4.601125354918893762e-08
4.604569906438651550e-08
4.607056190792931403e-08
4.602651272068756311e-08
4.600953489058204451e-08
4.601134047973742860e-08
4.603466338371809796e-08
4.607149022634444867e-08
4.600405059875825545e-08
4.616661175821408900e-08
4.727148576731719361e-08
4.614493988807775945e-08
4.598778167480874995e-08
4.606704739688959913e-08
4.605548814073922375e-08
4.605548814073922375e-08
5.562599317410223474e-08
4.609569874764239337e-08
4.597348294255436042e-08
4.619289039849333377e-08
4.600050598540829987e-08
4.605834770408133682e-08
4.601908600440364253e-08
4.614493988807775945e-08
4.601125354918893762e-08
4.602201297946816714e-08
4.599982856496948001e-08
4.615414771570066226e-08
4.607056190792931403e-08
4.618214209184730475e-08
4.601408185026703847e-08
