3.924537626971234816e-02
4.082687509211857524e-02
4.034491354753251546e-02
3.948809498275975688e-02
4.081226680246746036e-02
4.088686394633449933e-02
4.087587587451022020e-02
4.074913502477343907e-02
3.905193776378668852e-02
4.084622334942511479e-02
4.082906809056976311e-02
4.077742721968222184e-02
3.955942636455873906e-02
4.070267558391986451e-02
4.079726077822289770e-02
4.017481831960681427e-02
4.079726077822289770e-02
4.025042781871598918e-02
4.079726077822289770e-02
4.077742721968222184e-02
3.907290833343549791e-02
4.079095990412989065e-02
4.078549131094072466e-02
4.026370886457733556e-02
4.079726077822289770e-02
3.935960115331180870e-02
4.079726077822289770e-02
4.077742721968222184e-02
4.060095353720375583e-02
3.900010904714132365e-02
3.955274053749877061e-02
3.909513549874294586e-02
4.077839969372561157e-02
4.039800042011307962e-02
4.025288225267062425e-02
3.900080592606665342e-02
4.038224924050554804e-02
4.070267558391986451e-02
4.079095990412989065e-02
4.054824119108247499e-02
3.948262638957059090e-02
4.036268816834379797e-02
4.032436895878423883e-02
4.024728132042440509e-02
4.074913502477343907e-02
3.934999179006962861e-02
4.038019655903109240e-02
3.957301095314009337e-02
4.034282692890917010e-02
4.028638177751833749e-02
3.844899139987455888e-02
4.079726077822289770e-02
3.943962251784106227e-02
3.949439585685276394e-02
4.088955823028383313e-02
4.039800042011307962e-02
4.028264814312661202e-02
3.950940188109732659e-02
3.934999179006962861e-02
3.924537626971234816e-02
3.904204862616238170e-02
3.902150403741411200e-02
3.905982324697367114e-02
3.914262458129637995e-02
3.896084394320720873e-02
3.898351685614821066e-02
3.924537626971234816e-02
3.805673623194167493e-02
3.948262638957059090e-02
3.955274053749877061e-02
4.031748881487210584e-02
4.024830783314015115e-02
4.034491354753251546e-02
3.934999179006962861e-02
4.054824119108247499e-02
4.032436895878423883e-02
3.887195339823668744e-02
3.904204862616238170e-02
3.948809498275975688e-02
3.844899139987455888e-02
4.074913502477343907e-02
3.806989444802309080e-02
3.907938431913541427e-02
4.026531104904218505e-02
4.008258891054164441e-02
3.958253509809276510e-02
4.030297396851145741e-02
3.950940188109732659e-02
4.086229128592887283e-02
3.948809498275975688e-02
4.028264814312661202e-02
4.034491354753251546e-02
3.896244612767205129e-02
3.802396631146698347e-02
3.954335842805498796e-02
4.084622334942511479e-02
3.948809498275975688e-02
3.956068969594917634e-02
3.997623089011877878e-02
4.085560545886889744e-02
3.939981066254973074e-02
4.028264814312661202e-02
3.909513549874294586e-02
3.958669330891369936e-02
4.079726077822289770e-02
3.887195339823668744e-02
4.025042781871598918e-02
3.901430650629823804e-02
3.952401017074844147e-02
4.087587587451022020e-02
3.924537626971234816e-02
3.905982324697367114e-02
4.025288225267062425e-02
4.070267558391986451e-02
4.079095990412989065e-02
3.949439585685276394e-02
3.934999179006962861e-02
4.028264814312661202e-02
3.905982324697367114e-02
4.065285671143976237e-02
3.894756289734586235e-02
4.054824119108247499e-02
3.894756289734586235e-02
4.030297396851145741e-02
4.088686394633449933e-02
3.955942636455873906e-02
4.039800042011307962e-02
3.900080592606665342e-02
3.958669330891369936e-02
3.944627010340330531e-02
4.084622334942511479e-02
4.034491354753251546e-02
4.031717142766837181e-02
3.955942636455873906e-02
4.036769564396978233e-02
4.039800042011307962e-02
4.081226680246746036e-02
4.049599480294651527e-02
3.904204862616238170e-02
4.031717142766837181e-02
3.948809498275975688e-02
4.087583060697635301e-02
3.957296568560622618e-02
4.079726077822289770e-02
4.088540001946289193e-02
3.952620316919962934e-02
3.939981066254973074e-02
4.044548950266650678e-02
3.898351685614821066e-02
3.949439585685276394e-02
3.934999179006962861e-02
3.822499685930998842e-02
3.896244612767205129e-02
3.957301095314009337e-02
3.813675759647092850e-02
4.044548950266650678e-02
4.039800042011307962e-02
3.844193391099579027e-02
4.028264814312661202e-02
3.897978322175648519e-02
3.955942636455873906e-02
3.952620316919962934e-02
4.034491354753251546e-02
4.026370886457733556e-02
4.008258891054164441e-02
3.948262638957059090e-02
4.088686394633449933e-02
3.947456229831209501e-02
3.948809498275975688e-02
3.952401017074844147e-02
3.948262638957059090e-02
4.070267558391986451e-02
4.074913502477343907e-02
4.036769564396978233e-02
3.948809498275975688e-02
3.855879679125957804e-02
4.086229128592887283e-02
3.867336596874864502e-02
3.901430650629823804e-02
3.924537626971234816e-02
4.030297396851145741e-02
4.025288225267062425e-02
3.894441639905427827e-02
4.038019655903109240e-02
4.038224924050554804e-02
3.904204862616238170e-02
3.952786178068012218e-02
3.914262458129637995e-02
3.919312988157638844e-02
3.907733163766095863e-02
4.065285671143976237e-02
4.024728132042440509e-02
3.877972398917151065e-02
3.955942636455873906e-02
3.822499685930998842e-02
4.008258891054164441e-02
4.060095353720375583e-02
4.028638177751833749e-02
3.952401017074844147e-02
4.060095353720375583e-02
3.896084394320720873e-02
4.034282692890917010e-02
3.958399902496437250e-02
3.907938431913541427e-02
3.822499685930998842e-02
4.088540001946289193e-02
3.958253509809276510e-02
3.957296568560622618e-02
4.036268816834379797e-02
4.081226680246746036e-02
3.822499685930998842e-02
3.906483072259965550e-02
4.087583060697635301e-02
4.086229128592887283e-02
3.948262638957059090e-02
3.914262458129637995e-02
3.957301095314009337e-02
4.088955823028383313e-02
4.074913502477343907e-02
3.949439585685276394e-02
4.036769564396978233e-02
3.948809498275975688e-02
4.049599480294651527e-02
3.937275936939322457e-02
4.088540001946289193e-02
4.077742721968222184e-02
3.957301095314009337e-02
3.901430650629823804e-02
4.086229128592887283e-02
3.948809498275975688e-02
4.088540001946289193e-02
4.035480268515681535e-02
4.087583060697635301e-02
3.896084394320720873e-02
3.958253509809276510e-02
4.081226680246746036e-02
3.802396631146698347e-02
3.906483072259965550e-02
4.065285671143976237e-02
3.894441639905427827e-02
4.026370886457733556e-02
4.026370886457733556e-02
4.031748881487210584e-02
4.038224924050554804e-02
4.054824119108247499e-02
3.877972398917151065e-02
4.088686394633449933e-02
4.025042781871598918e-02
4.079095990412989065e-02
3.906483072259965550e-02
3.957301095314009337e-02
3.955274053749877061e-02
3.934999179006962861e-02
3.948262638957059090e-02
4.086229128592887283e-02
4.078549131094072466e-02
4.032436895878423883e-02
