5.726307986295800165e-03
5.870084910988699646e-03
5.870490946260300061e-03
5.796078621547700108e-03
5.984868366173699827e-03
5.797453104185799899e-03
5.842836156856399954e-03
5.773125363891899731e-03
5.780244626811499760e-03
5.780618469920699963e-03
5.873085511859999809e-03
5.789991686042599874e-03
5.852966864106200033e-03
5.930338103906899853e-03
5.957644250350399920e-03
5.781556750710599782e-03
5.300700795602599630e-03
5.791968757678399825e-03
5.691269058738799951e-03
5.788926828499900423e-03
5.551573444279199986e-03
5.838646842742900057e-03
5.844885870607900193e-03
5.593494007361600115e-03
5.743323182218000068e-03
5.866535080753299859e-03
5.856652311020900392e-03
5.666801172830899722e-03
5.718692222550099923e-03
5.770202774677300056e-03
5.665403178015500189e-03
5.962720563509899679e-03
5.960193972787300280e-03
6.002429876424199805e-03
5.763339148015200059e-03
5.800837436890599746e-03
5.486665763690000072e-03
5.891567790148100059e-03
5.140545432500700021e-03
5.983505112473200098e-03
5.773535204475099825e-03
5.778719549105300161e-03
5.671459538380699619e-03
5.816239803206600147e-03
5.977969661459399918e-03
5.319455792056400345e-03
5.773844695766299807e-03
5.965841356252899949e-03
5.749218383072800427e-03
5.874541215111200171e-03
5.762690268233499648e-03
5.792785107183799978e-03
5.900994037887800220e-03
6.092041080699999930e-03
5.774085818531200266e-03
5.670209206358499572e-03
5.893221103256100421e-03
6.000617531230099597e-03
5.780034425589200033e-03
5.814004382174000132e-03
5.673323689008399895e-03
5.757750080874900374e-03
5.769589461916800263e-03
5.669794148176800393e-03
5.585012771211200246e-03
5.798146897154799785e-03
5.783475982989699782e-03
5.975106351326999604e-03
5.726520678223099778e-03
5.868981508564500085e-03
5.847856375157499918e-03
5.904288862264100123e-03
5.859583367306800232e-03
6.039661409440499722e-03
5.477598492336300390e-03
6.418667143114300221e-03
5.864120365500100247e-03
5.657403705078999610e-03
5.701825164311499945e-03
5.836142951755899679e-03
5.714360177692900250e-03
5.796176759071299846e-03
5.811654729625699567e-03
5.769649108901899609e-03
5.737098560341800241e-03
6.096220073526600024e-03
5.903356253301300302e-03
5.785805311060299681e-03
5.693174789988600208e-03
5.565381402658199639e-03
5.397435920937499777e-03
5.826594740046300326e-03
5.878164706256800397e-03
5.884258504947999929e-03
5.819319070243599880e-03
5.814257444473200191e-03
5.785898894269899707e-03
5.907416488236999844e-03
5.744538741632499758e-03
5.685017737651800428e-03
5.864907842523199577e-03
6.083770813133800373e-03
5.782431472007800236e-03
5.919948181017100144e-03
5.792350513873199998e-03
5.807096475786499915e-03
5.860635671647199986e-03
5.698092708984900390e-03
5.864907842523199577e-03
5.755334110321800277e-03
5.894204264139900167e-03
6.015791132728099712e-03
5.778894129466199611e-03
5.654720327488299732e-03
5.828054920268600086e-03
5.854906766413799611e-03
5.796248610699500023e-03
5.894899735330499935e-03
6.243107431614199586e-03
5.829542514937799923e-03
5.839711043680500223e-03
5.150109490372500355e-03
5.831087033868200334e-03
5.724744974114399747e-03
5.996697599062700106e-03
5.846122443522399834e-03
5.554475806486900390e-03
6.001880189051099664e-03
5.654956273125700053e-03
5.912865257529400370e-03
5.903401308804699654e-03
5.709661679051500349e-03
5.863367979165299594e-03
5.768301526667500394e-03
5.685542226003600409e-03
6.473440193271100089e-03
5.813491966493600054e-03
5.708560873049699919e-03
5.765082689731799818e-03
5.747607266026200264e-03
6.028109931686400150e-03
5.697737537936600240e-03
5.666116655882499908e-03
5.905395660597999828e-03
5.971093728412799929e-03
5.750878699235900150e-03
5.915252700132800009e-03
5.741826214515599949e-03
5.771698462383700358e-03
5.732211652238800373e-03
5.976498364246300016e-03
5.735609262608700430e-03
5.834207150602500197e-03
5.714558820538000183e-03
5.755290088057500239e-03
5.738046015772099891e-03
5.687654554036599905e-03
5.980215259211899871e-03
5.666821821432499982e-03
5.690900492993400048e-03
5.761992611283000415e-03
6.188778289235899802e-03
5.736350733413999974e-03
5.738725278416700361e-03
5.818909551258300006e-03
5.753877312918299902e-03
5.876066339922199865e-03
5.869776591504299694e-03
5.949177034626200282e-03
5.724915720579399660e-03
5.809272648945799748e-03
5.793591986637700204e-03
5.756393556621800141e-03
5.899481132703400174e-03
5.872379487204900175e-03
5.768829125542200391e-03
5.763587633667200012e-03
5.664311691321199937e-03
5.826676787248800254e-03
5.712787753175400073e-03
5.665269224325199596e-03
6.113671139222800165e-03
5.711618302270900054e-03
5.782855486134700143e-03
5.691373951642699977e-03
5.735248748375199566e-03
5.803475032340700210e-03
5.691201472847499769e-03
5.790528883962899921e-03
5.791290001181099642e-03
6.022327994210600194e-03
5.863106319664099751e-03
5.484792299828200081e-03
5.855175280309200120e-03
6.096220073526600024e-03
5.931441853686299573e-03
5.651100733814600277e-03
5.646530996740099610e-03
5.568522655766900212e-03
5.923969833001200419e-03
5.853781430141999885e-03
5.825508873624800181e-03
5.879177947604500264e-03
5.789134378714699825e-03
5.951279818820799650e-03
5.754071792704200383e-03
5.796248610699500023e-03
5.840529645941600241e-03
5.951342045082299963e-03
6.009592400198200332e-03
6.014683748576500101e-03
6.009621800839600077e-03
5.196140325445099822e-03
5.757242780203199878e-03
5.851581931355799571e-03
5.933666883446799857e-03
5.829427251127899598e-03
5.770362121770400421e-03
5.795471277244400136e-03
5.857145634335900013e-03
5.712650497441299630e-03
5.825291601576699715e-03
5.775266600479700072e-03
5.818991424991599992e-03
5.673796236622500287e-03
5.752132750759600399e-03
5.954485757355900029e-03
5.579030145971100238e-03
6.369278438003900429e-03
5.640246461631900042e-03
5.793572497224099872e-03
5.744896308959300188e-03
5.763005731172500014e-03
5.920728968315800041e-03
5.892287581761900331e-03
5.651804203961299962e-03
5.776236796534999982e-03
5.849492573917499869e-03
5.813203622262099780e-03
5.859783470253799795e-03
5.548519376523499899e-03
5.885998150014700239e-03
5.718333913201799693e-03
5.651593546071799652e-03
5.903150957784300025e-03
5.668505954542399881e-03
5.953132443178300350e-03
5.578445899049900084e-03
5.780382095509699683e-03
5.830504880730500057e-03
5.786459846234300389e-03
5.913289986202399651e-03
5.772545088439400354e-03
5.819621625257400191e-03
5.840220872973100191e-03
5.796778866619100093e-03
6.473440193271100089e-03
5.769835326800899777e-03
5.979415764090400404e-03
5.731466566659799977e-03
5.892697474981100150e-03
5.928447793537999951e-03
5.855371560422499913e-03
5.864816647973900357e-03
5.905593612293900257e-03
5.837042013767700273e-03
5.788938611999400359e-03
5.849644181392999777e-03
5.680535357588199948e-03
5.782406747230599796e-03
5.897484246221699859e-03
5.822769028391399683e-03
6.345166499787099901e-03
6.090012930256700346e-03
5.446008684340399898e-03
5.769852532600000354e-03
5.678705173524699855e-03
5.842534540075100015e-03
5.724127451788900423e-03
5.858220509307399994e-03
5.916952922344400137e-03
5.852448192044300279e-03
5.696566243270599975e-03
5.643361999951399845e-03
6.148953813219800064e-03
5.717230205536999975e-03
5.669365078391700244e-03
5.800881450845899595e-03
5.693128441953699756e-03
5.834695141882099804e-03
5.814980302807500404e-03
5.782971781638599797e-03
5.826975372592400372e-03
5.951788385898599924e-03
6.019076705821899999e-03
5.903441741542300378e-03
5.812183822887099886e-03
5.732067775627400393e-03
5.745252016623799730e-03
5.744349851150199956e-03
5.780744976596300343e-03
5.750062944404899998e-03
6.320081126515999896e-03
5.852353894842499821e-03
5.915789959143299796e-03
5.958829574742000208e-03
5.744399996747999969e-03
6.282039328288200122e-03
5.987518315734500010e-03
5.538975245507399801e-03
6.058102000847400380e-03
5.795517980225700118e-03
5.765713530023399737e-03
5.810442209077599715e-03
6.136025342450500061e-03
5.944396188480700026e-03
5.733730741998399605e-03
5.746229189946000168e-03
5.744729917115999965e-03
5.816756855696700312e-03
5.676180725324699895e-03
5.818442862580800248e-03
5.860866420205400155e-03
6.847443890283499632e-03
5.818782320140899675e-03
5.688030740900400228e-03
6.237891025174100400e-03
5.761408658546900152e-03
5.960733470001799809e-03
5.753815109726100399e-03
5.882097993959400223e-03
5.832213032886299740e-03
5.793105852502400052e-03
5.827534765209099743e-03
5.846489471084800361e-03
5.663404446820200118e-03
5.871129389833300294e-03
5.645017469070199786e-03
5.695800359386000121e-03
5.707154699173800326e-03
6.243085969469699612e-03
5.646251261521900190e-03
5.848513126976999724e-03
5.513198570745499877e-03
5.409397036553200387e-03
5.862414401701599755e-03
5.930538224214599967e-03
5.631886257296100234e-03
5.988549826637599646e-03
5.900281044803899581e-03
5.673971280536400409e-03
6.090012930256700346e-03
5.831230276331599710e-03
5.958328463934199799e-03
5.705758927915700017e-03
5.861035618997300148e-03
5.842250700313200013e-03
5.675738225885800133e-03
5.654069623758899849e-03
5.859982467576099925e-03
5.769037205896499799e-03
5.825653079707900084e-03
6.062271034827099690e-03
5.785487512340300141e-03
5.748999455695599607e-03
5.949227735765200142e-03
5.961792581921500182e-03
5.715800085053100027e-03
6.215653569531899743e-03
5.749804688356100271e-03
5.867751804438599977e-03
5.774158447007299820e-03
5.667018510748500146e-03
5.824172633849099799e-03
5.829477276322800154e-03
5.772486318117900361e-03
5.881337304500899692e-03
5.867326651408199915e-03
6.033869471025300225e-03
5.812539693600900052e-03
6.101028738626300407e-03
5.684782697746399924e-03
5.736627149716300340e-03
5.711877711973499874e-03
5.765254304920699839e-03
6.110859858025800319e-03
5.783455520611499937e-03
5.812149291873200049e-03
6.012097991207599607e-03
5.986585628130000267e-03
5.878377473703099917e-03
5.767942874804900255e-03
5.607525808364599573e-03
5.802179602812300267e-03
5.931910766410099754e-03
6.143518046790299655e-03
5.847892687357800386e-03
6.014409592258500130e-03
5.911909264205399660e-03
5.844936972056400011e-03
5.815256593435899797e-03
5.830477631386100229e-03
5.655387506215099787e-03
5.829743057655699737e-03
5.814663895865200029e-03
5.866324777320499652e-03
5.973929800509400305e-03
5.797070842320900183e-03
5.677855234000299921e-03
5.811048406548899661e-03
5.386105467457999799e-03
6.250312640494799614e-03
5.801491182389599717e-03
5.693934215828999959e-03
5.728695425293599611e-03
6.075578338005800313e-03
5.677179368183399646e-03
5.900730534567099651e-03
6.044796365970900136e-03
5.897273847564500106e-03
5.696469778391300212e-03
5.863871338985100073e-03
5.871163764667400135e-03
5.617523263706900201e-03
5.859139524559800298e-03
5.934422142982499933e-03
5.740254768140900035e-03
5.792069824169900245e-03
5.718421056568699819e-03
5.820893451104899689e-03
5.726829539779499864e-03
6.033719385907399674e-03
6.339692046877200109e-03
5.487709319361500256e-03
5.910580558594599743e-03
5.727954862656099710e-03
6.426848249482399779e-03
5.391580885335399594e-03
5.529837464012600165e-03
5.554415517052899674e-03
5.792073256852399606e-03
5.193078125795900016e-03
5.487709319361500256e-03
5.827456529617999585e-03
5.656671894842599593e-03
6.282039328288200122e-03
5.752307182004899773e-03
5.810859642909700119e-03
5.822807233401399926e-03
5.196140325445099822e-03
5.776911769767799874e-03
5.775075849040200299e-03
5.780704058482699810e-03
5.910202243447700184e-03
5.772846756423899960e-03
5.932879017512500408e-03
6.022393178194199864e-03
5.736429080204399900e-03
5.718680098683400284e-03
5.869643523525099917e-03
5.721718447311800217e-03
5.770077750170900417e-03
5.761619181518499826e-03
5.860120303169400087e-03
6.028109931686400150e-03
5.850941104939599673e-03
5.171774537651800327e-03
5.796161123029999578e-03
5.753024776219599692e-03
6.316291228682299579e-03
7.027463019526900348e-03
5.991059455763499825e-03
5.739916888220299683e-03
5.724358348401299701e-03
5.807642480109100058e-03
5.772523442040099727e-03
5.603310966885799958e-03
5.824074957997999770e-03
5.691047720100299995e-03
6.123867467982899680e-03
5.819271557108000349e-03
6.578884582974999992e-03
5.739063212911999640e-03
6.020163759842800041e-03
5.790622210736499909e-03
5.759346482293200425e-03
5.863367979165299594e-03
5.886424649898700304e-03
5.919041916146799802e-03
5.284402635571399873e-03
5.766054486102400144e-03
5.764607481217900314e-03
5.877611397993300242e-03
5.712634263719900372e-03
6.345166499787099901e-03
6.578884582974999992e-03
5.856231879952700052e-03
5.733969419227800263e-03
5.943942665279399948e-03
5.831366351696800308e-03
5.825291601576699715e-03
5.870156089407400392e-03
5.897322035886999950e-03
5.843239781317600100e-03
5.809626730370100363e-03
6.147092588114399896e-03
5.748899364790199806e-03
6.053511064081099936e-03
5.794129488463599723e-03
5.682006037633099624e-03
5.831971429213099987e-03
5.863794475812400195e-03
5.386105467457999799e-03
5.701938698118099932e-03
5.801827262199199704e-03
5.786648957949399631e-03
5.881834774760399780e-03
5.813842008210499609e-03
5.777099034894900287e-03
5.793970388147599848e-03
5.741277576766300010e-03
6.047043742668000224e-03
6.031524458330299841e-03
5.961926319589599781e-03
5.680222035212000378e-03
6.108433947308199684e-03
5.987195882311899600e-03
5.688737344417899716e-03
5.786030435323900357e-03
5.810599866993100202e-03
5.915432429770799659e-03
5.689182724655099908e-03
5.713540482512800139e-03
6.073726363968899936e-03
5.766054486102400144e-03
6.324429683331500227e-03
6.053511064081099936e-03
5.885704867464400074e-03
5.930622554213799830e-03
5.790277662682499944e-03
5.800118850131400113e-03
6.346084622234100282e-03
5.834276348739999771e-03
5.716956912701700276e-03
5.761329132960500178e-03
6.160935619504899832e-03
5.762029543020599949e-03
6.323407455586099735e-03
5.751982440559699934e-03
5.816416051598800353e-03
5.826353065678399612e-03
5.689690946223900300e-03
5.757485355513900123e-03
5.824760503250999907e-03
5.887972069298999696e-03
5.796550621279599955e-03
5.682817942586400155e-03
5.699437788972800192e-03
5.831828599684899667e-03
5.732211652238800373e-03
5.807800295818199912e-03
5.295886767503300147e-03
5.856961138893100084e-03
5.788114442727400333e-03
5.711702070251100001e-03
5.893453822393699901e-03
5.689929936950600259e-03
5.763139843108800245e-03
5.766510531343299953e-03
5.970985455379099714e-03
5.720224708411300422e-03
5.810402141490299613e-03
5.726442946582300381e-03
5.663904936347200283e-03
5.849692042669899818e-03
5.804855414043500264e-03
5.812750419691600258e-03
5.746319132355600171e-03
5.814162006173799642e-03
5.827550627878000378e-03
5.854166538623100172e-03
5.959220367396099970e-03
5.788878843455400047e-03
5.771249728981900015e-03
5.712715463741800323e-03
5.841056326592699785e-03
5.795223786317699709e-03
5.724754462076099906e-03
6.159061174104399697e-03
5.601930511680000210e-03
5.838378207062400183e-03
5.836217474537300394e-03
5.616800406670800251e-03
5.677898516183500256e-03
5.914572812957199707e-03
5.919084761325599589e-03
5.870883747707500433e-03
5.938360362977300293e-03
5.785511639140100346e-03
5.571483476912600027e-03
5.782942411683599654e-03
5.902397757609499640e-03
5.218070229025299593e-03
5.870779921112599838e-03
5.705134869104199792e-03
5.784010932160199743e-03
5.854166538623100172e-03
5.853705428012699781e-03
5.823875445373600038e-03
5.720388776379699974e-03
5.902536161307399623e-03
5.977807146400100288e-03
5.855471817864699689e-03
5.823517481791100348e-03
5.811101973115900300e-03
5.773324818214600057e-03
5.842284031672999832e-03
5.829388014558099969e-03
5.800499239054800020e-03
5.756622429156099847e-03
5.863239019608300351e-03
5.864756328010200213e-03
5.866528841197000271e-03
5.807145704958199990e-03
5.781499454154200197e-03
5.677387945455100379e-03
6.649651217776500305e-03
5.638429152311700068e-03
5.748256429120799857e-03
5.720066708030100040e-03
5.885206345968899827e-03
5.737730917251399748e-03
6.013004752828799912e-03
5.734565520273899979e-03
5.945759828695600102e-03
5.295886767503300147e-03
5.771978257494299845e-03
6.023062948955299790e-03
5.766606418141200126e-03
5.804499880657999940e-03
6.000311119989099745e-03
5.784629648206999694e-03
5.658356589522899917e-03
5.793970388147599848e-03
5.813460937447299803e-03
5.701273061655899761e-03
5.820566150837399970e-03
6.038231803651299828e-03
5.707157538021099923e-03
5.680019341163100068e-03
5.803595812627400201e-03
5.967665722211299914e-03
5.881084565393699705e-03
5.778064715057099759e-03
5.902263776369600159e-03
6.292159260500899791e-03
5.846105766449800206e-03
5.694188998878500080e-03
5.972323804827799759e-03
6.037402833202000323e-03
5.808201744030500220e-03
6.426848249482399779e-03
5.782758199281000377e-03
5.775081221602100003e-03
6.222377341557900308e-03
5.911983164154400137e-03
5.680570529294899813e-03
5.716241581942499775e-03
5.781129468795699611e-03
5.815594343346100134e-03
6.004543879628900307e-03
5.707872402543300028e-03
5.551519231482600000e-03
5.968493357671299758e-03
5.753742410146100300e-03
5.214762421315800346e-03
5.762097198897300418e-03
5.919948181017100144e-03
6.035130147444199740e-03
5.648338871524500281e-03
5.647855693385900148e-03
5.667001286810200225e-03
5.656375534780100356e-03
6.008573276837300171e-03
5.814230985594999804e-03
5.716834991521899806e-03
5.881219302490900414e-03
5.704629170176899605e-03
5.861199840640199908e-03
5.748584536374799769e-03
5.802438644237900046e-03
5.702712290712000018e-03
5.640235113974799604e-03
5.836039891081700078e-03
5.751390369185100347e-03
5.888021213076900101e-03
5.882701829327300139e-03
6.568870579820899717e-03
5.845424541899699698e-03
6.102703480508600044e-03
5.589889561064299850e-03
5.722959840297900391e-03
6.212556448846500053e-03
5.764295743922700360e-03
5.624300095013100298e-03
5.824089508366899967e-03
5.785698525960300195e-03
5.859255221440600077e-03
5.777061278963300378e-03
5.831828599684899667e-03
5.881219302490900414e-03
5.831146537340100092e-03
5.668282786241199932e-03
5.754471327278800133e-03
5.797868745061099914e-03
5.867205604910900353e-03
5.768778753638899998e-03
5.734482910712100298e-03
5.646593848443300090e-03
5.846312062858899719e-03
5.955110686579999889e-03
5.750869154156000064e-03
5.748504094255799980e-03
5.789854007136999853e-03
6.047043742668000224e-03
5.855747924745900203e-03
5.812725039827299801e-03
5.872798226242799922e-03
5.766722799658200067e-03
5.752789042062700017e-03
5.810921162969899870e-03
5.652930437001900399e-03
6.136981422229100328e-03
5.721335206214399859e-03
5.734720861756499935e-03
5.745458570214000311e-03
5.882654368374799596e-03
5.469373767044699922e-03
5.985545759788799686e-03
5.808149937239099996e-03
5.873311464602600299e-03
5.744773588472199682e-03
5.742460226088400184e-03
5.786477376725300201e-03
5.831868810314899849e-03
5.659312618178200145e-03
5.709810790649100069e-03
5.830323912789600084e-03
5.698746330910899570e-03
5.731124751464600382e-03
6.004953176871699952e-03
5.711123651968500262e-03
5.800751479081700350e-03
5.778719549105300161e-03
5.750009436399500240e-03
5.821504438384499623e-03
5.872008133926499840e-03
5.823734362695500051e-03
5.812802567926000225e-03
5.578445899049900084e-03
5.949548001483700131e-03
5.704106026151799930e-03
5.715118385151500037e-03
6.126541749280199622e-03
5.446008684340399898e-03
5.972440313819600381e-03
5.765562324240100164e-03
5.731162078592600025e-03
5.959409335538999944e-03
5.832498172500299831e-03
5.427171463428200060e-03
5.768419432094200154e-03
5.833032714126800376e-03
5.642448310269199650e-03
5.825998757314899794e-03
5.778466824659000273e-03
5.876414045223599981e-03
5.678436674763499663e-03
5.765318340378799977e-03
6.012953083955599985e-03
6.487088956148599761e-03
5.803211150026100010e-03
5.911163347622000290e-03
5.868747288370800008e-03
5.704807549826699901e-03
5.898389823218000254e-03
5.930415422200100047e-03
5.678898014910400104e-03
5.866906357926800035e-03
5.878644493767799795e-03
5.810620405745500414e-03
5.568914233600699877e-03
5.391580885335399594e-03
5.754609392932099991e-03
5.888946661302600291e-03
5.708499928506199569e-03
5.751337439202799592e-03
5.944465589919400127e-03
5.793551789304999915e-03
5.776585977566700211e-03
5.707922869850099758e-03
6.221763879387299905e-03
5.793152725848099704e-03
5.805407700899599920e-03
5.975740938953800346e-03
5.689460993015400293e-03
5.786694172463500291e-03
5.791991783556499872e-03
5.770574189821200094e-03
5.721891267249199983e-03
5.922211183306099608e-03
5.646134355825899696e-03
5.926091893133400221e-03
5.828606698137400385e-03
5.823389776276199567e-03
5.765764093897200390e-03
5.930622554213799830e-03
6.009534033754699960e-03
5.743417542046399746e-03
6.305331943851600132e-03
5.795642792823700075e-03
5.680851010792999957e-03
5.760475177564799813e-03
5.867261732968499614e-03
5.698876194438299951e-03
5.776865932945500319e-03
5.778861274999800429e-03
5.654956273125700053e-03
5.796231807391899644e-03
5.790785178784000307e-03
5.765741140013999969e-03
6.022787383848499793e-03
6.007116062108000011e-03
5.769541601559199581e-03
5.551573444279199986e-03
5.945087138038099989e-03
5.783601902875900105e-03
5.598749998833600118e-03
5.773242890740599813e-03
5.892076785164099967e-03
5.803244848566499990e-03
5.729233713069200283e-03
5.934973576400100030e-03
5.772806740178100353e-03
5.882352434743299933e-03
5.935699320155500211e-03
5.784459257406800343e-03
5.769523373225699837e-03
5.679856671689600262e-03
5.795860630104899582e-03
5.669578092794299792e-03
5.746131725494100367e-03
5.761096878223999872e-03
6.172431667883500166e-03
5.870505420901100252e-03
5.847049324784300145e-03
5.653541584092300343e-03
6.012097991207599607e-03
5.672834260296600109e-03
5.904656669384300040e-03
5.668962715319099573e-03
5.678442806536900325e-03
6.021632792918199702e-03
5.745216755741799908e-03
5.858848557012999794e-03
5.856839865642699851e-03
5.835351000254900174e-03
5.435018862831000018e-03
5.967533168870399994e-03
5.716180894965799779e-03
5.771171196806100349e-03
5.739183947557399863e-03
5.640336361668299610e-03
5.869837206633600132e-03
5.820140173388099573e-03
5.733788567414400267e-03
6.058653335364700201e-03
5.846489778613700276e-03
5.821063712545799726e-03
5.686226398002700196e-03
5.815503444237399983e-03
5.715810922638500310e-03
5.633593192327200280e-03
5.716814320533200426e-03
6.206720590342699843e-03
5.887526196628600252e-03
5.752323360560700378e-03
5.790528883962899921e-03
5.681572144100599693e-03
5.714362905763500401e-03
5.919084761325599589e-03
5.668538757960400049e-03
5.878116147512799788e-03
5.648200225613599773e-03
5.852518915767400409e-03
6.058147383113899817e-03
5.696106955221299888e-03
5.740695584805399938e-03
5.789865746595199668e-03
5.763668344672999780e-03
5.845707335954300303e-03
6.122292705527000202e-03
6.487088956148599761e-03
5.673855746426000220e-03
5.695338015396900211e-03
5.776770597179199836e-03
5.869387606611599709e-03
6.002645139486099783e-03
5.730443589587200237e-03
5.732683801904400224e-03
5.619107217390600234e-03
5.800972555288199696e-03
5.714242746895499894e-03
5.738743282743499763e-03
5.790339577041700263e-03
5.811219295300600225e-03
5.767278273490700387e-03
5.927164910716700361e-03
5.343259750492699613e-03
5.745939051962799769e-03
5.835378707722299607e-03
5.719363998320100076e-03
5.662619402203500352e-03
5.934773716749700348e-03
5.988880787251799585e-03
5.056569561911200203e-03
6.403480773861200404e-03
5.858842959434999720e-03
5.723128199718200380e-03
5.810009819941799880e-03
5.713083405046300196e-03
5.118021420029500272e-03
5.817780286523199958e-03
5.838094920288399575e-03
5.745487204455800023e-03
5.812847180888400071e-03
6.003594407258799719e-03
6.143518046790299655e-03
6.155627257775899905e-03
5.629680815642900196e-03
5.980835083498699592e-03
5.755768512222200067e-03
5.744330006622500040e-03
5.782904538370999860e-03
5.739956687758799615e-03
5.778494677878699692e-03
6.159061174104399697e-03
5.687117340515900413e-03
5.699316492359499803e-03
5.319455792056400345e-03
5.673895676930500349e-03
5.845293687007599784e-03
5.919172364781200360e-03
5.630109332444800316e-03
5.757487135004999736e-03
5.628247558212100092e-03
5.724165867972699599e-03
5.768230065881899821e-03
5.802326758097899571e-03
5.197379976025399625e-03
5.864739007833699724e-03
5.716862762831300369e-03
5.902864878563499583e-03
5.785040780947500218e-03
5.774360384091299647e-03
5.882622674925600328e-03
5.733969419227800263e-03
5.767660272499200262e-03
5.754423708755900153e-03
5.710571630368199703e-03
5.804222307410800315e-03
5.880792557678000271e-03
5.756049892381299993e-03
5.764962102197300313e-03
5.854572048311600108e-03
5.871423349672000302e-03
6.007629193418799647e-03
5.705221939631400369e-03
5.735159069116100086e-03
5.874910726622399951e-03
5.805830211359300393e-03
5.374073009532599580e-03
5.716501639842199757e-03
5.883053395167399738e-03
5.848165033485899604e-03
5.737678865926200064e-03
5.764084224033299772e-03
5.826060065503800393e-03
5.716834991521899806e-03
5.674515005280199656e-03
5.879726946517000244e-03
5.780798210584199570e-03
5.829016254975800254e-03
5.740258363300300253e-03
6.238581406432399876e-03
5.820635483726500047e-03
5.871036656552500350e-03
5.842361367525699886e-03
6.035130147444199740e-03
5.596394055737499880e-03
5.831086285080999687e-03
5.857921426485199895e-03
6.045622481820799900e-03
5.891545364442599998e-03
5.901399443453300003e-03
5.821737397449199859e-03
6.238581406432399876e-03
5.784326470681100223e-03
6.027347359764500048e-03
5.707963174903799702e-03
5.752730307321800123e-03
5.353069133072800405e-03
5.739454360388599775e-03
5.808743426368299934e-03
5.859663270093099993e-03
5.851562819495500362e-03
5.806283393356499907e-03
5.744652711409500151e-03
5.684990346201300275e-03
5.878125552414999698e-03
6.821005312884900057e-03
5.825399968538200364e-03
5.554415517052899674e-03
5.666239319041300321e-03
5.872707543211000067e-03
5.770334077644300071e-03
5.819146985615900394e-03
5.867735966932599752e-03
5.790034320590700147e-03
5.856571742137799651e-03
5.863363787222600383e-03
5.739406998528200077e-03
6.364843348011899916e-03
5.789997707114499619e-03
5.906184357511700019e-03
5.716993934579600416e-03
5.642982376394299789e-03
5.837425410966000199e-03
5.775124803805400248e-03
5.894027783022000137e-03
5.685579959212000260e-03
5.910756807034200401e-03
5.907336526450999992e-03
5.765082689731799818e-03
5.776825902059299842e-03
5.802988250801099750e-03
6.038438277595799784e-03
5.858417162291000395e-03
6.390300085001200323e-03
6.034928992236899582e-03
5.921096412342900100e-03
5.744701685601399932e-03
5.696469778391300212e-03
5.890990197401899976e-03
5.568992296581899704e-03
5.851685867076600323e-03
5.585002033342100283e-03
5.692617277977599782e-03
5.810559292170600076e-03
5.751337561895100356e-03
6.087713308137199589e-03
5.786147426563800072e-03
5.809220006051100081e-03
6.258441615351300301e-03
5.907967481426600054e-03
5.903150957784300025e-03
5.056569561911200203e-03
5.988146487756799974e-03
5.747806033733400023e-03
5.882278841304900210e-03
5.637119296183299572e-03
6.104153912237299771e-03
5.814731854099399778e-03
5.760715002468499817e-03
5.741764353872600389e-03
5.865764069239600038e-03
6.087862528842099760e-03
5.618558582921599938e-03
5.837451211538599583e-03
5.825157250712600064e-03
6.372179186727999767e-03
5.807517768491099637e-03
5.890251437185399855e-03
5.723486649645799680e-03
5.835680031952599628e-03
5.806276375797000261e-03
5.691988424818100224e-03
5.635364661801599978e-03
5.772647927150299785e-03
5.772389201441199824e-03
5.830440955762099774e-03
5.839090200377599835e-03
5.710835646204300182e-03
5.779951493097399903e-03
5.864018133310699640e-03
5.784494031774499966e-03
5.785113223672099653e-03
5.684330726216499721e-03
5.862579399306700259e-03
5.689323539555199601e-03
5.794129326282900297e-03
5.842956034698199887e-03
5.865304238419500292e-03
5.849635256744500390e-03
5.907986049381500245e-03
5.757375132379700423e-03
5.933641873418300274e-03
5.793572262487700283e-03
5.686855304942100425e-03
5.857664142589399763e-03
5.702472801250199966e-03
5.763606285448800125e-03
5.739406257963699728e-03
5.874316860818599648e-03
5.941378141027800312e-03
5.589889561064299850e-03
5.659785295054600186e-03
5.953222267724599635e-03
5.610121509269400120e-03
5.979169465726800331e-03
5.805907143734400158e-03
5.874944621611500120e-03
5.757338324410800172e-03
5.539415634002099742e-03
5.767696432766000227e-03
5.811605125069100111e-03
5.980952415470900188e-03
5.738211804057900128e-03
5.900220197060100299e-03
5.624743953932900310e-03
5.725014421861699711e-03
5.649378802575199914e-03
5.709896350990499581e-03
5.816488249538100119e-03
5.781519886915000364e-03
5.772749134018599800e-03
5.678578205412099754e-03
6.243085969469699612e-03
5.782471296330999634e-03
5.743051678182200387e-03
5.894611150776599660e-03
5.794287011352999665e-03
5.793326123643699997e-03
5.769958367620300031e-03
5.772906561073900406e-03
6.052745299295400096e-03
5.988549826637599646e-03
5.738585138922600026e-03
6.307571313231600044e-03
5.734589410159500120e-03
5.870214470261200107e-03
6.098902953788200125e-03
5.788630161603299656e-03
5.733802441295400044e-03
5.727558273193300228e-03
5.840548936730399938e-03
5.820287590564300097e-03
5.808537503798900069e-03
5.721029557453700259e-03
5.696067727119400251e-03
5.954240451919000018e-03
5.769198090786900254e-03
6.221763879387299905e-03
5.541023741743800017e-03
5.958635424775600431e-03
5.723326397694000062e-03
5.682750369152700029e-03
6.101387222391000363e-03
5.171774537651800327e-03
5.930114530277400334e-03
5.930021817412699757e-03
5.782051612815900313e-03
5.688725410685000275e-03
5.878905492974500005e-03
6.521996224482400073e-03
5.807333481773199919e-03
6.314092630686400122e-03
5.752625536320299729e-03
5.725613528453700127e-03
5.659880985932900371e-03
5.712390166647000368e-03
5.622976785210400189e-03
5.744696367674000277e-03
6.342791399532900221e-03
5.855128745088599568e-03
5.704187398797900405e-03
6.110859858025800319e-03
5.871886033226299956e-03
5.744933216169700006e-03
5.863918396666500076e-03
5.744253736430299934e-03
5.838479021308799928e-03
5.930585227964899932e-03
5.865324659937300004e-03
5.604818708618299582e-03
5.618801613996700361e-03
5.894945611801900333e-03
5.953632517655799671e-03
5.775703792984599946e-03
5.579030145971100238e-03
5.694364832828999710e-03
5.736779732333699769e-03
5.916977806252000406e-03
5.656701606155400269e-03
5.866476349384600053e-03
5.709259210293899864e-03
5.894027783022000137e-03
5.815538626451299993e-03
5.746873212744799640e-03
5.936104186692500208e-03
6.006735367127200194e-03
5.806743198990599666e-03
5.758885478181399904e-03
5.469373767044699922e-03
6.430985838933500100e-03
5.869978587755800281e-03
6.074124438516399598e-03
5.693939129170299748e-03
5.761329132960500178e-03
5.595280092900199904e-03
5.868789596119200133e-03
5.626681062148499585e-03
5.709431127043599653e-03
5.737462150338000326e-03
5.907223475140699863e-03
5.614454654585500012e-03
5.714320634253300217e-03
5.957625511768599967e-03
5.716354981345300040e-03
5.767271102427799778e-03
5.734753557463100407e-03
6.160935619504899832e-03
5.713824595183700228e-03
6.017376444147900377e-03
5.833680714074899847e-03
5.908461703010800016e-03
5.854988215822700195e-03
5.691023612242399922e-03
5.809676651925500292e-03
5.751708633959099967e-03
6.328310325270599702e-03
6.172431667883500166e-03
5.746869296278800041e-03
5.808374288678200097e-03
5.944236692172100330e-03
6.298903069184899790e-03
5.743413048542800152e-03
5.784156723257800371e-03
6.059954374380100046e-03
5.815385325900399721e-03
5.878963012000799730e-03
5.928670865137800408e-03
5.549401665784900115e-03
5.847522938490199579e-03
5.783151835777500423e-03
5.695338015396900211e-03
5.966063042263300246e-03
5.929028842864300305e-03
5.808331394509200392e-03
5.603310966885799958e-03
5.869512357882899871e-03
5.871577552937599573e-03
6.009840491372499781e-03
5.852266842102799883e-03
5.902864878563499583e-03
5.754231957347400415e-03
5.735318739877500079e-03
5.783689477232000289e-03
5.742940212040299579e-03
5.776811123704200281e-03
5.696803534981200248e-03
5.851223393450000025e-03
