5.813396395300719409e-06
5.813867391435687826e-06
5.847362060606518927e-06
5.837581935517781953e-06
5.818812136231691532e-06
5.830782552659495998e-06
5.812380033366165909e-06
5.826397076257573198e-06
5.812087705865181885e-06
6.144631354823023401e-06
5.812087705865181885e-06
5.814089726548758927e-06
5.886841829912800101e-06
5.835259920039345676e-06
5.813376840318904469e-06
5.813215301381740820e-06
5.819441994356008163e-06
5.870140801156747696e-06
5.813867391435687826e-06
5.813215301381740820e-06
5.813376840318904469e-06
5.813376840318904469e-06
5.812380033366165909e-06
5.859489985669533765e-06
5.819441994356008163e-06
5.826618093186712031e-06
5.814236246917766700e-06
5.813731448927605757e-06
5.817978208923135224e-06
5.826397076257573198e-06
5.812087705865181885e-06
5.855463072823722571e-06
5.814742083402755563e-06
5.813376840318904469e-06
5.818812136231691532e-06
5.810845691363652588e-06
5.812087705865181885e-06
6.043254837499540840e-06
5.814742083402755563e-06
5.811655017688583118e-06
6.071692732709622319e-06
5.815924384255787032e-06
5.814742083402755563e-06
5.810845691363652588e-06
5.816436986836451846e-06
6.021794612015715882e-06
5.839823813161620939e-06
5.813731448927605757e-06
5.824501477839009058e-06
5.811302897439169197e-06
5.825468669179006987e-06
5.823630826492337306e-06
5.820901637788600743e-06
5.812087705865181885e-06
5.814812905412486745e-06
5.813731448927605757e-06
5.814673791138560086e-06
5.819441994356008163e-06
5.846555942250617263e-06
5.817978208923135224e-06
5.817016946885290690e-06
5.833443460928904208e-06
5.816436986836451846e-06
5.830113471637212447e-06
5.813376840318904469e-06
5.812380033366165909e-06
5.810845691363652588e-06
5.812087705865181885e-06
5.868436335794047428e-06
5.824501477839009058e-06
5.823066643873841125e-06
6.139183733069351446e-06
5.834380494106990599e-06
5.818956360537365946e-06
5.812380033366165909e-06
5.825468669179006987e-06
5.811302897439169197e-06
5.847024527684541342e-06
5.814742083402755563e-06
5.862223033658199211e-06
5.814673791138560086e-06
5.866035571055067099e-06
6.175245800442046896e-06
5.846555942250617263e-06
5.911200090098511150e-06
5.835259920039345676e-06
5.813731448927605757e-06
5.828180781893950957e-06
5.812087705865181885e-06
5.817016946885290690e-06
5.815924384255787032e-06
5.812380033366165909e-06
6.018147450900298609e-06
5.823066643873841125e-06
5.893007389481986064e-06
5.810894106828960792e-06
5.830113471637212447e-06
5.855463072823722571e-06
5.823066643873841125e-06
5.989042226017308517e-06
5.817016946885290690e-06
5.813215301381740820e-06
5.817016946885290690e-06
5.811302897439169197e-06
5.831356836253977215e-06
5.810845691363652588e-06
5.813731448927605757e-06
5.831356836253977215e-06
5.814812905412486745e-06
5.825468669179006987e-06
5.820235069808147183e-06
5.813376840318904469e-06
5.814236246917766700e-06
5.814957252072199986e-06
5.822116466299634447e-06
5.814957252072199986e-06
5.884147667720499280e-06
5.817978208923135224e-06
5.815390773708109943e-06
5.812087705865181885e-06
5.814673791138560086e-06
5.812380033366165909e-06
5.814673791138560086e-06
5.868919983851373149e-06
5.866035571055067099e-06
5.816810714204601286e-06
5.820901637788600743e-06
6.018147450900298609e-06
5.812087705865181885e-06
5.814236246917766700e-06
5.813376840318904469e-06
5.846555942250617263e-06
5.817978208923135224e-06
5.820997372835888576e-06
5.811655017688583118e-06
5.820235069808147183e-06
5.814236246917766700e-06
5.830782552659495998e-06
5.813245604545647964e-06
5.815924384255787032e-06
5.862223033658199211e-06
5.821292687272583576e-06
5.810894106828960792e-06
5.817772098553950888e-06
5.811655017688583118e-06
5.814236246917766700e-06
5.815390773708109943e-06
5.815808745369513183e-06
5.812087705865181885e-06
5.812380033366165909e-06
5.811655017688583118e-06
5.811302897439169197e-06
5.907410325134053602e-06
5.814742083402755563e-06
5.810894106828960792e-06
5.827399656029068390e-06
5.814673791138560086e-06
5.810894106828960792e-06
5.818956360537365946e-06
5.828180781893950957e-06
5.811302897439169197e-06
5.868919983851373149e-06
5.820901637788600743e-06
5.814236246917766700e-06
5.813731448927605757e-06
5.811119027708785976e-06
5.823630826492337306e-06
5.817247730554588998e-06
5.816436986836451846e-06
5.813376840318904469e-06
6.045280149664321426e-06
5.814812905412486745e-06
5.813215301381740820e-06
5.815808745369513183e-06
5.811655017688583118e-06
5.866035571055067099e-06
5.828180781893950957e-06
5.828180781893950957e-06
5.868919983851373149e-06
5.851594964818200750e-06
5.870312262714057405e-06
5.814957252072199986e-06
5.814089726548758927e-06
5.816436986836451846e-06
5.811119027708785976e-06
5.812087705865181885e-06
5.813376840318904469e-06
5.817247730554588998e-06
5.814089726548758927e-06
5.813215301381740820e-06
5.810845691363652588e-06
5.813867391435687826e-06
5.812380033366165909e-06
5.816436986836451846e-06
5.814812905412486745e-06
5.816553631749724496e-06
5.812087705865181885e-06
5.814236246917766700e-06
6.000479288066269971e-06
5.818644219544621930e-06
6.698724065618395324e-06
6.612885530248997678e-06
5.812087705865181885e-06
5.810894106828960792e-06
6.000479288066269971e-06
5.873645280707554475e-06
5.816553631749724496e-06
5.814742083402755563e-06
5.815808745369513183e-06
5.814673791138560086e-06
5.813731448927605757e-06
5.813245604545647964e-06
5.815808745369513183e-06
5.813242127550065439e-06
5.820997372835888576e-06
5.834380494106990599e-06
5.813731448927605757e-06
5.813396395300719409e-06
5.871848059832954625e-06
5.834380494106990599e-06
5.823630826492337306e-06
5.817772098553950888e-06
5.812380033366165909e-06
5.878725656786039837e-06
5.888466873212777256e-06
5.812087705865181885e-06
5.812087705865181885e-06
5.813376840318904469e-06
5.813731448927605757e-06
5.831356836253977215e-06
5.813245604545647964e-06
5.813376840318904469e-06
5.813215301381740820e-06
5.810894106828960792e-06
5.815808745369513183e-06
5.814957252072199986e-06
5.820235069808147183e-06
5.810845691363652588e-06
5.813396395300719409e-06
5.813867391435687826e-06
5.868919983851373149e-06
5.813242127550065439e-06
5.813242127550065439e-06
5.815390773708109943e-06
5.989042226017308517e-06
5.813376840318904469e-06
5.814812905412486745e-06
5.814673791138560086e-06
5.812380033366165909e-06
5.823598461568909524e-06
5.813376840318904469e-06
5.813376840318904469e-06
5.817247730554588998e-06
5.816436986836451846e-06
5.814236246917766700e-06
5.835259920039345676e-06
5.813376840318904469e-06
5.820235069808147183e-06
5.816553631749724496e-06
5.812087705865181885e-06
5.812380033366165909e-06
5.966391243873947268e-06
5.810894106828960792e-06
5.814742083402755563e-06
5.810845691363652588e-06
5.818644219544621930e-06
5.813376840318904469e-06
5.815924384255787032e-06
5.814236246917766700e-06
5.813245604545647964e-06
5.811655017688583118e-06
5.863044768546603279e-06
5.835259920039345676e-06
5.812380033366165909e-06
5.840294241332738662e-06
5.810845691363652588e-06
5.818644219544621930e-06
5.924590719373128068e-06
5.830782552659495998e-06
5.907410325134053602e-06
5.820901637788600743e-06
5.811302897439169197e-06
5.830782552659495998e-06
5.828180781893950957e-06
5.816553631749724496e-06
5.813867391435687826e-06
5.812087705865181885e-06
5.811655017688583118e-06
5.812087705865181885e-06
5.893007389481986064e-06
5.847024527684541342e-06
5.811119027708785976e-06
5.816553631749724496e-06
5.811655017688583118e-06
5.811302897439169197e-06
5.815924384255787032e-06
5.817016946885290690e-06
5.811119027708785976e-06
5.813731448927605757e-06
5.822116466299634447e-06
5.820997372835888576e-06
5.812380033366165909e-06
5.868919983851373149e-06
5.818644219544621930e-06
5.840294241332738662e-06
5.826618093186712031e-06
6.277448033241630856e-06
5.813242127550065439e-06
5.814089726548758927e-06
5.813376840318904469e-06
5.831356836253977215e-06
5.819441994356008163e-06
5.815808745369513183e-06
5.818644219544621930e-06
5.817247730554588998e-06
5.813215301381740820e-06
6.277448033241630856e-06
5.811119027708785976e-06
