1.573594162287299909e-03
1.424801768314300048e-03
2.080006871569200187e-03
2.176641113462700165e-03
1.957840809851999885e-03
1.340003541659400043e-03
1.569575141676700022e-03
1.765547825418399986e-03
1.612428183334899947e-03
1.702276443003599912e-03
1.464673552979099897e-03
1.775858048055000034e-03
1.628995438103100074e-03
1.484672084458299977e-03
1.719014429261799979e-03
1.434980821956799912e-03
1.491283416031499980e-03
1.606539767265800084e-03
1.711829918501600080e-03
1.579735960449499960e-03
1.788308132550199938e-03
1.681959662952900057e-03
1.538923022239399975e-03
1.857740413493900013e-03
1.562359547141300075e-03
1.584010897466699977e-03
1.714045284067400006e-03
1.406877470738699927e-03
1.609541566999400045e-03
1.696395087508299933e-03
1.580074636787400042e-03
1.339763779381499985e-03
1.641930250612700076e-03
1.562158285932400059e-03
1.474834710687399943e-03
1.554761232197499933e-03
1.425811725924999935e-03
2.057815610647299818e-03
1.978396581827500129e-03
1.644063434132699919e-03
1.754984036262999996e-03
1.631151514549499968e-03
1.654452228831599985e-03
1.941245915046699950e-03
1.788126062359500067e-03
1.496272253492999908e-03
1.703115544312899928e-03
1.474759241088899895e-03
1.588705257874499900e-03
1.560118320434499993e-03
1.606868576680599986e-03
1.407019122691800100e-03
1.583818875714700048e-03
1.678930986177899895e-03
1.897546832687199963e-03
1.540177985929700073e-03
2.113024865562300025e-03
1.567429931230099934e-03
2.109674975138700007e-03
1.384283871523899964e-03
1.459590231940599949e-03
1.664928470363299939e-03
1.756497248272399911e-03
1.538427664336299927e-03
1.600881836903400059e-03
1.545873461393600101e-03
2.091172733643599947e-03
1.421523756145599967e-03
1.576075079716099956e-03
1.539725664082499963e-03
1.582693128310199955e-03
1.459088590186199920e-03
1.705005400529299936e-03
1.973610705253900192e-03
1.589336976188099977e-03
1.778965321575499926e-03
1.601522968141899953e-03
1.931698296164200074e-03
1.408866153215100050e-03
1.839800771479400054e-03
1.619834475542500027e-03
1.683373483879800105e-03
1.495936274438499931e-03
1.491160908439299968e-03
2.126586612674499863e-03
1.611229245961100058e-03
1.580238819456600101e-03
1.965276667663700110e-03
1.532241265528900024e-03
2.051745210619999957e-03
1.511841443256999994e-03
1.501906013778700087e-03
1.535791975199299894e-03
1.839249588805699992e-03
1.562789511558200072e-03
1.586520939001499937e-03
1.365242758557799925e-03
1.447265663377700091e-03
1.663903459390400066e-03
1.685240344865899902e-03
1.384813135411999902e-03
1.470612484174199912e-03
2.113024865562300025e-03
1.619965519183299988e-03
1.472070868531099924e-03
1.586443775251199922e-03
2.097414576750699852e-03
1.586646731322999921e-03
2.029214762079299943e-03
1.357870827684000067e-03
1.544926408297899898e-03
2.004907698172399885e-03
1.503901944559899893e-03
1.600123798278600077e-03
2.086840507770199981e-03
1.661197095002899969e-03
1.595941013164000081e-03
1.636144156336499919e-03
1.524705739612299904e-03
1.409810808354700074e-03
1.693519205479099982e-03
1.604230389335900000e-03
1.634063909156999953e-03
1.562675032873299917e-03
1.535845567598499977e-03
1.625389415591899957e-03
1.890770478435300009e-03
1.515721654294700056e-03
1.563493886001699959e-03
1.767832632040699939e-03
1.681246656999000081e-03
1.702513710568599953e-03
1.525783139263599958e-03
1.511241554296900019e-03
1.669486500812300024e-03
1.466304429426700017e-03
1.563173767649000089e-03
1.531920610194399983e-03
1.519657358779599992e-03
1.382768035846599925e-03
1.524226812105600052e-03
1.623075964354699910e-03
1.592373055356099921e-03
1.935893435315399992e-03
1.633785322911400105e-03
2.102849402143299948e-03
1.538202466276299921e-03
1.607190766546300054e-03
1.599685356420000064e-03
1.592270894243500009e-03
1.891254211927199946e-03
1.973825997995700202e-03
1.591739134799899976e-03
1.957516609113100093e-03
1.746289760889199998e-03
1.982798986074299930e-03
1.513390510010199962e-03
1.553246897058299918e-03
1.434206588765000014e-03
1.406423046848000050e-03
1.526749949174400090e-03
1.489498342864499936e-03
1.433048794309299892e-03
2.069456716903500006e-03
1.776075984478500029e-03
1.608191516735699936e-03
1.570123889186399949e-03
1.493862226076799957e-03
2.138008670606299927e-03
2.047959236248099880e-03
2.151808584411199834e-03
1.543491960158700077e-03
1.571070574355599905e-03
2.349892602294199884e-03
2.125523819978099999e-03
1.655071045538099913e-03
1.646007105368000028e-03
1.500985497811999992e-03
1.450293000392100049e-03
1.487460790084899976e-03
1.598409739430900044e-03
1.550909540518599986e-03
1.597121632044500028e-03
1.563673944030400092e-03
1.592402609171299915e-03
1.629983043364200031e-03
1.521987010521200050e-03
1.461313058676599929e-03
1.486125000503699979e-03
1.545709892362799901e-03
1.635838094936800094e-03
1.493729631601399934e-03
1.761795209049800068e-03
1.957098005878199834e-03
1.638013338307199975e-03
1.570109575749699957e-03
1.620856035961400037e-03
1.694568647453000097e-03
1.592804109200200062e-03
1.477682617690199898e-03
1.454650442130799894e-03
1.642648632061200062e-03
1.602172127621300044e-03
1.649911911618000054e-03
1.632367013032500012e-03
1.891082458860600000e-03
1.615712453607899991e-03
1.503887993097699971e-03
1.310736942579699901e-03
1.512616504346300014e-03
1.657656776755800062e-03
1.520141519114700038e-03
1.488092994258899925e-03
1.520560682211099905e-03
1.782212496963299971e-03
1.568759284618399894e-03
1.997020271090999867e-03
1.919489004095399935e-03
1.865773894667600028e-03
1.459843819236099913e-03
1.616921485735700039e-03
1.638151915870000083e-03
1.613049332317499987e-03
1.704901575108799978e-03
1.581250945878199957e-03
1.653125137895199897e-03
1.572005482030399987e-03
1.930271193347900087e-03
1.440421962600000032e-03
1.821003565192299938e-03
1.598291027752899969e-03
1.592471869485399946e-03
1.545863355744900086e-03
2.256340020174199892e-03
1.537543967884399954e-03
1.603665564691999969e-03
1.783438965356699997e-03
1.493485111361199900e-03
2.092772127309499870e-03
1.725810907814900007e-03
1.923796260940500080e-03
1.826384761588199963e-03
1.526456014287000005e-03
1.800110157526299895e-03
1.481309840143300079e-03
1.571454688072700069e-03
1.465881481316599899e-03
1.376925160014800002e-03
1.602247928322000003e-03
1.526770649886899931e-03
1.457907214825999911e-03
1.540856216685799899e-03
2.305685000090599863e-03
1.733858907066500050e-03
1.728885129646500016e-03
1.639409614096199981e-03
1.464423871972200027e-03
1.535195065755699979e-03
1.581010396877200038e-03
1.391344790268099962e-03
1.982798986074299930e-03
1.569890442975599995e-03
1.536412534402800028e-03
1.957098005878199834e-03
1.472682462187699902e-03
1.896934229923900091e-03
1.478256601759800034e-03
1.988393186035599877e-03
1.605960979745400070e-03
1.651276772824600021e-03
1.910284126025199982e-03
1.771948011046600019e-03
1.384098441551199956e-03
1.674890138165300007e-03
1.601009601038500029e-03
1.437621594901799952e-03
1.450262925394700010e-03
1.973610705253900192e-03
1.514608049734499908e-03
1.901805711309100064e-03
1.623961324464600091e-03
2.090945137809900080e-03
1.572711283262600082e-03
1.899788342031400075e-03
2.044027527951000102e-03
1.488585588612000021e-03
1.420307170985400094e-03
1.923370464422799898e-03
1.600832388840200005e-03
1.371011101803499979e-03
1.475477442989999929e-03
1.872338487961500066e-03
1.845534468378299923e-03
1.638040390478800014e-03
1.637901761356800072e-03
1.677530080276600031e-03
1.429188962099200077e-03
1.943267371285699926e-03
1.656295962899199947e-03
1.530029883515200044e-03
1.772957296176499910e-03
1.537734416801099947e-03
1.534289445310800049e-03
1.698350991595700028e-03
1.550694597504399938e-03
1.405144453432699905e-03
1.639394347293499912e-03
1.886692421897599899e-03
1.973275042118000089e-03
1.591343734591100026e-03
1.502296435258799892e-03
1.549914811555599958e-03
1.604602211196400107e-03
1.987862911312499817e-03
1.698375093033900043e-03
1.612652403436999962e-03
1.633089226239399939e-03
1.487019592668199905e-03
1.525530430470200052e-03
1.430830878734099931e-03
1.799502282709699967e-03
1.413849685110500024e-03
1.517149147053300064e-03
1.509269424713200088e-03
1.770481036887800071e-03
1.540202364014799921e-03
2.045516914849999836e-03
1.476869639220000077e-03
1.384971350564099916e-03
1.569579919774799926e-03
2.126586612674499863e-03
1.471859435536999969e-03
1.625937132872399974e-03
1.895384857828799922e-03
1.606773828956900010e-03
1.626888968935999956e-03
1.965785518313100180e-03
1.479739221825499907e-03
1.729263043091099896e-03
1.455282073017799939e-03
1.396421252797600031e-03
1.527207420160400005e-03
1.669685387193799988e-03
1.523614683218599926e-03
1.632038494675499933e-03
1.649535671878000001e-03
2.077513340564999828e-03
1.436333965704599978e-03
2.026548535373499851e-03
1.543236399638100087e-03
1.548905368529199938e-03
1.486843626964999944e-03
1.760661669681999912e-03
1.503209238568200060e-03
1.535261133824700024e-03
1.703479367828500011e-03
1.569805431827400082e-03
1.776323913495100101e-03
1.612233756702100094e-03
1.696204129114100038e-03
1.484887396426099902e-03
1.265857247305500087e-03
1.749016722487399924e-03
1.458253339467599930e-03
1.615853848323900053e-03
1.462834677071899944e-03
1.697903033536399958e-03
1.667671066367800055e-03
1.564095274572100021e-03
1.426987554219999975e-03
1.817013928482799894e-03
1.544439914268099911e-03
1.530719967210100035e-03
1.518196260797199893e-03
1.645413505405999904e-03
1.556064743645199904e-03
1.684978983320899919e-03
2.015062194078100135e-03
1.349638664231899961e-03
1.543730797502200014e-03
1.385137517856999947e-03
1.657575804263100019e-03
1.988329054256499952e-03
1.770757260767199907e-03
1.590520830116899913e-03
1.890770478435300009e-03
1.703144134702900062e-03
2.128052193438500096e-03
1.505937101774099942e-03
1.389143676614399943e-03
1.639821502110900024e-03
1.454405634552399969e-03
2.151808584411199834e-03
1.615711135511599915e-03
1.546200294716000047e-03
1.719158860574699970e-03
1.667680373837300035e-03
2.005944182489399850e-03
1.691092893872600013e-03
1.494927505568399923e-03
1.457393584743899972e-03
1.594037264886600039e-03
1.513685202735600083e-03
1.540570790458600054e-03
1.497550444241400013e-03
1.545153889893000065e-03
1.536594735166500010e-03
2.216176710641499896e-03
1.445115512240999905e-03
1.502164675027899956e-03
1.693245709012799983e-03
1.612691048682900023e-03
1.900061079874599971e-03
1.509309212054800063e-03
1.345235223727799922e-03
1.932670415510599933e-03
1.635646024007499913e-03
1.539708251816299892e-03
1.596969374945599908e-03
1.537241619911200018e-03
1.584961165169900075e-03
1.884938127933900084e-03
2.011574116682100094e-03
1.504048255997399944e-03
1.523438465751000056e-03
1.931698296164200074e-03
1.784315101379399960e-03
1.945591769849500108e-03
1.488940739691399940e-03
1.587311100304299909e-03
1.590603209413899962e-03
1.641106161548399906e-03
2.004360774608100054e-03
1.563820118742299901e-03
1.658289114731499982e-03
1.950315255476900043e-03
1.857970519433999957e-03
1.484503714940299968e-03
1.455028766942100026e-03
1.952924733282799911e-03
1.549173431731200095e-03
1.676229498431299923e-03
1.479626763811500104e-03
1.973129018876799978e-03
1.606691767479199919e-03
1.449821574625699896e-03
1.648654818825700001e-03
1.551325424961499900e-03
1.530797268583300105e-03
1.624061275667299962e-03
1.559735236388499948e-03
1.528208729261300086e-03
1.507917742764900045e-03
1.669685480256100042e-03
1.341983814280599914e-03
1.587722206829299959e-03
1.549182046518000032e-03
1.673627740484299976e-03
1.936518328767200016e-03
1.825994026146499950e-03
1.620625283138999980e-03
1.431180800291900019e-03
1.619305266527899930e-03
2.176641113462700165e-03
1.408609819884000004e-03
1.631162199686300067e-03
1.782192498882999949e-03
1.537136930751899959e-03
1.695400849235400003e-03
1.917970779783100032e-03
1.678285025325500007e-03
1.501602766639400068e-03
1.423895728784500088e-03
1.876246993860199901e-03
1.609912637227100098e-03
1.546067243098699952e-03
1.498208836025499919e-03
1.484595560018899972e-03
1.411310794659800024e-03
2.152373104591999951e-03
1.437285212035400040e-03
1.366945838672099919e-03
1.613192103912699897e-03
2.088282900672899876e-03
1.681293573588300058e-03
1.554934864497199958e-03
1.417543976499599989e-03
1.839891260211999916e-03
1.592212420067299922e-03
2.147742123242700127e-03
1.689662586927400106e-03
1.508913421227899964e-03
1.474646138957500050e-03
2.051823060553000042e-03
2.044027527951000102e-03
1.756151946411900087e-03
1.998578884501499807e-03
1.521211336728399898e-03
1.449423318735000013e-03
1.661369566311999895e-03
1.577541999733800097e-03
1.567390616002599943e-03
1.469679415123900093e-03
1.606121439096499896e-03
1.430359387366300031e-03
1.603852879741800037e-03
2.072461744555100134e-03
1.503357251438500099e-03
1.699137322851800068e-03
1.816009643304399923e-03
1.657736415301900006e-03
1.452717274144600104e-03
1.487148368422599922e-03
1.588613588342800047e-03
1.591165333413900075e-03
1.528478419639900084e-03
1.629368619234300083e-03
1.545235677950299903e-03
1.578233390145900028e-03
1.595585304573800050e-03
1.766805652780900062e-03
2.041084572688200115e-03
1.553125765839700068e-03
2.007902973911799942e-03
1.602823904556499980e-03
1.494584942743499992e-03
1.508071056766400108e-03
1.497672750681199949e-03
1.568810160021799974e-03
1.860566215460199941e-03
1.722152245460099960e-03
1.623626360405999941e-03
1.444689808911200045e-03
1.718222594481200096e-03
1.504868447962499911e-03
1.472184318224099928e-03
2.015062194078100135e-03
1.840747105054500038e-03
1.940668438460500106e-03
1.740188487620700046e-03
1.994713818125100173e-03
1.600143015803299909e-03
1.508077976871499953e-03
1.648332173858099974e-03
2.128052193438500096e-03
1.649938970183899897e-03
1.924012986615999954e-03
1.565632716777999979e-03
1.639049023033199975e-03
1.540797559421699936e-03
2.136136191589500192e-03
1.589900403587099931e-03
1.815001503453800031e-03
1.409972015289299996e-03
1.572518393625699923e-03
1.515755153961999974e-03
1.511700140217899944e-03
1.545224329973600083e-03
1.687013617557100087e-03
1.463523305334299938e-03
1.581485832800299954e-03
1.709599523171500060e-03
1.631006189659700003e-03
1.600346824799400106e-03
1.575827463924000041e-03
1.801121289747099940e-03
1.634161836222100105e-03
1.558054016528799936e-03
1.568671880627499956e-03
1.624222503943199922e-03
1.591879094993600046e-03
1.498455725649900077e-03
1.602174021187900005e-03
1.516407528059499988e-03
2.208849094113000087e-03
1.852561363757900068e-03
1.471588717872399999e-03
1.527338313022200003e-03
1.766433305584700101e-03
1.525847364890100004e-03
1.491409734061899988e-03
1.587635676104999895e-03
1.587974678347200052e-03
1.779097134107100091e-03
1.484218759316800014e-03
1.667707455770800051e-03
1.691985429826100076e-03
1.600878922217100018e-03
1.619019807736899906e-03
1.671156861956600093e-03
1.359637751036500046e-03
1.625942280439499977e-03
1.686467998185099985e-03
1.745356859590600079e-03
1.788372988396999975e-03
1.495909250430099962e-03
1.668835301974200009e-03
1.642237402961699982e-03
1.916517637975399899e-03
1.506878126627699986e-03
1.632381310081200106e-03
1.966637854339899853e-03
1.860504927949300103e-03
2.095389056141400141e-03
1.477362296829100004e-03
1.646458637389799961e-03
1.615411806291899973e-03
1.521153425912799952e-03
1.616315671737700082e-03
2.093617318560100048e-03
1.572115801535399916e-03
1.696385911850399998e-03
1.621190560147300072e-03
1.520519097682900087e-03
1.509322593886500098e-03
1.548294314561399904e-03
1.756849511180899907e-03
1.554286920695999901e-03
1.569365887192199997e-03
1.692982161559100076e-03
1.575546457031000002e-03
1.465304838119400009e-03
1.563858460101799977e-03
1.650992970313100048e-03
1.517564424326000010e-03
2.086840507770199981e-03
1.507791596793800004e-03
1.678680654255800030e-03
1.606685137962400025e-03
1.688058497942099972e-03
1.348397488830899897e-03
2.102849402143299948e-03
1.975501434967399939e-03
1.586057763968000064e-03
1.440173016871900032e-03
1.409564952950400100e-03
1.527680664751300023e-03
1.507858380175800071e-03
1.571851640710099970e-03
1.442297843522799940e-03
1.885036578356300008e-03
1.519644661467300104e-03
1.589236324570200091e-03
1.698482550428100091e-03
2.090688166424699811e-03
1.676958400045999893e-03
1.930697599048800030e-03
1.642813322076900001e-03
1.445873806001200107e-03
1.563322738257700000e-03
1.589170494867199945e-03
1.578959743829999986e-03
1.438680348468799946e-03
1.633922277126300098e-03
1.394763806156600061e-03
2.049867338298099959e-03
1.679786903080999908e-03
1.609423751271100034e-03
1.561384036306499986e-03
1.512590039988099926e-03
2.349892602294199884e-03
1.625894153880899900e-03
1.442763303453299933e-03
1.534489565909300099e-03
1.611765244493899981e-03
1.537645294123799996e-03
1.960766963439099838e-03
1.858438724457799974e-03
1.753614219486400103e-03
1.436293079385899925e-03
2.064084937289299877e-03
1.967442978922700082e-03
1.657807703640899960e-03
1.574981064170999931e-03
2.048450693314099978e-03
1.674620109516900034e-03
1.581859621934600087e-03
1.617073449190500022e-03
1.504994593228499910e-03
1.555071927632900065e-03
2.049634159082699969e-03
1.512603309532500060e-03
1.545673992251700088e-03
1.500842786661500108e-03
1.493774717759600032e-03
1.763179683696900011e-03
1.618129566355799983e-03
1.632533194580800071e-03
1.450085411790499965e-03
1.574607567555300069e-03
1.541563798588599897e-03
1.746548287318199942e-03
1.593050617403799895e-03
1.466304951297299920e-03
1.775188158486499992e-03
1.603697532106300059e-03
1.531779237492199991e-03
1.649391982128700033e-03
1.447390311192499942e-03
2.049867338298099959e-03
1.632971583274000051e-03
1.715930877656199945e-03
1.885036578356300008e-03
1.662803954559799935e-03
1.489591445128599957e-03
1.798551165720899906e-03
1.520156007065599996e-03
1.401536006654499969e-03
1.616233183576099974e-03
1.952924733282799911e-03
1.531222615140799895e-03
2.088282900672899876e-03
1.576795169758300058e-03
1.544354855193599916e-03
1.631405329152900083e-03
1.782959709653799893e-03
1.550848548936500058e-03
1.531591676062999969e-03
1.406042171691499918e-03
1.612728396826499950e-03
1.514914966510999940e-03
1.500949682847699945e-03
2.259720292693600044e-03
1.533585299925500087e-03
1.468419547863100043e-03
2.138008670606299927e-03
1.985260243885100025e-03
1.597362433189899924e-03
1.964412710468399839e-03
1.598393109370700033e-03
1.756533697569699929e-03
1.991425065742700139e-03
2.045854751825199914e-03
1.549648557992100049e-03
2.017196980303300087e-03
1.893645427829499916e-03
1.701637630209099951e-03
1.445190018287099976e-03
1.463638656929700053e-03
1.461046108343600066e-03
1.502652597912199940e-03
1.806361372967500017e-03
1.599998894476700002e-03
1.720961616529300070e-03
1.474697950141099986e-03
1.650463527893499980e-03
2.130651135758799934e-03
1.561359067074299901e-03
1.596942885290500045e-03
2.256340020174199892e-03
1.777223708875000016e-03
2.062238446151899805e-03
1.763501200494899980e-03
1.999101891964700107e-03
1.672300219100900012e-03
1.822324303615199988e-03
1.541569175646499961e-03
1.601396755596699948e-03
1.603816159146000076e-03
2.069456716903500006e-03
1.493979451655200099e-03
1.848258521469200045e-03
2.160732203329400036e-03
1.519002841778900039e-03
1.463017754379200000e-03
1.594500277428199985e-03
1.658858730756199943e-03
1.467099515344299923e-03
1.884318058820400000e-03
2.028035368134699888e-03
1.468476993750100030e-03
2.100190948777799858e-03
2.184475403218900068e-03
1.493357529671199974e-03
1.546148673693000051e-03
1.480380856461800025e-03
1.630914408182800078e-03
1.617901634591200049e-03
1.594792469328700077e-03
1.457421942065199915e-03
1.474989290494299957e-03
1.472819489703699894e-03
1.454238258628400005e-03
1.490524270144199994e-03
1.791485499178700107e-03
1.584828327125099943e-03
1.476855774735599900e-03
1.463383599578799979e-03
1.476526499069699986e-03
1.918812213853300077e-03
1.625656872183599928e-03
1.600790505943200034e-03
1.393293828680700107e-03
2.053842453197899948e-03
1.842335276202800064e-03
1.445614974508599914e-03
1.473491895416099940e-03
1.505725399738800079e-03
1.451430589228400094e-03
1.557681959330300091e-03
1.550001670620399993e-03
1.628208436579899965e-03
1.460368388334699983e-03
1.344108516668900046e-03
1.836579561735200098e-03
1.834625805140999979e-03
2.152373104591999951e-03
1.461619113985699941e-03
1.451109075060799929e-03
1.482810831271699900e-03
1.431318283686500072e-03
1.649316513138400107e-03
1.454402910132300076e-03
1.614830520051900023e-03
2.004336007287200148e-03
1.754106709243300009e-03
1.730817939350999925e-03
1.506474212795300095e-03
1.563465817616000071e-03
1.545129387763300105e-03
1.964412710468399839e-03
1.461233150588499936e-03
2.045516914849999836e-03
1.546651533761199968e-03
1.994713818125100173e-03
1.555884155272399972e-03
1.453721423534400092e-03
2.259720292693600044e-03
1.586164498665700029e-03
2.147742123242700127e-03
1.568709222232399962e-03
1.473815128799499993e-03
1.430549132430899940e-03
1.546613872438900054e-03
1.541265743460400010e-03
1.612461640146900044e-03
1.888633433168500006e-03
1.347352459697499913e-03
1.485080041313799988e-03
1.587728821583100003e-03
1.559508525490299960e-03
2.026072026321600137e-03
1.533609253055700106e-03
2.048721654172800007e-03
1.521221463013799945e-03
1.615848198130500095e-03
1.402217719869799928e-03
1.624940969099800039e-03
1.564078137695400000e-03
1.603571599343300066e-03
1.507979399371199960e-03
1.944416806514499959e-03
1.775858048055000034e-03
1.563724566935499908e-03
1.540824085413900011e-03
1.612808390736399913e-03
2.019965763781599900e-03
1.967442978922700082e-03
1.745684922897499909e-03
1.836579561735200098e-03
1.619455263426000094e-03
1.463765572535900101e-03
1.784042335710800094e-03
1.534029778128100053e-03
1.562795142375999948e-03
1.713138296587700046e-03
1.396651437417600027e-03
2.008538101827999842e-03
1.603844657670099906e-03
1.566825511687299942e-03
1.934728146655900023e-03
1.475722788715799977e-03
1.716548410298400105e-03
1.540914048030599896e-03
1.405749641007100021e-03
1.800110157526299895e-03
1.611302597456700002e-03
1.424708184902199895e-03
2.057047195770400107e-03
1.573500071655899992e-03
1.466843261683699893e-03
1.707217882817200008e-03
1.740576936988499999e-03
1.689899057790800055e-03
1.618654077070100054e-03
2.091172733643599947e-03
1.536562227677200007e-03
1.695528497325900046e-03
1.973275042118000089e-03
1.524534947710600016e-03
1.747180909639600059e-03
1.392213032590100107e-03
1.552955524886800000e-03
1.549498789126199996e-03
1.428269771411799912e-03
1.551708704558000000e-03
1.538830634182299919e-03
1.676698464337099924e-03
1.473084506053500041e-03
2.100190948777799858e-03
1.371489420934499971e-03
1.516018086967999912e-03
1.792551164227100102e-03
1.658149127964200038e-03
1.852561363757900068e-03
1.549926837769600085e-03
1.595566140950799945e-03
1.426987554219999975e-03
1.851624848580499987e-03
1.483156517308899941e-03
1.564901444974300081e-03
1.667518670533199923e-03
1.735258150892400077e-03
1.374669256263300098e-03
1.597958411417700056e-03
1.653309203722800073e-03
1.611951400644700064e-03
1.471460403279199920e-03
1.419721665457399995e-03
1.935408273456100002e-03
1.887488195329600034e-03
1.796821198738700071e-03
1.606851781349100073e-03
1.499493481405400098e-03
1.558578249717899921e-03
1.856872212846799944e-03
1.697341372096899947e-03
1.589476856358200104e-03
1.818087384666399993e-03
2.033152387369699995e-03
1.661952007056899947e-03
1.574074735908700040e-03
1.577007916174500042e-03
1.509875100284400074e-03
1.603624208483799994e-03
1.964462970861200180e-03
1.785607906302799988e-03
1.910284126025199982e-03
1.628032014819300044e-03
1.518476567634600071e-03
1.699156737650200097e-03
1.462043664425200081e-03
1.558981305206800019e-03
1.917984124949700074e-03
1.747673000316199909e-03
1.449921090111200035e-03
1.542478512570500055e-03
1.660337016064900072e-03
2.305685000090599863e-03
1.589260547211900033e-03
1.413030559826400096e-03
1.920104504893500007e-03
1.391077452375099948e-03
1.596275827568600101e-03
2.216176710641499896e-03
1.543355424483100089e-03
1.439132472544000108e-03
2.062238446151899805e-03
1.800832342482600046e-03
1.962143067710900215e-03
2.170346155305400131e-03
1.991425065742700139e-03
1.603650758387199912e-03
1.465094114378899916e-03
1.551228471185999921e-03
1.460415065334300100e-03
1.547888468664899942e-03
1.494533313832000030e-03
1.649653275539999945e-03
1.479157999451499901e-03
1.443906678657800105e-03
1.518605710487299981e-03
1.559329615819999952e-03
1.407330198053799962e-03
1.857869416183600009e-03
1.683029827639199961e-03
1.491967805555800093e-03
1.817264910932700006e-03
1.567307488896399915e-03
1.558117732841999897e-03
1.808727475032999906e-03
1.559364952250100102e-03
1.529856969776800107e-03
1.607115676139099893e-03
1.630163447142800011e-03
1.632681702267499988e-03
1.600644951106199899e-03
1.547879715237200030e-03
1.549619090641899928e-03
1.463560476679100089e-03
1.458108201913100015e-03
1.975501434967399939e-03
1.613778530681099933e-03
1.470423603699899965e-03
1.459163730104800051e-03
1.542946265151000015e-03
1.848468463257999916e-03
1.512587348345700074e-03
1.570931421038899945e-03
1.564079118076500087e-03
1.534974184410799929e-03
1.994978622223499837e-03
1.523177476970800004e-03
2.082474645401800103e-03
1.902637034355699917e-03
1.687398228776300097e-03
1.356673578800900084e-03
1.437947512793800011e-03
1.875821742112799987e-03
1.633381135348399961e-03
1.362945806915299941e-03
1.363683253712299950e-03
1.604779948521199923e-03
1.691532341978600100e-03
1.672585867047299930e-03
1.654425693629899994e-03
1.595858845586900108e-03
1.629210998319400097e-03
1.536713951027600085e-03
1.408635111835999975e-03
1.484081292694999906e-03
1.513763058011700045e-03
1.935821718771899968e-03
2.046630295264700080e-03
1.545445609736899968e-03
1.774266238261099906e-03
1.988393186035599877e-03
1.730382804982899926e-03
1.470362530860299961e-03
1.782212496963299971e-03
1.594500277428199985e-03
1.428921344578700089e-03
1.724336214654299902e-03
1.742496243284699957e-03
1.816009643304399923e-03
1.588740900092099973e-03
1.419654927562000093e-03
1.503270533148000051e-03
1.620718541789700068e-03
1.722750087960700028e-03
1.720741300766699981e-03
1.576518166142599955e-03
1.355457731841599924e-03
1.743095982134700017e-03
1.894496378675899952e-03
1.568729102156600063e-03
1.598415096943600015e-03
1.586530010165099940e-03
2.095389056141400141e-03
1.930598436681700081e-03
1.549035306084699942e-03
1.779251305497000016e-03
1.571215179333400064e-03
1.808738813462299963e-03
1.578805712048699916e-03
1.518146934655100009e-03
1.985680635509500143e-03
1.601108795774700000e-03
1.882672812981599957e-03
1.586302861312900063e-03
1.445573972191499957e-03
1.930342338602699954e-03
1.664098918351099949e-03
1.597182680783699972e-03
1.639464557190600065e-03
1.604732267403300014e-03
1.712358134950800080e-03
1.476009025402399933e-03
1.545628634203799999e-03
1.525946488883200012e-03
1.463368338272100048e-03
1.400369652282900052e-03
1.445029228271799918e-03
1.576971755270200042e-03
1.569788093451499923e-03
1.529913025720100028e-03
1.410806120451500029e-03
1.659101256882999963e-03
1.590938787303099958e-03
1.536155480868599916e-03
1.409714584700100031e-03
1.627001128516400094e-03
1.776858234872799895e-03
1.479314085801000005e-03
1.448413332447600005e-03
1.553989053623900003e-03
1.930697599048800030e-03
1.477801650469400072e-03
1.590451852999200024e-03
2.002014239705200010e-03
1.778316787734899934e-03
1.526230187660300008e-03
1.445917814226100077e-03
1.578959220872800089e-03
1.562655217993099950e-03
1.551751460795399969e-03
1.411941748211500026e-03
1.774657926972700002e-03
1.463607191826799903e-03
1.944416806514499959e-03
1.619634882254100076e-03
1.992766076156900212e-03
1.901997533829400061e-03
1.539627459842199918e-03
1.704442029034899941e-03
1.470997598567699892e-03
1.665205135887599898e-03
1.848118819208300094e-03
1.458750884289700036e-03
1.487550078802299999e-03
2.051745210619999957e-03
1.697881769686200018e-03
1.612299229154199936e-03
1.489160116165900039e-03
1.822501923534900056e-03
1.487147424620899935e-03
1.928121015089899904e-03
1.582655379335900017e-03
1.833622072757499924e-03
1.379514747229100080e-03
1.450269963617100083e-03
1.653720887612500010e-03
1.494149356655799900e-03
1.364815714658199931e-03
1.848809418987599909e-03
1.425666057560000081e-03
1.620017187596900108e-03
1.796036435127800097e-03
1.580231390988100053e-03
1.476469987760899985e-03
1.771230956239400103e-03
1.738000057744000081e-03
1.554828901153200091e-03
1.783230296131900049e-03
1.494057868840599967e-03
2.208453461268899791e-03
1.527796971566399917e-03
1.982961561468999864e-03
1.621988265472100021e-03
1.518300386092499973e-03
1.849903130025600060e-03
1.884318058820400000e-03
1.654902797400200102e-03
1.376868819534699927e-03
1.708072666412699912e-03
1.467479106205499956e-03
1.516617273599500096e-03
1.389230995753199926e-03
1.418098524639699971e-03
1.506250150855800067e-03
1.487230003354400067e-03
1.686196974432099946e-03
1.512229814460600008e-03
1.493343522661700002e-03
2.092772127309499870e-03
1.688548245684500090e-03
1.558088964777100014e-03
1.544701234494500093e-03
1.765294922944600020e-03
1.611945307934300065e-03
2.191113785941800098e-03
1.404419161079000031e-03
1.533600529222199898e-03
2.078212968491899813e-03
1.612412796158999972e-03
1.604652367287000107e-03
1.571901644687600077e-03
1.470213698958200074e-03
1.650138707333800034e-03
1.860114212154600046e-03
1.524824430090199927e-03
1.616434591492000054e-03
1.422680585163100002e-03
1.592861951898699941e-03
1.764281040123399967e-03
1.526070834147199911e-03
1.556417006858700066e-03
2.160732203329400036e-03
1.607529614318500052e-03
1.474131119227500104e-03
1.987862911312499817e-03
1.489318477631400035e-03
1.934728146655900023e-03
1.531985958767100031e-03
1.446774967851599926e-03
1.629912708277799979e-03
1.441427077846400015e-03
2.184475403218900068e-03
1.977462721765199834e-03
1.794261316598700067e-03
1.736877950087599909e-03
2.118009634911200128e-03
1.486572745497200020e-03
1.651808427308500051e-03
1.645733531299599936e-03
1.565261725509699926e-03
1.956405336368899784e-03
1.662312954562200108e-03
1.616620253264100049e-03
2.011574116682100094e-03
2.047959236248099880e-03
1.660132468831199918e-03
1.967074354706999963e-03
1.479060960584899958e-03
1.851624848580499987e-03
1.786941334288899954e-03
1.606699436027499974e-03
1.679288867922199956e-03
1.580346652794499930e-03
1.468148424245899978e-03
1.965276667663700110e-03
1.673658865711299916e-03
1.578986432760699993e-03
1.546401772870400039e-03
1.520535037896299973e-03
1.421467412132000011e-03
1.660808900638000105e-03
1.700833934110099937e-03
2.112289847388199807e-03
1.363494816462899927e-03
1.524884685097099932e-03
2.021792723142300068e-03
1.670107045937300073e-03
1.531348403772499894e-03
1.444638977954800082e-03
1.642231986661900041e-03
1.648885357097700042e-03
1.509386040951399971e-03
1.503413984549300045e-03
1.546731850690300078e-03
1.371609504316800105e-03
1.378095199078200076e-03
1.959182724851299927e-03
1.594449125637299996e-03
1.728182916780099951e-03
1.640161047100900009e-03
1.613318259448399917e-03
1.571233599986399977e-03
1.491872344488400035e-03
1.765984457172499900e-03
2.010402825170200074e-03
1.488113609400199900e-03
1.521147183073200083e-03
1.766739443848399900e-03
1.492988224526600001e-03
2.178017200555899986e-03
1.469348786581299972e-03
2.064084937289299877e-03
1.608025018281999952e-03
1.874773788975999918e-03
1.495708300685600007e-03
1.521210253401800031e-03
1.927221121155000107e-03
1.941025184337800101e-03
1.637123689748100092e-03
1.695063544429999906e-03
1.524769801751199973e-03
2.191814834098000132e-03
1.588182888839899951e-03
1.462176676362500006e-03
1.556337422998500027e-03
1.576896158907999980e-03
1.459871641460499907e-03
1.496326653860100041e-03
1.860895060392599989e-03
1.524938124830100021e-03
1.432000134363199933e-03
1.890723502318200026e-03
2.023290726378600135e-03
1.806361372967500017e-03
2.026499952338199802e-03
1.592608482062999892e-03
