9.359031619326265808e-09
9.205819706347837238e-09
9.205073584883719999e-09
9.263965689388381252e-09
9.625581876944787590e-09
9.253663226015811156e-09
9.197309206163664069e-09
9.228410751776647692e-09
9.407623164821042124e-09
9.195846621734508906e-09
9.200705822574891813e-09
9.356746138662255540e-09
9.223354750878102539e-09
9.216458694888211002e-09
9.200552640645801216e-09
9.205819706347837238e-09
9.202841285146622595e-09
9.276575565581065662e-09
9.194709003085609171e-09
9.199339729641885839e-09
9.199349707173744530e-09
9.220778795642623577e-09
9.205073584883719999e-09
9.259222965612871430e-09
9.200731119761514685e-09
9.198570288988017994e-09
9.317456341756993692e-09
9.198284031719251648e-09
9.197145436681651424e-09
9.203876199770726517e-09
9.199349707173744530e-09
9.227599079214469481e-09
9.304693164036376759e-09
9.204941861589120532e-09
9.194709003085609171e-09
9.202841285146622595e-09
9.214538358811913085e-09
9.248092718965654256e-09
9.297030441749393932e-09
9.194978334514020380e-09
9.268538088667385872e-09
9.198803357900098818e-09
9.218628794671936601e-09
9.194709003085609171e-09
9.194978334514020380e-09
9.308549259385040937e-09
9.195853355010691720e-09
9.208455884215435355e-09
9.194709003085609171e-09
9.235964662460450488e-09
9.194978334514020380e-09
9.249542176850418913e-09
9.205073584883719999e-09
9.200552640645801216e-09
9.195846621734508906e-09
9.202841285146622595e-09
9.316176779370311351e-09
9.207732341004952158e-09
9.212440132848011847e-09
9.198803357900098818e-09
9.304693164036376759e-09
9.216968828575150198e-09
9.199349707173744530e-09
9.198803357900098818e-09
9.214538358811913085e-09
9.272538377334743142e-09
9.194709003085609171e-09
9.197145436681651424e-09
9.264125281271219441e-09
9.198803357900098818e-09
9.236033492052625569e-09
9.198803357900098818e-09
9.195846621734508906e-09
9.257856923925712798e-09
9.197145436681651424e-09
9.223354750878102539e-09
9.200552640645801216e-09
9.201898653475242408e-09
9.322720419846056776e-09
9.241076016364740304e-09
9.233762136854509845e-09
9.198284031719251648e-09
9.358560901287472161e-09
9.195016942443796318e-09
9.227599079214469481e-09
9.481334267806669570e-09
9.218403748654879305e-09
9.202841285146622595e-09
9.302593858385354258e-09
9.195016942443796318e-09
9.195853355010691720e-09
9.216968828575150198e-09
9.338933705964722128e-09
9.324850069971986509e-09
9.212920622090643100e-09
9.198536574471316719e-09
9.338933705964722128e-09
9.326810454061140527e-09
9.199339729641885839e-09
9.252030441924766407e-09
9.194709003085609171e-09
9.259094133139471492e-09
9.320314766229146627e-09
9.411970712387768276e-09
9.323693951974770158e-09
9.198284031719251648e-09
9.621418191441458227e-09
9.407623164821042124e-09
9.195853355010691720e-09
9.207732341004952158e-09
9.313698806439324619e-09
9.198803357900098818e-09
9.197145436681651424e-09
9.233762136854509845e-09
9.204945652506521453e-09
9.222199941680356205e-09
9.200552640645801216e-09
9.261326746956791056e-09
1.102547674574963340e-08
9.201898653475242408e-09
9.199346443775671638e-09
9.227599079214469481e-09
9.202585194235356683e-09
9.198570288988017994e-09
9.200705822574891813e-09
9.202841285146622595e-09
9.194978334514020380e-09
9.198536574471316719e-09
9.210008803617289515e-09
9.209973938071289814e-09
9.228990348569411502e-09
9.200705822574891813e-09
9.319183187494317324e-09
9.203876199770726517e-09
9.208455884215435355e-09
9.201898653475242408e-09
9.199339729641885839e-09
9.214538358811913085e-09
9.207865827355270527e-09
9.254329175438372614e-09
9.212440132848011847e-09
9.205073584883719999e-09
9.247712744184374102e-09
9.198536574471316719e-09
9.205073584883719999e-09
9.198570288988017994e-09
9.198570288988017994e-09
9.199339729641885839e-09
9.208455884215435355e-09
9.304228930312700561e-09
9.204945652506521453e-09
9.226042262057608730e-09
9.198284031719251648e-09
9.204941861589120532e-09
9.200552640645801216e-09
9.348921010140629973e-09
9.345522737270784580e-09
9.235964662460450488e-09
9.198570288988017994e-09
9.198570288988017994e-09
9.209973938071289814e-09
9.218403748654879305e-09
9.291142819812250661e-09
9.201898653475242408e-09
9.205819706347837238e-09
9.200552640645801216e-09
9.208455884215435355e-09
9.232365078295254005e-09
9.194978334514020380e-09
9.205819706347837238e-09
9.210008803617289515e-09
9.198284031719251648e-09
9.198536574471316719e-09
9.201898653475242408e-09
9.220778795642623577e-09
9.303026039567224085e-09
9.197309206163664069e-09
9.201898653475242408e-09
9.202841285146622595e-09
9.195846621734508906e-09
9.274571051600549900e-09
9.314392479471305458e-09
9.322913310181387967e-09
9.215079564702223679e-09
9.322334137967912374e-09
9.300485325478309087e-09
9.314758570206410347e-09
9.268538088667385872e-09
9.218403748654879305e-09
9.199339729641885839e-09
9.194978334514020380e-09
9.214538358811913085e-09
9.198803357900098818e-09
9.195016942443796318e-09
9.195846621734508906e-09
9.328068102641124253e-09
9.251492703474710614e-09
9.198284031719251648e-09
9.199346443775671638e-09
9.286989716112908310e-09
9.279440510710172149e-09
9.199339729641885839e-09
9.223354750878102539e-09
9.195853355010691720e-09
9.326268999859630743e-09
9.198570288988017994e-09
9.198284031719251648e-09
9.195016942443796318e-09
9.202092418321628658e-09
9.195846621734508906e-09
9.212440132848011847e-09
9.202092418321628658e-09
9.227599079214469481e-09
9.199346443775671638e-09
9.195016942443796318e-09
9.199349707173744530e-09
9.247712744184374102e-09
9.194978334514020380e-09
9.198570288988017994e-09
9.195846621734508906e-09
9.207865827355270527e-09
9.268538088667385872e-09
9.223354750878102539e-09
9.201898653475242408e-09
9.199339729641885839e-09
9.194978334514020380e-09
9.200552640645801216e-09
9.200731119761514685e-09
9.226042262057608730e-09
9.198803357900098818e-09
9.194709003085609171e-09
9.245694868547735263e-09
9.218628794671936601e-09
9.197309206163664069e-09
9.202092418321628658e-09
9.195016942443796318e-09
9.301358518307221041e-09
9.204945652506521453e-09
9.199349707173744530e-09
9.871435064648624245e-09
9.202841285146622595e-09
9.257856923925712798e-09
9.204945652506521453e-09
9.339718151331307401e-09
9.218628794671936601e-09
9.216968828575150198e-09
9.218628794671936601e-09
9.319203539228728822e-09
9.209973938071289814e-09
9.315820780925800346e-09
9.197145436681651424e-09
1.048100413681927913e-08
9.218628794671936601e-09
9.245694868547735263e-09
9.209973938071289814e-09
9.198803357900098818e-09
9.236033492052625569e-09
9.347276606312200115e-09
9.195853355010691720e-09
9.202841285146622595e-09
9.195016942443796318e-09
9.279199961292125390e-09
9.194709003085609171e-09
9.194709003085609171e-09
9.194978334514020380e-09
9.202092418321628658e-09
9.197145436681651424e-09
9.252024735261781743e-09
9.228410751776647692e-09
9.228410751776647692e-09
9.195846621734508906e-09
9.203876199770726517e-09
9.216968828575150198e-09
9.276763297577007602e-09
9.279260118535557566e-09
9.197145436681651424e-09
9.200552640645801216e-09
9.200731119761514685e-09
9.326268999859630743e-09
9.198803357900098818e-09
9.195853355010691720e-09
9.198570288988017994e-09
9.200552640645801216e-09
9.269885969804620110e-09
9.279440510710172149e-09
9.286989716112908310e-09
9.444582034203129496e-09
9.334153174021607308e-09
9.194978334514020380e-09
9.197309206163664069e-09
9.199346443775671638e-09
9.197309206163664069e-09
9.519379932844628383e-09
9.216968828575150198e-09
9.198803357900098818e-09
9.194709003085609171e-09
9.319183187494317324e-09
9.200552640645801216e-09
9.200552640645801216e-09
9.251248302161544695e-09
9.272538377334743142e-09
9.199349707173744530e-09
9.214538358811913085e-09
9.198803357900098818e-09
9.276763297577007602e-09
9.202092418321628658e-09
9.347276606312200115e-09
9.212350223776261978e-09
9.202092418321628658e-09
9.198803357900098818e-09
9.216458694888211002e-09
9.257856923925712798e-09
9.276763297577007602e-09
9.326529531761201347e-09
9.199339729641885839e-09
9.268538088667385872e-09
9.204941861589120532e-09
9.202585194235356683e-09
