-1.567675727130794616e+00
3.153329190839682106e-01
5.668793622811820754e-01
-1.273133286077150705e+00
-5.653431928292440567e-01
1.297415829458589576e+00
-5.459265668522642612e-01
-1.018281598142693811e+00
-8.356018717616863212e-01
-1.407434891931109933e+00
1.442497404435705566e-01
-5.090967191374436984e-01
-4.014810447592604969e-01
1.151406861887336097e+00
3.912256613444297093e-01
-1.494332519906884371e-01
-1.453897081977037764e-01
3.887876312106881560e-01
-2.817008154591093549e-01
8.525967563687351092e-01
-3.577581794315508601e-01
-7.960448762975824710e-01
-1.112994120881001914e+00
-1.688657244712841177e-01
2.615177282692446661e-02
-1.064213840538086986e+00
9.459398430186422013e-02
-1.586325443493127874e-01
-1.169268155990088598e+00
-3.255143496610856113e-01
-6.776171629748415359e-01
9.504973888886570910e-01
-1.226502713490856822e+00
-2.492019077377518044e-01
2.710162578967871272e-01
-5.729073928066211741e-01
5.814654592345290807e-01
-4.543267918919218773e-01
8.217166202463763724e-01
-1.751935628989594040e-01
-9.951927654860225347e-01
8.615822796820500340e-01
1.022171690374029440e+00
2.790176715515783057e-01
-7.876281683060362138e-01
-1.208211555470196208e+00
1.548459735802292826e-02
-8.988946549381987561e-01
-3.877833918080500486e-01
8.516254323368871448e-02
1.664561620162050559e-01
9.739719874246328679e-01
-5.566557526416608948e-01
-7.147098047223700013e-01
-4.424106699937521148e-01
-9.737488047105567757e-02
-2.722057532186528683e-01
8.245647572772324407e-02
-6.813671873419012703e-01
5.360803178579771622e-01
-1.029753437548835082e+00
-5.382297459109489646e-01
-9.814677424016413632e-01
-1.180305085137558052e+00
-7.155412114964692094e-01
-5.835429996078281834e-01
-1.287947372563991166e+00
-8.412256454606452660e-01
1.088592025505700445e+00
7.959437279656284003e-01
9.260328972422781080e-01
6.636456156253074390e-01
-3.207520765084440062e-01
-1.168322300854413243e+00
3.993813975072599831e-01
-9.704987437499961178e-01
-6.049017139560645129e-01
-8.464606654721162915e-01
5.849048445813830044e-02
3.131343762628171490e-01
4.716208942137460891e-01
-3.028852305356857788e-01
-7.271284293682663824e-01
3.964974897202157567e-01
2.820244788018484994e-01
2.924153939182376205e-01
-2.255907739794601463e-01
-2.241635632962435676e-01
3.051820675039626507e-01
9.003743437854510034e-01
1.551706457402740158e+00
-1.013472176800029434e+00
-3.231964747405657312e-01
5.615574040464984540e-01
7.481793640787827160e-01
-2.520751659552629143e-01
1.512960209264604616e+00
-8.790304658779909408e-01
-1.172541852552214214e+00
1.901507147493695982e+00
-7.237651223765793063e-01
7.167624959913048155e-01
-6.527303032546156736e-01
3.301291782309638823e-01
9.397794337745298821e-01
3.894965683103488452e-01
1.947877773333800189e+00
4.952205029682088533e-01
-1.082747559552321576e-01
4.338391444812702558e-01
-7.393520535925011128e-01
6.447588371601971347e-02
1.378567255482905596e+00
1.290697135202903523e+00
7.680229754678133958e-01
-4.025306675070201151e-02
5.417742522152330098e-02
-8.401227657519901859e-01
-1.195123989505868511e+00
-2.671601858422106290e-01
4.512123684253479539e-01
1.202787988314840240e+00
7.206951072846286277e-02
-4.454257051173560744e-01
2.921005318293034558e-01
9.160721979769290702e-01
1.421252181259555908e-02
-7.557204787174582883e-01
4.055701555560277671e-01
3.238607566740507870e-01
-9.633464544502109428e-01
-6.426859041091388391e-01
-7.188223693549994353e-01
1.653732091831000284e-01
1.083123253690004978e-01
-1.345136698276574672e+00
-5.652485760858425579e-01
-4.536859171212491160e-01
-1.499568646527194682e+00
4.859617568452397340e-01
-6.357111632288759973e-01
-1.999058277355851010e-01
-4.620680561260988584e-01
4.586631687786223988e-01
-6.463389660337044429e-01
-1.008587421962312103e+00
3.992114274033450316e-01
-1.278328444305336098e-01
-1.404154243671449920e-01
-3.235664327970824150e-01
1.075795736782519940e+00
3.499711046632530964e-01
-1.774356923417938769e-01
8.245643348830482555e-01
5.512713538280563652e-01
-6.007051896661408374e-01
-3.668117828272346448e-01
-4.261055382303464700e-01
-2.545005325065568397e-02
9.173286648881899819e-01
7.927074037668759843e-01
-6.421428835442151151e-01
4.824756000912098775e-01
7.660046722271027786e-01
1.698307863030380505e-01
2.466126832922363454e-01
-8.225084904262363050e-01
5.805648081413486983e-01
-1.586224550718570159e-01
7.299527738942853672e-01
-5.404686229304414002e-01
4.513443147059315042e-01
1.019886066019807469e+00
-9.595758749216907191e-01
1.045164481324105110e-01
-8.481940020974708672e-01
8.426219222599915515e-01
-1.272619780021317093e-01
7.709989310902294612e-02
-6.325847779590327846e-01
-6.288120040375803077e-01
-1.334164471904661642e-01
-6.384135988812085216e-01
-1.472352223868735210e+00
1.290092938272153988e+00
1.547006873295432294e+00
-1.002607498475663217e+00
1.006358888902315896e-02
2.778455474694015770e+00
-6.963053784816698455e-01
9.794371799154721892e-02
-1.069237011729711861e+00
-9.948626411042732487e-02
3.633251652072063131e-01
-1.144034252789489559e+00
7.735120655911462695e-01
-2.683640936271989783e-03
-4.019097902663044120e-01
1.951287234478725319e+00
-4.148242041161878668e-01
6.556721402580408808e-01
1.531584273341974611e-01
6.501308165226229452e-01
-5.354766310855144651e-01
6.713238410919364352e-01
-4.372526050036973921e-01
4.867542296412808445e-01
3.072689558567673340e-01
1.823041352051700814e-01
3.064531176997379869e-01
-1.353983464512818757e-01
-2.039541287892046861e-01
1.713765067373122231e-01
-2.244879729320185813e-01
-6.496492918285925455e-01
-1.118993049378606552e-01
-4.178993830590482794e-01
1.186326471154044659e+00
1.108782390924130112e+00
-5.140737860293881356e-01
1.079300042614700583e+00
2.360409971604509494e+00
2.230886383246175608e-01
6.474630625415260798e-01
-1.033648910648608199e+00
1.657684337832402433e+00
-4.404012822320649279e-02
-4.025388896649435000e-01
4.170511323483069299e-01
-2.029043612571304611e-01
2.356885588343236027e+00
7.394744223578393616e-02
-1.110608690500837437e+00
-8.856980389888948757e-01
-1.414160069588685231e-01
-2.329512463197371819e-01
-1.058905517878222069e+00
1.404386762074264494e+00
-8.996206113863790266e-02
-5.924162483051989003e-01
-4.886164216487448586e-01
2.736341558617650938e-01
2.666119588129131079e-01
-4.564018655718829476e-01
8.387894414735785897e-01
3.889185168447105712e-01
2.570920988318379785e-01
2.770809852424413466e-01
1.349136674541604908e+00
-4.033692227345526682e-01
-6.080008342562583934e-01
1.798919711533186083e+00
-6.218253389600658654e-01
-1.464828483607758081e+00
-1.842942755114065079e-01
-9.954919620201551078e-01
4.657473283611135439e-01
