2.102745156970289853e-02
1.852591060740270065e-02
4.150638127439099968e-03
3.868998526239099834e-03
4.112452928446599931e-03
1.758017920100109904e-02
2.060463444611810094e-02
2.321160369380960084e-02
2.114049259969909972e-02
2.018238461011310006e-02
1.969170598147399961e-02
3.712002663779100098e-03
2.215587232639730161e-02
1.994352052971060107e-02
2.239799069558509950e-02
1.925541804214710162e-02
2.082773521948470125e-02
2.150243571330710118e-02
2.253021278873799937e-02
2.066532513502390006e-02
2.398328939808369933e-02
2.406759567662599894e-02
1.988535074930949942e-02
4.149452473812500174e-03
2.127905047115660059e-02
2.127291586086610051e-02
2.354211459915559954e-02
1.927252583678309983e-02
2.098120163740770094e-02
3.757580820703999933e-03
2.151667931852720150e-02
1.742009713987740030e-02
2.272401237649520137e-02
2.130642506943620021e-02
2.081683717372799849e-02
2.058703804173180052e-02
1.842165864321959959e-02
3.471811855096799786e-03
4.275272501997800199e-03
2.285369398856569936e-02
4.311700095361400108e-03
2.219381145879849998e-02
1.939933192531579850e-02
3.821001479296899997e-03
2.269282689477699830e-02
1.940029644987049939e-02
2.456504452754509904e-02
2.002208760606890084e-02
2.026292817289659931e-02
2.039570328319439962e-02
2.142467090758699844e-02
1.834180071441239915e-02
2.172337552685299836e-02
2.342549131438039986e-02
3.926697985901199915e-03
2.113416556288949880e-02
3.731463790198900204e-03
2.160751560202779989e-02
3.444951801780699908e-03
1.880324437116009939e-02
1.927977837131659988e-02
2.155869595932830007e-02
2.274967296900589839e-02
2.113172938692199979e-02
2.096669308711500077e-02
2.136074302655849994e-02
3.248641284564500031e-03
1.991765801898300048e-02
2.102528882201799842e-02
2.049214615951500118e-02
1.943700840301389871e-02
1.909346396779569924e-02
2.176682340240740018e-02
3.471527200400499873e-03
2.087008282541250037e-02
3.754156602640999849e-03
2.182073767962020017e-02
3.605574875517999957e-03
1.912794655470989938e-02
2.372025657888459857e-02
2.298658094185180092e-02
2.190227009143819875e-02
2.029212129445059909e-02
2.000599953839849940e-02
3.477830639307899919e-03
2.090910787584840044e-02
2.114282252302139911e-02
3.355358724232899905e-03
1.987773128440159867e-02
3.538663836964900215e-03
2.054019502469330016e-02
2.050438143980249858e-02
2.007311837628819942e-02
4.201353598886299612e-03
2.188099043024609863e-02
2.111376548237780051e-02
1.790710680583859973e-02
1.986283017436279996e-02
2.243712271343949877e-02
2.224741640744089949e-02
1.766409738784549890e-02
2.059055407438729890e-02
3.731463790198900204e-03
2.134040829991400157e-02
2.062791898865070153e-02
2.064157015260429870e-02
4.438508994290200384e-03
1.923455897650819951e-02
4.316753950518100423e-03
1.941364456609260061e-02
2.142701576522279897e-02
4.336680267774099644e-03
1.968812968175150113e-02
2.172222162931849998e-02
3.614658051017100027e-03
2.128422572641019972e-02
2.100053451580510128e-02
2.053720230252059978e-02
1.909517036873059972e-02
1.894756977105799961e-02
2.161776136760880027e-02
2.179576439334639931e-02
2.210319920589559964e-02
2.159701361099379893e-02
2.165733199688869848e-02
2.110124940574169966e-02
3.446847713235699946e-03
1.921279436733979926e-02
2.128757862477419910e-02
2.234045845597679852e-02
2.079807208305689895e-02
2.324595767086630113e-02
2.010600231577119867e-02
1.995707150601429974e-02
2.189558788627370134e-02
1.921313898493300087e-02
2.161241515568109936e-02
2.095768252168980078e-02
2.028279269682500136e-02
1.833664380332499996e-02
2.146184501519679891e-02
2.059084591187300070e-02
2.115159135920699832e-02
4.601734742484700144e-03
2.155570841022460063e-02
3.550458023376999814e-03
1.978920226144259900e-02
2.201720640743759852e-02
2.215634148392379987e-02
2.105555009453979887e-02
4.674749382122500053e-03
4.162981926075300272e-03
2.108124012683349965e-02
4.712730686386400018e-03
2.332370139549290108e-02
3.707449611398799891e-03
1.962566515941959952e-02
1.940639888002030147e-02
1.914433843767670076e-02
1.731141134987350047e-02
2.115054567582390008e-02
1.946588301357119952e-02
1.868102864952990091e-02
3.891430154158399997e-03
2.418271574227899914e-02
2.036578441394560138e-02
2.043148729170750008e-02
1.967538812875009938e-02
3.667544941294099969e-03
3.596336521258599976e-03
4.412821973014099779e-03
2.012213810234059902e-02
2.144303039064459834e-02
4.205313528351100304e-03
4.415839638830599927e-03
1.981660441931340152e-02
2.206561759870210096e-02
1.898537250936349965e-02
1.856977106604480038e-02
1.972634843462050050e-02
2.270171234086059905e-02
2.042338055505479866e-02
2.067258855587299909e-02
2.169002386758389980e-02
2.214125905985360118e-02
2.232080578892529921e-02
2.036907433423909911e-02
1.993273118830959922e-02
1.941950578995390100e-02
2.035582274192280008e-02
2.199534068654529842e-02
1.955509220759300143e-02
4.079602891367799765e-03
3.494647392605200117e-03
2.148039595291219989e-02
2.154790198418750011e-02
2.086127286184940102e-02
2.251817254448550132e-02
2.074148317793160154e-02
2.059363472602390027e-02
1.900638298019999978e-02
2.198306058562940132e-02
2.123858096299499967e-02
2.011704354485190083e-02
2.027273702016589921e-02
4.053230986620399642e-03
2.038506358200899843e-02
2.135922238678170104e-02
1.821320244151230019e-02
2.030607186618129875e-02
2.174287328352090057e-02
1.968876220966159912e-02
1.874290733799570050e-02
2.166896949003579986e-02
3.329390244168699796e-03
2.080719366665780001e-02
3.632844418494300068e-03
3.791694513418999990e-03
4.361088871096799671e-03
1.876448942633110115e-02
2.100245904304650149e-02
2.111815169804279885e-02
2.051644249398509867e-02
2.299342138539869906e-02
2.220435409608950000e-02
2.216449743158669869e-02
2.149690580640949839e-02
4.054436166504100242e-03
1.927030804286429880e-02
4.072187086058999886e-03
2.010499187767110160e-02
2.129724985924540126e-02
2.160601120535890138e-02
4.008973508194299887e-03
2.075937395795399848e-02
2.109486842263049930e-02
2.231532521196279845e-02
2.102251121835809963e-02
3.664134828156400108e-03
2.223244615616230130e-02
4.168063011462700210e-03
2.386214398061880029e-02
2.023554263105349985e-02
3.482833133018300217e-03
1.980357830734219907e-02
2.121058450550529842e-02
2.052819401539950073e-02
1.891809599100590170e-02
2.057989820384460017e-02
2.027397239271280099e-02
2.051012426964579985e-02
2.017392602127000140e-02
4.007250718898500152e-03
2.525169322758179929e-02
2.250171269363350143e-02
2.244177143437409844e-02
2.079532283076379953e-02
2.055208193881450165e-02
2.165989623439770057e-02
1.991935889396479961e-02
3.707449611398799891e-03
2.015919894040709912e-02
2.099837881940100001e-02
3.494647392605200117e-03
1.994553947327560098e-02
4.694258010437399840e-03
1.934016590479070014e-02
3.343607035046399986e-03
2.156709717313700161e-02
2.103488751648990157e-02
3.525130942120700047e-03
4.312183295376999584e-03
1.823546909705999960e-02
2.211609396737989827e-02
2.245458350951970092e-02
1.932366095543200032e-02
2.012810841962429931e-02
3.471527200400499873e-03
2.096389865207769904e-02
4.038968571415399791e-03
2.168850073218970068e-02
3.883134085416299792e-03
2.103680179397390132e-02
3.904965220864099838e-03
3.875434845285300172e-03
1.985075525657279891e-02
1.891714301798709877e-02
4.529132839056799684e-03
2.041608783514770042e-02
1.848109185222749848e-02
2.072281652016930154e-02
3.394153757329600087e-03
4.962026453048599961e-03
2.233201484498729961e-02
2.152093627858280012e-02
2.408488144803939968e-02
1.961636476945309918e-02
3.658548102962499819e-03
2.134845575738879980e-02
2.108346377724919923e-02
2.124189853682479853e-02
2.196247364294789950e-02
1.969379090972659882e-02
2.326280692485420062e-02
1.986337909862369994e-02
1.888182211861949913e-02
2.116700243912110133e-02
4.691863172931899813e-03
3.387788740737899922e-03
2.021723402956539933e-02
1.950972178130840062e-02
2.214480307283279992e-02
2.191165271599870151e-02
3.695632365047300024e-03
2.372112230387329879e-02
2.081017743574500173e-02
2.039859766635230068e-02
1.990639730244650116e-02
2.221830405175649961e-02
1.958983268332339933e-02
4.730336621157999952e-03
1.937258408565449910e-02
1.958286059497869880e-02
1.924571276797479996e-02
3.421297713739199914e-03
1.990095907989729990e-02
3.600090378049400179e-03
1.978574275088600121e-02
1.751941092511780096e-02
2.121007411698769968e-02
3.477830639307899919e-03
1.954745169274110100e-02
2.069164728912430140e-02
4.640288441715699833e-03
2.071536506999640051e-02
2.015398902639830084e-02
4.601571395392300111e-03
1.920510814567049848e-02
2.207640846799460016e-02
1.874506134727000131e-02
1.755080822682380040e-02
2.060363711995030073e-02
2.312098863286810024e-02
2.119832157436429831e-02
2.128423569909410062e-02
2.205090887671249875e-02
4.435073652131100302e-03
1.993716685392219953e-02
4.594273267756500412e-03
1.912185737370340061e-02
1.932722154033419959e-02
2.027027820078700082e-02
2.470356662982160084e-02
2.082976095816469961e-02
2.119996861876919866e-02
2.260995228404409987e-02
1.971304387282789977e-02
4.388787444409200308e-03
1.980059481486329959e-02
2.190769940737869945e-02
1.916387042612230016e-02
1.782995412004919830e-02
2.515951780072089861e-02
1.992778642342420137e-02
1.998757982663049854e-02
1.878517953565260121e-02
2.329555604117120038e-02
2.071364507658129961e-02
2.147959839868769996e-02
1.971402811064239952e-02
4.274994114891400056e-03
2.148298206451779852e-02
2.124909827981499855e-02
1.967852683910260164e-02
2.259200643018500002e-02
2.121711462889179847e-02
2.209107634659160033e-02
3.752530930298899996e-03
1.960715993666500151e-02
2.160768371609040131e-02
1.847627313344140168e-02
2.327974672613929846e-02
3.613951680178799798e-03
2.450010748142879974e-02
2.129618952710849930e-02
3.446847713235699946e-03
2.317076649886620071e-02
3.662392400249400021e-03
1.901600723211530064e-02
1.797313262264620126e-02
2.095661458135500074e-02
1.958159028167279908e-02
4.412821973014099779e-03
2.204857193267310139e-02
1.953320396870790107e-02
2.400116511657000157e-02
2.271776655724479926e-02
3.618225352040599883e-03
2.222190192995790112e-02
2.034566323128289902e-02
2.053902686763149979e-02
2.008281667401869836e-02
2.158751997930780098e-02
2.058230387007789833e-02
2.068887762607099848e-02
2.210356876101770077e-02
2.016006138045009846e-02
3.574456632450000084e-03
2.025510314778889917e-02
1.966475465901619882e-02
2.184385672184549834e-02
2.099699890788580062e-02
3.783711694065900171e-03
1.851956028606459997e-02
1.894644606648580171e-02
4.405564919135200076e-03
2.234598644221889863e-02
2.010819710656509829e-02
2.181076681319400051e-02
1.918360363877540109e-02
2.172570203120750137e-02
2.563388662129680029e-02
3.879950198902500005e-03
1.958093590033789869e-02
2.075304781505939861e-02
3.605574875517999957e-03
2.552922710827200056e-02
4.576251019485400202e-03
2.026772127869039958e-02
2.098629528284439924e-02
2.194505668301899998e-02
2.270243938975829989e-02
4.236107150707399925e-03
2.151040860935949858e-02
2.304391045515799888e-02
4.539278405584800009e-03
4.389689465369600065e-03
2.034361626773059997e-02
2.066299589697809941e-02
3.286989071922000183e-03
2.252637772639489930e-02
2.303294089197930120e-02
1.876492868262109870e-02
3.855567190089499979e-03
2.268060237972669910e-02
1.929070624779770024e-02
2.217293744529410041e-02
2.129206985517780037e-02
1.989131564905649921e-02
2.128400194230289921e-02
1.998931866074949923e-02
2.103774626858000152e-02
2.011327055163550023e-02
2.266925277706680064e-02
1.747922332137179929e-02
2.122351754868069887e-02
1.977254880706999854e-02
2.178102531999969935e-02
3.749022698813199873e-03
2.559447509611099958e-02
2.168589347100719975e-02
2.002914129944199928e-02
2.130551967269870076e-02
3.868998526239099834e-03
1.963680628315169971e-02
2.279991986637100107e-02
4.103358813702800111e-03
1.960877605504339830e-02
2.246249116547449978e-02
3.860906629253699814e-03
2.076560091367180005e-02
2.052290252961240166e-02
2.015503990241499996e-02
4.442716619664300107e-03
1.992265585879610112e-02
2.039257744177720016e-02
1.914054751715230096e-02
2.067259651155009884e-02
2.037430390857329979e-02
3.901220512360100041e-03
1.878689002745259976e-02
1.782380807877230119e-02
2.192960084857430159e-02
3.921683248462999767e-03
2.091372207317220011e-02
2.009909882808410056e-02
1.788814397918229993e-02
4.095940810388900254e-03
2.013489166453009960e-02
3.886120846854399825e-03
3.832227596412900086e-03
1.978134810172819946e-02
1.994011901834579978e-02
3.826416311791999789e-03
3.875434845285300172e-03
2.283193244797149940e-02
3.586054467127400107e-03
2.015172970038960065e-02
1.928359965763520173e-02
2.038231068544209962e-02
2.116304851214680094e-02
2.146712300948440053e-02
1.946714183868209977e-02
2.055660904904100042e-02
1.993118815170899852e-02
2.218416189049220166e-02
4.169414633251099754e-03
1.994619879101959883e-02
2.250985263939290007e-02
3.342484245512700181e-03
2.203386204168510110e-02
1.980962430092260071e-02
1.960299653686019966e-02
2.048236625539430131e-02
2.164999711258440082e-02
2.072482590374210079e-02
2.319864667144379972e-02
2.145123070846299829e-02
1.938122578322469883e-02
2.062240022038600018e-02
2.387181533389810123e-02
3.836369169493800135e-03
2.153461769598679840e-02
4.234518753565500414e-03
2.043798158954350172e-02
1.837817412333729930e-02
1.973799610005080168e-02
2.015305221340889935e-02
2.018919986389470025e-02
2.561003396400229892e-02
2.217084559341910011e-02
2.134390930730430125e-02
1.855179472327660173e-02
2.362203607363329988e-02
1.912864375353970012e-02
2.054224735034329910e-02
3.752530930298899996e-03
4.258137063722000279e-03
4.578722780511399783e-03
2.167635464456019873e-02
3.252534834185099970e-03
2.159153556077780117e-02
2.044424627781820172e-02
2.122424063698809954e-02
3.662392400249400021e-03
2.270399836629309956e-02
4.986953992135999790e-03
2.128719545738740060e-02
2.286469255337720066e-02
2.159157358742199925e-02
4.488224077368099633e-03
1.976422386838860151e-02
2.354526476419219888e-02
1.821350932913479853e-02
1.966170856822969937e-02
2.033086404048500134e-02
2.117627312713990170e-02
1.908963367438770015e-02
2.208864586249070089e-02
1.788492111928779993e-02
2.068526116325159966e-02
2.199338505330070137e-02
2.243959164923749888e-02
2.237621007793089839e-02
2.066239046824969866e-02
2.383751913897499963e-02
2.277365697464690114e-02
1.974100070157059836e-02
2.011955337428040017e-02
2.067542897183239844e-02
2.238822433741359877e-02
1.953355584073079854e-02
2.009442582894179971e-02
2.038659544504030016e-02
3.751025823166500087e-03
3.413117012755100162e-03
1.937902422426840063e-02
2.115497864462349831e-02
2.283081943250339987e-02
2.067503167331369990e-02
2.076247757653129980e-02
2.257821942707960092e-02
2.021448143249629861e-02
2.348703176561460146e-02
1.946494402454329933e-02
2.135943160278009831e-02
2.238420300089399850e-02
2.039984769700819989e-02
2.062362228995430133e-02
2.072397652786139854e-02
1.787042283902650144e-02
1.972297303508519992e-02
2.110579467086460062e-02
2.270676164827700044e-02
2.442287201321479903e-02
2.000340775915910099e-02
2.098950877019069988e-02
2.104343251832129988e-02
4.629448069388499704e-03
2.028191127219240025e-02
3.284952215318400100e-03
4.246958141660799740e-03
4.364790949927099990e-03
3.982416398544900114e-03
1.926961464360659945e-02
2.223814721710539941e-02
2.186706589316530017e-02
2.087014121286140042e-02
2.118958847050990066e-02
4.237626786865100401e-03
2.029544689333229873e-02
2.319097123292000046e-02
2.267240709499139875e-02
2.019633076261289836e-02
2.063814052128979878e-02
2.027255148565779846e-02
2.324568763938419935e-02
2.032572118144580081e-02
2.126914607827780010e-02
2.278107028639890161e-02
2.138901572554220004e-02
1.951913182961620072e-02
1.944233425699019857e-02
2.227118943742619969e-02
1.904189415484890124e-02
3.614658051017100027e-03
1.937647021471260167e-02
2.219031611377469959e-02
2.116624613018789833e-02
2.158012502096580063e-02
1.701006489016399989e-02
3.550458023376999814e-03
3.310549331369600033e-03
2.169436233761759883e-02
1.952526784454439862e-02
1.960279055997920031e-02
2.105943835050479856e-02
2.065678605500999993e-02
2.110681810596460109e-02
1.856295311806770154e-02
3.304502442275800145e-03
1.988797776555109934e-02
2.034404256531690061e-02
2.324908209919549981e-02
4.406639617639499830e-03
2.308388850871940026e-02
3.832154793357200190e-03
2.154936606542619953e-02
1.827274062270320062e-02
2.082515952247350130e-02
1.972318893953989988e-02
2.027240131501599832e-02
2.072258485136799916e-02
2.162291365785180136e-02
1.925817066989719828e-02
3.714071964871000150e-03
2.339512284919560009e-02
2.115765116996259909e-02
2.017983575453529896e-02
1.938127533132200098e-02
4.205313528351100304e-03
2.086445876070179908e-02
1.992924936136019828e-02
2.015712367926799850e-02
2.097505322642390091e-02
2.004620577522709876e-02
4.026767999632499713e-03
4.750265546805999828e-03
2.325653955220879920e-02
2.061044207160190114e-02
3.841523116995399813e-03
3.344574453162899898e-03
2.215263007554879940e-02
2.037162407416799950e-02
4.941455771655400148e-03
2.280438982167319953e-02
2.008214345819070087e-02
2.142084728953199887e-02
1.964936163630650115e-02
2.038693854963710000e-02
4.789576271894200113e-03
2.045173108016039992e-02
2.012658642408739901e-02
2.077517624996230022e-02
2.015936635989210024e-02
2.325582876119909950e-02
2.158192982737559829e-02
2.136077771815660109e-02
1.995729734394199872e-02
2.119014807926470137e-02
1.999874028331500089e-02
2.334996921306239925e-02
2.142342908037700097e-02
2.078170542149149896e-02
2.449652934360430079e-02
2.164163778283730022e-02
2.084837398155560059e-02
2.238685037913459852e-02
1.968257172971740049e-02
3.714071964871000150e-03
2.123397966777990087e-02
2.270044193451310061e-02
3.304502442275800145e-03
2.173358043047770097e-02
1.936057549489909879e-02
2.184971095466790164e-02
2.155094662279160092e-02
1.955494341464469876e-02
2.052114890996119961e-02
3.286989071922000183e-03
2.100240143626529860e-02
3.921683248462999767e-03
1.997078881829960142e-02
2.048774003238870017e-02
2.159170397377080039e-02
2.396398916404610113e-02
1.938118697635380153e-02
2.090841192378780147e-02
1.794253884275169922e-02
2.184935479570180097e-02
1.875945408400460021e-02
1.912737924957549907e-02
3.415442223072800119e-03
2.007913577067040045e-02
1.861721262251920042e-02
3.667544941294099969e-03
4.080652100658500349e-03
2.090308648745260039e-02
3.409126216943999827e-03
2.035886448192259987e-02
3.714951633929900084e-03
3.356158354806900151e-03
4.755622152011599636e-03
2.190779255137879911e-02
3.686257360077800117e-03
3.642073083530099949e-03
2.308528681761269977e-02
1.995585094466429885e-02
2.026315835896620038e-02
1.946862593559019888e-02
1.992119571959989968e-02
3.402389598484499827e-03
2.091947403350490065e-02
2.126765429187489967e-02
2.005196437784299845e-02
2.194824396214980003e-02
3.529370133162200007e-03
2.016575423042240092e-02
1.977614328285769857e-02
4.008973508194299887e-03
2.446711271320969883e-02
3.600740495308499788e-03
2.319835294695149833e-02
4.838684457287899601e-03
2.258975078924030030e-02
3.711684283450699794e-03
1.941878286299189918e-02
1.965879420229639865e-02
2.074133336382810028e-02
3.891430154158399997e-03
2.054909311823839915e-02
3.885760952712100005e-03
3.710335120117899937e-03
1.994990855132150118e-02
1.816170860100349907e-02
3.952312196601599943e-03
2.262347443441899836e-02
2.058522999389490044e-02
3.423153880566200211e-03
3.477232389221799995e-03
1.985926135558629957e-02
3.689410827456599939e-03
3.311538005525299991e-03
1.998025634401310105e-02
2.001071258117280080e-02
1.922658162462589915e-02
2.233181732384300136e-02
2.236528447858469881e-02
2.051507077029739862e-02
1.837573189355000067e-02
1.904387642672730058e-02
1.892952260552789936e-02
1.948822888558359931e-02
2.072750587505469907e-02
4.832095009597900392e-03
2.133245836965800071e-02
1.929651081264910015e-02
2.040792370859879912e-02
1.837550386395070054e-02
4.073875754014399768e-03
2.224255774709379962e-02
2.091413994947070171e-02
1.914214015462700064e-02
4.000842726918299973e-03
2.363823093149039836e-02
1.957198684029570063e-02
1.928878309300230062e-02
1.851778425239709869e-02
2.005803339516649964e-02
2.036980446300689848e-02
2.103980967696519877e-02
2.080579824365930142e-02
1.878067149623939905e-02
1.792064754621440145e-02
3.550138985641999867e-03
4.305939412542999709e-03
3.901220512360100041e-03
2.091064210927820119e-02
2.020851457707779908e-02
2.013885328716459935e-02
1.834415600015770059e-02
2.217123377712830121e-02
2.008527921788769849e-02
2.163921338005240017e-02
3.496559177852299940e-03
2.237574941532589901e-02
2.469946983309019919e-02
2.107229189034329903e-02
2.017983819993229844e-02
2.082719860083009911e-02
3.409126216943999827e-03
1.874748470000350137e-02
3.600090378049400179e-03
2.251953780983019862e-02
3.252534834185099970e-03
2.010513228404429975e-02
1.927754127563010081e-02
3.415442223072800119e-03
2.090634850311669929e-02
3.886120846854399825e-03
1.979271633573550029e-02
2.061876516338479945e-02
2.075153009245130076e-02
1.975070847048280079e-02
2.164372435063630085e-02
2.101463909841510061e-02
4.214133808021200411e-03
1.808883376897350154e-02
2.028427125967779965e-02
2.198414151388339982e-02
1.956242077649560096e-02
3.989042117281300058e-03
2.238081867351929960e-02
5.301722193408399571e-03
2.016798272368020006e-02
2.174425023197830084e-02
1.880456879230230083e-02
2.239619323201420126e-02
2.051681039162309844e-02
2.171830123057399975e-02
1.914902769336350105e-02
4.155767892893300411e-03
3.712002663779100098e-03
2.208838324612250048e-02
2.074345758229199921e-02
2.146606070309139969e-02
3.743187929113100075e-03
3.344574453162899898e-03
2.199645383365270157e-02
3.550138985641999867e-03
2.156297492874060043e-02
1.969189561317620171e-02
2.343912079563630069e-02
2.264641832130760007e-02
2.095607510894889960e-02
2.382044220960969835e-02
1.843135130770860025e-02
3.873396732223399839e-03
2.038753210368780128e-02
2.176094966621660090e-02
3.630111645603100162e-03
2.231957315738070102e-02
2.143842226708150139e-02
1.901967519377030166e-02
1.901759060253300007e-02
3.482833133018300217e-03
2.196342723188710044e-02
1.976863132874959877e-02
3.870510758010699964e-03
2.180392393787559946e-02
2.008092712528149887e-02
2.171820482838060160e-02
3.924371137083399602e-03
2.225662609647110005e-02
2.170638678524640028e-02
3.248641284564500031e-03
2.025296894735369863e-02
2.362800180275850120e-02
3.387788740737899922e-03
2.135508006826099953e-02
3.886989219623699851e-03
1.808669311148420125e-02
2.135952467095179885e-02
1.978205790203830042e-02
1.975899599359159931e-02
1.969046376228239872e-02
2.089021968634020149e-02
2.093368101502289871e-02
1.968848625434480026e-02
3.689410827456599939e-03
1.825820542525680157e-02
1.954049026941210090e-02
2.538355468410670099e-02
2.141454062428279834e-02
3.413117012755100162e-03
2.156457672417070107e-02
2.072576841815449919e-02
1.971402811064239952e-02
3.506820343876399914e-03
1.884146325643620140e-02
2.010644691843959872e-02
2.123060730151760112e-02
2.298072020992019890e-02
1.743183461391600159e-02
2.170047441035869926e-02
2.099813232269279878e-02
2.041592832230959900e-02
2.021789089477410081e-02
2.028737747484489831e-02
3.916159462782799715e-03
4.373212404144900291e-03
2.292089218551390112e-02
2.056524801912129954e-02
2.034294011033349961e-02
1.964313829023129829e-02
4.294538381895999721e-03
4.219671408002800307e-03
2.106846447521650012e-02
4.295345280088599775e-03
4.782511344919300293e-03
2.220004322546010114e-02
2.056677248166379965e-02
2.027397813639979923e-02
2.080238551085019857e-02
2.075219376360330076e-02
3.596338649366400200e-03
3.925866269516799581e-03
3.525130942120700047e-03
2.253857204128599870e-02
1.913526922678919842e-02
3.844503945328999958e-03
2.045810254437580022e-02
2.066698516900290078e-02
3.638577677567699908e-03
2.286239922456390072e-02
1.921020158293530039e-02
1.976014740666559924e-02
2.141437246784159976e-02
4.007250718898500152e-03
2.162255287977949900e-02
2.052360951216319895e-02
4.235356912615199573e-03
1.888787864761180130e-02
2.186978547525790170e-02
3.574456632450000084e-03
2.219893745705769916e-02
1.975870175464760140e-02
3.600740495308499788e-03
2.243843649468550000e-02
4.320895916976300391e-03
3.828149577594200208e-03
3.356158354806900151e-03
2.199269984416030166e-02
1.847239738758019861e-02
2.012461513337170105e-02
1.889029659740289885e-02
1.910328353726269829e-02
2.013001594412509865e-02
2.162493375126259970e-02
1.988408235053869960e-02
1.959966695112240129e-02
2.187078832458190167e-02
2.162554157458640089e-02
1.914304798284630071e-02
4.225345975493200248e-03
2.115904822600180035e-02
2.033993873514209835e-02
2.382551752327630168e-02
2.239451424522819964e-02
2.151140781472820132e-02
4.280615062041599923e-03
1.972581179180360120e-02
2.011768223973259967e-02
2.172737479135340016e-02
2.209663524597919870e-02
2.254520738030510105e-02
2.138964768458780086e-02
2.034424696100569849e-02
2.075071379387469911e-02
1.864771872686980109e-02
1.996872554504689964e-02
3.310549331369600033e-03
2.260506161237040013e-02
1.904589554386409977e-02
1.890977731248930094e-02
2.092975729669240004e-02
3.587651144033900119e-03
1.964405439083979910e-02
2.029268821973199965e-02
2.041602915529150061e-02
2.007270204104140074e-02
4.343658560705799740e-03
1.951319459031779918e-02
4.596074391268700071e-03
2.324523078671809906e-02
2.148257565641580047e-02
1.797945439888719993e-02
1.896845566592689908e-02
3.891628186852800000e-03
2.046013020101589835e-02
1.847492245777250172e-02
1.985910481763039984e-02
2.153547697741969857e-02
2.256475141261580011e-02
2.296637684445319849e-02
2.289805323989960173e-02
2.120626666561210155e-02
2.216774160242050012e-02
1.980140148287390031e-02
1.938505536158599898e-02
1.800314775108369930e-02
2.089440985160500100e-02
4.607575513113900366e-03
4.335647269699099624e-03
2.115118432669160081e-02
2.334654093666820029e-02
3.343607035046399986e-03
4.719058232748999694e-03
1.849654714026470123e-02
3.329390244168699796e-03
3.952312196601599943e-03
2.001519714038629827e-02
2.190712899142169962e-02
2.379966053615130070e-02
3.342484245512700181e-03
2.089540661355319962e-02
1.970346963030720003e-02
2.039054502568770147e-02
2.180508772923719918e-02
2.328684516038050101e-02
2.507380273923360062e-02
2.230286227742169988e-02
1.800813609199590146e-02
2.284899202025479983e-02
4.458263517853900022e-03
2.147755468465459977e-02
2.242078524014049987e-02
2.163871297982680048e-02
3.982416398544900114e-03
4.745521954536200022e-03
2.180181838329800156e-02
3.816598697340399873e-03
2.034035521621729847e-02
4.337731195173499810e-03
2.005216418493509928e-02
1.898080800465309914e-02
4.286465878353599643e-03
2.139422409551550164e-02
4.155869851073800379e-03
1.997111602028769917e-02
1.906035939138499974e-02
4.004772831221300317e-03
2.103669862590369991e-02
2.070440040345029875e-02
2.072167809802729840e-02
2.241241990959159935e-02
2.267636262295930072e-02
1.955437834087889876e-02
2.048141591912790160e-02
1.998271089336790124e-02
1.928205836283460040e-02
1.840371665551670047e-02
2.106290340382480086e-02
2.115128046169089879e-02
2.081205840161389972e-02
2.163921382948480118e-02
1.865788547619630020e-02
2.154132847676950083e-02
2.020164980175720090e-02
2.263736806642690017e-02
1.843100999078850152e-02
2.063231839696930137e-02
2.282170359528850126e-02
2.008620007283850109e-02
1.999069464616010094e-02
2.056480812362159946e-02
3.832154793357200190e-03
1.889393970049129887e-02
2.254945019438249834e-02
3.491402426341800192e-03
4.122683727328600375e-03
2.104102751730289877e-02
1.995496183808079943e-02
2.107120506805250024e-02
2.051127619948020162e-02
2.068498795234709892e-02
1.783905439272799945e-02
2.575308844930110017e-02
1.930592601498239830e-02
4.155767892893300411e-03
2.093292273792550159e-02
4.832654920177899618e-03
4.249187401630500314e-03
2.092429424464459925e-02
2.107531628793629999e-02
2.128522252299720058e-02
2.213822600893520023e-02
3.610627719617399891e-03
2.011306430292000152e-02
2.010872347983840014e-02
3.538663836964900215e-03
2.155254782265869987e-02
2.152847491972340044e-02
2.001813069562579858e-02
2.329758939582940100e-02
1.948564615367660152e-02
4.090098003983399892e-03
2.054023775177630032e-02
4.064432502979899685e-03
1.860440963857089985e-02
2.088264233265740150e-02
1.958745470681860085e-02
2.092211222751970065e-02
1.737657153343710043e-02
4.253697427715700391e-03
1.812106772133520102e-02
1.976190426331329852e-02
3.571323632328999870e-03
2.133721897704779838e-02
1.939300627905719832e-02
2.323547646837810163e-02
2.301640194569560052e-02
2.066360281317449962e-02
2.257030429214669856e-02
2.210131649170889861e-02
3.637943736043900127e-03
2.160087931214249926e-02
3.584057775923400052e-03
2.158667251050890024e-02
1.902271823607780063e-02
4.207810897420400341e-03
3.423153880566200211e-03
2.246872062448649829e-02
1.959327189574699979e-02
2.193369076334589912e-02
1.850354052632740068e-02
2.150511083507360144e-02
1.883039355983959912e-02
1.843592857299439919e-02
2.061692206829639912e-02
2.086370668993709973e-02
1.947530849627060121e-02
2.232412966392819872e-02
2.071981453118859964e-02
3.664134828156400108e-03
2.340052803121910052e-02
1.992990666189739871e-02
2.184040216101069964e-02
2.275241708398359833e-02
2.083241248149859948e-02
4.023831449880299962e-03
1.936285131227490075e-02
1.936128374435790167e-02
3.787131809500199949e-03
2.155770653204909862e-02
2.176323214559950162e-02
1.968092575108330161e-02
1.935473184910899841e-02
2.161242619029970016e-02
4.654762274327799848e-03
2.020965843414279997e-02
2.196819684347110085e-02
1.859601342230019980e-02
2.217696387545320044e-02
2.429166644411200060e-02
2.153781693503480088e-02
2.079798986175019834e-02
3.710335120117899937e-03
2.118792797841160050e-02
1.990280525319600147e-02
3.695632365047300024e-03
2.030108043276560026e-02
3.630111645603100162e-03
2.102969041038919851e-02
2.047045100589720001e-02
1.861381320990279989e-02
1.823291283585529859e-02
3.311538005525299991e-03
4.535988452164799872e-03
3.600448502410199831e-03
2.325987641306579909e-02
4.066891614330500095e-03
1.935035016325650087e-02
2.208158500043510067e-02
2.025505346528419862e-02
2.114995063703200076e-02
4.846372843950799703e-03
2.167466977784850146e-02
2.133985984624589896e-02
3.879950198902500005e-03
3.596336521258599976e-03
2.086200358599570037e-02
4.463104928912000127e-03
2.059309347470129892e-02
3.506820343876399914e-03
2.417989701244909959e-02
2.048045910347010001e-02
2.294565655275589838e-02
2.218964981279139895e-02
2.046166259175929980e-02
3.355358724232899905e-03
2.069702024060969883e-02
2.116621993341840161e-02
2.012349933189950049e-02
1.989806805275219984e-02
1.961427621766659996e-02
1.973618733912950104e-02
1.953785229273199975e-02
3.627268317178499943e-03
1.796984465895680103e-02
2.063925557075280137e-02
3.542018845178799853e-03
2.011428736325790098e-02
2.106437538185640043e-02
2.006371919022479841e-02
2.027177078591129930e-02
2.145689322983290043e-02
2.083121524398439880e-02
1.875128017209709910e-02
2.172597501457590105e-02
1.909773782557479954e-02
1.833579523825079952e-02
4.155280126013300400e-03
2.089139140197510125e-02
2.405385009774929986e-02
2.204610250362620122e-02
1.965699198503860143e-02
2.164857920261860011e-02
2.038709779443350148e-02
2.292535603233120112e-02
3.422283651572200196e-03
2.002837255739960132e-02
2.043938713906590099e-02
2.466718033131359844e-02
1.964072892650550045e-02
4.143498438264500011e-03
2.079021253256699980e-02
3.841523116995399813e-03
2.147024825099139861e-02
4.391341070206600077e-03
1.910723480379010117e-02
2.105763937044560080e-02
3.783821072558900007e-03
4.321335534805299805e-03
2.162374047952239989e-02
2.292589099854309975e-02
2.025512242977479949e-02
3.816649247045300099e-03
2.149376663266440099e-02
1.981222068297739877e-02
2.010931123001249987e-02
2.002285855617690069e-02
1.978033838441349904e-02
1.888846143471710134e-02
3.988965964502699628e-03
1.920263870667330078e-02
1.855669319831860023e-02
3.343917723219399802e-03
4.135819278470199804e-03
3.402389598484499827e-03
4.509950161960100262e-03
2.144580228781730116e-02
