3.795886016999400203e-03
3.949954411506399581e-03
4.011899327576499974e-03
3.821710138025400001e-03
4.322454633821600119e-03
3.853770522470600056e-03
3.402498823851100081e-03
3.743102153938299929e-03
3.669958197718800174e-03
3.701067041143799898e-03
3.879214042317499951e-03
3.944217289948000367e-03
4.008220553236899707e-03
4.042453908207299836e-03
4.344377947319499715e-03
3.699798966281300002e-03
4.403275423620499687e-03
3.839962580248800113e-03
3.493879297789299811e-03
3.709875308260399910e-03
3.793015253911200067e-03
3.968122236514599714e-03
3.952687802203000075e-03
3.169523099020799851e-03
3.452630760979299909e-03
3.753548524362200142e-03
3.848338425513000028e-03
3.486398344832399975e-03
3.525264330547300210e-03
3.630572585962200081e-03
3.400446579102199898e-03
3.724528294466099895e-03
4.493822257279900256e-03
4.181739112067799774e-03
3.635795822028999816e-03
4.013867991800100336e-03
4.071998864277499679e-03
4.140790637871900361e-03
4.583218582926200380e-03
4.485669106392599879e-03
3.782837054758399903e-03
3.839980670155799993e-03
3.546927224883800016e-03
3.966505880780800235e-03
4.031637881920300051e-03
4.380300794868900033e-03
3.512761961199600044e-03
4.521753087555899914e-03
3.461688278624400119e-03
4.006375302539499916e-03
3.598137207530700040e-03
3.875065273008300015e-03
3.980891617443699758e-03
3.996115404460799658e-03
3.694356464833399838e-03
3.802938281138799805e-03
3.992382569297899669e-03
4.416443756779500109e-03
3.849469713074300022e-03
3.806959786835199810e-03
3.522464964911100130e-03
3.831819030491000113e-03
3.795044114127800114e-03
3.358652484317900186e-03
3.152622940257900075e-03
3.798400835655399866e-03
3.673731876000499962e-03
4.174257356908100090e-03
3.672971756147099930e-03
3.876827138777799806e-03
3.822347921872500023e-03
4.244379634104900045e-03
3.935697242630599793e-03
4.419347246749499858e-03
3.526908682180100209e-03
3.863386079770300078e-03
3.777368938179999965e-03
3.432238025748199795e-03
3.563647717086100217e-03
4.171692717317700312e-03
3.633143314969200163e-03
3.821484019943600149e-03
4.157471206561100079e-03
3.893330407390799882e-03
3.629067071300899790e-03
3.994762758632500362e-03
4.167542649157100244e-03
3.731267362878700096e-03
3.368218530464099809e-03
3.732662621737199791e-03
4.181908933712099631e-03
3.884054762333000177e-03
4.160922989826699829e-03
3.881459712771199999e-03
3.799011682675300112e-03
3.873257428922799797e-03
3.766609584981300135e-03
4.201829245241600272e-03
3.513371650412099988e-03
3.724151263927799951e-03
4.501006557837900109e-03
4.562959765906300300e-03
3.768309332686199838e-03
4.207828498697200117e-03
3.729947284314700205e-03
3.740743486776200010e-03
3.998295961688999936e-03
3.565680168396099907e-03
4.501006557837900109e-03
3.747746184898799980e-03
3.939946739803800412e-03
3.902316065465199959e-03
3.888434992069699902e-03
3.478748662931400136e-03
3.899438457509999800e-03
3.972038577392499915e-03
4.149291210863200428e-03
4.016917190973100238e-03
3.659726483823700152e-03
3.675604123862399788e-03
4.003937111203099627e-03
4.598411903213899671e-03
3.908167786185800206e-03
3.657088627909799855e-03
4.471591486079400275e-03
4.599010908529000026e-03
3.026289932567600115e-03
4.305071989389399993e-03
3.819594166120300182e-03
4.121548987269900433e-03
4.477623329316399690e-03
3.689299732770500145e-03
5.002379535295299780e-03
3.580820121362199987e-03
3.630245497915799997e-03
4.839810257234500139e-03
3.980242991086999950e-03
3.737788159158999916e-03
4.226941068642399608e-03
3.760406075068300092e-03
3.616492974128100030e-03
3.505705046015300096e-03
3.540137972934699877e-03
4.032813723122400176e-03
4.158593679657800017e-03
3.603098829220900169e-03
4.355568641001499909e-03
3.926178410851200069e-03
3.550348468032699881e-03
3.546521702694900059e-03
4.238958907234999934e-03
3.423339593698500154e-03
3.764234279203799820e-03
3.642406126469000145e-03
3.804690579668399981e-03
3.504773050890099950e-03
3.436559048181199970e-03
4.354129828387599821e-03
3.463488789752700112e-03
3.579388656396099988e-03
3.765685962994300140e-03
3.968989495883100231e-03
3.695517483060099893e-03
3.603194001645200137e-03
3.807615295824500184e-03
3.653799940677499979e-03
4.031599015903800272e-03
4.129367228136200142e-03
4.211790725030500025e-03
3.772467229261200136e-03
3.830794965801500186e-03
3.161857393740800069e-03
3.476929526453499848e-03
3.955445409311000166e-03
4.034269945458300241e-03
3.561542832119000013e-03
3.874881381223100121e-03
3.419717094703900173e-03
3.915507151836099611e-03
3.485546599838600188e-03
3.197112991722699839e-03
3.741559116030599829e-03
3.501988047521699832e-03
3.821858501076299836e-03
3.556741717861700187e-03
3.657406517659500100e-03
3.731180888993800189e-03
3.232872436401499922e-03
3.712167102975499813e-03
3.832113140141400059e-03
4.492858762706699628e-03
3.928756552594700295e-03
4.518708663388699628e-03
3.812124154701499942e-03
3.994762758632500362e-03
4.220752762107100008e-03
3.315736092393500086e-03
3.416466846632000131e-03
3.332704804648100021e-03
4.813502568407300279e-03
4.132908785362199994e-03
3.907407884301599722e-03
4.074730363432899592e-03
4.013715627463899580e-03
4.298321721441200095e-03
3.516363969947200029e-03
4.149291210863200428e-03
3.903511459272999973e-03
4.398156888025400030e-03
4.565244640720900367e-03
4.875442902671599590e-03
4.131273264610700081e-03
4.545519430459899965e-03
3.648147972033399973e-03
3.743391979095100127e-03
4.180263004188699769e-03
3.973278520221000185e-03
3.745670627338900001e-03
3.902931452243200029e-03
3.983073748352599676e-03
3.745774146811499915e-03
3.722901334844399852e-03
3.856650972837200216e-03
3.810821029838100133e-03
3.438459934484400064e-03
3.671608337618900101e-03
4.285044408774300005e-03
3.823843649538000156e-03
4.397826482377600182e-03
3.488403927214700148e-03
3.715090481609899849e-03
3.659847787814400014e-03
3.662544204736800212e-03
4.195612795341799837e-03
4.035840412391800136e-03
3.524530831572200099e-03
3.884927999099199898e-03
4.057425856438000300e-03
3.748710646113199985e-03
3.909469602009599774e-03
4.621399505692199913e-03
3.954505404402400108e-03
3.634811249206100145e-03
3.556736873293600207e-03
4.218816031962499720e-03
3.495226305058999911e-03
4.195872401754200016e-03
3.769954626241499903e-03
3.727093265459500201e-03
3.941368353024500039e-03
3.755587677225600152e-03
3.922828960267300304e-03
3.817153401527900117e-03
3.679077995984800058e-03
3.741873158733300102e-03
3.618237435968699785e-03
4.839810257234500139e-03
3.719959177828299941e-03
4.395073246335800057e-03
3.486806605864800016e-03
3.932433305122599865e-03
4.033375548562799853e-03
3.967013760648800159e-03
4.070530281790100090e-03
4.133216537251600299e-03
3.974884750629699599e-03
3.644749986458899887e-03
3.866559381347400154e-03
3.592428902910700141e-03
4.295226903074099954e-03
4.008817990623200246e-03
3.924302757806599762e-03
4.397070710844800008e-03
3.852779137935600194e-03
4.086901391805100071e-03
4.050211286587899855e-03
3.392408039085600176e-03
3.850290422915000031e-03
3.652739687590300134e-03
3.711529409572999951e-03
3.730992690719399894e-03
4.727889809032899578e-03
3.488551422462999804e-03
3.324501067235400079e-03
3.594558331793899948e-03
3.552942530675399797e-03
3.459371333633999915e-03
3.833759694461100122e-03
3.731063911123099885e-03
3.841469281281400215e-03
3.914794168456700064e-03
3.637014974837099977e-03
3.904638347794800110e-03
4.362438885059900101e-03
4.638930045169200288e-03
4.177550592752800329e-03
3.789169657356900034e-03
3.469435671699500155e-03
3.701415107789499982e-03
3.570867551789099793e-03
3.695745762991599868e-03
3.718794839288999936e-03
3.929994071892000188e-03
4.109493785365199610e-03
4.163522540316100251e-03
4.191353805456900054e-03
3.850151271334399834e-03
3.864881489983099799e-03
3.952914032912899917e-03
4.277297785493500322e-03
3.268972963833599935e-03
3.828988703462200133e-03
3.643087436939999955e-03
4.020459483082899736e-03
3.916193677135099832e-03
4.228692815426799909e-03
3.624641269538199980e-03
3.771589524452900050e-03
3.759082063873999801e-03
4.018731476930000046e-03
4.038445639464399717e-03
3.903822564555800047e-03
3.798771893799199849e-03
4.365376558178300261e-03
3.881242902991299815e-03
3.616487186878699842e-03
3.197824178164900086e-03
3.631239402181300063e-03
4.478196338862499952e-03
3.671094096309800159e-03
4.056417326477699571e-03
3.952003015987699819e-03
3.759632963355000104e-03
4.264850721316800278e-03
3.921572126271899959e-03
3.359390490245799978e-03
3.911698498757699982e-03
3.426044999390500095e-03
3.361440914328999927e-03
3.536531124819500098e-03
4.182230016386899972e-03
3.263427211156899859e-03
4.010079294081699691e-03
4.052797061695700108e-03
3.794355489283399944e-03
3.649636245284500115e-03
4.181958185315099580e-03
3.151465838209599815e-03
4.335959394305800157e-03
4.134495147450300417e-03
4.349806279647599680e-03
3.852779137935600194e-03
4.000430374686000240e-03
4.254179971656900199e-03
3.460371544328599835e-03
3.985713146051700351e-03
4.182390474619900045e-03
3.623445480018000053e-03
3.439229475480799943e-03
3.963466035792899585e-03
3.918186763473800391e-03
4.020223229593500314e-03
4.591345680026900390e-03
3.763591186344799992e-03
3.716406096145299844e-03
4.365506328234800351e-03
4.483145397564799670e-03
3.457938755665600217e-03
4.253600506278099914e-03
3.470822811766500083e-03
4.012708993822100383e-03
3.819624952560799966e-03
3.406958303407800048e-03
4.045657842716699620e-03
3.872763431575000116e-03
3.648134637308299809e-03
4.114287506271899729e-03
3.531978952280499968e-03
4.874443218598600164e-03
3.777517104647199961e-03
5.212481828324099994e-03
3.523720938387999834e-03
3.293397309539999960e-03
3.603647132780600070e-03
3.746743919950700115e-03
3.744231560937999817e-03
3.986257843096199620e-03
3.997978933843400300e-03
3.986988842878700333e-03
4.861183716858099614e-03
4.126899386083599831e-03
3.586312855023400092e-03
3.263314369426699967e-03
3.829582585216800145e-03
4.188490657208199762e-03
3.846051457520200181e-03
3.795097105453699906e-03
4.565513242760999880e-03
4.249817649887899923e-03
3.987864252476499595e-03
4.055706235297600049e-03
3.768913702475399936e-03
3.524110489052900176e-03
4.087943369503999579e-03
4.006571444268899884e-03
3.924210694940800243e-03
3.956499821400900029e-03
3.923164409914799838e-03
3.428182071617999829e-03
3.719984428104599911e-03
3.629090969405500064e-03
4.089066646687200025e-03
4.618949188106099939e-03
3.596033776791499829e-03
3.710400747875700154e-03
4.657523619206300168e-03
3.356140363110399899e-03
4.155129770502599684e-03
4.141266466766499801e-03
4.106240992555100326e-03
4.256862179953999764e-03
3.977096180001100240e-03
3.799812080814899979e-03
3.404128397021100212e-03
4.030345236219899825e-03
3.829878969151300112e-03
3.639961330306400004e-03
3.927707250828299870e-03
3.418853202499200043e-03
3.844733848823000087e-03
3.528651349321699875e-03
4.411390974802500281e-03
3.589202099929800216e-03
4.636157447239800007e-03
4.548337726848900031e-03
3.538487191115500044e-03
4.284614469636600399e-03
3.947613599063299825e-03
3.626948976180900067e-03
3.807192008323699844e-03
3.508800410028900009e-03
3.709034409520699845e-03
4.636157447239800007e-03
3.966169982608599813e-03
3.428441166144100168e-03
3.864881489983099799e-03
3.766968736844999825e-03
3.970432445249199790e-03
4.005941703955600251e-03
4.545519430459899965e-03
3.546909728001200121e-03
3.854540806454899871e-03
3.910443396082900411e-03
4.073553128716400108e-03
3.698983854882299804e-03
4.170527734033899897e-03
4.247130301617999676e-03
3.728470890294499802e-03
3.798435715549599787e-03
3.999428033101500024e-03
3.518680362073000212e-03
3.425951515270900163e-03
3.861625621527700006e-03
3.991180988693199781e-03
3.616492974128100030e-03
4.001238184861899937e-03
3.646966674590699890e-03
3.616659545607199978e-03
3.687941767880900060e-03
4.978928466432000315e-03
4.851272795452599845e-03
4.357840776713300425e-03
4.680926072223199827e-03
3.582164609711500133e-03
3.771712783347500129e-03
3.493854832757600087e-03
3.735142121776000197e-03
3.798030714288499858e-03
3.330019836670200170e-03
3.817525137473300103e-03
3.855744809923099866e-03
4.215840346922000020e-03
3.790877661225699850e-03
3.320788910572099791e-03
4.413866807245299916e-03
3.589249251930199877e-03
5.002379535295299780e-03
4.091239479944299567e-03
4.159004804154800040e-03
4.524102074165499594e-03
4.056982001530099607e-03
3.676840413365599792e-03
4.096112356262999847e-03
3.558059925077899834e-03
4.397070710844800008e-03
4.215840346922000020e-03
4.049039979006299576e-03
3.309290957390099812e-03
3.644794638181899932e-03
3.924238338367700210e-03
3.722901334844399852e-03
3.972180420042799656e-03
4.115665483765100149e-03
4.009380482284200312e-03
3.833306627273300009e-03
3.894450936083899886e-03
4.056924689383499885e-03
4.353391447120699698e-03
3.685654632110999841e-03
3.399929616847000013e-03
3.724240994886299835e-03
4.126055562000899811e-03
3.629090969405500064e-03
3.588486408447900174e-03
3.934814523647500381e-03
3.743632582035699794e-03
4.103306757696800408e-03
3.887519524355299936e-03
3.713447338384100183e-03
3.835324160764899855e-03
3.924423646066699939e-03
3.521988108081099828e-03
4.496375695101200061e-03
4.332259307551099801e-03
3.791510434883199870e-03
5.275761275939799995e-03
4.396863247849900312e-03
3.418639750632300033e-03
3.766043642243400123e-03
3.642376579584799979e-03
3.953381776744999652e-03
3.481202200330700026e-03
3.780383089351599911e-03
4.071367136796000090e-03
4.056982001530099607e-03
4.980449148256600213e-03
4.353391447120699698e-03
4.016985682186599571e-03
3.768060233413699986e-03
3.805948399423499887e-03
3.654946384247400020e-03
3.549725687061499810e-03
3.988851816108699572e-03
3.507041644703500025e-03
4.248655461485799714e-03
3.348982120524399836e-03
3.674850894076599987e-03
4.382692596485099693e-03
3.645394142215600125e-03
3.892578081664000052e-03
3.819219352172699856e-03
3.435975859708300176e-03
3.836474609046599919e-03
3.977206136585799585e-03
4.043437458949699845e-03
4.056714138130600167e-03
3.383563242864799907e-03
3.625872310884100183e-03
3.843557207579599826e-03
3.546521702694900059e-03
3.751994455584199955e-03
3.944227864167399768e-03
4.004291559651899576e-03
3.746471212904100082e-03
3.438103865914499905e-03
4.027915280736800094e-03
3.455694769123200064e-03
3.686432608196100157e-03
3.828622453419300211e-03
4.363447376135400069e-03
3.423013863793200086e-03
3.752594881945499859e-03
3.647102143294599867e-03
3.489798021785500172e-03
3.764038810240399879e-03
3.989049740344199728e-03
3.666865135412299918e-03
3.693766393131499813e-03
3.773246797468599902e-03
3.753523342165100002e-03
1.997018825628500173e-03
4.395052447684499701e-03
3.662173044754900211e-03
3.650273687238300008e-03
3.610638948174599815e-03
3.706673505989100184e-03
3.750010491067200160e-03
3.624878043677999800e-03
3.568600558408900180e-03
3.532566152687700162e-03
3.841102849723099927e-03
4.066435139280799756e-03
3.485868844017699954e-03
4.106520029177600228e-03
3.373342925108299955e-03
3.533644815614099977e-03
4.003258034521999832e-03
4.279372809305699750e-03
3.785390584616500197e-03
3.942208812385100160e-03
3.898856705224299987e-03
4.240118190672199569e-03
2.909960361137799850e-03
4.036381732367699815e-03
3.450019570016899916e-03
4.111672142937499753e-03
1.997018825628500173e-03
3.882334194420800078e-03
3.923959024422100060e-03
3.756597013969699937e-03
3.942018988489099859e-03
4.216236793452099972e-03
3.911613864020000060e-03
3.932565752811600229e-03
4.050970003663800258e-03
3.699710280143700056e-03
3.917521007342400323e-03
4.155158327763399696e-03
3.665564518477099857e-03
3.573871034333400004e-03
3.999133211450600286e-03
4.005986108735399599e-03
3.999057445276800113e-03
3.780939261581399858e-03
3.848495465093500125e-03
3.386310299979199915e-03
4.711084835561299769e-03
3.277144964401000095e-03
3.601647727459500112e-03
3.579324180995900172e-03
4.022803423773199834e-03
3.634044159913299953e-03
4.351960260390299803e-03
3.556173500444900076e-03
4.263403945275599793e-03
3.944227864167399768e-03
3.848384014559799813e-03
4.518646012653299709e-03
3.690642740188699884e-03
3.940682735773399711e-03
4.334452390656100274e-03
3.755512400704999910e-03
3.503647685191799924e-03
3.835324160764899855e-03
3.673870403969999900e-03
3.490622310673899883e-03
3.974984702732799885e-03
5.307426643809699633e-03
3.680569885631400102e-03
3.530716122060900165e-03
4.263841603912400108e-03
4.199958075941799887e-03
4.003269199975499973e-03
3.745448965031599950e-03
4.104486871907299904e-03
4.035303856686000418e-03
3.910412649659899924e-03
3.517306525744699937e-03
4.458481054010999915e-03
4.341329541056300131e-03
3.703996892700399911e-03
4.284614469636600399e-03
3.836558890760300052e-03
3.872821003854799975e-03
4.657353221044400159e-03
4.149337860829000434e-03
3.541080047860500121e-03
3.595729723611699839e-03
3.777853385289000211e-03
3.812600348594900098e-03
3.450797087825500150e-03
3.564436122710899855e-03
3.239401929402800206e-03
4.310125726740800071e-03
3.696024092831499876e-03
4.720865953606499625e-03
3.722595621851699892e-03
4.207828498697200117e-03
4.766867398369700227e-03
3.289451604109800038e-03
3.463389868062200123e-03
3.562187513951800034e-03
3.297779074175400012e-03
4.040973134815600311e-03
4.063034965960700406e-03
3.717022373890500105e-03
3.411031600772800130e-03
3.461162797930900006e-03
4.011028552427399647e-03
3.453437189843800142e-03
3.552490114292700032e-03
3.641425011905099953e-03
3.324127851811100025e-03
3.964758130564099980e-03
3.493734426380499993e-03
4.033747115500200403e-03
4.053463147125999956e-03
4.386015383302999636e-03
3.951489347160400123e-03
4.531518992322100363e-03
3.492472178869400132e-03
3.560771992483700160e-03
4.558009234600000036e-03
3.554431072499900004e-03
3.373146024759800157e-03
3.778467477415200018e-03
3.812686512437399831e-03
4.046347369852799913e-03
3.761224515404300046e-03
3.843557207579599826e-03
3.411031600772800130e-03
3.983158020836300231e-03
4.075174960872499606e-03
3.696311335288899810e-03
3.955279940742600052e-03
3.804903184800700021e-03
3.630990170934799907e-03
3.730590709977299815e-03
3.465344668704000135e-03
4.932399378562200322e-03
3.771668658732799800e-03
3.638052177348500161e-03
3.727352324303899889e-03
3.828844822691800185e-03
3.521988108081099828e-03
3.846699440228000186e-03
3.793371177035999818e-03
3.896234987513199841e-03
3.709850896825699854e-03
3.901413164509500049e-03
3.922161216365700059e-03
3.280014163746099946e-03
4.125056860153300357e-03
3.592596959330600186e-03
3.752620379770799791e-03
3.590923314090800015e-03
4.132278405571600255e-03
3.598357771776999892e-03
4.255462263593899966e-03
3.794512040059900160e-03
4.156696323876700287e-03
3.708486421253300025e-03
3.569080301435100053e-03
3.873709443708800090e-03
3.997721049907400348e-03
3.345861254878000103e-03
3.589251215537700001e-03
3.997556056326500087e-03
3.395145107058599853e-03
3.806791810204099898e-03
4.459276754387999850e-03
3.458228978374799836e-03
4.055861157668899653e-03
3.839980670155799993e-03
3.693392896217700082e-03
3.942870761286200107e-03
4.014498678000999986e-03
3.863364955905900216e-03
3.954172941567499905e-03
3.769954626241499903e-03
4.239763904318700344e-03
3.491527530602900071e-03
3.626659081649599801e-03
3.655637501749299870e-03
4.086901391805100071e-03
4.487995076453200373e-03
3.502599678042899942e-03
3.576594339653600164e-03
4.267882017442099600e-03
3.902944670998600204e-03
4.240546311542099829e-03
3.499517582462799946e-03
3.925950500121300375e-03
3.231480233030100107e-03
3.974769515593900432e-03
3.550418578512500121e-03
4.098667675981999825e-03
3.536614707000299875e-03
3.494522192085999790e-03
4.253923021625700095e-03
4.071660916015899800e-03
3.757041036177200151e-03
4.000410911388700003e-03
4.164967117461199943e-03
3.515339187151200057e-03
4.138439828452999611e-03
3.718474883015600134e-03
3.442478730616700070e-03
3.949780455191400155e-03
4.250356301888300221e-03
3.981931933655399707e-03
3.081168355506599867e-03
3.947613599063299825e-03
3.619236385950699852e-03
4.693076672005300383e-03
3.554705159312499842e-03
3.678889867169000093e-03
4.410766555474300230e-03
3.724198199386799784e-03
3.685413955243300056e-03
3.485799156401999787e-03
5.172891925220899668e-03
3.659179141246100136e-03
3.696227330358400204e-03
4.341121067329099630e-03
4.380663173685299568e-03
3.875336730777599950e-03
3.673438290369400189e-03
3.779184297442800093e-03
3.512052868757799956e-03
4.112032060125599651e-03
3.397028005349099922e-03
4.122798511261300224e-03
3.976397706039899727e-03
3.883892082569799856e-03
3.712034611393300043e-03
3.768060233413699986e-03
3.272233078871600049e-03
3.426446980890199886e-03
4.399031851473300149e-03
3.875163440694399854e-03
3.711217420184999803e-03
4.007954719290099908e-03
3.918861598516299935e-03
3.430044473989799815e-03
3.980795048519199589e-03
3.783707518717000211e-03
3.819594166120300182e-03
3.849566585692599900e-03
3.661679049788799968e-03
3.708002727868699947e-03
4.540895762479699692e-03
4.489032436252499841e-03
3.769349663917199826e-03
3.793015253911200067e-03
4.189931657331199925e-03
3.851951088746900179e-03
3.152004910323599838e-03
3.668576996041199821e-03
4.243420511480600413e-03
3.792118398914700022e-03
3.679457146785300187e-03
4.201405231114999604e-03
3.802030537922899880e-03
4.025969769811800145e-03
4.263891408362199646e-03
3.662872220769300153e-03
3.708119648860499790e-03
3.455614093481399786e-03
3.889336003231600065e-03
3.500240638483800067e-03
3.614025055576600056e-03
3.745037792868099839e-03
4.046363483017899852e-03
4.056185761583899589e-03
3.848408522565999797e-03
3.430039343659400160e-03
3.986988842878700333e-03
3.539214773430400182e-03
4.100406523757899914e-03
3.433151079049700117e-03
3.500279231173499851e-03
4.479837632641799593e-03
3.771156573510600022e-03
4.151134151258699910e-03
3.706670306251799978e-03
3.475708674951799842e-03
4.048758500090000184e-03
4.448734917201599588e-03
3.571148861501100176e-03
3.916519874003400285e-03
3.835921142513700009e-03
3.393927462095199920e-03
3.845945453316300215e-03
3.896811016596299880e-03
3.665312831820500064e-03
4.403840132623799974e-03
3.969479661531800409e-03
4.059814263035499762e-03
3.376063194364300156e-03
3.962876947008199882e-03
3.506089947096799851e-03
3.262783953008599989e-03
3.651981916553000054e-03
4.770873801188900074e-03
4.131011642199600327e-03
4.437799097909800143e-03
3.712167102975499813e-03
3.671850908456100217e-03
3.527955623694799953e-03
3.533644815614099977e-03
3.587212263121800169e-03
4.125103960121200182e-03
3.453079942412199885e-03
4.029875623094299718e-03
4.395255610329399688e-03
3.781072148102499787e-03
3.856432345976899823e-03
3.844936395713199808e-03
3.659194133225099951e-03
3.878670288185500064e-03
4.140271043312799583e-03
4.071660916015899800e-03
3.410932071624499934e-03
4.132832496173200094e-03
3.507151046103699869e-03
3.747985452095599791e-03
4.277655076796899568e-03
3.504747162478000135e-03
3.454280440019099827e-03
3.252247287944800159e-03
3.889592251132899942e-03
3.472674458901499946e-03
3.926110905622899605e-03
4.757747262848399834e-03
3.878072567068899853e-03
3.726648593384199789e-03
4.177565767558799777e-03
4.118540833199800348e-03
3.730529927498899955e-03
3.933576917978700259e-03
3.538782715538600025e-03
3.369854653086500063e-03
4.328678055378500263e-03
4.247663426451900315e-03
4.407569606343000185e-03
4.099755982077200010e-03
4.013019460140000369e-03
3.380660333689900106e-03
3.992450519458900192e-03
3.402686610134399853e-03
3.898614786878200084e-03
3.954187242814599657e-03
3.856602656996499946e-03
3.681708912067200093e-03
3.989460437248300295e-03
4.495116541177700265e-03
3.846051457520200181e-03
4.258812218958600224e-03
3.195406085596600148e-03
4.482676092620600100e-03
3.713378467240100161e-03
3.438026529064999986e-03
3.460475424429199868e-03
3.600548520602700128e-03
3.822498939812399906e-03
3.568600558408900180e-03
3.581312110981000121e-03
3.761324354944600105e-03
4.380300794868900033e-03
3.507052801141899868e-03
4.068980820794000294e-03
4.162095836370199864e-03
3.142385006395599905e-03
3.641466055638200097e-03
3.368355548972000197e-03
3.692896490489800017e-03
3.778648730915100049e-03
3.779198902520099993e-03
3.381922405254300049e-03
4.066478045445100047e-03
4.759637539163199919e-03
4.305235882081899848e-03
3.612837868687400044e-03
3.779889614861399894e-03
4.034225016358100428e-03
3.309290957390099812e-03
3.769035755172000027e-03
3.601810628461799956e-03
3.817231771836699945e-03
3.588478786675299969e-03
4.085372870926699991e-03
3.665290170485900004e-03
3.742736440334200072e-03
3.943776507015900150e-03
3.956617814001499832e-03
4.037593815806399776e-03
3.419833484679200147e-03
3.528916887463999855e-03
4.007146002395199982e-03
3.731652416120499836e-03
2.937624278992299973e-03
3.587384793459200139e-03
4.113175315651700255e-03
3.886612709123399984e-03
3.440210644799099934e-03
3.896795258268899963e-03
3.724180827154699881e-03
3.717022373890500105e-03
3.525966464941800074e-03
3.830173865134200040e-03
3.675123726245399947e-03
3.798456821502200001e-03
3.638781611760500117e-03
4.509398834848899612e-03
3.970202435751599666e-03
4.073285943283699688e-03
3.847669124804599990e-03
4.766867398369700227e-03
3.230183157485000053e-03
3.971491306530999972e-03
3.867487807830799831e-03
3.949006832039999963e-03
3.968835348109199870e-03
4.136748708965100156e-03
4.018477471410999979e-03
4.509398834848899612e-03
3.656329370423100009e-03
4.417606901080500283e-03
3.520863595250100023e-03
3.412313497250599788e-03
3.837752640000699836e-03
3.580363156905699840e-03
3.645066247246800048e-03
4.000795681547500426e-03
3.946010463950999810e-03
3.763465206426900005e-03
3.619562878826000033e-03
3.413340464511499962e-03
4.137881011202999837e-03
4.286594453979999768e-03
3.709093473960200192e-03
3.807192008323699844e-03
3.755380622040400095e-03
3.853656465535999949e-03
3.700163790585000046e-03
3.908332658677699661e-03
4.087633099898099580e-03
3.540683852940700038e-03
3.952999946883400256e-03
4.065881036304399947e-03
3.792094439793899843e-03
3.717077953490500151e-03
3.928120925404000180e-03
3.912396352761199868e-03
3.632861444944499897e-03
3.223773283473600152e-03
3.871200472665699971e-03
3.422895905222099987e-03
4.275987621679499737e-03
3.643478725791700085e-03
4.226570926930400297e-03
4.283883224895600021e-03
4.226941068642399608e-03
3.817403105548000056e-03
4.100689146582400108e-03
4.745632449766399967e-03
3.887137579551599997e-03
3.581687332762299985e-03
4.099976819910799812e-03
4.304349542918800044e-03
3.716135706125299910e-03
4.256862179953999764e-03
4.034994511568500315e-03
3.994942399550400168e-03
3.947782641317399734e-03
4.084005789845799803e-03
3.546580627360199946e-03
3.919569537286699858e-03
3.662601686204199937e-03
4.424886733341300282e-03
3.908151005902599923e-03
3.926358418938700155e-03
4.083161209790200051e-03
4.025227221110899700e-03
4.218816031962499720e-03
4.407569606343000185e-03
4.330961003581700400e-03
3.611584801224000055e-03
3.958937742111400156e-03
3.414895682623500083e-03
4.665800947187000169e-03
3.774831383298400157e-03
3.554605461309499892e-03
3.696739204406399894e-03
3.864129682310000168e-03
4.632741523295899784e-03
3.391584586776400043e-03
3.784341572625899916e-03
3.767579333965700213e-03
4.031369727752199573e-03
3.767478081442599946e-03
4.022047967847899863e-03
3.644086923500399790e-03
4.211404121222299748e-03
3.704223220933599951e-03
3.471753758025700101e-03
3.395259729098200081e-03
3.360010030984999802e-03
3.628600057746299984e-03
3.922350449262299900e-03
3.809692928363500163e-03
3.678467071922399828e-03
3.631073129288600078e-03
3.977443407729200006e-03
3.718867600820899809e-03
3.767954414280899958e-03
3.444910370744600197e-03
4.016142026466699815e-03
3.342140297537099947e-03
3.768673938114200199e-03
4.023085231178100130e-03
3.879979069887999881e-03
4.179593538881700224e-03
4.146283410499900304e-03
3.637841592484300068e-03
4.059662219369999936e-03
3.837345734974900203e-03
3.477122863618500089e-03
4.027212102921400201e-03
3.658501950787700074e-03
3.838069550897100016e-03
3.657071290527599827e-03
3.861064582766899830e-03
4.168821103777299759e-03
3.492472178869400132e-03
3.449888729525799926e-03
4.338788307558800149e-03
3.147361604561000215e-03
4.398522770576699867e-03
3.492243147070700146e-03
4.026759578149599790e-03
3.616095078833900071e-03
4.058767550360499812e-03
3.878403697805900188e-03
3.867486684291100187e-03
4.277508316428000300e-03
3.713415476187400133e-03
3.998084852223700303e-03
3.413478828251899962e-03
3.577777378284899799e-03
3.561970355600599988e-03
3.473477770998700202e-03
3.984665681866299616e-03
3.723244414254500180e-03
3.706823118607600019e-03
3.421723879086499987e-03
4.182230016386899972e-03
3.591229187714200122e-03
3.554521646079400205e-03
3.933352196384800117e-03
3.767396025531799877e-03
3.777785863731899889e-03
3.538566292202699904e-03
3.971268755879900358e-03
4.528116378650399662e-03
4.335959394305800157e-03
3.660733311197600023e-03
4.699119329769700128e-03
3.552097540076500169e-03
4.277486334386899729e-03
4.274363712758699925e-03
4.045766601239999746e-03
3.516924700336199888e-03
3.721825273958599949e-03
3.890583453324699802e-03
4.017797053136699936e-03
3.938126968084499843e-03
3.448302778965399874e-03
3.533558476503100010e-03
4.390902706358400069e-03
3.870796123252600099e-03
5.172891925220899668e-03
4.328772444576300081e-03
4.129954680338000263e-03
3.570274984916699864e-03
3.397627014485400145e-03
4.241899295532799985e-03
3.646966674590699890e-03
4.110460052247300045e-03
4.084189004545099762e-03
3.773896447050199918e-03
3.510861158891499887e-03
3.865249586285599784e-03
4.049900663808199755e-03
3.885960633050800084e-03
3.948543225848900017e-03
3.802763789092999946e-03
3.534040142409699929e-03
3.541638108500899836e-03
3.470535966417500132e-03
3.398325899732599839e-03
3.486835472132999991e-03
3.615720054588799845e-03
4.029626103715600038e-03
4.212274329558900361e-03
3.744231560937999817e-03
4.032515263742499599e-03
3.766662995696200018e-03
4.001427030602700170e-03
3.799789060444399950e-03
4.028510446398399919e-03
4.137204293501500242e-03
4.110659059813799761e-03
3.301190836508800016e-03
3.381406763289000143e-03
4.172608121114000299e-03
4.208458924167900184e-03
4.242812055249399993e-03
3.823843649538000156e-03
3.717517638241800166e-03
3.633625701088699818e-03
4.199838589050100372e-03
3.435155357106099965e-03
4.017218848989700074e-03
3.624340399572400107e-03
4.275987621679499737e-03
4.353241747477899770e-03
3.535931111420499966e-03
4.256076776323099685e-03
4.472632738778800111e-03
3.769617021157399897e-03
4.642539069853499935e-03
3.598357771776999892e-03
4.872815066070099871e-03
3.734726788670200172e-03
4.468399489340700408e-03
3.440216086301500081e-03
4.248655461485799714e-03
3.174988408246800196e-03
5.048156680258099674e-03
3.207794600676000182e-03
3.604505430392799994e-03
3.515788538315600155e-03
4.125633017943199955e-03
3.409071206490099822e-03
3.615359883179499866e-03
4.268775514074499809e-03
3.641903069079000053e-03
3.669593776922899786e-03
3.607754004003899985e-03
3.348982120524399836e-03
3.715878984409400065e-03
4.485352924572599646e-03
3.798157904734499914e-03
3.981320160571200431e-03
3.787317857595499937e-03
3.629618913172099823e-03
3.885578402590900062e-03
3.828241302414399968e-03
4.585477993183499981e-03
4.046363483017899852e-03
3.531595703600500132e-03
3.867684095912799977e-03
4.037162242442600239e-03
3.922594271348400080e-03
3.713950233156900187e-03
4.128864780565799815e-03
4.280933256696199674e-03
3.959042700616100148e-03
3.979711052493500358e-03
4.086876060898699849e-03
4.118433784724599873e-03
3.879712022083899817e-03
3.684884970141800043e-03
4.132832496173200094e-03
4.339253417281099812e-03
4.167374907145800049e-03
3.989518468384700006e-03
3.735142121776000197e-03
4.128821435314800233e-03
3.976002487209099635e-03
4.360453735315900428e-03
4.035026310021600122e-03
4.305235882081899848e-03
3.511237222679999825e-03
3.772900252043600005e-03
3.800803643996300031e-03
3.659884121428699962e-03
3.706358749433600122e-03
3.607466846205900201e-03
4.011530381035900011e-03
