3.782562858522964255e-03
3.755182136829809773e-03
4.075547588290422997e-03
4.120735343954749601e-03
4.008626678335008332e-03
4.052506576800114606e-03
3.947829694118843921e-03
4.099803520663058629e-03
3.789633663688175315e-03
4.595491044340638091e-03
3.789633663688175315e-03
3.992097107572949687e-03
3.481684787811598590e-03
3.520047707455943760e-03
3.835999355137776051e-03
3.970800650970162347e-03
4.070548332574733599e-03
3.544589094261860369e-03
3.755182136829809773e-03
3.970800650970162347e-03
3.835999355137776051e-03
3.835999355137776051e-03
3.947829694118843921e-03
4.148330248876474537e-03
4.070548332574733599e-03
3.617030736593479599e-03
3.885908039879118221e-03
3.861526765205991127e-03
4.058233927564250734e-03
4.099803520663058629e-03
3.789633663688175315e-03
4.142827375589006045e-03
3.735481921567726342e-03
3.835999355137776051e-03
4.008626678335008332e-03
3.871511646340919377e-03
3.789633663688175315e-03
4.510154572860997080e-03
3.735481921567726342e-03
3.923448419445716394e-03
3.668347417079560312e-03
3.949541914271257649e-03
3.735481921567726342e-03
3.871511646340919377e-03
3.966922685369699692e-03
4.320538966660463116e-03
3.568135210901909275e-03
3.861526765205991127e-03
4.037881866423333362e-03
3.817103791069535040e-03
3.575807941604362480e-03
3.637729595844088181e-03
3.622221091575383248e-03
3.789633663688175315e-03
3.908878996730436213e-03
3.861526765205991127e-03
3.727712009448449614e-03
4.070548332574733599e-03
4.132103055622854230e-03
4.058233927564250734e-03
3.982461873695105486e-03
4.114428231039839873e-03
3.966922685369699692e-03
3.598355931068432552e-03
3.835999355137776051e-03
3.947829694118843921e-03
3.871511646340919377e-03
3.789633663688175315e-03
4.167235250881047744e-03
4.037881866423333362e-03
3.598266672153812781e-03
4.533569390100911957e-03
3.581969361695669461e-03
3.647407017442353197e-03
3.947829694118843921e-03
3.575807941604362480e-03
3.817103791069535040e-03
3.557117661113873980e-03
3.735481921567726342e-03
4.098459738205719252e-03
3.727712009448449614e-03
4.160381392445445387e-03
3.679929882065076548e-03
4.132103055622854230e-03
3.484575466313669274e-03
3.520047707455943760e-03
3.861526765205991127e-03
3.555109082353753898e-03
3.789633663688175315e-03
3.982461873695105486e-03
3.949541914271257649e-03
3.947829694118843921e-03
4.452357510499713351e-03
3.598266672153812781e-03
4.244697421759739513e-03
3.844484512762689956e-03
3.598355931068432552e-03
4.142827375589006045e-03
3.598266672153812781e-03
4.524380162817087658e-03
3.982461873695105486e-03
3.970800650970162347e-03
3.982461873695105486e-03
3.817103791069535040e-03
3.536434276828707285e-03
3.871511646340919377e-03
3.861526765205991127e-03
3.536434276828707285e-03
3.908878996730436213e-03
3.575807941604362480e-03
4.019557882803602780e-03
3.835999355137776051e-03
3.885908039879118221e-03
4.011463568510982916e-03
4.029258680807361846e-03
4.011463568510982916e-03
4.167640133647643533e-03
4.058233927564250734e-03
3.930175453333224420e-03
3.789633663688175315e-03
3.727712009448449614e-03
3.947829694118843921e-03
3.727712009448449614e-03
4.121441857200008017e-03
4.160381392445445387e-03
4.044383527934830753e-03
3.622221091575383248e-03
4.452357510499713351e-03
3.789633663688175315e-03
3.885908039879118221e-03
3.835999355137776051e-03
4.132103055622854230e-03
4.058233927564250734e-03
3.660188326393538048e-03
3.923448419445716394e-03
4.019557882803602780e-03
3.885908039879118221e-03
4.052506576800114606e-03
3.809589992101194110e-03
3.949541914271257649e-03
4.098459738205719252e-03
4.081479537043328915e-03
3.844484512762689956e-03
3.996312273324524600e-03
3.923448419445716394e-03
3.885908039879118221e-03
3.930175453333224420e-03
3.700416658805607498e-03
3.789633663688175315e-03
3.947829694118843921e-03
3.923448419445716394e-03
3.817103791069535040e-03
4.199272609661654047e-03
3.735481921567726342e-03
3.844484512762689956e-03
4.045580233728567759e-03
3.727712009448449614e-03
3.844484512762689956e-03
3.647407017442353197e-03
3.555109082353753898e-03
3.817103791069535040e-03
4.121441857200008017e-03
3.622221091575383248e-03
3.885908039879118221e-03
3.861526765205991127e-03
3.897921009377501751e-03
3.637729595844088181e-03
3.673560267328000641e-03
3.966922685369699692e-03
3.835999355137776051e-03
4.572076227100722347e-03
3.908878996730436213e-03
3.970800650970162347e-03
3.700416658805607498e-03
3.923448419445716394e-03
4.160381392445445387e-03
3.555109082353753898e-03
3.555109082353753898e-03
4.121441857200008017e-03
4.080905721349280778e-03
4.174845025853459943e-03
4.011463568510982916e-03
3.992097107572949687e-03
3.966922685369699692e-03
3.897921009377501751e-03
3.789633663688175315e-03
3.835999355137776051e-03
3.673560267328000641e-03
3.992097107572949687e-03
3.970800650970162347e-03
3.871511646340919377e-03
3.755182136829809773e-03
3.947829694118843921e-03
3.966922685369699692e-03
3.908878996730436213e-03
3.709328671682078464e-03
3.789633663688175315e-03
3.885908039879118221e-03
4.360159055207566553e-03
3.684142745815108949e-03
3.625303820466583855e-03
4.578970088571068797e-03
3.789633663688175315e-03
3.844484512762689956e-03
4.360159055207566553e-03
4.141816136522336392e-03
3.709328671682078464e-03
3.735481921567726342e-03
3.700416658805607498e-03
3.727712009448449614e-03
3.861526765205991127e-03
3.809589992101194110e-03
3.700416658805607498e-03
3.762338313045333199e-03
3.660188326393538048e-03
3.581969361695669461e-03
3.861526765205991127e-03
3.782562858522964255e-03
4.183363511439733284e-03
3.581969361695669461e-03
3.637729595844088181e-03
3.996312273324524600e-03
3.947829694118843921e-03
4.215899172652217558e-03
3.543606442051324291e-03
3.789633663688175315e-03
3.789633663688175315e-03
3.835999355137776051e-03
3.861526765205991127e-03
3.536434276828707285e-03
3.809589992101194110e-03
3.835999355137776051e-03
3.970800650970162347e-03
3.844484512762689956e-03
3.700416658805607498e-03
4.011463568510982916e-03
4.019557882803602780e-03
3.871511646340919377e-03
3.782562858522964255e-03
3.755182136829809773e-03
4.121441857200008017e-03
3.762338313045333199e-03
3.762338313045333199e-03
3.930175453333224420e-03
4.524380162817087658e-03
3.835999355137776051e-03
3.908878996730436213e-03
3.727712009448449614e-03
3.947829694118843921e-03
4.091180335047087113e-03
3.835999355137776051e-03
3.835999355137776051e-03
3.673560267328000641e-03
3.966922685369699692e-03
3.885908039879118221e-03
3.520047707455943760e-03
3.835999355137776051e-03
4.019557882803602780e-03
3.709328671682078464e-03
3.789633663688175315e-03
3.947829694118843921e-03
4.255805373290460700e-03
3.844484512762689956e-03
3.735481921567726342e-03
3.871511646340919377e-03
3.684142745815108949e-03
3.835999355137776051e-03
3.949541914271257649e-03
3.885908039879118221e-03
3.809589992101194110e-03
3.923448419445716394e-03
4.154130656469604173e-03
3.520047707455943760e-03
3.947829694118843921e-03
3.506213556662183574e-03
3.871511646340919377e-03
3.684142745815108949e-03
4.217018158831390209e-03
4.052506576800114606e-03
4.199272609661654047e-03
3.622221091575383248e-03
3.817103791069535040e-03
4.052506576800114606e-03
3.555109082353753898e-03
3.709328671682078464e-03
3.755182136829809773e-03
3.789633663688175315e-03
3.923448419445716394e-03
3.789633663688175315e-03
4.244697421759739513e-03
3.557117661113873980e-03
3.897921009377501751e-03
3.709328671682078464e-03
3.923448419445716394e-03
3.817103791069535040e-03
3.949541914271257649e-03
3.982461873695105486e-03
3.897921009377501751e-03
3.861526765205991127e-03
4.029258680807361846e-03
3.660188326393538048e-03
3.947829694118843921e-03
4.121441857200008017e-03
3.684142745815108949e-03
3.506213556662183574e-03
3.617030736593479599e-03
3.650469479138843554e-03
3.762338313045333199e-03
3.992097107572949687e-03
3.835999355137776051e-03
3.536434276828707285e-03
4.070548332574733599e-03
3.700416658805607498e-03
3.684142745815108949e-03
3.673560267328000641e-03
3.970800650970162347e-03
3.650469479138843554e-03
3.897921009377501751e-03
