8.570764905955035040e-01
-8.048025856538267853e-01
-1.457279538931617768e+00
6.006402654337010816e-01
3.493251861112118828e-01
-7.963924079060367145e-01
1.157713459400615819e-01
-6.915267870392435290e-01
4.275141773486234587e-01
-1.177266705513329237e+00
-4.579051550167810847e-01
1.572450930256335644e+00
-6.748314148646651356e-01
-4.378033309632961001e-01
1.766582840503044816e-01
-7.926863792238221240e-01
-5.189680360588071195e-02
-6.818996474810031794e-01
1.202589081049034503e+00
-7.653739857467665997e-02
-1.815159181209747841e-01
5.205884953724143616e-01
5.842314705038846867e-01
-2.352216380309796850e+00
-5.656818696795486989e-01
2.423057624312859037e-01
5.845414179594971005e-01
4.245316448638126738e-01
-1.954455486961843791e+00
-2.313669670971676862e+00
-4.710783695784100389e-01
-7.837554076653410196e-01
-4.410654130315099231e-01
1.505220698863422912e+00
-5.755985592195147493e-01
4.859812094447764075e-01
5.697655424897272169e-01
5.780245155003160828e-01
1.006935520740864343e+00
-8.653643846807521633e-01
-7.637573544152291734e-03
-1.946060581121833222e+00
-8.740096789713202030e-01
7.394527197853387190e-02
-1.905606076693975026e-01
1.352079980348322996e-01
8.118258630280453803e-01
7.523947832047676032e-01
-6.523394063703026324e-01
7.193952068790315790e-01
1.068873320555745909e+00
2.693680663537421638e-01
-1.026114735120513100e+00
-8.900050704432439508e-01
-1.692506194120128926e+00
3.614488055421465895e-01
-2.904393687692860548e-01
-5.656818696795486989e-01
3.758463605720547274e-01
1.318373662638076205e+00
-2.344416411199826966e-01
7.177382159771971137e-01
-3.662548581112100576e-01
-1.724482610069519306e-01
6.884354871069410520e-02
6.617808132382371200e-01
1.150224379379266804e+00
7.366808952147789746e-01
-1.548371896218300847e+00
8.599615137402671916e-01
1.616405291365356767e-01
3.076203459520205838e-02
5.057724871238238329e-01
-6.989871598174668410e-02
-9.334837778953973542e-02
-7.059484811936190818e-01
5.848530894557492088e-01
-1.892441646243763209e-01
1.659869174675064341e-01
-1.548100128485296434e+00
9.949340750639323883e-02
-7.375916695925688327e-01
3.011231957769328615e-01
6.562378802122477151e-01
-4.609882412713679489e-01
-1.657273991957966541e-01
9.405059173637742020e-02
2.942997312210856586e-01
-2.148895354946056546e-02
9.386095344265336093e-01
8.511143669146420399e-01
-6.313184577225636543e-03
-1.271861484826608102e+00
-1.469745509410603779e+00
2.364682508471799005e-01
-6.174232740141537557e-01
5.116235387557055425e-01
8.915517855260701729e-01
3.648907735224465876e-01
-3.412185713133982223e-01
9.026423652908379669e-01
-6.608493706940367363e-02
8.753491660727924506e-02
-9.853016028101598822e-01
1.331167930886856698e+00
1.853346331976237493e-01
4.902026389666249706e-01
1.368744896760785590e+00
5.911036568219236731e-01
1.861852081224179889e+00
2.397160006428176726e-01
-3.159643400043894990e-01
5.987001679619039507e-01
-3.373117690747871183e-02
9.784696543281828918e-01
3.778556093747267308e-01
5.920798461490552889e-01
-1.569741799305726548e+00
1.702215972389068854e+00
-1.258124263547029331e+00
-8.672040207391460420e-01
2.732718672717090680e+00
-2.940313169879247290e-01
6.297385986048460449e-01
2.821101284345605142e-01
1.199184134549999614e+00
-6.695245223242570765e-01
-2.496509198521494610e-01
5.766121857078240209e-01
1.431474922811809547e+00
1.690103918967032159e+00
4.121491072360563002e-01
-1.384791747246310933e+00
1.211200043022369943e+00
-5.505971474253746889e-01
4.914328957310961088e-01
-4.310560412492851767e-02
4.976139732775005098e-01
-1.570386204772408867e+00
8.511143669146420399e-01
2.086184752025495470e+00
-2.512229489487393774e+00
-1.229414814704489212e+00
-1.597998200478952524e-01
-1.448182018066845878e-02
-1.382125377779415132e+00
-8.252116662926061164e-01
-3.300419283840410056e-01
1.071653178283156309e-02
7.613147627113950877e-01
1.704559329986846228e+00
-8.380786164875015931e-01
9.558699679173479069e-01
-6.421784947906508320e-03
9.067576916176758317e-01
1.674243228852186016e+00
-1.254704971000995872e+00
6.923269735115032963e-01
-3.278403690719296493e-01
2.222883421897962897e-01
-5.454660893014033896e-01
-2.810565265887212671e-01
6.237716086054085479e-02
-9.125808194737491386e-01
1.402249838270464011e+00
-6.882123399022290755e-01
-2.433839392852991251e-02
4.348192280219385641e-01
-1.564846099131220081e+00
3.004155360642394301e-01
2.355839967933237022e-01
-3.374993644463298442e-02
-1.604345963845384970e+00
6.193669892919430042e-01
-2.199576236101055959e-01
7.581685552483711232e-01
-7.901200624236331960e-01
-6.366804162474248852e-01
1.492872285106197294e+00
-1.204824318603202826e+00
1.079125063553587394e+00
-5.742794455512763019e-01
-8.955774724426781574e-01
-1.343698423018033106e+00
-6.119743502259845647e-01
-1.595040716351305843e-01
7.095347039784700716e-01
-7.251138217597421498e-01
6.438238382619747568e-01
1.572203771387329085e-01
4.066311923337245782e-01
9.639287922054772251e-01
3.382288663231929338e-01
1.032509511256604506e+00
1.472422908774823291e+00
-5.312952337992979945e-01
9.084782714404553428e-01
-9.125808194737491386e-01
-1.791388081078759020e+00
-1.467713456699489605e+00
-7.857980660283921115e-02
-4.900099214949392712e-01
-1.095282345081243447e+00
1.804949616886703856e+00
6.181245610195429396e-01
-1.458125908357276845e+00
-2.651935371387600382e-01
4.894170806395031215e-01
-2.877484029704026613e-01
1.934949287992154127e-02
7.222538152233767272e-01
-4.280907438393679598e-01
1.011145756021626790e-01
1.703184918565304323e-02
-4.050814055462548802e-01
5.910935975514802765e-01
2.165921228761561179e-01
-7.158287721929786074e-02
1.701158847140131103e+00
1.320526182316488217e-01
1.548013856506075037e+00
-1.193868026806107041e+00
7.972520347745990499e-01
1.352894432638542366e+00
1.091445253443293462e+00
-4.576475048798279710e-01
-2.831354668274077002e-01
6.081922066196868704e-01
5.850047091529831933e-01
-8.677445324541029903e-01
4.837068352426107110e-01
-1.668727389770825020e+00
2.531371558129874799e+00
1.724375901778671727e+00
-1.342372101145210106e+00
3.778556093747267308e-01
-2.264883809291295513e+00
-1.243776218825825453e+00
-2.255484496247317783e-01
9.362762115266044516e-01
2.394013380921033995e-01
2.296434284170839391e+00
-4.681911106645056386e-01
6.596221821637171523e-01
-3.940284855984920176e-01
8.237569595195599762e-04
2.632971337573517534e-01
2.882967942897789182e-02
4.372479195218917369e-01
-1.855237097144494252e+00
-8.145743040567989812e-01
-3.385938879868306550e-01
-3.997748744853894531e-01
-2.275576691022656861e-01
-8.821378159705534072e-01
-6.665354082224937970e-01
2.378999757879440846e+00
2.072115260618834498e-01
-2.869004438026017123e-01
-1.572264549562629066e+00
2.003828760379655183e+00
4.299955207825221781e-01
-3.273630192843980380e-01
1.341557500654591450e+00
1.313784633150721914e+00
4.274088746214619317e-01
4.277029133394706362e-01
1.536158594549371204e+00
-1.222605301478555839e+00
-1.189094041980881394e-01
-5.638933828884998833e-01
-7.570660184358889433e-01
5.531459560447936630e-01
-7.770865582032165930e-01
-4.553788282655649167e-01
8.950658887127297403e-01
-5.421206060364878176e-01
-1.309039197579060509e+00
4.488852907248643831e-01
-2.744700362827505735e+00
-2.957679395796168897e-01
7.013933093508755157e-01
-9.122810335368575219e-01
1.072762079142290048e+00
-4.656462467067861155e-01
2.983265179936700484e-01
-7.911070135939288761e-01
1.803029984863156132e+00
9.782582131157366301e-02
-8.678421421122481383e-02
2.580446507012920665e-01
6.235440997165228039e-01
6.584261010663464697e-01
-9.693677278239331008e-01
-6.858175970666770260e-02
-2.644263134667448889e-01
1.054273514163877268e+00
-1.013199932179148721e+00
7.261305852136491490e-01
1.527300672304441775e+00
3.056147939070109398e+00
5.441258016925598628e-01
-1.015034880282970287e+00
8.062885931257204319e-01
4.902505001387154615e-01
1.907598291330816487e+00
4.692442081715020863e-01
3.352658271317169314e-01
9.437095908735191330e-01
-2.853813158850107556e-01
1.056612559509145649e-01
3.277907331106416078e-01
8.343279457878914895e-01
-1.343067478777439705e+00
1.509312335831358709e-01
6.885512721204205544e-01
-9.517718826431721402e-01
3.466290166835255704e+00
