2.764275790959536648e-03
2.808877894156819755e-03
2.817175490429696307e-03
2.767479074986785650e-03
2.819954602252752393e-03
2.813656473578804093e-03
2.811871904146179008e-03
2.806678575589258498e-03
2.764697994312771863e-03
2.820699435501178385e-03
2.820725273998118954e-03
2.806030307592842846e-03
2.779818190130765171e-03
2.805862433411616171e-03
2.818243595002311534e-03
2.840782739189352552e-03
2.818243595002311534e-03
2.807574185916850672e-03
2.818243595002311534e-03
2.806030307592842846e-03
2.781017258336013383e-03
2.807681796880721805e-03
2.815448426984025303e-03
2.806715051316204749e-03
2.818243595002311534e-03
2.865976923266268239e-03
2.818243595002311534e-03
2.806030307592842846e-03
2.804768198914537637e-03
2.773540451203451891e-03
2.770069942394431592e-03
2.764366895076467243e-03
2.811425272935125664e-03
2.804569616970402964e-03
2.809653704343980339e-03
2.794073185780928618e-03
2.823484477824461224e-03
2.805862433411616171e-03
2.807681796880721805e-03
2.804478512853472803e-03
2.775245705090089582e-03
2.819118676167548399e-03
2.815385347808830024e-03
2.808552649194608845e-03
2.806678575589258498e-03
2.765024851583045007e-03
2.825917244158646265e-03
2.771669182252242854e-03
2.831307883876285885e-03
2.805979230250423007e-03
2.817282111685912634e-03
2.818243595002311534e-03
2.863410770225555037e-03
2.778040873108375379e-03
2.815507484345738075e-03
2.804569616970402964e-03
2.812243891087806702e-03
2.779751880358816672e-03
2.765024851583045007e-03
2.764275790959536648e-03
2.776972768535760153e-03
2.775182625914894303e-03
2.778915954273612245e-03
2.764182296858283192e-03
2.766512329422268594e-03
2.765776508356486852e-03
2.764275790959536648e-03
2.825774201372332085e-03
2.775245705090089582e-03
2.770069942394431592e-03
2.845188560667887782e-03
2.837432501043366060e-03
2.817175490429696307e-03
2.765024851583045007e-03
2.804478512853472803e-03
2.815385347808830024e-03
2.800580017295416398e-03
2.776972768535760153e-03
2.767479074986785650e-03
2.817282111685912634e-03
2.806678575589258498e-03
2.825002778364488383e-03
2.783281755930525504e-03
2.810882426572524923e-03
2.844312245404378992e-03
2.777078389290275895e-03
2.813743173097388046e-03
2.779751880358816672e-03
2.820020912024700892e-03
2.767479074986785650e-03
2.812243891087806702e-03
2.817175490429696307e-03
2.770679704678589202e-03
2.826397491173326861e-03
2.780496713607242230e-03
2.820699435501178385e-03
2.767479074986785650e-03
2.727653106140563808e-03
2.847928835315970478e-03
2.810272664288367313e-03
2.765659711517680017e-03
2.812243891087806702e-03
2.764366895076467243e-03
2.775304762451801920e-03
2.818243595002311534e-03
2.800580017295416398e-03
2.807574185916850672e-03
2.765169797696382954e-03
2.768675172262884034e-03
2.811871904146179008e-03
2.764275790959536648e-03
2.778915954273612245e-03
2.809653704343980339e-03
2.805862433411616171e-03
2.807681796880721805e-03
2.778040873108375379e-03
2.765024851583045007e-03
2.812243891087806702e-03
2.778915954273612245e-03
2.805227573476980728e-03
2.767371464022914517e-03
2.804478512853472803e-03
2.767371464022914517e-03
2.813743173097388046e-03
2.813656473578804093e-03
2.779818190130765171e-03
2.804569616970402964e-03
2.794073185780928618e-03
2.775304762451801920e-03
2.766475853695322777e-03
2.820699435501178385e-03
2.817175490429696307e-03
2.805372519590318674e-03
2.779818190130765171e-03
2.828523354440067462e-03
2.804569616970402964e-03
2.819954602252752393e-03
2.804352718422970826e-03
2.776972768535760153e-03
2.805372519590318674e-03
2.767479074986785650e-03
2.818833528831455812e-03
2.778630806937519657e-03
2.818243595002311534e-03
2.817281111184211616e-03
2.780522552104182799e-03
2.765659711517680017e-03
2.804385018752219346e-03
2.765776508356486852e-03
2.778040873108375379e-03
2.765024851583045007e-03
2.820830584264424033e-03
2.770679704678589202e-03
2.771669182252242854e-03
2.823208048331619317e-03
2.804385018752219346e-03
2.804569616970402964e-03
2.814773999180988397e-03
2.812243891087806702e-03
2.772041169193870547e-03
2.779818190130765171e-03
2.780522552104182799e-03
2.817175490429696307e-03
2.806715051316204749e-03
2.844312245404378992e-03
2.775245705090089582e-03
2.813656473578804093e-03
2.765827585698907125e-03
2.767479074986785650e-03
2.768675172262884034e-03
2.775245705090089582e-03
2.805862433411616171e-03
2.806678575589258498e-03
2.828523354440067462e-03
2.767479074986785650e-03
2.811318150741710931e-03
2.820020912024700892e-03
2.807726113422034323e-03
2.765169797696382954e-03
2.764275790959536648e-03
2.813743173097388046e-03
2.809653704343980339e-03
2.768349927300673124e-03
2.825917244158646265e-03
2.823484477824461224e-03
2.776972768535760153e-03
2.861033306158360188e-03
2.764182296858283192e-03
2.764149996529035105e-03
2.785714522264710544e-03
2.805227573476980728e-03
2.808552649194608845e-03
2.804109523510442837e-03
2.779818190130765171e-03
2.820830584264424033e-03
2.844312245404378992e-03
2.804768198914537637e-03
2.805979230250423007e-03
2.768675172262884034e-03
2.804768198914537637e-03
2.766512329422268594e-03
2.831307883876285885e-03
2.773453751684867939e-03
2.783281755930525504e-03
2.820830584264424033e-03
2.817281111184211616e-03
2.777078389290275895e-03
2.778630806937519657e-03
2.819118676167548399e-03
2.819954602252752393e-03
2.820830584264424033e-03
2.788320632546131307e-03
2.818833528831455812e-03
2.820020912024700892e-03
2.775245705090089582e-03
2.764182296858283192e-03
2.771669182252242854e-03
2.815507484345738075e-03
2.806678575589258498e-03
2.778040873108375379e-03
2.828523354440067462e-03
2.767479074986785650e-03
2.804352718422970826e-03
2.865205500258424538e-03
2.817281111184211616e-03
2.806030307592842846e-03
2.771669182252242854e-03
2.765169797696382954e-03
2.820020912024700892e-03
2.767479074986785650e-03
2.817281111184211616e-03
2.804900716206707584e-03
2.818833528831455812e-03
2.766512329422268594e-03
2.777078389290275895e-03
2.819954602252752393e-03
2.826397491173326861e-03
2.788320632546131307e-03
2.805227573476980728e-03
2.768349927300673124e-03
2.806715051316204749e-03
2.806715051316204749e-03
2.845188560667887782e-03
2.823484477824461224e-03
2.804478512853472803e-03
2.804109523510442837e-03
2.813656473578804093e-03
2.807574185916850672e-03
2.807681796880721805e-03
2.788320632546131307e-03
2.771669182252242854e-03
2.770069942394431592e-03
2.765024851583045007e-03
2.775245705090089582e-03
2.820020912024700892e-03
2.815448426984025303e-03
2.815385347808830024e-03
