6.666033576670398961e-03
7.049656816015558575e-03
6.781329543785472383e-03
2.368328512433432766e-03
6.555436537490717287e-03
2.420202358331516139e-03
6.461821899031700185e-03
6.270117277382790746e-03
2.797365153684768478e-03
6.496813317554563962e-03
6.752806395083349802e-03
1.923393355260161371e-03
6.571623896478162065e-03
6.833203389683555756e-03
6.963040870406122379e-03
7.049656816015558575e-03
6.758672319963908957e-03
2.394474679203641848e-03
6.568416569088991741e-03
6.428065383850218271e-03
6.929691043434263974e-03
6.837763761749359077e-03
6.781329543785472383e-03
2.699280272668634281e-03
6.732560334528980318e-03
6.894970750384483114e-03
2.629224142702909703e-03
6.859401065140641358e-03
6.672056374354472762e-03
7.023544830580630803e-03
6.929691043434263974e-03
7.130640642429293512e-03
2.393883069536437667e-03
6.687049341945626793e-03
6.568416569088991741e-03
6.758672319963908957e-03
6.606794330266956179e-03
2.714814538022723885e-03
2.684867565588088152e-03
6.532518565534947176e-03
2.319559303176940701e-03
6.703514661364548023e-03
6.587028440050287856e-03
6.568416569088991741e-03
6.532518565534947176e-03
2.394815757962683728e-03
6.638706547382613489e-03
6.339415997192660197e-03
6.568416569088991741e-03
6.555983144802986912e-03
6.532518565534947176e-03
7.123795171692674441e-03
6.781329543785472383e-03
6.963040870406122379e-03
6.496813317554563962e-03
6.758672319963908957e-03
2.632920315812077409e-03
6.657325855098487205e-03
6.315809834215306562e-03
6.703514661364548023e-03
2.393883069536437667e-03
6.296043943998637371e-03
6.929691043434263974e-03
6.703514661364548023e-03
6.606794330266956179e-03
2.259055343002433144e-03
6.568416569088991741e-03
6.672056374354472762e-03
2.408295776616983797e-03
6.703514661364548023e-03
6.264998648751336427e-03
6.703514661364548023e-03
6.496813317554563962e-03
2.678012513557008999e-03
6.672056374354472762e-03
6.571623896478162065e-03
6.963040870406122379e-03
6.396064845893977176e-03
2.580596826793955453e-03
7.127815569374763502e-03
7.130213569620423575e-03
6.859401065140641358e-03
2.748229981729122078e-03
6.603986254332833497e-03
7.130640642429293512e-03
2.877278854620020192e-03
7.124187885735206241e-03
6.758672319963908957e-03
2.662048251216223363e-03
6.603986254332833497e-03
6.638706547382613489e-03
6.296043943998637371e-03
7.075049282568262980e-03
2.551551153629523158e-03
6.825626500179871915e-03
6.823503061586597661e-03
7.075049282568262980e-03
2.520092866619447029e-03
6.428065383850218271e-03
2.424762730397319460e-03
6.568416569088991741e-03
7.118500906574523612e-03
2.606708812228883225e-03
6.416897107861309693e-03
2.338381539998797033e-03
6.859401065140641358e-03
6.961101106699353266e-03
2.797365153684768478e-03
6.638706547382613489e-03
6.657325855098487205e-03
2.371869414499199261e-03
6.703514661364548023e-03
6.672056374354472762e-03
7.130213569620423575e-03
6.366341359046836720e-03
6.280639400426512448e-03
6.963040870406122379e-03
2.387028017505359381e-03
5.994438254182019553e-03
6.396064845893977176e-03
6.787797813606214446e-03
7.130640642429293512e-03
6.719049879901867889e-03
6.894970750384483114e-03
6.752806395083349802e-03
6.758672319963908957e-03
6.532518565534947176e-03
6.823503061586597661e-03
7.091013544909048616e-03
6.814684563237940335e-03
6.561101773434441231e-03
6.752806395083349802e-03
2.351187619617231030e-03
7.023544830580630803e-03
6.339415997192660197e-03
6.396064845893977176e-03
6.428065383850218271e-03
6.606794330266956179e-03
7.072314039837122868e-03
2.705499875222483995e-03
6.315809834215306562e-03
6.781329543785472383e-03
2.715747226448969945e-03
6.823503061586597661e-03
6.781329543785472383e-03
6.894970750384483114e-03
6.894970750384483114e-03
6.428065383850218271e-03
6.339415997192660197e-03
2.681239881948530891e-03
6.366341359046836720e-03
6.839656146377643894e-03
6.859401065140641358e-03
6.687049341945626793e-03
6.963040870406122379e-03
7.072111157974704347e-03
6.781126661923053862e-03
6.555983144802986912e-03
6.894970750384483114e-03
6.894970750384483114e-03
6.814684563237940335e-03
7.124187885735206241e-03
2.381134592051866762e-03
6.396064845893977176e-03
7.049656816015558575e-03
6.963040870406122379e-03
6.339415997192660197e-03
6.839229073568773090e-03
6.532518565534947176e-03
7.049656816015558575e-03
7.091013544909048616e-03
6.859401065140641358e-03
6.823503061586597661e-03
6.396064845893977176e-03
6.837763761749359077e-03
6.800571275696915864e-03
6.461821899031700185e-03
6.396064845893977176e-03
6.758672319963908957e-03
6.496813317554563962e-03
2.225705516030573872e-03
2.662853910550848878e-03
2.337103436110030998e-03
7.116610996231521533e-03
2.409844000327402563e-03
2.669333300233998549e-03
2.636553775941992764e-03
2.319559303176940701e-03
7.124187885735206241e-03
6.428065383850218271e-03
6.532518565534947176e-03
6.606794330266956179e-03
6.703514661364548023e-03
6.603986254332833497e-03
6.496813317554563962e-03
7.079501779728668114e-03
2.426228042216733473e-03
6.859401065140641358e-03
6.787797813606214446e-03
2.672119088103517247e-03
2.410502030234558044e-03
6.428065383850218271e-03
6.571623896478162065e-03
6.638706547382613489e-03
2.315724316177233608e-03
6.894970750384483114e-03
6.859401065140641358e-03
6.603986254332833497e-03
6.994499157416198508e-03
6.496813317554563962e-03
6.315809834215306562e-03
6.994499157416198508e-03
7.130640642429293512e-03
6.787797813606214446e-03
6.603986254332833497e-03
6.929691043434263974e-03
2.715747226448969945e-03
6.532518565534947176e-03
6.894970750384483114e-03
6.496813317554563962e-03
7.072314039837122868e-03
2.319559303176940701e-03
6.571623896478162065e-03
6.396064845893977176e-03
6.428065383850218271e-03
6.532518565534947176e-03
6.963040870406122379e-03
6.732560334528980318e-03
6.839656146377643894e-03
6.703514661364548023e-03
6.568416569088991741e-03
6.265804588416008444e-03
6.587028440050287856e-03
6.461821899031700185e-03
6.994499157416198508e-03
6.603986254332833497e-03
2.685800254014334212e-03
6.366341359046836720e-03
6.929691043434263974e-03
6.395550007575425376e-03
6.758672319963908957e-03
2.678012513557008999e-03
6.366341359046836720e-03
2.723831489105978283e-03
6.587028440050287856e-03
6.296043943998637371e-03
6.587028440050287856e-03
2.341935819760426925e-03
6.814684563237940335e-03
2.389198585741519887e-03
6.672056374354472762e-03
2.252353505756979173e-03
6.587028440050287856e-03
6.265804588416008444e-03
6.814684563237940335e-03
6.703514661364548023e-03
6.264998648751336427e-03
2.679333642170318545e-03
6.638706547382613489e-03
6.758672319963908957e-03
6.603986254332833497e-03
2.155415537736952124e-03
6.568416569088991741e-03
6.568416569088991741e-03
6.532518565534947176e-03
6.994499157416198508e-03
6.672056374354472762e-03
2.703609964879481915e-03
6.270117277382790746e-03
6.270117277382790746e-03
6.496813317554563962e-03
7.023544830580630803e-03
6.296043943998637371e-03
2.190985222980793880e-03
2.678554740396526732e-03
6.672056374354472762e-03
6.963040870406122379e-03
6.732560334528980318e-03
2.315724316177233608e-03
6.703514661364548023e-03
6.638706547382613489e-03
6.894970750384483114e-03
6.963040870406122379e-03
2.550039839054082762e-03
2.410502030234558044e-03
2.672119088103517247e-03
2.580886504219615830e-03
2.195758543595938139e-03
6.532518565534947176e-03
6.461821899031700185e-03
6.787797813606214446e-03
6.461821899031700185e-03
6.690338594014032074e-03
6.296043943998637371e-03
6.703514661364548023e-03
6.568416569088991741e-03
2.351187619617231030e-03
6.963040870406122379e-03
6.963040870406122379e-03
2.426655115025604277e-03
2.259055343002433144e-03
6.929691043434263974e-03
6.606794330266956179e-03
6.703514661364548023e-03
2.190985222980793880e-03
6.994499157416198508e-03
2.679333642170318545e-03
7.105669059289590819e-03
6.994499157416198508e-03
6.703514661364548023e-03
6.833203389683555756e-03
2.678012513557008999e-03
2.190985222980793880e-03
6.338546628571956228e-03
6.428065383850218271e-03
2.319559303176940701e-03
6.687049341945626793e-03
6.719049879901867889e-03
