4.635060087591663260e-07
4.559661724134280565e-07
4.559290232172841043e-07
4.588441704239690378e-07
4.766960669262121019e-07
4.583352226436610172e-07
4.555446641003857318e-07
4.570837005299745810e-07
4.658758730380220365e-07
4.554724201285738627e-07
4.557127516080867751e-07
4.634291617699243503e-07
4.568340292114088347e-07
4.564914375292938470e-07
4.557056304910960169e-07
4.559661724134280565e-07
4.558186809659737810e-07
4.594650695610082685e-07
4.554163818713996355e-07
4.556450432360565401e-07
4.556460933029108891e-07
4.567046871888583985e-07
4.559290232172841043e-07
4.586087184857239597e-07
4.557143663455638771e-07
4.556074786312939714e-07
4.614864772496260264e-07
4.555932336138352413e-07
4.555370639394879715e-07
4.558700409963626899e-07
4.556460933029108891e-07
4.570424725658160389e-07
4.608577280900758948e-07
4.559222936171021234e-07
4.554163818713996355e-07
4.558186809659737810e-07
4.563975443036323224e-07
4.580595483358712896e-07
4.604787150737207205e-07
4.554295902149988169e-07
4.590702593763655712e-07
4.556190552222303295e-07
4.566001214437557580e-07
4.554163818713996355e-07
4.554295902149988169e-07
4.610477709019129263e-07
4.554731335732630290e-07
4.560962225658222121e-07
4.554163818713996355e-07
4.574570449598867919e-07
4.554295902149988169e-07
4.581256730977939380e-07
4.559290232172841043e-07
4.557056304910960169e-07
4.554724201285738627e-07
4.558186809659737810e-07
4.614226096855091108e-07
4.560604414807351709e-07
4.562935205117611886e-07
4.556190552222303295e-07
4.608577280900758948e-07
4.565177487311534380e-07
4.556460933029108891e-07
4.556190552222303295e-07
4.563975443036323224e-07
4.592682544728574415e-07
4.554163818713996355e-07
4.555370639394879715e-07
4.588503990967901645e-07
4.556190552222303295e-07
4.574601418321203003e-07
4.556190552222303295e-07
4.554724201285738627e-07
4.585416765417342350e-07
4.555370639394879715e-07
4.568340292114088347e-07
4.557056304910960169e-07
4.557716242984800366e-07
4.617442454011382311e-07
4.577077605141591247e-07
4.573467264637867338e-07
4.555932336138352413e-07
4.634736058865081317e-07
4.554317045847994709e-07
4.570424725658160389e-07
4.695392981244294599e-07
4.565883724695211737e-07
4.558186809659737810e-07
4.607525289559879649e-07
4.554317045847994709e-07
4.554731335732630290e-07
4.565177487311534380e-07
4.625433814486304119e-07
4.618494099964389679e-07
4.563167385943263567e-07
4.556056252727575260e-07
4.625433814486304119e-07
4.619462890681463042e-07
4.556450432360565401e-07
4.582545034395355541e-07
4.554163818713996355e-07
4.585972182311448725e-07
4.616255407042272748e-07
4.661071688533649222e-07
4.617941447195544410e-07
4.555932336138352413e-07
4.764343672279006708e-07
4.658758730380220365e-07
4.554731335732630290e-07
4.560604414807351709e-07
4.612947822624048835e-07
4.556190552222303295e-07
4.555370639394879715e-07
4.573467264637867338e-07
4.559224271455666205e-07
4.567766217961052132e-07
4.557056304910960169e-07
4.587137803776330794e-07
5.454293367914187834e-07
4.557716242984800366e-07
4.556455863613251536e-07
4.570424725658160389e-07
4.558056843589519866e-07
4.556074786312939714e-07
4.557127516080867751e-07
4.558186809659737810e-07
4.554295902149988169e-07
4.556056252727575260e-07
4.561733871546262803e-07
4.561711877735426274e-07
4.571126706702370466e-07
4.557127516080867751e-07
4.615722497958776386e-07
4.558700409963626899e-07
4.560962225658222121e-07
4.557716242984800366e-07
4.556450432360565401e-07
4.563975443036323224e-07
4.560673836390504291e-07
4.583671925972369746e-07
4.562935205117611886e-07
4.559290232172841043e-07
4.580409871987366646e-07
4.556056252727575260e-07
4.559290232172841043e-07
4.556074786312939714e-07
4.556074786312939714e-07
4.556450432360565401e-07
4.560962225658222121e-07
4.608330069592613484e-07
4.559224271455666205e-07
4.569644513567878365e-07
4.555932336138352413e-07
4.559222936171021234e-07
4.557056304910960169e-07
4.630381822273718254e-07
4.628687055168037349e-07
4.574570449598867919e-07
4.556074786312939714e-07
4.556074786312939714e-07
4.561711877735426274e-07
4.565883724695211737e-07
4.601850154433974114e-07
4.557716242984800366e-07
4.559661724134280565e-07
4.557056304910960169e-07
4.560962225658222121e-07
4.572764644085039399e-07
4.554295902149988169e-07
4.559661724134280565e-07
4.561733871546262803e-07
4.555932336138352413e-07
4.556056252727575260e-07
4.557716242984800366e-07
4.567046871888583985e-07
4.607653330658881259e-07
4.555446641003857318e-07
4.557716242984800366e-07
4.558186809659737810e-07
4.554724201285738627e-07
4.593688978739314702e-07
4.613270240073671418e-07
4.617567330901672208e-07
4.564241146962612427e-07
4.617085060150081036e-07
4.606492546020906919e-07
4.613535869482743718e-07
4.590702593763655712e-07
4.565883724695211737e-07
4.556450432360565401e-07
4.554295902149988169e-07
4.563975443036323224e-07
4.556190552222303295e-07
4.554317045847994709e-07
4.554724201285738627e-07
4.620055091683026477e-07
4.582276070641581889e-07
4.555932336138352413e-07
4.556455863613251536e-07
4.599804874783605731e-07
4.596093106809446715e-07
4.556450432360565401e-07
4.568340292114088347e-07
4.554731335732630290e-07
4.619211725930656949e-07
4.556074786312939714e-07
4.555932336138352413e-07
4.554317045847994709e-07
4.557818074943179056e-07
4.554724201285738627e-07
4.562935205117611886e-07
4.557818074943179056e-07
4.570424725658160389e-07
4.556455863613251536e-07
4.554317045847994709e-07
4.556460933029108891e-07
4.580409871987366646e-07
4.554295902149988169e-07
4.556074786312939714e-07
4.554724201285738627e-07
4.560673836390504291e-07
4.590702593763655712e-07
4.568340292114088347e-07
4.557716242984800366e-07
4.556450432360565401e-07
4.554295902149988169e-07
4.557056304910960169e-07
4.557143663455638771e-07
4.569644513567878365e-07
4.556190552222303295e-07
4.554163818713996355e-07
4.579366389004851369e-07
4.566001214437557580e-07
4.555446641003857318e-07
4.557818074943179056e-07
4.554317045847994709e-07
4.606916786389209525e-07
4.559224271455666205e-07
4.556460933029108891e-07
4.887751952112227005e-07
4.558186809659737810e-07
4.585416765417342350e-07
4.559224271455666205e-07
4.625541172179587048e-07
4.566001214437557580e-07
4.565177487311534380e-07
4.566001214437557580e-07
4.615730181046938669e-07
4.561711877735426274e-07
4.613942866609487165e-07
4.555370639394879715e-07
5.177217063654099085e-07
4.566001214437557580e-07
4.579366389004851369e-07
4.561711877735426274e-07
4.556190552222303295e-07
4.574601418321203003e-07
4.629641056554241148e-07
4.554731335732630290e-07
4.558186809659737810e-07
4.554317045847994709e-07
4.595980800118883551e-07
4.554163818713996355e-07
4.554163818713996355e-07
4.554295902149988169e-07
4.557818074943179056e-07
4.555370639394879715e-07
4.582538112633440499e-07
4.570837005299745810e-07
4.570837005299745810e-07
4.554724201285738627e-07
4.558700409963626899e-07
4.565177487311534380e-07
4.594774423362948648e-07
4.595983791530284221e-07
4.555370639394879715e-07
4.557056304910960169e-07
4.557143663455638771e-07
4.619211725930656949e-07
4.556190552222303295e-07
4.554731335732630290e-07
4.556074786312939714e-07
4.557056304910960169e-07
4.591362737103658227e-07
4.596093106809446715e-07
4.599804874783605731e-07
4.677627848913280473e-07
4.623107255333333404e-07
4.554295902149988169e-07
4.555446641003857318e-07
4.556455863613251536e-07
4.555446641003857318e-07
4.714693094870698923e-07
4.565177487311534380e-07
4.556190552222303295e-07
4.554163818713996355e-07
4.615722497958776386e-07
4.557056304910960169e-07
4.557056304910960169e-07
4.582157372526456064e-07
4.592682544728574415e-07
4.556460933029108891e-07
4.563975443036323224e-07
4.556190552222303295e-07
4.594774423362948648e-07
4.557818074943179056e-07
4.629641056554241148e-07
4.562891856240930019e-07
4.557818074943179056e-07
4.556190552222303295e-07
4.564914375292938470e-07
4.585416765417342350e-07
4.594774423362948648e-07
4.619117175326714585e-07
4.556450432360565401e-07
4.590702593763655712e-07
4.559222936171021234e-07
4.558056843589519866e-07
