1.497644699673980471e-07
1.497751218542854468e-07
1.505848753856356957e-07
1.503442618859378124e-07
1.499012389443492010e-07
1.501871356160414312e-07
1.497403684276415251e-07
1.500787328329100599e-07
1.497286317624567224e-07
1.552694521796094560e-07
1.497286317624567224e-07
1.497821874190340555e-07
1.514144153972972090e-07
1.503102455988371424e-07
1.497652224752130146e-07
1.497608019329152651e-07
1.499130775274143176e-07
1.510729141170412901e-07
1.497751218542854468e-07
1.497608019329152651e-07
1.497652224752130146e-07
1.497652224752130146e-07
1.497403684276415251e-07
1.508772810897365715e-07
1.499130775274143176e-07
1.500929367795056267e-07
1.497866031457251421e-07
1.497741591682263775e-07
1.498776975417375501e-07
1.500787328329100599e-07
1.497286317624567224e-07
1.507769164019021123e-07
1.497922507678654918e-07
1.497652224752130146e-07
1.499012389443492010e-07
1.497015893263860847e-07
1.497286317624567224e-07
1.541747382935782496e-07
1.497922507678654918e-07
1.497224905821074049e-07
1.559633156832585275e-07
1.498285286854605320e-07
1.497922507678654918e-07
1.497015893263860847e-07
1.498416912886714920e-07
1.543094779872029426e-07
1.504130743697278321e-07
1.497741591682263775e-07
1.500378240539160360e-07
1.497106033338479765e-07
1.500654654564733941e-07
1.500166889815245134e-07
1.499480398171986697e-07
1.497286317624567224e-07
1.498007664384010435e-07
1.497741591682263775e-07
1.497940108589684697e-07
1.499130775274143176e-07
1.505594645837661943e-07
1.498776975417375501e-07
1.498565629585213718e-07
1.502458155115660231e-07
1.498416912886714920e-07
1.501807430207052777e-07
1.497652224752130146e-07
1.497403684276415251e-07
1.497015893263860847e-07
1.497286317624567224e-07
1.511091134823606131e-07
1.500378240539160360e-07
1.500035205835121335e-07
1.552110566504322498e-07
1.502849376208359041e-07
1.498988434699769958e-07
1.497403684276415251e-07
1.500654654564733941e-07
1.497106033338479765e-07
1.505761398141530994e-07
1.497922507678654918e-07
1.509547600095069327e-07
1.497940108589684697e-07
1.510452196703134862e-07
1.574355994901490969e-07
1.505594645837661943e-07
1.519077046075260941e-07
1.503102455988371424e-07
1.497741591682263775e-07
1.501350748281666825e-07
1.497286317624567224e-07
1.498565629585213718e-07
1.498285286854605320e-07
1.497403684276415251e-07
1.545186821218532532e-07
1.500035205835121335e-07
1.516083726549917477e-07
1.497017788906469266e-07
1.501807430207052777e-07
1.507769164019021123e-07
1.500035205835121335e-07
1.538780541186653526e-07
1.498565629585213718e-07
1.497608019329152651e-07
1.498565629585213718e-07
1.497106033338479765e-07
1.502150669385870709e-07
1.497015893263860847e-07
1.497741591682263775e-07
1.502150669385870709e-07
1.498007664384010435e-07
1.500654654564733941e-07
1.499357724792157921e-07
1.497652224752130146e-07
1.497866031457251421e-07
1.498035065872703265e-07
1.499809377014322531e-07
1.498035065872703265e-07
1.514236558833293007e-07
1.498776975417375501e-07
1.498150714719694991e-07
1.497286317624567224e-07
1.497940108589684697e-07
1.497403684276415251e-07
1.497940108589684697e-07
1.511252070241627876e-07
1.510452196703134862e-07
1.498491915133872636e-07
1.499480398171986697e-07
1.545186821218532532e-07
1.497286317624567224e-07
1.497866031457251421e-07
1.497652224752130146e-07
1.505594645837661943e-07
1.498776975417375501e-07
1.499492552821569054e-07
1.497224905821074049e-07
1.499357724792157921e-07
1.497866031457251421e-07
1.501871356160414312e-07
1.497615121964487429e-07
1.498285286854605320e-07
1.509547600095069327e-07
1.499574196028072579e-07
1.497017788906469266e-07
1.498755826468145589e-07
1.497224905821074049e-07
1.497866031457251421e-07
1.498150714719694991e-07
1.498212000036242550e-07
1.497286317624567224e-07
1.497403684276415251e-07
1.497224905821074049e-07
1.497106033338479765e-07
1.518650296316288321e-07
1.497922507678654918e-07
1.497017788906469266e-07
1.501067365297927485e-07
1.497940108589684697e-07
1.497017788906469266e-07
1.498988434699769958e-07
1.501350748281666825e-07
1.497106033338479765e-07
1.511252070241627876e-07
1.499480398171986697e-07
1.497866031457251421e-07
1.497741591682263775e-07
1.497089824702310768e-07
1.500166889815245134e-07
1.498563459952499714e-07
1.498416912886714920e-07
1.497652224752130146e-07
1.541759600420429344e-07
1.498007664384010435e-07
1.497608019329152651e-07
1.498212000036242550e-07
1.497224905821074049e-07
1.510452196703134862e-07
1.501350748281666825e-07
1.501350748281666825e-07
1.511252070241627876e-07
1.506883358469055515e-07
1.511598496818188994e-07
1.498035065872703265e-07
1.497821874190340555e-07
1.498416912886714920e-07
1.497089824702310768e-07
1.497286317624567224e-07
1.497652224752130146e-07
1.498563459952499714e-07
1.497821874190340555e-07
1.497608019329152651e-07
1.497015893263860847e-07
1.497751218542854468e-07
1.497403684276415251e-07
1.498416912886714920e-07
1.498007664384010435e-07
1.498369448970138756e-07
1.497286317624567224e-07
1.497866031457251421e-07
1.538262154746902367e-07
1.498894091847086907e-07
1.687614667899827979e-07
1.613379396339624469e-07
1.497286317624567224e-07
1.497017788906469266e-07
1.538262154746902367e-07
1.512259449023012803e-07
1.498369448970138756e-07
1.497922507678654918e-07
1.498212000036242550e-07
1.497940108589684697e-07
1.497741591682263775e-07
1.497615121964487429e-07
1.498212000036242550e-07
1.497559533032601846e-07
1.499492552821569054e-07
1.502849376208359041e-07
1.497741591682263775e-07
1.497644699673980471e-07
1.512004674652496585e-07
1.502849376208359041e-07
1.500166889815245134e-07
1.498755826468145589e-07
1.497403684276415251e-07
1.513423377453850341e-07
1.514531279165659982e-07
1.497286317624567224e-07
1.497286317624567224e-07
1.497652224752130146e-07
1.497741591682263775e-07
1.502150669385870709e-07
1.497615121964487429e-07
1.497652224752130146e-07
1.497608019329152651e-07
1.497017788906469266e-07
1.498212000036242550e-07
1.498035065872703265e-07
1.499357724792157921e-07
1.497015893263860847e-07
1.497644699673980471e-07
1.497751218542854468e-07
1.511252070241627876e-07
1.497559533032601846e-07
1.497559533032601846e-07
1.498150714719694991e-07
1.538780541186653526e-07
1.497652224752130146e-07
1.498007664384010435e-07
1.497940108589684697e-07
1.497403684276415251e-07
1.500123257222336220e-07
1.497652224752130146e-07
1.497652224752130146e-07
1.498563459952499714e-07
1.498416912886714920e-07
1.497866031457251421e-07
1.503102455988371424e-07
1.497652224752130146e-07
1.499357724792157921e-07
1.498369448970138756e-07
1.497286317624567224e-07
1.497403684276415251e-07
1.530490944048526648e-07
1.497017788906469266e-07
1.497922507678654918e-07
1.497015893263860847e-07
1.498894091847086907e-07
1.497652224752130146e-07
1.498285286854605320e-07
1.497866031457251421e-07
1.497615121964487429e-07
1.497224905821074049e-07
1.509675434212919158e-07
1.503102455988371424e-07
1.497403684276415251e-07
1.504281384941372365e-07
1.497015893263860847e-07
1.498894091847086907e-07
1.522002614083657212e-07
1.501871356160414312e-07
1.518650296316288321e-07
1.499480398171986697e-07
1.497106033338479765e-07
1.501871356160414312e-07
1.501350748281666825e-07
1.498369448970138756e-07
1.497751218542854468e-07
1.497286317624567224e-07
1.497224905821074049e-07
1.497286317624567224e-07
1.516083726549917477e-07
1.505761398141530994e-07
1.497089824702310768e-07
1.498369448970138756e-07
1.497224905821074049e-07
1.497106033338479765e-07
1.498285286854605320e-07
1.498565629585213718e-07
1.497089824702310768e-07
1.497741591682263775e-07
1.499809377014322531e-07
1.499492552821569054e-07
1.497403684276415251e-07
1.511252070241627876e-07
1.498894091847086907e-07
1.504281384941372365e-07
1.500929367795056267e-07
1.602257570664129551e-07
1.497559533032601846e-07
1.497821874190340555e-07
1.497652224752130146e-07
1.502150669385870709e-07
1.499130775274143176e-07
1.498212000036242550e-07
1.498894091847086907e-07
1.498563459952499714e-07
1.497608019329152651e-07
1.602257570664129551e-07
1.497089824702310768e-07
