4.288999624850624026e-01
-1.140165348208026730e+00
3.546235107116921803e-01
-7.099383666131088566e-02
3.316850781599944287e-01
-3.613549254534473981e-02
-5.214267132375207670e-01
-4.408528754551520601e-01
4.244125129023781917e-01
-2.941177514418444883e+00
-4.291860905432277051e-01
-6.812098837475029089e-01
3.102610963542638434e+00
2.302453208753181546e-01
8.550198549341434529e-01
-1.659766946552167777e-01
-1.379248767491006167e-01
2.772515170581956179e-01
-4.581107015416552297e-01
-1.156084353248689300e+00
1.033070828888277060e+00
-3.440608014898897116e-01
3.568248555203913153e+00
-4.594351899408592732e-02
-1.186469469331754290e-01
7.543306965355373039e-01
3.178784045670376979e-01
-1.965894317730447205e-01
-3.513640338360888848e-01
-1.366234546234425640e+00
4.993688062889638957e+00
2.406921314841763693e-01
-4.906656739675422374e-01
-1.606090624602415362e-01
1.192691394461538462e-01
-7.609512896718412245e-01
3.196745346848298031e+00
2.367299669015220098e-01
-5.691229601478089428e-01
-9.879867090852517686e-01
5.893570359063938779e-01
5.139535685811476989e-02
-7.893611515231377940e-01
-1.810991024232214419e-01
-1.147759005790874642e+00
-7.996446474074896116e-02
-3.011999884007472428e-01
2.366082888959346597e-01
-2.629115769231150646e-01
-1.248450378141456873e+00
-4.114937645744242145e-01
-3.790368805907021743e-01
-4.294954111210103620e-01
-6.134207306944162719e-01
4.323013482797640195e-01
1.603422402373209543e+00
-1.372908394823528333e+00
-1.186469469331754290e-01
-3.678161347505779499e-01
-6.627955924662287668e-01
1.866365781112366562e-01
1.206063266883901641e-01
-7.113858483333695970e-01
1.058352443962568890e+00
1.776581360031845580e-01
1.793040762293368617e+00
-3.395084246731992494e-01
-5.433883512000536875e-01
2.183615126178438115e-01
-2.671683717233984678e-01
-2.341662991967469187e-02
3.785884037828092241e-01
-5.995433850813897125e-01
-5.797903331342066924e-01
-6.829192541805315653e-01
-1.045454542836989686e+00
2.737256821045133126e-01
-3.428919969892058744e-02
8.476185703527695514e-01
-8.446562002316982953e-01
-2.343328731134531051e-01
-8.980047507952843011e-02
-4.254418811568083103e-01
-7.895893565713628659e-01
2.266076148805945767e+00
4.222717857445095202e-01
6.801509745085601577e-02
1.958598208569855281e-01
9.195939815940789019e-01
3.951816346025612270e-01
-1.763077214852070418e-01
-2.482126791728147264e-01
-3.255669600625413773e-01
-7.404950949471583721e-01
-2.081963083770623779e-01
-5.919843013597441139e-01
-2.527169010070052790e-01
9.243494600739875222e-02
-2.667983920382741569e-01
1.401936272888175405e-01
1.780217432642725306e-01
-4.358165438657291557e-01
3.242570259525967002e-01
-6.954387417641386682e-01
-2.015488292126475511e-01
6.609408375326192298e-01
-5.703029959854457598e-01
-9.630530732976918529e-01
2.454979586390074187e-01
-5.839924826205475927e-01
-9.351480621518251102e-01
1.692936657500919151e-01
-2.096589304515091012e-01
6.094576030878496864e-01
-9.619663160544339453e-01
-1.839951618413525683e-02
1.176393883415378511e-01
-1.405983480717103440e+00
4.682352533199134470e-01
3.547980172066592441e+00
2.785936384463383875e-01
1.469825658768945109e-01
-9.139656819443533475e-01
3.435128287373787059e-01
-1.269463027739825001e-01
2.569122783417069122e+00
-1.647939971833290995e-01
4.726289335855298618e-02
3.708833413974855775e-01
4.333983593446925631e-01
-1.748884588616930746e-01
-2.721353910747795202e-01
-1.321185413841858391e+00
-3.263816272241293892e-01
6.008758929234752078e-01
-6.349788893199672657e-01
6.675510626668117453e-01
-8.331589825361418455e-01
-1.347604818455634679e-01
-1.763077214852070418e-01
6.180163256287126566e-02
-5.327139976479853267e-01
-1.489356570621764853e+00
1.340368934035756299e+00
-2.487252550209583801e-01
-1.182053161929871754e+00
1.798243157404484371e-01
-1.886873728282887491e-02
3.753511460992029924e+00
-4.571178425378530363e-01
-1.382544196758013211e-01
-2.985132644601465324e-01
2.388778785152125550e-01
4.186895327969058833e+00
-5.704254195721409904e-01
5.492825466476507212e-02
2.600970794275160092e+00
3.003694170281571291e-02
-7.352187121172499840e-01
1.311062089028652011e-01
-6.869001687467767292e-01
2.159113417430830462e-01
-3.594702251118050418e-01
1.632778828922182637e-02
4.303579940740540066e-01
3.262574630212837778e-01
-3.565539606672531447e-01
6.459305381664297296e-02
-4.672514119703499724e-01
-5.949255077485053889e-01
-1.622561248075085616e-01
-1.319746030594030284e+00
-1.400664759618940325e+00
2.242825921958660484e-01
2.424306441935330181e+00
-3.108895409380103558e-01
5.956412928061594059e-02
-3.127300905914799922e-01
1.267206329104032803e-01
2.484778559028789080e-01
-3.759465475737817086e-01
-2.617128300990757550e-01
1.055947917146566661e+00
-9.220738502288212679e-01
-7.562035349052155242e-01
-1.092558726233456179e+00
-3.329293992360068954e-02
-1.378008381991178144e+00
-2.528937217772819213e-01
3.448678271282861751e-01
1.039983307556811232e+00
-4.744192303173390135e-01
-3.889084992206346958e-01
-3.484561035844346844e-02
4.870854415923771552e-01
2.321433426259090549e+00
-1.807660695924824257e-01
1.632778828922182637e-02
-2.591923174494079399e-02
2.758125267505309175e+00
5.473738015862666950e-02
2.718836081461262211e-01
-6.883832423295407343e-01
-3.707871242451161731e-01
-5.872137625320630883e-02
-1.159036975596898500e-01
-9.357315763225936278e-01
-1.091773924281248254e-01
6.368530562360339431e-01
-5.426094014677798061e-01
2.042170292506507653e-02
-9.262401902265354758e-01
1.230569116939163321e-01
-6.524431724506879471e-01
-1.148390672252650679e+00
6.323819619789101676e-01
3.697907044233201823e-01
-3.935747222497450459e-01
1.445000081035537065e-01
-1.189485092776247366e-01
8.121493421364410839e-03
-5.647446476310619135e-01
8.564937877050673443e-01
-7.263968426489163521e-01
-1.566406892935620743e+00
-6.837540221415551178e-01
2.377858115996603683e+00
-1.395290676574424182e+00
-8.172594112372909558e-01
2.128224469555513032e+00
-6.021228601977094419e-01
1.162602117926685580e-01
-4.785520620244431145e-01
-1.239065345009251251e+00
2.152570629235115995e-01
-1.839951618413525683e-02
9.394189357752927294e-02
-7.076400605519649334e-01
-1.150539942416425765e+00
-5.723579231584645655e-01
-6.580063998828769578e-02
-3.210028495879285043e-02
2.654705246897305582e+00
-4.553979525583867205e-01
-1.378057331782603923e-01
-2.145544643691144615e-01
-8.892346064548695139e-01
-7.336708694374384221e-01
-2.398515585422920371e-01
-3.752309466821179829e-02
1.899837254635652783e+00
-1.361258615401426675e-01
-8.974350314892350911e-01
1.518367251538857321e+00
5.123922478560021254e-01
-3.637378925062348389e-02
1.096072951519148735e-02
-1.371740699633909211e+00
-7.531431739183696017e-01
-1.717916619878903761e+00
-6.915170261149704289e-02
7.831130253480265979e-02
-1.050256837580101577e+00
1.497785981260329802e+00
-1.437775858668925322e+00
-7.174925933985056847e-01
-2.081929120670525657e-01
5.092826309003520846e-01
-1.253590592511863111e+00
-5.614987329219621737e-01
-4.031875032151923666e-01
4.489890794488948789e-01
-8.914878091048181359e-04
-1.446755868437982873e+00
-8.598486593293494518e-02
-5.626703539745897542e-01
2.279321026870687827e+00
1.858671803863013450e-01
-2.210785359654254267e-01
1.946209531501895129e-01
4.264756647262554212e-01
2.140471542129990024e+00
-2.415632285885250530e-01
-7.124036264556157239e-01
-4.721680120866464936e-01
9.976186264216464483e-01
1.160158350951707051e+00
-3.248441695179036803e-01
1.109780567925708894e+00
4.255839379860094918e-02
1.111940537263648165e+00
1.631503858447826694e-01
9.889712958036954715e-01
6.375459128054374869e-01
-1.086172165118394650e+00
-7.768420227722415417e-02
3.853309581524234639e-01
-1.781017802473572331e+00
6.737623140585248527e-02
-4.148195965431870219e-02
-4.784708353170682993e-01
4.729236253185962746e-01
2.837547845227155197e-01
-5.620937979873555923e-01
3.913776574012060583e-01
1.937417190674084813e-02
-5.520353235108201029e-02
-7.155929631452394302e-02
-1.103380848269985615e+00
-8.935974548964324693e-02
-5.371739789838152479e-01
-1.944216832994537514e-01
-6.550848086827654182e-01
6.808160078554104100e-01
-5.820243200418111496e-01
-2.773242949592218398e-01
1.019865513127643286e+00
-1.496023170204332065e+00
