3.028504701435697291e-03
3.122138384465719240e-03
3.038262058737450141e-03
3.048382312663847158e-03
3.107644058606851695e-03
3.125506288484819484e-03
3.125157617065873160e-03
3.116485872681842590e-03
3.008544606878082658e-03
3.116086427417025066e-03
3.112170465605757549e-03
3.084007275977128457e-03
3.048142498227268248e-03
3.112863111379136818e-03
3.102535871282422527e-03
2.983328415061239219e-03
3.102535871282422527e-03
3.061494530657096497e-03
3.102535871282422527e-03
3.084007275977128457e-03
2.959350164956316750e-03
3.119603093615120303e-03
3.096874568494582900e-03
3.065636514948903886e-03
3.102535871282422527e-03
2.881000891393981512e-03
3.102535871282422527e-03
3.084007275977128457e-03
3.104406526518449158e-03
2.973604066548237758e-03
3.052794574569114242e-03
3.013567238795737506e-03
3.090688815105446970e-03
3.084788019747010650e-03
3.054286466031830554e-03
2.929986836035989878e-03
3.026054690393470935e-03
3.112863111379136818e-03
3.119603093615120303e-03
3.099725482386970002e-03
3.025653787543310189e-03
3.034607058345747867e-03
3.041634978112202434e-03
3.057734445764420488e-03
3.116485872681842590e-03
3.037590418468982291e-03
3.020959260773883968e-03
3.053936836114600015e-03
3.008634755100286166e-03
3.070113245717050188e-03
2.819693326976434929e-03
3.102535871282422527e-03
2.904656525273217535e-03
3.031315090331149383e-03
3.125072525543446007e-03
3.084788019747010650e-03
3.047930697928880831e-03
3.036423277655578984e-03
3.037590418468982291e-03
3.028504701435697291e-03
2.967041277786176996e-03
2.970414197160929290e-03
2.963386277394474723e-03
3.018619058336726238e-03
2.994415733997630742e-03
2.998892464765777043e-03
3.028504701435697291e-03
2.809780110442708367e-03
3.025653787543310189e-03
3.052794574569114242e-03
2.916045763687777868e-03
2.992805180650748992e-03
3.038262058737450141e-03
3.037590418468982291e-03
3.099725482386970002e-03
3.041634978112202434e-03
2.912107634109966075e-03
2.967041277786176996e-03
3.048382312663847158e-03
2.819693326976434929e-03
3.116485872681842590e-03
2.824641894813187653e-03
2.954833909442197790e-03
3.051051560429818808e-03
2.972754281302640664e-03
3.052664212152592874e-03
3.044824847499510902e-03
3.036423277655578984e-03
3.119363279178541393e-03
3.048382312663847158e-03
3.047930697928880831e-03
3.038262058737450141e-03
2.979830779478545664e-03
2.812457156222592566e-03
3.044865646465751922e-03
3.116086427417025066e-03
3.048382312663847158e-03
2.981675778363029015e-03
2.961363708912517073e-03
3.124015355520386953e-03
3.041642330427863673e-03
3.047930697928880831e-03
3.013567238795737506e-03
3.053851744592172863e-03
3.102535871282422527e-03
2.912107634109966075e-03
3.061494530657096497e-03
3.003627552297011543e-03
3.050917603514446096e-03
3.125157617065873160e-03
3.028504701435697291e-03
2.963386277394474723e-03
3.054286466031830554e-03
3.112863111379136818e-03
3.119603093615120303e-03
3.031315090331149383e-03
3.037590418468982291e-03
3.047930697928880831e-03
2.963386277394474723e-03
3.108811199420255435e-03
2.990273749705823353e-03
3.099725482386970002e-03
2.990273749705823353e-03
3.044824847499510902e-03
3.125506288484819484e-03
3.048142498227268248e-03
3.084788019747010650e-03
2.929986836035989878e-03
3.053851744592172863e-03
3.045265091730569446e-03
3.116086427417025066e-03
3.038262058737450141e-03
3.074848333248284687e-03
3.048142498227268248e-03
3.015185626019324140e-03
3.084788019747010650e-03
3.107644058606851695e-03
3.094844456739069549e-03
2.967041277786176996e-03
3.074848333248284687e-03
3.048382312663847158e-03
3.121972356028193240e-03
3.050751575076920095e-03
3.102535871282422527e-03
3.123884993103866019e-03
3.040949684654484404e-03
3.041642330427863673e-03
3.089839839287999382e-03
2.998892464765777043e-03
3.031315090331149383e-03
3.037590418468982291e-03
2.843554685105038546e-03
2.979830779478545664e-03
3.053936836114600015e-03
2.833435744321944390e-03
3.089839839287999382e-03
3.084788019747010650e-03
2.866340153890329506e-03
3.047930697928880831e-03
2.976709916977607687e-03
3.048142498227268248e-03
3.040949684654484404e-03
3.038262058737450141e-03
3.065636514948903886e-03
2.972754281302640664e-03
3.025653787543310189e-03
3.125506288484819484e-03
3.012786495025855313e-03
3.048382312663847158e-03
3.050917603514446096e-03
3.025653787543310189e-03
3.112863111379136818e-03
3.116485872681842590e-03
3.015185626019324140e-03
3.048382312663847158e-03
2.878292838590572160e-03
3.119363279178541393e-03
2.890142927961243929e-03
3.003627552297011543e-03
3.028504701435697291e-03
3.044824847499510902e-03
3.054286466031830554e-03
2.986513664813147343e-03
3.020959260773883968e-03
3.026054690393470935e-03
2.967041277786176996e-03
2.914775466056311690e-03
3.018619058336726238e-03
3.023623675787796838e-03
2.949738479822610823e-03
3.108811199420255435e-03
3.057734445764420488e-03
2.901533500351367520e-03
3.048142498227268248e-03
2.843554685105038546e-03
2.972754281302640664e-03
3.104406526518449158e-03
3.070113245717050188e-03
3.050917603514446096e-03
3.104406526518449158e-03
2.994415733997630742e-03
3.008634755100286166e-03
3.054285507533546339e-03
2.954833909442197790e-03
2.843554685105038546e-03
3.123884993103866019e-03
3.052664212152592874e-03
3.050751575076920095e-03
3.034607058345747867e-03
3.107644058606851695e-03
2.843554685105038546e-03
2.943964845068050996e-03
3.121972356028193240e-03
3.119363279178541393e-03
3.025653787543310189e-03
3.018619058336726238e-03
3.053936836114600015e-03
3.125072525543446007e-03
3.116485872681842590e-03
3.031315090331149383e-03
3.015185626019324140e-03
3.048382312663847158e-03
3.094844456739069549e-03
2.895862675764460797e-03
3.123884993103866019e-03
3.084007275977128457e-03
3.053936836114600015e-03
3.003627552297011543e-03
3.119363279178541393e-03
3.048382312663847158e-03
3.123884993103866019e-03
3.079765387829355803e-03
3.121972356028193240e-03
2.994415733997630742e-03
3.052664212152592874e-03
3.107644058606851695e-03
2.812457156222592566e-03
2.943964845068050996e-03
3.108811199420255435e-03
2.986513664813147343e-03
3.065636514948903886e-03
3.065636514948903886e-03
2.916045763687777868e-03
3.026054690393470935e-03
3.099725482386970002e-03
2.901533500351367520e-03
3.125506288484819484e-03
3.061494530657096497e-03
3.119603093615120303e-03
2.943964845068050996e-03
3.053936836114600015e-03
3.052794574569114242e-03
3.037590418468982291e-03
3.025653787543310189e-03
3.119363279178541393e-03
3.096874568494582900e-03
3.041634978112202434e-03
