5.075716980707143505e-08
5.079488927596765565e-08
5.079824414428629977e-08
5.079997652163191690e-08
5.095483934136458802e-08
5.077120060012954929e-08
5.078137854097817661e-08
5.078275187969527444e-08
5.080147738885772104e-08
5.089254988449736970e-08
5.093050479995389185e-08
5.114015360526167867e-08
5.083682219079885325e-08
5.077020312874747855e-08
5.096453293478664234e-08
5.096163352903803376e-08
5.096453293478664234e-08
5.083513825129839909e-08
5.096453293478664234e-08
5.114015360526167867e-08
5.084991271119522026e-08
5.079179817383399519e-08
5.097172661062261732e-08
5.083197671768631827e-08
5.096453293478664234e-08
5.236521925998700215e-08
5.096453293478664234e-08
5.114015360526167867e-08
5.074678754773941994e-08
5.079368184942347173e-08
5.079497264402145413e-08
5.078283065532853733e-08
5.100936328103034843e-08
5.076482717018065124e-08
5.081608210798054384e-08
5.095504594024270911e-08
5.087637528601443448e-08
5.077020312874747855e-08
5.079179817383399519e-08
5.074138445872961933e-08
5.094082627833684309e-08
5.081896113202013420e-08
5.078619112099053719e-08
5.082879963858556720e-08
5.078275187969527444e-08
5.077049206210302831e-08
5.090570398136181851e-08
5.078307227673592948e-08
5.094695549604194432e-08
5.082023264089230139e-08
5.471696152005493325e-08
5.096453293478664234e-08
5.180646225100989167e-08
5.093792056611330254e-08
5.076908796423354853e-08
5.076482717018065124e-08
5.078943578858823181e-08
5.093224257660665429e-08
5.077049206210302831e-08
5.075716980707143505e-08
5.080507867623574381e-08
5.079467108563312869e-08
5.082421439085244903e-08
5.076810378786442501e-08
5.084965890580586906e-08
5.083837547635119805e-08
5.075716980707143505e-08
5.233211855173032843e-08
5.094082627833684309e-08
5.079497264402145413e-08
6.141309715406363637e-08
5.095754185226370131e-08
5.079824414428629977e-08
5.077049206210302831e-08
5.074138445872961933e-08
5.078619112099053719e-08
5.096243501127063995e-08
5.080507867623574381e-08
5.079997652163191690e-08
5.471696152005493325e-08
5.078275187969527444e-08
5.195465069828841493e-08
5.087885476612722710e-08
5.080149264837572677e-08
5.098165310902299178e-08
5.077523395789442053e-08
5.078354136470838818e-08
5.093224257660665429e-08
5.084884208380229999e-08
5.079997652163191690e-08
5.078943578858823181e-08
5.079824414428629977e-08
5.081480314658714678e-08
5.217546559008708593e-08
5.087723293575533464e-08
5.089254988449736970e-08
5.079997652163191690e-08
5.544110632928185528e-08
5.103467872145334133e-08
5.079097990905177776e-08
5.078195274921487163e-08
5.078943578858823181e-08
5.078283065532853733e-08
5.076578489119699042e-08
5.096453293478664234e-08
5.096243501127063995e-08
5.083513825129839909e-08
5.082114519896527867e-08
5.080104677291895488e-08
5.078137854097817661e-08
5.075716980707143505e-08
5.082421439085244903e-08
5.081608210798054384e-08
5.077020312874747855e-08
5.079179817383399519e-08
5.093792056611330254e-08
5.077049206210302831e-08
5.078943578858823181e-08
5.082421439085244903e-08
5.075721136762216596e-08
5.085209012018261297e-08
5.074138445872961933e-08
5.085209012018261297e-08
5.078354136470838818e-08
5.077120060012954929e-08
5.083682219079885325e-08
5.076482717018065124e-08
5.095504594024270911e-08
5.076578489119699042e-08
5.079279749330012514e-08
5.089254988449736970e-08
5.079824414428629977e-08
5.080280171415833407e-08
5.083682219079885325e-08
5.093020007006898507e-08
5.076482717018065124e-08
5.095483934136458802e-08
5.074253260192401521e-08
5.080507867623574381e-08
5.080280171415833407e-08
5.079997652163191690e-08
5.080910669998830812e-08
5.080017719030260617e-08
5.096453293478664234e-08
5.078126333486417005e-08
5.091166770123337377e-08
5.078195274921487163e-08
5.075062160391425913e-08
5.083837547635119805e-08
5.093792056611330254e-08
5.077049206210302831e-08
5.163171789496115629e-08
5.081480314658714678e-08
5.078307227673592948e-08
5.180696264334038622e-08
5.075062160391425913e-08
5.076482717018065124e-08
5.127533049906381223e-08
5.078943578858823181e-08
5.080120280855849158e-08
5.083682219079885325e-08
5.091166770123337377e-08
5.079824414428629977e-08
5.083197671768631827e-08
5.098165310902299178e-08
5.094082627833684309e-08
5.077120060012954929e-08
5.109979457938376567e-08
5.079997652163191690e-08
5.080104677291895488e-08
5.094082627833684309e-08
5.077020312874747855e-08
5.078275187969527444e-08
5.093020007006898507e-08
5.079997652163191690e-08
5.113531803110152425e-08
5.084884208380229999e-08
5.103792841022702335e-08
5.082114519896527867e-08
5.075716980707143505e-08
5.078354136470838818e-08
5.081608210798054384e-08
5.084475163345063794e-08
5.090570398136181851e-08
5.087637528601443448e-08
5.080507867623574381e-08
5.162830374272901047e-08
5.076810378786442501e-08
5.075927218230393542e-08
5.090708910026557208e-08
5.075721136762216596e-08
5.082879963858556720e-08
5.098359456581835758e-08
5.083682219079885325e-08
5.163171789496115629e-08
5.098165310902299178e-08
5.074678754773941994e-08
5.082023264089230139e-08
5.080104677291895488e-08
5.074678754773941994e-08
5.084965890580586906e-08
5.094695549604194432e-08
5.077046642406247271e-08
5.087885476612722710e-08
5.163171789496115629e-08
5.078126333486417005e-08
5.077523395789442053e-08
5.080017719030260617e-08
5.081896113202013420e-08
5.095483934136458802e-08
5.163171789496115629e-08
5.093075127612640588e-08
5.080910669998830812e-08
5.084884208380229999e-08
5.094082627833684309e-08
5.076810378786442501e-08
5.078307227673592948e-08
5.076908796423354853e-08
5.078275187969527444e-08
5.093792056611330254e-08
5.093020007006898507e-08
5.079997652163191690e-08
5.074253260192401521e-08
5.195892112002711656e-08
5.078126333486417005e-08
5.114015360526167867e-08
5.078307227673592948e-08
5.082114519896527867e-08
5.084884208380229999e-08
5.079997652163191690e-08
5.078126333486417005e-08
5.078318357878934653e-08
5.080910669998830812e-08
5.084965890580586906e-08
5.077523395789442053e-08
5.095483934136458802e-08
5.217546559008708593e-08
5.093075127612640588e-08
5.075721136762216596e-08
5.084475163345063794e-08
5.083197671768631827e-08
5.083197671768631827e-08
6.141309715406363637e-08
5.087637528601443448e-08
5.074138445872961933e-08
5.098359456581835758e-08
5.077120060012954929e-08
5.083513825129839909e-08
5.079179817383399519e-08
5.093075127612640588e-08
5.078307227673592948e-08
5.079497264402145413e-08
5.077049206210302831e-08
5.094082627833684309e-08
5.084884208380229999e-08
5.097172661062261732e-08
5.078619112099053719e-08
