3.780425756161288203e-02
3.916801746692147312e-02
3.843810564773354754e-02
3.803746928637338764e-02
3.908383070443571805e-02
3.919177536429514774e-02
3.919473150247938797e-02
3.910440030841322301e-02
3.758078258804945643e-02
3.910144546963077727e-02
3.908843470785583474e-02
3.920709672546515007e-02
3.801726290524325147e-02
3.906191870657040738e-02
3.909051418192851374e-02
3.812340892749255944e-02
3.909051418192851374e-02
3.851501598977567775e-02
3.909051418192851374e-02
3.920709672546515007e-02
3.731793332064044927e-02
3.914018864833260225e-02
3.911136586289229444e-02
3.854755035190943896e-02
3.909051418192851374e-02
3.697266422732391894e-02
3.909051418192851374e-02
3.920709672546515007e-02
3.896194075474277568e-02
3.734484943121867129e-02
3.808390114281354211e-02
3.763466175995826973e-02
3.914926646988514669e-02
3.873738112191748434e-02
3.847303086413605966e-02
3.716060065253516675e-02
3.840518026554776143e-02
3.906191870657040738e-02
3.914018864833260225e-02
3.890697692357209664e-02
3.800864650093307984e-02
3.843112784304807128e-02
3.844308599749663574e-02
3.849052245189542310e-02
3.910440030841322301e-02
3.791129074025201967e-02
3.838321069105183475e-02
3.809201214052016643e-02
3.831378046636569473e-02
3.858732030559757636e-02
3.579533557932217114e-02
3.909051418192851374e-02
3.733703288525023339e-02
3.798779481996929913e-02
3.917994164911724891e-02
3.873738112191748434e-02
3.845305393561783414e-02
3.798111134247650345e-02
3.791129074025201967e-02
3.780425756161288203e-02
3.733538628577432600e-02
3.734036663553742114e-02
3.732840848108885667e-02
3.769071148579315744e-02
3.744483098995022435e-02
3.748460094363836176e-02
3.780425756161288203e-02
3.586994486536470433e-02
3.800864650093307984e-02
3.808390114281354211e-02
3.699131810562418521e-02
3.820036280181685756e-02
3.843810564773354754e-02
3.791129074025201967e-02
3.890697692357209664e-02
3.844308599749663574e-02
3.702068956553334483e-02
3.733538628577432600e-02
3.803746928637338764e-02
3.579533557932217114e-02
3.910440030841322301e-02
3.612452018043552093e-02
3.730246090358854683e-02
3.846104132565704437e-02
3.803174624366852802e-02
3.805939171754457034e-02
3.844756879317789283e-02
3.798111134247650345e-02
3.911998226720247301e-02
3.803746928637338764e-02
3.845305393561783414e-02
3.843810564773354754e-02
3.735832196369782976e-02
3.593910923438737443e-02
3.799872610767156267e-02
3.910144546963077727e-02
3.803746928637338764e-02
3.859260932285903806e-02
3.792781361444218236e-02
3.918662050477275671e-02
3.795919934461119277e-02
3.845305393561783414e-02
3.763466175995826973e-02
3.807722228715803431e-02
3.909051418192851374e-02
3.702068956553334483e-02
3.851501598977567775e-02
3.753034022947379644e-02
3.806529810496225852e-02
3.919473150247938797e-02
3.780425756161288203e-02
3.732840848108885667e-02
3.847303086413605966e-02
3.906191870657040738e-02
3.914018864833260225e-02
3.798779481996929913e-02
3.791129074025201967e-02
3.845305393561783414e-02
3.732840848108885667e-02
3.901401010221124122e-02
3.741229662781645621e-02
3.890697692357209664e-02
3.741229662781645621e-02
3.844756879317789283e-02
3.919177536429514774e-02
3.801726290524325147e-02
3.873738112191748434e-02
3.716060065253516675e-02
3.807722228715803431e-02
3.800168094645400840e-02
3.910144546963077727e-02
3.843810564773354754e-02
3.863305959143301105e-02
3.801726290524325147e-02
3.835324405827132688e-02
3.873738112191748434e-02
3.908383070443571805e-02
3.885038486810626912e-02
3.733538628577432600e-02
3.863305959143301105e-02
3.803746928637338764e-02
3.914116437801283543e-02
3.803844501605362083e-02
3.909051418192851374e-02
3.916211107950378495e-02
3.798571534589662013e-02
3.795919934461119277e-02
3.879343084775237899e-02
3.748460094363836176e-02
3.798779481996929913e-02
3.791129074025201967e-02
3.635119662325412421e-02
3.735832196369782976e-02
3.809201214052016643e-02
3.623431352329101185e-02
3.879343084775237899e-02
3.873738112191748434e-02
3.659332562616324919e-02
3.845305393561783414e-02
3.735033457365861953e-02
3.801726290524325147e-02
3.798571534589662013e-02
3.843810564773354754e-02
3.854755035190943896e-02
3.803174624366852802e-02
3.800864650093307984e-02
3.919177536429514774e-02
3.810437736350593546e-02
3.803746928637338764e-02
3.806529810496225852e-02
3.800864650093307984e-02
3.906191870657040738e-02
3.910440030841322301e-02
3.835324405827132688e-02
3.803746928637338764e-02
3.671211829493927631e-02
3.911998226720247301e-02
3.682509425248296775e-02
3.753034022947379644e-02
3.780425756161288203e-02
3.844756879317789283e-02
3.847303086413605966e-02
3.738780308993620155e-02
3.838321069105183475e-02
3.840518026554776143e-02
3.733538628577432600e-02
3.745391598521334575e-02
3.769071148579315744e-02
3.774766550614705451e-02
3.728049132909262015e-02
3.901401010221124122e-02
3.849052245189542310e-02
3.692902688170931341e-02
3.801726290524325147e-02
3.635119662325412421e-02
3.803174624366852802e-02
3.896194075474277568e-02
3.858732030559757636e-02
3.806529810496225852e-02
3.896194075474277568e-02
3.744483098995022435e-02
3.831378046636569473e-02
3.808905600233592620e-02
3.730246090358854683e-02
3.635119662325412421e-02
3.916211107950378495e-02
3.805939171754457034e-02
3.803844501605362083e-02
3.843112784304807128e-02
3.908383070443571805e-02
3.635119662325412421e-02
3.725052469631210533e-02
3.914116437801283543e-02
3.911998226720247301e-02
3.800864650093307984e-02
3.769071148579315744e-02
3.809201214052016643e-02
3.917994164911724891e-02
3.910440030841322301e-02
3.798779481996929913e-02
3.835324405827132688e-02
3.803746928637338764e-02
3.885038486810626912e-02
3.722723954239474248e-02
3.916211107950378495e-02
3.920709672546515007e-02
3.809201214052016643e-02
3.753034022947379644e-02
3.911998226720247301e-02
3.803746928637338764e-02
3.916211107950378495e-02
3.868350195000867103e-02
3.914116437801283543e-02
3.744483098995022435e-02
3.805939171754457034e-02
3.908383070443571805e-02
3.593910923438737443e-02
3.725052469631210533e-02
3.901401010221124122e-02
3.738780308993620155e-02
3.854755035190943896e-02
3.854755035190943896e-02
3.699131810562418521e-02
3.840518026554776143e-02
3.890697692357209664e-02
3.692902688170931341e-02
3.919177536429514774e-02
3.851501598977567775e-02
3.914018864833260225e-02
3.725052469631210533e-02
3.809201214052016643e-02
3.808390114281354211e-02
3.791129074025201967e-02
3.800864650093307984e-02
3.911998226720247301e-02
3.911136586289229444e-02
3.844308599749663574e-02
