1.428027715782028556e-02
6.557812114752815669e-01
-2.453405115816203352e+00
1.262017430080276670e+00
-1.967589776645233823e-01
2.111161904790366806e-01
-1.339367826890116575e-01
6.905850531858911401e-01
2.022528821316837089e+00
-9.755814727916978235e-01
2.537125982023064052e-01
-1.203222957944759530e+00
7.431133641744819274e-01
-2.452515765223849620e+00
-1.001950823038102900e+00
4.501796318032653677e-01
1.722594008698192791e+00
-1.199999731902128053e+00
-1.149983184063047448e+00
-1.962292638280904500e+00
5.201489492427245898e-01
1.626094369546126739e+00
1.268238629511294624e+00
1.393015421291979639e+00
9.870816491212710542e-01
-4.072549549111010858e-01
9.242847847544800599e-01
-4.720931174861476842e-01
6.648671735101437941e-01
2.489589357426240379e-01
-5.986879057200906740e-01
-4.632315953145605958e-01
1.875249566320285277e+00
-1.202637535642299554e-01
4.857951667167699772e-01
-3.181859465246314467e-01
5.358818725131641800e-03
2.047883713433553896e-02
1.395839350406103518e+00
-1.490380850874277185e-01
2.836149064314201773e-01
-5.459661651434837282e-01
4.500990994128855616e-01
6.450008270642612063e-01
6.683649634309353216e-01
5.798374841546378722e-01
1.184902744267156277e-01
9.404370397167197693e-01
1.629502550542958339e+00
7.479616382542567665e-01
-5.097201958867066951e-01
-8.151038178924441269e-02
8.590827689976000547e-01
-1.879061662946485411e-01
-7.022054743018848466e-01
8.532421477365510487e-01
1.957356206312962643e-01
-8.984755745994290610e-01
9.068161945812891478e-01
-2.412926763688257592e-01
2.910990135756426692e-02
-2.962183771856338188e-01
1.078842752676137717e+00
2.608725121420162329e-01
-1.076311558235684585e+00
5.757533263809604396e-01
-8.337438763353813842e-01
1.134778958154053941e+00
-4.804130513515922019e+00
-6.940359039451406975e-01
2.146837523663770231e+00
8.234721154666784226e-01
2.370997014960044003e-01
1.534589450645706510e+00
1.972282274468100338e+00
4.605906716624024178e-01
4.021375864790887045e-01
9.136307114824435138e-02
-2.128040656622754226e-02
-6.403013655824271178e-01
-3.278247609795697515e-01
-5.748629303901390264e-01
-7.169583736915383088e-02
5.291707547687568569e-01
-6.107649711908217371e-01
1.097554560423817938e-01
-1.799875667637527987e-01
3.511060257762832482e-01
1.117641882051332719e-01
-1.666164959611805330e+00
-1.068572465247326742e+00
-8.064731326124203736e-01
-8.693084394451901231e-02
1.515804706109647570e+00
-1.169883652790064454e+00
-1.692240072528073541e-02
-1.093745578435319832e+00
2.972833991552823019e+00
1.758885597406139034e-01
-2.020113998207264672e-01
9.969206701082501398e-01
-7.814520386658450057e-01
1.654110106000378222e-01
7.002883414562062203e-01
-6.442868956381534451e-01
-5.075026215710553013e-01
-4.134980963626031514e-01
1.226088222883930268e+00
1.218851155330864661e-01
-2.184060305285580039e+00
6.458480961256620745e-01
4.342055033302031908e-01
1.002416318488733138e+00
-1.904071308178619804e+00
-8.163456273107957406e-01
-9.487618160086623842e-01
-5.754235765551410919e-01
2.407003094045875979e+00
1.390792231884113439e-01
-4.227523986542751633e-01
6.829320811668282420e-01
-2.426611199060959123e+00
3.457546114887466437e-01
5.703600453887609500e-01
7.347894567746977579e-01
-5.394928342517975040e-01
1.282779331787035071e+00
5.242763815665467675e-01
1.465215696838540138e+00
-1.278173732791972883e+00
1.245901893348058342e+00
-8.966958839484763522e-02
5.572214986112582896e-02
3.422507875758733498e-01
-3.733410211123906475e-01
-1.554981147739443736e+00
-1.236139629333423251e+00
1.238035355338637844e+00
6.157040882150227601e-01
-1.726044644488116120e+00
4.051369834243407353e-01
-9.908818999036090869e-01
-8.553471265240664145e-01
-2.792128335836007169e-01
3.038299886619715839e-01
1.005861868609580073e-01
1.058955091600107590e+00
8.888273824780707627e-03
5.944314624930321367e-01
-3.886940602758609531e-01
1.172024260564484381e-02
-5.622874516406588530e-01
-2.165866505326920766e-01
-3.309202915110785459e-01
-1.018054158202883031e+00
8.201804504219939451e-01
-9.829542400964359494e-01
1.264926972495514779e+00
1.180217936813710233e+00
-3.136277886021100469e-01
9.058294097094771180e-01
9.295084120197898425e-01
-4.870410906284218799e-01
-1.663449635375223279e+00
2.865394963949167151e-01
7.930274563124989351e-01
-4.715164376498348631e-01
3.626919763584591783e-01
1.530557976282899968e-01
1.181331827643043564e+00
-1.948201889315283875e-01
5.599989832800759126e-01
4.507971447903180162e-01
-2.072780486142972722e-01
3.835531716859931217e-01
1.629341644167830339e+00
-3.373413914421132809e-01
-5.351545482974845447e-01
3.919187107762842626e-01
6.778039113178524477e-01
3.299523771327520037e-03
-2.229671536113626562e-01
1.732304252402676381e+00
-3.001120742604092007e-01
5.746023944914009363e-01
-1.067027717187257752e+00
9.122129951609377896e-01
4.056752066045680727e-01
-4.072896710742162640e-01
6.204621110554501273e-01
-1.991185954958985815e-01
1.323893975540350931e+00
-7.344784827464837518e-01
1.554548718908397520e+00
-4.353295315214957828e-01
1.631884585803093993e-02
1.193498728413899118e-01
-2.435109096183542210e+00
-8.035595925309896304e-01
5.465030171460922848e-01
-1.614962112380018966e-01
8.497872557062754462e-01
5.020015844120340187e-01
-7.949437581370542016e-01
6.817665874863086152e-04
-8.777378824183673656e-02
5.808598207546121772e-01
-1.742741498725029758e-01
8.248310714679877309e-01
4.419646809578912094e-01
-5.293396261344724962e-01
-1.074567159581111042e+00
-9.581048756697321256e-01
-4.951283497424424085e-01
3.251020962105501122e-02
2.758304542137192117e-01
4.264535683112306574e-01
-1.759706373972279803e+00
3.628722750307709632e-01
4.550060156667782296e-01
-2.182849665303964737e-01
-7.745028377796193686e-01
-2.098044228417283441e-01
3.490983502507192249e-01
6.096946555933193679e-01
2.675209512815848734e-01
7.518329795128954052e-01
4.411568094433607201e-01
4.309504098146744733e-01
1.042870786204505684e+00
-9.259711754868010791e-01
1.256801763881704836e+00
3.005494854886465728e-01
2.528985674662095118e+00
9.397602830000068019e-01
-5.201448295950903411e-01
-1.489452266234445155e+00
-2.322620087027639779e-01
1.533554475755028457e-01
2.126031808710683979e+00
1.035728575889935499e+00
-6.531085355673178494e-01
-9.789036889255544605e-01
1.072875405532333071e+00
-6.585054575428211932e-01
-1.830326101405465866e-01
3.677163910936198654e-02
8.556351004584673570e-01
-8.466691530998458060e-01
-7.822022001054027562e-01
9.313274652209049265e-01
-1.751244189678495822e+00
-4.039028797611763921e-01
8.797730724958571225e-01
1.512041903420746625e+00
2.125241061876699256e-01
-2.367332751203055363e-01
