3.011128527188035309e-02
3.002261082848832474e-02
3.148392572700269010e-02
3.190331311220888366e-02
3.100952357574142046e-02
3.129077177176187857e-02
3.103717696030310058e-02
3.174800204159560629e-02
3.049934544839435699e-02
3.292665865501955003e-02
3.049934544839435699e-02
3.121002011690002589e-02
2.959776222477002519e-02
2.945895124255672876e-02
3.029323385120394341e-02
3.112516940577973734e-02
3.157206370384931654e-02
3.010075605135335494e-02
3.002261082848832474e-02
3.112516940577973734e-02
3.029323385120394341e-02
3.029323385120394341e-02
3.103717696030310058e-02
3.213932858284552357e-02
3.157206370384931654e-02
3.006318644995743805e-02
3.047463683219520797e-02
3.038450443061999073e-02
3.150736998681913370e-02
3.174800204159560629e-02
3.049934544839435699e-02
3.209294535278265498e-02
3.034034835059217991e-02
3.029323385120394341e-02
3.100952357574142046e-02
3.076436700031270899e-02
3.049934544839435699e-02
3.243566271158666858e-02
3.034034835059217991e-02
3.094704455872788335e-02
2.956721365364404011e-02
3.072821459235418676e-02
3.034034835059217991e-02
3.076436700031270899e-02
3.080448903144063569e-02
3.248531949787504536e-02
3.001947301854088201e-02
3.038450443061999073e-02
3.118546191348771715e-02
3.058515095659621735e-02
2.953831949250311506e-02
3.010085962061101114e-02
2.964230820453582840e-02
3.049934544839435699e-02
3.056262927767184473e-02
3.038450443061999073e-02
2.993680532028646438e-02
3.157206370384931654e-02
3.199957642540626757e-02
3.150736998681913370e-02
3.087658956541865576e-02
3.185331189986977118e-02
3.080448903144063569e-02
3.003639644055605684e-02
3.029323385120394341e-02
3.103717696030310058e-02
3.076436700031270899e-02
3.049934544839435699e-02
3.228103731160898021e-02
3.118546191348771715e-02
2.958587404615112965e-02
3.236411852691165741e-02
3.002149137066462484e-02
2.970662018939946442e-02
3.103717696030310058e-02
2.953831949250311506e-02
3.058515095659621735e-02
3.003134316244258917e-02
3.034034835059217991e-02
3.167052076972776825e-02
2.993680532028646438e-02
3.223306089783566086e-02
3.050224559926920098e-02
3.199957642540626757e-02
2.967520413535104651e-02
2.945895124255672876e-02
3.038450443061999073e-02
2.950064632184954544e-02
3.049934544839435699e-02
3.087658956541865576e-02
3.072821459235418676e-02
3.103717696030310058e-02
3.312010800371784774e-02
2.958587404615112965e-02
3.266551877203398985e-02
3.067382539998824570e-02
3.003639644055605684e-02
3.209294535278265498e-02
2.958587404615112965e-02
3.309052296289652362e-02
3.087658956541865576e-02
3.112516940577973734e-02
3.087658956541865576e-02
3.058515095659621735e-02
2.947385631244816423e-02
3.076436700031270899e-02
3.038450443061999073e-02
2.947385631244816423e-02
3.056262927767184473e-02
2.953831949250311506e-02
3.107098438093221920e-02
3.029323385120394341e-02
3.047463683219520797e-02
3.129075472046208284e-02
3.112952593870664877e-02
3.129075472046208284e-02
3.204155356375957414e-02
3.150736998681913370e-02
3.064747998879213328e-02
3.049934544839435699e-02
2.993680532028646438e-02
3.103717696030310058e-02
2.993680532028646438e-02
3.181823884571928496e-02
3.223306089783566086e-02
3.143912969352654491e-02
2.964230820453582840e-02
3.312010800371784774e-02
3.049934544839435699e-02
3.047463683219520797e-02
3.029323385120394341e-02
3.199957642540626757e-02
3.150736998681913370e-02
3.014841417425902226e-02
3.094704455872788335e-02
3.107098438093221920e-02
3.047463683219520797e-02
3.129077177176187857e-02
3.020182687220481638e-02
3.072821459235418676e-02
3.167052076972776825e-02
3.163352450904011182e-02
3.067382539998824570e-02
3.094482985871123762e-02
3.094704455872788335e-02
3.047463683219520797e-02
3.064747998879213328e-02
2.985487052553253626e-02
3.049934544839435699e-02
3.103717696030310058e-02
3.094704455872788335e-02
3.058515095659621735e-02
3.216510588073430432e-02
3.034034835059217991e-02
3.067382539998824570e-02
3.123910596969844966e-02
2.993680532028646438e-02
3.067382539998824570e-02
2.970662018939946442e-02
2.950064632184954544e-02
3.058515095659621735e-02
3.181823884571928496e-02
2.964230820453582840e-02
3.047463683219520797e-02
3.038450443061999073e-02
3.085577397931183602e-02
3.010085962061101114e-02
2.977780822248428383e-02
3.080448903144063569e-02
3.029323385120394341e-02
3.299820283969456813e-02
3.056262927767184473e-02
3.112516940577973734e-02
2.985487052553253626e-02
3.094704455872788335e-02
3.223306089783566086e-02
2.950064632184954544e-02
2.950064632184954544e-02
3.181823884571928496e-02
3.153040522467476237e-02
3.233017211546514169e-02
3.129075472046208284e-02
3.121002011690002589e-02
3.080448903144063569e-02
3.085577397931183602e-02
3.049934544839435699e-02
3.029323385120394341e-02
2.977780822248428383e-02
3.121002011690002589e-02
3.112516940577973734e-02
3.076436700031270899e-02
3.002261082848832474e-02
3.103717696030310058e-02
3.080448903144063569e-02
3.056262927767184473e-02
3.026916031750736050e-02
3.049934544839435699e-02
3.047463683219520797e-02
3.300675510926858597e-02
3.020484833264372102e-02
2.867880523923468927e-02
3.216425342095068779e-02
3.049934544839435699e-02
3.067382539998824570e-02
3.300675510926858597e-02
3.192512338365303265e-02
3.026916031750736050e-02
3.034034835059217991e-02
2.985487052553253626e-02
2.993680532028646438e-02
3.038450443061999073e-02
3.020182687220481638e-02
2.985487052553253626e-02
3.041741065364042887e-02
3.014841417425902226e-02
3.002149137066462484e-02
3.038450443061999073e-02
3.011128527188035309e-02
3.238077897382717757e-02
3.002149137066462484e-02
3.010085962061101114e-02
3.094482985871123762e-02
3.103717696030310058e-02
3.254456852017866691e-02
3.016030235287791780e-02
3.049934544839435699e-02
3.049934544839435699e-02
3.029323385120394341e-02
3.038450443061999073e-02
2.947385631244816423e-02
3.020182687220481638e-02
3.029323385120394341e-02
3.112516940577973734e-02
3.067382539998824570e-02
2.985487052553253626e-02
3.129075472046208284e-02
3.107098438093221920e-02
3.076436700031270899e-02
3.011128527188035309e-02
3.002261082848832474e-02
3.181823884571928496e-02
3.041741065364042887e-02
3.041741065364042887e-02
3.064747998879213328e-02
3.309052296289652362e-02
3.029323385120394341e-02
3.056262927767184473e-02
2.993680532028646438e-02
3.103717696030310058e-02
3.169206606681453792e-02
3.029323385120394341e-02
3.029323385120394341e-02
2.977780822248428383e-02
3.080448903144063569e-02
3.047463683219520797e-02
2.945895124255672876e-02
3.029323385120394341e-02
3.107098438093221920e-02
3.026916031750736050e-02
3.049934544839435699e-02
3.103717696030310058e-02
3.234368355008335194e-02
3.067382539998824570e-02
3.034034835059217991e-02
3.076436700031270899e-02
3.020484833264372102e-02
3.029323385120394341e-02
3.072821459235418676e-02
3.047463683219520797e-02
3.020182687220481638e-02
3.094704455872788335e-02
3.218592920972218607e-02
2.945895124255672876e-02
3.103717696030310058e-02
2.945693289043298940e-02
3.076436700031270899e-02
3.020484833264372102e-02
3.222673357609162625e-02
3.129077177176187857e-02
3.216510588073430432e-02
2.964230820453582840e-02
3.058515095659621735e-02
3.129077177176187857e-02
2.950064632184954544e-02
3.026916031750736050e-02
3.002261082848832474e-02
3.049934544839435699e-02
3.094704455872788335e-02
3.049934544839435699e-02
3.266551877203398985e-02
3.003134316244258917e-02
3.085577397931183602e-02
3.026916031750736050e-02
3.094704455872788335e-02
3.058515095659621735e-02
3.072821459235418676e-02
3.087658956541865576e-02
3.085577397931183602e-02
3.038450443061999073e-02
3.112952593870664877e-02
3.014841417425902226e-02
3.103717696030310058e-02
3.181823884571928496e-02
3.020484833264372102e-02
2.945693289043298940e-02
3.006318644995743805e-02
2.916271058196852686e-02
3.041741065364042887e-02
3.121002011690002589e-02
3.029323385120394341e-02
2.947385631244816423e-02
3.157206370384931654e-02
2.985487052553253626e-02
3.020484833264372102e-02
2.977780822248428383e-02
3.112516940577973734e-02
2.916271058196852686e-02
3.085577397931183602e-02
