1.037719549486434533e-03
1.139080593103021987e-03
1.106891323654713528e-03
2.877407085537807101e-03
1.071509304215290765e-03
2.905243755471303632e-03
1.037282297881622628e-03
1.000519147093024887e-03
2.970635101134706194e-03
1.043563762513319369e-03
1.076664515480626029e-03
2.662320156145156838e-03
1.042837398308664931e-03
1.134727993588210276e-03
1.117363750376558973e-03
1.139080593103021987e-03
1.099698375504018586e-03
2.962765712539159636e-03
1.056840629290920234e-03
1.031288522684909023e-03
1.110203079035230111e-03
1.141447747094527813e-03
1.106891323654713528e-03
2.989895614150113803e-03
1.092457572509137123e-03
1.103143683640456316e-03
2.914668553999565006e-03
1.096222846889923636e-03
1.077981532777555571e-03
1.131839790108140524e-03
1.110203079035230111e-03
1.187460211545293427e-03
2.803089638876275162e-03
1.065001937219866917e-03
1.056840629290920234e-03
1.099698375504018586e-03
1.050318187800599028e-03
2.970980633600387236e-03
2.842471856475278780e-03
1.050095633882313848e-03
2.862973334392230479e-03
1.085206197367754319e-03
1.046322100244083571e-03
1.056840629290920234e-03
1.050095633882313848e-03
2.783454731852512062e-03
1.070820861436226710e-03
1.015406160681521421e-03
1.056840629290920234e-03
1.037551282091858608e-03
1.050095633882313848e-03
1.206845628253604098e-03
1.106891323654713528e-03
1.117363750376558973e-03
1.043563762513319369e-03
1.099698375504018586e-03
2.920336793997266745e-03
1.059695388986175990e-03
1.010935970201595627e-03
1.085206197367754319e-03
2.803089638876275162e-03
1.006939882645080169e-03
1.110203079035230111e-03
1.085206197367754319e-03
1.050318187800599028e-03
2.848497294660648927e-03
1.056840629290920234e-03
1.077981532777555571e-03
2.950513396551110619e-03
1.085206197367754319e-03
9.981690644928552063e-04
1.085206197367754319e-03
1.043563762513319369e-03
2.923897956543668013e-03
1.077981532777555571e-03
1.042837398308664931e-03
1.117363750376558973e-03
1.025619719620863516e-03
2.773846774866125207e-03
1.200464871717294097e-03
1.194004123350535761e-03
1.096222846889923636e-03
2.959286469978168570e-03
1.063761466041453132e-03
1.187460211545293427e-03
3.001298453022332221e-03
1.174110211187213678e-03
1.099698375504018586e-03
3.025908329495296829e-03
1.063761466041453132e-03
1.070820861436226710e-03
1.006939882645080169e-03
1.255392567612203473e-03
2.766595399724742187e-03
1.127915561819302186e-03
1.089477851481317249e-03
1.255392567612203473e-03
2.759370735134543222e-03
1.031288522684909023e-03
2.911963508977621386e-03
1.056840629290920234e-03
1.213149564567500994e-03
2.781087577861006237e-03
1.000775530545398601e-03
2.748898308412697777e-03
1.096222846889923636e-03
1.080816676298467600e-03
2.970635101134706194e-03
1.070820861436226710e-03
1.059695388986175990e-03
2.897739417267592744e-03
1.085206197367754319e-03
1.077981532777555571e-03
1.194004123350535761e-03
1.020313171387172589e-03
1.003455180709661530e-03
1.117363750376558973e-03
2.884515738944664828e-03
1.050959486903964811e-03
1.025619719620863516e-03
1.082945980112322770e-03
1.187460211545293427e-03
1.070670740283912207e-03
1.103143683640456316e-03
1.076664515480626029e-03
1.099698375504018586e-03
1.050095633882313848e-03
1.089477851481317249e-03
1.153382194660574657e-03
1.121007280179767878e-03
1.039901364692028072e-03
1.076664515480626029e-03
2.846252716241016653e-03
1.131839790108140524e-03
1.015406160681521421e-03
1.025619719620863516e-03
1.031288522684909023e-03
1.050318187800599028e-03
1.146273541253716929e-03
2.983665326450594350e-03
1.010935970201595627e-03
1.106891323654713528e-03
2.951345726576624570e-03
1.089477851481317249e-03
1.106891323654713528e-03
1.103143683640456316e-03
1.103143683640456316e-03
1.031288522684909023e-03
1.015406160681521421e-03
2.816117195945198361e-03
1.020313171387172589e-03
1.148077993946290025e-03
1.096222846889923636e-03
1.065001937219866917e-03
1.117363750376558973e-03
1.261196120036077234e-03
1.221813902437073832e-03
1.037551282091858608e-03
1.103143683640456316e-03
1.103143683640456316e-03
1.121007280179767878e-03
1.174110211187213678e-03
2.974761493366125976e-03
1.025619719620863516e-03
1.139080593103021987e-03
1.117363750376558973e-03
1.015406160681521421e-03
1.154621905751532359e-03
1.050095633882313848e-03
1.139080593103021987e-03
1.153382194660574657e-03
1.096222846889923636e-03
1.089477851481317249e-03
1.025619719620863516e-03
1.141447747094527813e-03
1.198278322160666954e-03
1.037282297881622628e-03
1.025619719620863516e-03
1.099698375504018586e-03
1.043563762513319369e-03
2.841336623319320066e-03
2.937121634866595929e-03
2.869576163868839055e-03
1.167297779418305587e-03
2.908796056676352798e-03
2.861386837025004914e-03
2.891544552588186379e-03
2.862973334392230479e-03
1.174110211187213678e-03
1.031288522684909023e-03
1.050095633882313848e-03
1.050318187800599028e-03
1.085206197367754319e-03
1.063761466041453132e-03
1.043563762513319369e-03
1.249537567830201912e-03
2.925137667634625932e-03
1.096222846889923636e-03
1.082945980112322770e-03
3.014143710965129161e-03
2.859993613364410388e-03
1.031288522684909023e-03
1.042837398308664931e-03
1.070820861436226710e-03
2.741705360262003052e-03
1.103143683640456316e-03
1.096222846889923636e-03
1.063761466041453132e-03
1.124588414966757721e-03
1.043563762513319369e-03
1.010935970201595627e-03
1.124588414966757721e-03
1.187460211545293427e-03
1.082945980112322770e-03
1.063761466041453132e-03
1.110203079035230111e-03
2.951345726576624570e-03
1.050095633882313848e-03
1.103143683640456316e-03
1.043563762513319369e-03
1.146273541253716929e-03
2.862973334392230479e-03
1.042837398308664931e-03
1.025619719620863516e-03
1.031288522684909023e-03
1.050095633882313848e-03
1.117363750376558973e-03
1.092457572509137123e-03
1.148077993946290025e-03
1.085206197367754319e-03
1.056840629290920234e-03
9.964422156068389672e-04
1.046322100244083571e-03
1.037282297881622628e-03
1.124588414966757721e-03
1.063761466041453132e-03
2.822836949451515247e-03
1.020313171387172589e-03
1.110203079035230111e-03
1.066120984265500312e-03
1.099698375504018586e-03
2.923897956543668013e-03
1.020313171387172589e-03
2.953714125970153224e-03
1.046322100244083571e-03
1.006939882645080169e-03
1.046322100244083571e-03
2.880954576398263127e-03
1.121007280179767878e-03
2.903273080744559094e-03
1.077981532777555571e-03
3.033295816079539103e-03
1.046322100244083571e-03
9.964422156068389672e-04
1.121007280179767878e-03
1.085206197367754319e-03
9.981690644928552063e-04
3.060068939947855216e-03
1.070820861436226710e-03
1.099698375504018586e-03
1.063761466041453132e-03
2.827356391174013807e-03
1.056840629290920234e-03
1.056840629290920234e-03
1.050095633882313848e-03
1.124588414966757721e-03
1.077981532777555571e-03
2.937813541301398726e-03
1.000519147093024887e-03
1.000519147093024887e-03
1.043563762513319369e-03
1.131839790108140524e-03
1.006939882645080169e-03
2.834277227924546488e-03
3.008176301642763711e-03
1.077981532777555571e-03
1.117363750376558973e-03
1.092457572509137123e-03
2.741705360262003052e-03
1.085206197367754319e-03
1.070820861436226710e-03
1.103143683640456316e-03
1.117363750376558973e-03
2.887879512259652545e-03
2.859993613364410388e-03
3.014143710965129161e-03
2.975594233331383971e-03
2.712827846194211176e-03
1.050095633882313848e-03
1.037282297881622628e-03
1.082945980112322770e-03
1.037282297881622628e-03
1.075571449801031049e-03
1.006939882645080169e-03
1.085206197367754319e-03
1.056840629290920234e-03
2.846252716241016653e-03
1.117363750376558973e-03
1.117363750376558973e-03
2.918593755829383164e-03
2.848497294660648927e-03
1.110203079035230111e-03
1.050318187800599028e-03
1.085206197367754319e-03
2.834277227924546488e-03
1.124588414966757721e-03
3.060068939947855216e-03
1.160389497778771279e-03
1.124588414966757721e-03
1.085206197367754319e-03
1.134727993588210276e-03
2.923897956543668013e-03
2.834277227924546488e-03
9.965030471219909168e-04
1.031288522684909023e-03
2.862973334392230479e-03
1.065001937219866917e-03
1.070670740283912207e-03
