1.779496993778300088e-03
2.012896111529599921e-03
9.907046173126998929e-04
9.305571547241000023e-04
1.422741983775500018e-03
1.307412434460299968e-03
1.241297686061799965e-03
4.293140891356999906e-04
1.520960692846500028e-03
1.004596757891399990e-03
1.542349787703199910e-03
9.956112388752999445e-04
8.682670223361999874e-04
1.499344676185299921e-03
1.042573865151999934e-03
1.113851481955800042e-03
7.830463838793000082e-04
1.303255661684699996e-03
1.331578569917000023e-03
1.873216279935399978e-03
1.507369815789299985e-03
7.917219247858999897e-04
1.403503899635399985e-03
1.584278338513999979e-03
1.504093515396400004e-03
1.315703524052799951e-03
1.124622192991300059e-03
2.070268007966100110e-03
9.447661430277999855e-04
1.603578272134299938e-03
1.074011240243800047e-03
1.278298614052099944e-03
1.217679930891000075e-03
1.801306565482800040e-03
1.340968505560400075e-03
1.556681478027299899e-03
1.020274356739099900e-03
1.280202705243800023e-03
1.679178843757800094e-03
9.734760499114999835e-04
1.412757838617500041e-03
1.343801010731099973e-03
9.718207971365000128e-04
1.071569377685299999e-03
1.281271364178800023e-03
1.155007885313699949e-03
9.347123665247999633e-04
1.650322151200800001e-03
1.610969019880700024e-03
1.940872118069799984e-03
8.166235602917000166e-04
1.530991190729999929e-03
1.685591784487000056e-03
9.883824865831000901e-04
1.276782524853900102e-03
1.313096586083400052e-03
1.511372820275799951e-03
8.561608204777000110e-04
1.393443444246399935e-03
1.945800191423099944e-03
1.205470556588000017e-03
9.913714268695000397e-04
1.374727625364899905e-03
6.552559421005000294e-04
1.812528273599700070e-03
1.104805138557299901e-03
1.462576054828400004e-03
1.486494638763899943e-03
1.558639369449099903e-03
8.652069303705999881e-04
1.361248388720900102e-03
1.191306022196800003e-03
1.032886635524199893e-03
1.391829297120500105e-03
1.075805238957699972e-03
1.311797529705999946e-03
1.409715043862800081e-03
1.060438651976899904e-03
1.614563870026800019e-03
1.249167180668599901e-03
1.266533484190500002e-03
1.650086694154300057e-03
8.168243459975000308e-04
1.491425961144100072e-03
1.194453794590199895e-03
1.249082782561299933e-03
1.602906330858800072e-03
1.511551954057800077e-03
7.825632918277000347e-04
9.742966922585999823e-04
1.059823100641500010e-03
1.387589811840400080e-03
9.898580476468000610e-04
1.545300784420199905e-03
1.170513788243800072e-03
1.417148201358200098e-03
1.361501364047400069e-03
1.005538413542699915e-03
1.373387874435299996e-03
9.899049997582000555e-04
1.867625990517499980e-03
9.020391667134000169e-04
1.511372820275799951e-03
1.498262113323700021e-03
1.003918490329699931e-03
1.849748072712700028e-03
1.209869925360100096e-03
7.777095016562999598e-04
1.615727031463900024e-03
1.275255221681000041e-03
1.602606874987000081e-03
1.700319967243099899e-03
1.464692334596100036e-03
2.127685570482699962e-03
7.332565918086000108e-04
1.694627584855499950e-03
1.239387455288099970e-03
4.657464064911000126e-04
1.187934084950000024e-03
7.874880740663000016e-04
1.423288244900000003e-03
9.950722006915998976e-04
1.753341132944100014e-03
1.521011055513800002e-03
1.349329113546499917e-03
1.110125632211800056e-03
1.363624576645800033e-03
9.958415574556000408e-04
8.597775916881000369e-04
1.076145798053599906e-03
1.128194796490599935e-03
1.165248138647400006e-03
1.074176053496199911e-03
1.560187553068899911e-03
9.458614802571999915e-04
1.445487355927799894e-03
1.594419438857200061e-03
1.123868661108299921e-03
1.913968996371499896e-03
1.157820352989599949e-03
1.513569439350599937e-03
9.744913718125999868e-04
1.232790403766599900e-03
1.964872580338099944e-03
1.711811402383800040e-03
1.183980778746600033e-03
1.026962094936400074e-03
6.595682486102000513e-04
1.346032178431199981e-03
1.630639483590099956e-03
1.200777739310000033e-03
1.297455122440899960e-03
1.628308841475700069e-03
1.258205927212699936e-03
1.376506621055099923e-03
1.828961501529199939e-03
2.355156847765499904e-03
1.996697629838100046e-03
2.197555761052899861e-03
1.805868494905300088e-03
7.753307971086000104e-04
1.506908973154600035e-03
1.341547260895700018e-03
1.480885631441399963e-03
1.569194908966199935e-03
1.572659862074599979e-03
9.364208885166999761e-04
1.611558527128099981e-03
1.548874994458600100e-03
8.643315394961000042e-04
1.356614469827100095e-03
1.508914486021299900e-03
1.435589611121100041e-03
1.045379978419199970e-03
1.139779576669900036e-03
6.757713634323000203e-04
1.143263293007199932e-03
1.988513653236400214e-03
1.137264280940899911e-03
1.737130914690200026e-03
1.175281936277199893e-03
4.752215601688000268e-04
1.090970285539200058e-03
1.135648852562599898e-03
1.544306861961000036e-03
1.582716539520800068e-03
9.634732599789999803e-04
4.514133563678000252e-04
1.212314212357300074e-03
9.359706017773999909e-04
1.394428605682199998e-03
1.185948731210499955e-03
1.833198229882899901e-03
1.179084800396100041e-03
1.566437316595900055e-03
1.311152744300500030e-03
9.077347438669999997e-04
1.412463179154299989e-03
7.156889006163999478e-04
1.398732832904100044e-03
1.605870925965800040e-03
1.488906880865199919e-03
1.012576523969400044e-03
9.290239980589000239e-04
1.231932854091099963e-03
9.637448759103999776e-04
1.420829249487799966e-03
1.027606101371700015e-03
1.416171328863900011e-03
4.783178642845000014e-04
1.113090745689700048e-03
1.772763294834300103e-03
7.935991680230000027e-04
1.588421019405599974e-03
1.220310086621599925e-03
1.688284420937600063e-03
1.049707865873000020e-03
1.092357571495599939e-03
1.428958047877299919e-03
1.467138990237699990e-03
1.748117980368800017e-03
1.305660527250600104e-03
1.068618654276100007e-03
6.503377716516999668e-04
1.368104547200700094e-03
7.867895762762000230e-04
7.543302269986999981e-04
1.538017668591999936e-03
1.834035547671999901e-03
1.711397085260599931e-03
5.129366287053000297e-04
1.154084806913500093e-03
1.105576012933400052e-03
1.170588084705100106e-03
8.013452781848000306e-04
9.562361503641999974e-04
8.778640846320999490e-04
1.259157163847200028e-03
1.064008781610900102e-03
5.717194536057999951e-04
1.489381789866900093e-03
4.982843590841000078e-04
5.080203225076000305e-04
1.224291363371700098e-03
1.534641567611899973e-03
1.175421896374500078e-03
7.764190015278000026e-04
8.490693087399999676e-04
7.158998864256999701e-04
1.194260131812999908e-03
1.232856137551499977e-03
1.898547793657200068e-03
1.735644494082600083e-03
9.479018846923000126e-04
5.846197204487000275e-04
1.606313194270399952e-03
8.680907227301999781e-04
1.369620658851299902e-03
1.521832068670300004e-03
8.918468137656000022e-04
1.828961501529199939e-03
1.005582541010100091e-03
1.426894085717799994e-03
1.179084800396100041e-03
7.439800543247999639e-04
8.141879436200000252e-04
1.390479802538199978e-03
2.054270377537499928e-03
6.890913775636000336e-04
6.891925614536000130e-04
2.102887010315599835e-03
6.878990051148000306e-04
1.879618067243600012e-03
1.171158813052999978e-04
1.130240513865500085e-03
1.822714192199600004e-03
1.611187052997700014e-03
1.391829297120500105e-03
8.929185860295999876e-04
1.145574083988999898e-03
6.969114192061999545e-04
1.542001594408100090e-03
1.395103841388100003e-03
1.176700627056599929e-03
1.098954773278899974e-03
1.345180324458100001e-03
1.467547246865899936e-03
1.155250705631100019e-03
8.201948339339999814e-04
1.989431204285200139e-03
1.237264741784400036e-03
1.685696688331199964e-03
1.503831741264000012e-03
1.454393656054099940e-03
1.585293115032199900e-03
8.767152380028000016e-04
1.724264266502600028e-03
1.332728474613799905e-03
8.765203144795000482e-04
7.416004282625999989e-04
1.577951567088400073e-03
1.685918596085300052e-03
1.011314298909900006e-03
1.409058348895299946e-03
1.092475362278900108e-03
1.983257453564500183e-03
1.261271928771099966e-03
8.067726812098999917e-04
1.337098295328600006e-03
1.114758899628700076e-03
1.460596785636099999e-03
1.209184797715199969e-03
2.012190822564599840e-03
1.416286254618799893e-03
1.288833840244200035e-03
1.556042885991100033e-03
1.263671412401300024e-03
1.519902976639699943e-03
1.143506815748500079e-03
9.383761879442000138e-04
1.448369988008699942e-03
1.179139025592999997e-03
9.843516447028001059e-04
8.687694807039999644e-04
1.758120857286099917e-03
1.081373607767599975e-03
1.130290992601000032e-03
1.592560063530800004e-03
1.891941756668099987e-03
1.460749482062600026e-03
1.194453794590199895e-03
1.441484204253699929e-03
1.038349557281199962e-03
1.377305117252399956e-03
1.450815665873199942e-03
1.008428532221800067e-03
1.846120511411500093e-03
1.010920006052700012e-03
1.223416855332399916e-03
2.191005100728899823e-03
1.892537049071500027e-03
1.913022751395200083e-03
6.701024375838999982e-04
9.808862982637000204e-04
1.109381329708700008e-03
9.778245004607999391e-04
1.248954537182700051e-03
8.667039949900999952e-04
1.368929299506200072e-03
1.264584131793499962e-03
1.600906765203800094e-03
1.189829568074199980e-03
9.488595473384000027e-04
8.405041493878000376e-04
1.730402743160800068e-03
5.827346178826000190e-04
1.253989694704100077e-03
1.535404499383900096e-03
6.461847537146999786e-04
7.562967389161999801e-04
2.098516959667999938e-03
1.500687116515400090e-03
7.353278656380000033e-04
7.993716391427999925e-04
1.335096426909300037e-03
1.301753517185400087e-03
1.020000285811900045e-03
1.241447168981800030e-03
1.889348933377800075e-03
1.458153228249500040e-03
1.284357914913299929e-03
1.517314388502699922e-03
7.277522318854999723e-04
9.317865046214999537e-04
1.391916114679699968e-03
7.717774325553000301e-04
1.233049143803500091e-03
1.541308206209399947e-03
1.767783450207700098e-03
1.299101459137600107e-03
1.724312824748999978e-03
8.066654938369999684e-04
1.301292694460199966e-03
1.051327071037199898e-03
1.043258052554899918e-03
1.363624576645800033e-03
8.906970412251000212e-04
1.097096663703900094e-03
1.218847356764400040e-03
2.053079025098100002e-03
1.645313054684300084e-03
1.534557928808399961e-03
1.356614469827100095e-03
8.098466829196999820e-04
5.288371399863999595e-04
9.165009801058999735e-04
1.286692157392999979e-03
1.717229944458700070e-03
8.222769675615000358e-04
2.614004561984000202e-03
8.598970434816000314e-04
1.179346070994200055e-03
1.409104867188600008e-03
1.535626937273499920e-03
1.074035145989999914e-03
1.540144220427500056e-03
1.051371173873599926e-03
1.121192110158800073e-03
9.338455509800999655e-04
8.741205231667999610e-04
1.316938733126300038e-03
8.555559933032000309e-04
1.346475466691999905e-03
1.855404688047799892e-03
1.597666173364199922e-03
1.001674683124500033e-03
1.244435740799699911e-03
7.968149521698999647e-04
9.449049584524999747e-04
1.834322360419500010e-03
1.022228628708699927e-03
8.636256555486000221e-04
1.105529880290299916e-03
1.008567215697599899e-03
7.337027367257000074e-04
1.060438651976899904e-03
6.442030293029000435e-04
2.002070212369800022e-03
6.837359435786000052e-04
1.305559741276699935e-03
1.226656816232500006e-03
9.796333819529000168e-04
1.032976128008099900e-03
1.303005412428199974e-03
1.292064138407699901e-03
1.781775418830800102e-03
1.243379793994100037e-03
7.824640734288000089e-04
8.326331164719999543e-04
1.591881352587400100e-03
6.166094380120999566e-04
1.139883884802199996e-03
1.154907401060899924e-03
1.852815258751000071e-03
9.374633108609999521e-04
1.098485544338699939e-03
1.269040711246200099e-03
1.466718140596199932e-03
1.260246386209399987e-03
1.795212755342900013e-03
1.394579373699899975e-03
6.420010048786999914e-04
1.815003902282100092e-03
8.963612990267000270e-04
1.255253098397199904e-03
1.353002754070100049e-03
1.491812335608999921e-03
1.663211227313900068e-03
9.469290061835999644e-04
7.327615925120999985e-04
1.591098179635299899e-03
7.820875385308999903e-04
1.022083158055399951e-03
9.305571547241000023e-04
9.367392213285999965e-04
1.857961531093200004e-03
1.062561717528599965e-03
1.439366216616300067e-03
6.483573515225999956e-04
9.863641874805000823e-04
1.010144977821299988e-03
1.488659233830800024e-03
1.573241765817899943e-03
1.531112961466799894e-03
1.381022553677100024e-03
1.925311296670399915e-03
8.162280498398000444e-04
1.719326561359799978e-03
1.354290903842599904e-03
9.039363856987000156e-04
1.406932437385099988e-03
7.409680747996000511e-04
1.932318845475500084e-03
1.314159850859899972e-03
1.176782256479299953e-03
1.337388824945000016e-03
1.333612703381600005e-03
1.142617684974200042e-03
1.516725178340999972e-03
9.598577794954000261e-04
1.791845777864799942e-03
8.295326227598000127e-04
1.666639857763299983e-03
1.568314863505100012e-03
1.098954773278899974e-03
1.435313172298099960e-03
1.799821602214700042e-03
1.146619881098499914e-03
1.104105951904700003e-03
1.293532758945400030e-03
1.442284213416199917e-03
1.214392501138900028e-03
1.158623744402600009e-03
1.171639106314600063e-03
1.506591219664499964e-03
9.996355948351000331e-04
1.362207394416999973e-03
1.433070907738899936e-03
1.352054436182300017e-03
1.381612719197200002e-03
9.669369526145000322e-04
1.536003476789199896e-03
8.570432882437999632e-04
1.820591868010700085e-03
1.558328543889999978e-03
1.055176501939400100e-03
1.312400380359699924e-03
1.243451301254199989e-03
1.307195514231099904e-03
1.296167828168600083e-03
1.223373725071799948e-03
1.402125376098800049e-03
8.594464486885000209e-04
1.328413979630899914e-03
1.253164422079199904e-03
9.593668147512999719e-04
1.142513135003500081e-03
1.305850945834400060e-03
1.806762080230599893e-03
8.592175369642999659e-04
6.334407036844000088e-04
1.224083747254499973e-03
1.236915194849200032e-03
1.099522099479500071e-03
2.301016095046000062e-03
1.511405898307999988e-03
1.541308206209399947e-03
1.632632220661000069e-03
1.633902558514699994e-03
1.439840275592499949e-03
1.475201603093299896e-03
1.368540565846800092e-03
2.054436447084200153e-03
1.695925267195399957e-03
1.097096663703900094e-03
1.557453428270600066e-03
1.607206182279599964e-03
7.897675348807999462e-04
1.618638520963000104e-03
1.010669868613699911e-03
1.283059979922999971e-03
1.292013553590100035e-03
1.264244879981100012e-03
1.112776625718400053e-03
1.106851968596300013e-03
1.775421926634599898e-03
8.441292039556000165e-04
1.324916795566400069e-03
1.405627290922199964e-03
1.957483162189199884e-03
1.246175149886600067e-03
1.167413424704500042e-03
1.180529613335400086e-03
1.259985768608399941e-03
1.633851108909700018e-03
1.353450019015600041e-03
1.345110780056000101e-03
1.811493698365700079e-03
7.306230492311999690e-04
2.003566006435799837e-03
1.290129318360700101e-03
1.700141400242099945e-03
8.114165716536999879e-04
7.872441213707000434e-04
1.704485549850600105e-03
1.499107793611199934e-03
2.404137168479500083e-03
1.523438451811000077e-03
1.173890852518499938e-03
1.535731149813399999e-03
1.249648752835799898e-03
1.273782795219000020e-03
8.088397564784999575e-04
5.001510273543000344e-04
1.535937015923999989e-03
1.643767770640200063e-03
1.474809051959100102e-03
7.556665465014999767e-04
1.242736829968299960e-03
7.002516193703999534e-04
1.439736693282500039e-03
8.741272572695999799e-04
9.769510027412000534e-04
9.446527710289000495e-04
1.554776749212299957e-03
1.041375201108299918e-03
1.734100442422400069e-03
1.048077982545300019e-03
1.403095375761700004e-03
1.039371166448600000e-03
1.108768521427000095e-03
1.277840621705100084e-03
1.164661962780600031e-03
1.520989171988099912e-03
1.440250201603000043e-03
1.404965185171700012e-03
7.729541869770000309e-04
6.014843305191000479e-04
1.112445921358099941e-03
1.096816570081799933e-03
1.126624329506399928e-03
7.826554939448000401e-04
6.211815922226999716e-04
1.613279698574700055e-03
1.291910012015200096e-03
9.572661634128999848e-04
6.309438783354999469e-04
1.097311041704400036e-03
1.488409376268999898e-03
1.355296334547299994e-03
1.012854298969899933e-03
1.833564262742799940e-03
1.368462178663200097e-03
1.385185552898700063e-03
7.966526861749000099e-04
7.332565918086000108e-04
9.286859876331000343e-04
1.034121672752500018e-03
1.302658746075999966e-03
9.663746500316000403e-04
1.690090391058400067e-03
1.183980778746600033e-03
1.223880843105699945e-03
1.335082227853099908e-03
1.013532603238100028e-03
1.153054791167499931e-03
1.421147830253899911e-03
7.619799994857000183e-04
1.165919082034399959e-03
1.464524165303600052e-03
1.283265343063999964e-03
1.423326883319499941e-03
8.795738860615999900e-04
7.706059426526999830e-04
1.261832099171099992e-03
9.417167501561999558e-04
1.164227973915699923e-03
1.391364761531200048e-03
1.269890627716800061e-03
9.199819312144000239e-04
7.353681093123000129e-04
1.581771139995600010e-03
1.193406970146999998e-03
9.432913344289000105e-04
2.509839629422199944e-03
8.355056909113999820e-04
6.856345505653999809e-04
9.138590148324000038e-04
1.637945058266700084e-03
1.601931169010799945e-03
1.045379978419199970e-03
1.902069452685700062e-03
1.493128314174699961e-03
1.441256671311300086e-03
8.174724037072999801e-04
1.642627580667800104e-03
1.043837995945099979e-03
9.625730534030999637e-04
1.376998486650300073e-03
1.153783518626600021e-03
1.104480350202999978e-03
1.438502032361100051e-03
1.150997935092800024e-03
1.344156040224200052e-03
1.861318786803199893e-03
1.242892267486300035e-03
1.362318061341099900e-03
1.099935956212799932e-03
1.062144912428699978e-03
1.038722560404399921e-03
1.214954920513399957e-03
9.805119979915000866e-04
1.006696529941299894e-03
1.949784806515300053e-03
1.238759610852200070e-03
1.114104131883000056e-03
1.236786711379200040e-03
1.109884562260199988e-03
1.022233497591999935e-03
1.422386837022500015e-03
1.532875574778600099e-03
1.071611978903900088e-03
1.124444947829699977e-03
1.394887429475600085e-03
8.514711915228999903e-04
1.396477567080899951e-03
1.438503728802200060e-03
1.578329160683300059e-03
1.539850135455299914e-03
8.355056909113999820e-04
1.312838178334700071e-03
6.136416034869000488e-04
1.283265343063999964e-03
1.231141411250600030e-03
8.955961240660999722e-04
1.204128762455899905e-03
1.103459127988199893e-03
1.048385308557400102e-03
1.235864199267699927e-03
1.591881352587400100e-03
1.303604289431000091e-03
1.314159850859899972e-03
8.320149119729999994e-04
9.050245251912000322e-04
1.190281699482499981e-03
1.084178350519099951e-03
9.568394591275999981e-04
1.424177042522600019e-03
1.285665127396799995e-03
1.736710407049000008e-03
1.230593522073099907e-03
1.051984564980600013e-03
1.137172867161500038e-03
9.719091229077000439e-04
8.363246113045999823e-04
1.548874994458600100e-03
1.233663357358399893e-03
7.183763288127999668e-04
1.640841849064400039e-03
1.558005848361500084e-03
1.174595134457299961e-03
1.638558123405000006e-03
1.196292738853200035e-03
1.231226928717099947e-03
1.701648437217299957e-03
1.377098216689399924e-03
2.064388505746799808e-03
8.008176265557999732e-04
8.970768447339999953e-04
1.545246070106900006e-03
1.408646724810300047e-03
1.244005808964299912e-03
1.191643488105400108e-03
1.274859420871100055e-03
1.303241535353999968e-03
9.205790289864999778e-04
1.004443478578799899e-03
9.235955029300999463e-04
1.616727338055200030e-03
1.170588084705100106e-03
1.011293598445600064e-03
1.617536279713999939e-03
1.204728636171300063e-03
1.530618556445900074e-03
1.911995488496999896e-03
1.298156881476699972e-03
1.802424051051799894e-03
1.301810292696899954e-03
1.857499937015099929e-03
1.480885631441399963e-03
1.409145836352900015e-03
1.449518787737999947e-03
1.787688494473399893e-03
1.771813663451300095e-03
2.076705348213699932e-03
8.290755829232999887e-04
1.234251291780700090e-03
1.784589634410700025e-03
1.710099139960399904e-03
1.355772218638300053e-03
1.116933981911100030e-03
1.602844404432699973e-03
2.092514349562200112e-03
2.079783741370799799e-03
1.147778068387300069e-03
7.681753818685999567e-04
9.955648658528000461e-04
1.397267119109699965e-03
1.871731403983899894e-03
1.897341299144400095e-03
9.853467854787001032e-04
9.418809365229000030e-04
7.974973330259999904e-04
9.395709027277000238e-04
1.225855388066500028e-03
8.721211000448999976e-04
1.613747395355100015e-03
1.791148548893799989e-03
1.535679530601500101e-03
2.257812634392100150e-03
1.197019254948700076e-03
7.493975313525000391e-04
1.410088412311700070e-03
1.342404260084100040e-03
9.847612491038001004e-04
1.830912614813199994e-03
8.316903259725999878e-04
1.952011618053700040e-03
1.055941159522200048e-03
1.409197786543299946e-03
1.648552780851599920e-03
1.621448656210499944e-03
1.148063102881600106e-03
2.297797090130399966e-03
1.922936928214899997e-03
1.571536617010399917e-03
9.039363856987000156e-04
1.585985129592499968e-03
1.297848874147800036e-03
1.464996844079400002e-03
8.614023114258999780e-04
1.959755100518999898e-03
1.743383879138999922e-03
8.685138165088000361e-04
1.456961058650999962e-03
9.326462188837999481e-04
8.068730228074999728e-04
1.273978037746200092e-03
1.578924273797399896e-03
1.548447666897300075e-03
1.640841849064400039e-03
1.228235076619299928e-03
1.130290992601000032e-03
1.138054395947800043e-03
1.475201603093299896e-03
1.106031535403299978e-03
1.833704913159299931e-03
1.137172867161500038e-03
1.064457301534600013e-03
9.598577794954000261e-04
1.216315211776499913e-03
9.070249903455000328e-04
1.691891471944799918e-03
1.172967129224799935e-03
7.095854111411999598e-04
1.376591712065300096e-03
2.119090676844600021e-03
1.465966277521899962e-03
7.253103700525999516e-04
1.427587364226099928e-03
9.440840019581000055e-04
6.861544918633999618e-04
1.019481761764799927e-03
1.237489111587200021e-03
1.144397808132099990e-03
1.556340759160499895e-03
6.104124288934999892e-04
1.393110414432599921e-03
8.668403415574999632e-04
9.872535981652000997e-04
1.733050864708699911e-03
1.757560339453600020e-03
9.956112388752999445e-04
9.837602423453000507e-04
1.667722569932300093e-03
5.229268855302999673e-04
1.435155207903099925e-03
1.438502032361100051e-03
9.222991349267000349e-04
1.922936928214899997e-03
1.715840693855000092e-03
1.571310749407199949e-03
1.033189920939299976e-03
6.414970666179999493e-04
1.944840878220499992e-03
9.511842881492999857e-04
1.497818116078099976e-03
1.560925148331800084e-03
1.674524551167300103e-03
2.009223677417999818e-03
9.199589806236000257e-04
1.247683167146400101e-03
1.046673171454600001e-03
2.157672960705099910e-03
1.724848171963000009e-03
1.224291363371700098e-03
1.437520941623900020e-03
8.721781999113999715e-04
1.409353324292500096e-03
1.344906945572300026e-03
1.303138123447900032e-03
1.175656111803300092e-03
1.305618873218199931e-03
8.654056492801999977e-04
1.298057465998400054e-03
1.462576054828400004e-03
8.789946282764000019e-04
1.008262773886699952e-03
1.337098295328600006e-03
8.471713814574999973e-04
1.488280076232900012e-03
1.071405642874400082e-03
5.098597734081999899e-04
1.307438974325799905e-03
1.494544256621500086e-03
1.185462712013699927e-03
1.129733612520699912e-03
1.289387294074700050e-03
9.164447550415999715e-04
1.602844404432699973e-03
1.422063817198599908e-03
9.366956119627999630e-04
6.409258042977000356e-04
6.331898482185000345e-04
1.499107793611199934e-03
1.709189539881400067e-03
1.179582484345999922e-03
1.458153228249500040e-03
1.402054660933099934e-03
1.469137634933300081e-03
1.124567884216700004e-03
1.950190777970399990e-03
5.261075896822000383e-04
1.279899921645600040e-03
8.290286428763000374e-04
9.541842335533999922e-04
1.594438692323600030e-03
1.427591342140499932e-03
7.859078049068000341e-04
1.243631204387199906e-03
1.480975602016099991e-03
1.385903156030899967e-03
1.848326592989899984e-03
2.345209240452899788e-03
1.202523920854999939e-03
1.335628107434000010e-03
1.624875781375200020e-03
1.500673516191300101e-03
1.385161189554899976e-03
1.425125126241699996e-03
9.173479530349000184e-04
1.508827492416500065e-03
9.538040604692999682e-04
1.230309394744199961e-03
1.782555804874199961e-03
1.315589113103299984e-03
2.075892845098000015e-03
2.102887010315599835e-03
1.228243903269700095e-03
2.163825193463400111e-03
2.705445871999400103e-03
1.401768145496499899e-03
1.451177805505700011e-03
9.737252837241000330e-04
6.343957099155000294e-04
9.092913803160000523e-04
1.025825303945400056e-03
1.568258111359000038e-03
1.735644494082600083e-03
1.446248984321099910e-03
1.319673225095499905e-03
1.074680370635500105e-03
1.516900514491799920e-03
8.455240538412999666e-04
1.121192110158800073e-03
1.266954310958000058e-03
1.181202121390599949e-03
1.617536279713999939e-03
7.578752496310999474e-04
1.228605429883200019e-03
1.351924702258799947e-03
1.638558123405000006e-03
1.913931323946400096e-03
1.057400240319699911e-03
1.658274740313200012e-03
1.044636278392600034e-03
1.539186042789399958e-03
1.208462123222899974e-03
7.101676700826000223e-04
1.388448761385199922e-03
1.932545820242300002e-03
1.799411593758900012e-03
1.416111349274699937e-03
1.865051884421999994e-03
1.376275497116300102e-03
1.115741235097900087e-03
9.425323185903999867e-04
1.257180188047200093e-03
1.353789877191099913e-03
1.200782747483399894e-03
1.795137967683900059e-03
9.743399135776999913e-04
1.244626298117099995e-03
1.274991638605499919e-03
1.364071372275099973e-03
7.222757597570000215e-04
1.174364588822500097e-03
1.103823742441700003e-03
1.502524045314299929e-03
2.148208920593099990e-03
1.476790525287199982e-03
1.223880843105699945e-03
1.382430348124599924e-03
1.818691625077400098e-03
1.338968706503600040e-03
1.646195343801499893e-03
1.075477732796999977e-03
1.227381455759299919e-03
1.791137997171199934e-03
1.651109194347399932e-03
9.924548790112000182e-04
1.084245415115500091e-03
1.441679323601999978e-03
9.444979417363999962e-04
7.566943901701999979e-04
1.201760288483300033e-03
1.140942639215300090e-03
5.823595323546000308e-04
1.504423618467799935e-03
1.217874537957199920e-03
1.864868058199899972e-03
1.489784027715500107e-03
7.379456572337999860e-04
1.350195979373000014e-03
1.385234101293500008e-03
6.259332484797999535e-04
8.837268419363999809e-04
1.324857560838799912e-03
1.616840019167399903e-03
1.159566802094600052e-03
2.134541838210499923e-03
1.105174815658300017e-03
1.362244121891099946e-03
1.243019561308400089e-03
1.308047052999700014e-03
1.136472372653599952e-03
2.054270377537499928e-03
1.043329748030899983e-03
7.801292458634999805e-04
1.220310086621599925e-03
8.290755829232999887e-04
1.639329767892999971e-03
1.379876487667500064e-03
1.189434737284400046e-03
1.381612719197200002e-03
1.788673957963599894e-03
1.446764511829899983e-03
5.765346549378000309e-04
1.109927718458000043e-03
5.453136900652000383e-04
8.690017771314999901e-04
1.019811572995400067e-03
8.625219126720000320e-04
4.806311660732999957e-04
1.211062307697900091e-03
1.214890720304199903e-03
1.954841900059299791e-03
1.184414185124899955e-03
1.520989171988099912e-03
1.871006530327800049e-03
6.559246116679000359e-04
1.474940608254299897e-03
1.120612287075199980e-03
1.284787612991000099e-03
1.282774680905999967e-03
9.878392662441000220e-04
8.268046614527999700e-04
6.886576403291999994e-04
1.301031862054699995e-03
1.182692678635100100e-03
1.802831462428599934e-03
1.734106641145900058e-03
1.636907539543500101e-03
9.423235104992999612e-04
8.799816158895000474e-04
1.457025612420300049e-03
5.483080701417999839e-04
1.391009017513500107e-03
8.803921976289000306e-04
1.969425195976599874e-03
1.318284529489899921e-03
1.387921239491899912e-03
1.526149715075300053e-03
1.452845886380100095e-03
9.441420472834999517e-04
1.673050933241799956e-03
1.427875366960600035e-03
1.099914024753600008e-03
1.887032951104000104e-03
1.046670167824599899e-03
7.984466529343000165e-04
1.823484755340800106e-03
1.031059395260399900e-03
1.047930884418200002e-03
1.483067547294199999e-03
1.093798602157699997e-03
1.164227973915699923e-03
1.584934150534199988e-03
1.324667452418199984e-03
1.653720077875200012e-03
1.498772152414299926e-03
1.109814008098999969e-03
1.261484805623599948e-03
1.725096465013200003e-03
1.270579575235500054e-03
1.800953729731100085e-03
2.161235749504000162e-03
9.653951913934999754e-04
1.562691610775699931e-03
1.757560339453600020e-03
7.521432999728999659e-04
1.259593599437700039e-03
9.912436476815999174e-04
7.070618563229999617e-04
1.244361567345500042e-03
1.295773032893899907e-03
1.101505256373600103e-03
1.237202344209500059e-03
3.822602702716000112e-04
1.561227890179899946e-03
9.742966922585999823e-04
1.219230996112900030e-03
1.632921178088499962e-03
1.020602519634499937e-03
9.934098727791000789e-04
8.912814141143999506e-04
1.825080940117799989e-03
9.317616741760999547e-04
1.835935319989000052e-03
1.872955021895399922e-03
1.839746303994899959e-03
9.240866032396000520e-04
1.469655478204100066e-03
1.874491959856500103e-03
2.305466881161699969e-03
6.228238419524000482e-04
1.099878945838099996e-03
2.630681069351300042e-03
1.444766901096000006e-03
1.115819304093400082e-03
4.781130194023999963e-04
1.347366892183400090e-03
1.298465777110799921e-03
9.259766018991000183e-04
1.339039318588200076e-03
1.331242644468000075e-03
9.656899473506000290e-04
1.644192150758399954e-03
1.561629902659599986e-03
1.466858044047499943e-03
9.753730600936999550e-04
1.710099139960399904e-03
1.465306690945699947e-03
1.071414276420200014e-03
1.223656071279700074e-03
1.117682850908599925e-03
1.019640077673400090e-03
1.564553971581100072e-03
1.848582943360099979e-03
1.196724384525000087e-03
1.168950871913499931e-03
9.110943199350999937e-04
1.654155598724299991e-03
1.209529658840800045e-03
1.064008781610900102e-03
1.229143054029399910e-03
1.481863522551600011e-03
1.022635877319199964e-03
8.777918005415999685e-04
8.011756841823999701e-04
9.777423047950999438e-04
1.013580397687700082e-03
1.741728916180500068e-03
1.397478206666500061e-03
6.836422994730000395e-04
1.798055340586400021e-03
9.447482628814000537e-04
1.481418905026800001e-03
1.450156119872399955e-03
1.429669763792899969e-03
1.604889526984899914e-03
5.964032045678999616e-04
1.484682163521999949e-03
1.245914092627399983e-03
7.308262473150000348e-04
7.596270474345000363e-04
1.663985559097400091e-03
1.787688494473399893e-03
1.171718117276999939e-03
1.587414904950099981e-03
1.416286254618799893e-03
8.576932592070000234e-04
9.199589806236000257e-04
1.993235706649599832e-03
1.267055996580300058e-03
1.001626845451700004e-03
1.169925624689000009e-03
2.092514349562200112e-03
1.297487259246999898e-03
1.433265433342000060e-03
5.386320571816999563e-04
9.805859499247000614e-04
1.398786658506599896e-03
1.620698379937499925e-03
1.050919727796600098e-03
6.470761998065000225e-04
1.757467232592200028e-03
1.653061230496299938e-03
9.521961111960999509e-04
1.105529880290299916e-03
8.643315394961000042e-04
9.322421228589000382e-04
1.271306330595199912e-03
1.582226232809200031e-03
1.402054660933099934e-03
1.138292792946199970e-03
1.282585219146100070e-03
1.182352199492900076e-03
1.321246498382000045e-03
8.017516924546000227e-04
1.511551954057800077e-03
1.292176767183500019e-03
1.771722553559300058e-03
1.497171060304999975e-03
7.036604688186999480e-04
8.689193465217999761e-04
8.196235341866999835e-04
1.104075111073800049e-03
1.034941283496399909e-03
6.942492412603000138e-04
7.185990642146999592e-04
1.484556814382599925e-03
9.177970718226999497e-04
9.850466864756999077e-04
9.158785366705999567e-04
1.515244395630499941e-03
1.539902734568899959e-03
1.233075365593299918e-03
1.554260644769499961e-03
1.135057731472099984e-03
1.201308371049400079e-03
7.716111752224000210e-04
1.131082883294600057e-03
7.905580433020999859e-04
1.335178122959099949e-03
8.691854890760000426e-04
7.724372207279999554e-04
9.846215073854999115e-04
1.383196877834499917e-03
5.558352115634999750e-04
1.481309105444799908e-03
1.067570141355600076e-03
1.051973094137499979e-03
1.039727531474199992e-03
1.526906729178999916e-03
1.497677469421499928e-03
1.089665984523600093e-03
1.104480350202999978e-03
1.389376828663200017e-03
1.357461292468299923e-03
9.310558829740999461e-04
1.320243682114399927e-03
1.009032007212700040e-03
1.132004512448600087e-03
1.195628712588800045e-03
7.584889358046000224e-04
1.487360204162299984e-03
1.646058887953800055e-03
1.183205679825600001e-03
1.673268316684399949e-03
1.088450137435099897e-03
1.237970899195399909e-03
1.605411762157000002e-03
9.775758246674999281e-04
9.220996577135999548e-04
5.194215019478000015e-04
1.146491668715099920e-03
1.548434047321799916e-03
1.370625216141200088e-03
1.244005808964299912e-03
1.223756791804299967e-03
1.357271634506199923e-03
