1.449797552884001667e-03
1.217687599884553990e-03
1.139361696788238412e-03
1.353491555730081380e-03
1.418806889797137767e-03
1.309516448712141163e-03
1.244788702202736424e-03
1.321863040804077726e-03
1.358266724584882446e-03
1.234652912573555280e-03
1.312207032241664330e-03
1.592091530553516824e-03
1.380069828506995042e-03
1.095386589770298196e-03
1.249965860765130197e-03
1.217687599884553990e-03
1.150269269845625867e-03
1.220540087717618969e-03
1.214085536975820960e-03
1.254821222119201218e-03
1.260565450962479548e-03
1.084513317051533738e-03
1.139361696788238412e-03
1.305361916884361295e-03
1.161105101987545095e-03
1.271079287445583874e-03
1.348807105669808451e-03
1.281503867014748867e-03
1.182547530726202291e-03
1.228523432026473001e-03
1.260565450962479548e-03
1.141198167407862915e-03
1.370444706896851127e-03
1.332165299162183262e-03
1.214085536975820960e-03
1.150269269845625867e-03
1.361266870702938867e-03
1.334463805339309922e-03
1.437863036935779250e-03
1.224417356431352312e-03
1.375234960929388062e-03
1.171865690014302006e-03
1.370730494060407728e-03
1.214085536975820960e-03
1.224417356431352312e-03
1.402042407589846034e-03
1.193147120923551642e-03
1.284264131595354427e-03
1.214085536975820960e-03
1.398361617868746276e-03
1.224417356431352312e-03
1.110294884692821990e-03
1.139361696788238412e-03
1.249965860765130197e-03
1.234652912573555280e-03
1.150269269845625867e-03
1.345671298918827297e-03
1.341980770054132435e-03
1.293848540664010961e-03
1.171865690014302006e-03
1.370444706896851127e-03
1.303312164021479822e-03
1.260565450962479548e-03
1.171865690014302006e-03
1.361266870702938867e-03
1.396677389668045258e-03
1.214085536975820960e-03
1.182547530726202291e-03
1.237943586845433389e-03
1.171865690014302006e-03
1.330943287829818369e-03
1.171865690014302006e-03
1.234652912573555280e-03
1.409934957008595691e-03
1.182547530726202291e-03
1.380069828506995042e-03
1.249965860765130197e-03
1.264746969123255356e-03
1.546052522564785297e-03
1.120333946397466954e-03
1.130650320573006046e-03
1.281503867014748867e-03
1.349634543053417502e-03
1.203660957406655751e-03
1.141198167407862915e-03
1.388318573683139986e-03
1.162804919809226102e-03
1.150269269845625867e-03
1.259596276338821163e-03
1.203660957406655751e-03
1.193147120923551642e-03
1.303312164021479822e-03
1.045466417396978195e-03
1.556813110591542208e-03
1.106353815713652248e-03
1.291835686470280218e-03
1.045466417396978195e-03
1.567494951303442276e-03
1.254821222119201218e-03
1.298643175993376706e-03
1.214085536975820960e-03
1.100578975270647070e-03
1.535216690422866286e-03
1.390176830765375241e-03
1.456890787326550491e-03
1.281503867014748867e-03
1.471696351573144063e-03
1.358266724584882446e-03
1.193147120923551642e-03
1.341980770054132435e-03
1.274268288001560809e-03
1.171865690014302006e-03
1.182547530726202291e-03
1.130650320573006046e-03
1.274562440015204528e-03
1.312651498468067135e-03
1.249965860765130197e-03
1.342516626969667785e-03
1.354697134638436660e-03
1.264746969123255356e-03
1.302071242612483186e-03
1.141198167407862915e-03
1.322239552158129125e-03
1.271079287445583874e-03
1.312207032241664330e-03
1.150269269845625867e-03
1.224417356431352312e-03
1.291835686470280218e-03
1.195805098066752723e-03
1.117369155070019760e-03
1.389281370843005632e-03
1.312207032241664330e-03
1.308561866301371536e-03
1.228523432026473001e-03
1.284264131595354427e-03
1.264746969123255356e-03
1.254821222119201218e-03
1.361266870702938867e-03
1.206780026827166319e-03
1.314708834212490038e-03
1.293848540664010961e-03
1.139361696788238412e-03
1.366061506032304612e-03
1.291835686470280218e-03
1.139361696788238412e-03
1.271079287445583874e-03
1.271079287445583874e-03
1.254821222119201218e-03
1.284264131595354427e-03
1.480334010347538181e-03
1.274562440015204528e-03
1.073779837368935008e-03
1.281503867014748867e-03
1.332165299162183262e-03
1.249965860765130197e-03
1.039985959451303560e-03
9.725676294123757623e-04
1.398361617868746276e-03
1.271079287445583874e-03
1.271079287445583874e-03
1.117369155070019760e-03
1.162804919809226102e-03
1.205162634704902425e-03
1.264746969123255356e-03
1.217687599884553990e-03
1.249965860765130197e-03
1.284264131595354427e-03
1.063231990534078139e-03
1.224417356431352312e-03
1.217687599884553990e-03
1.195805098066752723e-03
1.281503867014748867e-03
1.291835686470280218e-03
1.264746969123255356e-03
1.084513317051533738e-03
9.984453265992425906e-04
1.244788702202736424e-03
1.264746969123255356e-03
1.150269269845625867e-03
1.234652912573555280e-03
1.407276979865394609e-03
1.341686618040488499e-03
1.285351972591668559e-03
1.173772145752580154e-03
1.276477025387236838e-03
1.408761148480830623e-03
1.369165836656043803e-03
1.375234960929388062e-03
1.162804919809226102e-03
1.254821222119201218e-03
1.224417356431352312e-03
1.361266870702938867e-03
1.171865690014302006e-03
1.203660957406655751e-03
1.234652912573555280e-03
1.051636746117731508e-03
1.277361849475921107e-03
1.281503867014748867e-03
1.302071242612483186e-03
1.272580964743830331e-03
1.505965545412123185e-03
1.254821222119201218e-03
1.380069828506995042e-03
1.193147120923551642e-03
1.467798360383938162e-03
1.271079287445583874e-03
1.281503867014748867e-03
1.203660957406655751e-03
1.239284020053230129e-03
1.234652912573555280e-03
1.293848540664010961e-03
1.239284020053230129e-03
1.141198167407862915e-03
1.302071242612483186e-03
1.203660957406655751e-03
1.260565450962479548e-03
1.366061506032304612e-03
1.224417356431352312e-03
1.271079287445583874e-03
1.234652912573555280e-03
1.206780026827166319e-03
1.375234960929388062e-03
1.380069828506995042e-03
1.264746969123255356e-03
1.254821222119201218e-03
1.224417356431352312e-03
1.249965860765130197e-03
1.161105101987545095e-03
1.073779837368935008e-03
1.171865690014302006e-03
1.214085536975820960e-03
1.339888736345594107e-03
1.370730494060407728e-03
1.244788702202736424e-03
1.239284020053230129e-03
1.203660957406655751e-03
1.469460737628773724e-03
1.274562440015204528e-03
1.260565450962479548e-03
1.399942654713627437e-03
1.150269269845625867e-03
1.409934957008595691e-03
1.274562440015204528e-03
1.346363463544037516e-03
1.370730494060407728e-03
1.303312164021479822e-03
1.370730494060407728e-03
1.278252968879899608e-03
1.117369155070019760e-03
1.274891611576325391e-03
1.182547530726202291e-03
1.378703695399073181e-03
1.370730494060407728e-03
1.339888736345594107e-03
1.117369155070019760e-03
1.171865690014302006e-03
1.330943287829818369e-03
1.238665983696122293e-03
1.193147120923551642e-03
1.150269269845625867e-03
1.203660957406655751e-03
1.428215395917663928e-03
1.214085536975820960e-03
1.214085536975820960e-03
1.224417356431352312e-03
1.239284020053230129e-03
1.182547530726202291e-03
1.387902004694423121e-03
1.321863040804077726e-03
1.321863040804077726e-03
1.234652912573555280e-03
1.228523432026473001e-03
1.303312164021479822e-03
1.417790816348498718e-03
1.279993515580013464e-03
1.182547530726202291e-03
1.249965860765130197e-03
1.161105101987545095e-03
1.467798360383938162e-03
1.171865690014302006e-03
1.193147120923551642e-03
1.271079287445583874e-03
1.249965860765130197e-03
1.464095719706973164e-03
1.505965545412123185e-03
1.272580964743830331e-03
1.334635360166819360e-03
1.510676211461863937e-03
1.224417356431352312e-03
1.244788702202736424e-03
1.302071242612483186e-03
1.244788702202736424e-03
1.435307690404736885e-03
1.303312164021479822e-03
1.171865690014302006e-03
1.214085536975820960e-03
1.308561866301371536e-03
1.249965860765130197e-03
1.249965860765130197e-03
1.287909696310777976e-03
1.396677389668045258e-03
1.260565450962479548e-03
1.361266870702938867e-03
1.171865690014302006e-03
1.417790816348498718e-03
1.239284020053230129e-03
1.238665983696122293e-03
1.184787485108947666e-03
1.239284020053230129e-03
1.171865690014302006e-03
1.095386589770298196e-03
1.409934957008595691e-03
1.417790816348498718e-03
1.374245226230917313e-03
1.254821222119201218e-03
1.375234960929388062e-03
1.332165299162183262e-03
1.322239552158129125e-03
