8.010039091672989109e-01
-1.496451950319431345e+00
-4.899130443806151702e-01
-6.187561180174649955e-02
-1.046783022727868051e+00
1.689720235419270647e-02
9.550298734346415186e-01
3.738119829031980035e-01
-3.786862889092847823e-02
-4.534514947689600728e-01
8.413401569101582878e-01
4.831496510195553151e-01
2.103386806672202791e-01
-1.931978287895579904e-01
-7.638113964310176973e-01
6.542696842031151538e-01
1.042507747083069258e+00
-6.748300198924581661e-01
2.495965675418405638e+00
-1.144339271647040412e+00
-1.368931006212511958e+00
8.751855374376796837e-01
-2.089487653799930733e-01
-6.503584366819536999e-01
3.185487017913488095e-02
-1.183551389141231702e+00
-1.125989706536905111e+00
1.210617332673624841e-01
-8.157157456670386386e-01
7.186140343341249626e-01
-5.899022718692861211e-01
-1.763576169341197097e+00
1.649730957627284500e+00
5.086414476307078436e-01
8.771947764703085237e-01
3.238908888259194874e-01
4.293196090976613699e-01
-6.281782172932353081e-01
6.555195375533091895e-02
1.734855033394413715e+00
7.743015059066881145e-01
2.459160508535690182e-01
4.344418443064764213e-01
6.590829304143308587e-02
-7.456247598452403480e-01
8.316592119033013875e-01
3.742832864776425295e-01
3.963578615998937793e-01
1.963740515046989765e+00
-8.810022747842384261e-01
-3.404539978915249177e-01
-2.999312988828700122e-01
-6.633978131769960873e-01
-1.555532613577910839e+00
-1.120803135839778975e+00
-5.263359737587081089e-01
-3.381233844716812764e-01
6.212290930304487091e-01
3.083358701481508923e-01
1.377664035987265834e+00
3.628762104384567616e-02
6.127435934082357816e-02
-8.532450014340680067e-01
6.122432750591952910e-01
-5.406931302663545852e-02
5.724354269568032727e-01
1.888540183572758879e+00
6.071854894274141268e-01
-5.645720018628798131e-01
2.869581604530648811e-01
-1.187560904192511479e+00
-6.262388019411526674e-01
1.120179128763303389e+00
7.560385741817642058e-02
1.478278036405051843e+00
-1.033886880866565550e+00
-5.180837029665519289e-01
5.564721903851207463e-01
2.660924556772668592e-01
-1.056492565248619231e+00
-1.316684574514299100e-01
8.226174455905737037e-01
1.468547356689904104e+00
-3.448470503471891546e-01
-1.353324198046033988e+00
-1.087276491995323308e-01
-3.911774497974335185e-01
1.025560861882538033e+00
-7.082160905296575049e-01
3.203302750870756554e+00
1.062149866470698312e+00
-1.070902355164767839e+00
6.883247466340168819e-01
-1.779914308724334537e+00
-1.909783228226429042e-01
-1.137519271216876238e+00
3.078885118819142397e-01
-1.385243118105116966e-01
-1.078370703967778566e+00
5.083102067197751150e-01
2.303860420703942147e+00
-8.005276587648596509e-02
-1.095800678352052193e+00
-2.052056891533375615e-02
-1.703212370224980732e-01
-5.897413489287723909e-01
-1.235971281681960132e+00
2.455027225713423800e+00
-9.639561565955456768e-01
1.597889487312173618e+00
1.694740219148572757e+00
3.067081143142979527e-01
-4.404812539132456350e-02
-1.739175908744923227e+00
-9.499515936692985996e-01
1.371275817731743452e+00
1.240870153418489469e-01
1.528720251929032437e-01
1.577492684901922182e+00
5.856632013891602817e-01
1.176171174827295163e+00
2.124130742299562211e-02
-1.746024441312411746e+00
-1.200639003153746165e+00
-1.380666070306559023e-01
4.327692146369088722e-01
2.145695245197747347e+00
-1.657186457171236027e+00
-1.994248283920146303e+00
2.586932882168378467e-01
3.046713365682547359e-01
-5.228907069235977367e-01
-9.104128684330883292e-01
-1.870798254245723546e+00
1.506581604073196301e+00
6.419102620353692723e-01
3.945006782259034561e-01
3.578330293261813844e-01
-7.770953801202283850e-01
1.142567797228208754e-01
-1.458916198234740280e+00
-8.583124999670088684e-01
-1.092010115211402566e+00
1.456981145423646984e+00
-4.027217461428439504e-01
1.588352902362559771e+00
-1.253242442471253160e+00
-5.646597382474063398e-01
5.054507636014493599e-01
8.005993339655701480e-01
-1.323919560826909647e+00
-1.516291929162375096e+00
-1.051690970163726924e+00
3.514520416570436900e-01
-1.244764210413877858e+00
5.991339329583813544e-01
9.844263037510743164e-01
-3.108159672126277751e-01
-2.498835564124836650e-01
-1.228474172193459557e+00
9.108658982982081875e-01
-1.063456285874126404e-02
1.422185697166545193e+00
-2.079770138286326731e+00
-1.331116505182954990e+00
-1.899254815443578437e+00
-1.380999060502097864e+00
-1.444187068566490595e+00
-8.879748992445869460e-01
9.402538227055152742e-01
-2.317152540621063128e+00
-6.901407284320939528e-01
-1.175316552331708619e+00
1.324968959642086386e+00
4.795009522102620658e-01
1.522346978003919382e+00
3.663570703998179079e-01
-1.063926955594190593e+00
7.628367641336453175e-01
1.398584476948967481e-01
-1.538525270603358364e-01
5.301918757144062910e-01
-9.726283653726082168e-01
8.152352844046208968e-01
1.611979645111670523e-01
-9.257967504728213948e-01
-1.863806478916249232e-01
-3.659117872838478780e-01
5.912379598558067384e-01
-1.356582800841756642e+00
-9.397995499182864032e-01
-1.906611327895902930e-01
6.695751470542333772e-01
-8.101619843396676846e-01
-1.241076924866951980e+00
1.082714462754992057e+00
1.026016981232026115e+00
-4.243106325530667799e-01
-1.216864243308340532e+00
3.799390870506979545e-01
-5.949136197656226810e-02
6.769006967274877606e-01
3.113809284853727988e-01
3.580158448899584123e-01
-6.949907233153903574e-01
1.198357690060370129e-01
1.676735637366643383e-01
-1.433004609924153905e-01
-1.629170925934386061e+00
-9.067000449644008198e-01
3.788947206761054676e-01
5.531886916331431037e-01
-1.193993521664985291e+00
-1.792806108146085542e+00
8.519306703169035599e-02
-1.100127360084587114e+00
4.897033341637978543e-01
-7.472897999823927551e-01
-1.634442120579779612e-01
1.375264529392264290e+00
-3.127908677123784065e-01
7.794941159614224846e-01
1.795288077642867686e+00
-1.058684683242058222e+00
3.612323649471850806e-01
1.373298813631107729e+00
8.853696751751506666e-02
2.600030875370994199e+00
-1.591994415341087266e-01
1.125975790553065847e+00
4.005454954236979948e-01
-8.551298319616430499e-01
-9.621145309504390841e-01
1.835194692052097842e-01
-1.970963193074577235e+00
-4.827526741968523050e-01
1.034777598800193266e+00
-1.263260547988801497e+00
-6.992887804432809107e-01
-1.346019071160627911e+00
1.274175817710293535e+00
-1.115296976879268431e+00
5.653211363751561302e-01
5.882858455963990707e-01
8.413910237698285499e-01
-2.815514993299274571e-01
-1.064070206539555308e+00
-3.937239044063889915e-01
-7.192378575586084732e-01
2.055813949673792163e+00
-7.597626780724391349e-01
2.645479914459982207e-01
3.697921377340978588e-01
-1.647041933656426593e+00
-1.035536939656621913e-01
-1.443983959292464148e+00
1.853081187199338453e+00
1.620065773690388677e-01
2.032464474665807597e+00
-3.292954130917974398e-01
-1.451185865622151239e+00
1.032631231285901618e+00
5.386333185704592630e-01
-1.011691827686754808e+00
-2.372410118034116999e-01
-1.608997668345813592e+00
1.174812359335060563e+00
1.293743900308961026e+00
-1.258994524217397215e+00
-8.829556804852120022e-01
3.813587990259729166e-01
1.128344877204100261e+00
3.945570740229495388e-01
-3.823837029901360762e-01
5.919012016932261727e-02
6.383461051336977721e-02
-1.455312853658661032e+00
1.016157026553699438e+00
-1.168532816207495939e+00
3.301499561949001182e-01
-1.202880111637601335e+00
-4.853030381987988862e-01
-1.376128130344632883e+00
-1.983610943458924067e-02
-2.885548467028400399e-01
3.357431302086255620e-01
1.393235104692284176e-01
2.961412827200154307e+00
4.631655271879945301e-01
-1.625799361976783208e+00
6.040821704881577103e-01
-7.199134522479496701e-01
1.287217209036796817e+00
-1.567091032842533149e+00
-4.222030502540049524e-01
1.740115142559876649e+00
2.243123135078541608e-01
-8.264654038003272918e-01
1.507401943929453036e+00
1.516499134682857963e-01
5.724354269568032727e-01
-6.692433978805226724e-01
-9.008245887276445929e-01
-1.311600414841871842e+00
4.825896866747740599e-02
9.501391836267427671e-01
1.620065773690388677e-01
-3.176528210721827339e-01
-1.170686675603817006e+00
6.880885286279803115e-01
1.158910254897702469e-01
7.560385741817642058e-02
7.967795541642544999e-01
-3.652062159822259679e-01
1.176810981618133134e+00
7.794941159614224846e-01
8.977149428651284291e-01
-8.902699307106202997e-02
