1.380164789156199936e-03
1.462737823144400059e-03
1.284276194190000012e-03
1.641585784705899961e-03
1.212762247120600066e-03
1.441932513520900001e-03
1.718364207409200060e-03
1.737648623711600003e-03
1.690272521768400012e-03
1.554470183491600023e-03
1.548102878269500080e-03
1.391070018748500042e-03
1.667695289624199911e-03
1.746144500081000086e-03
1.354247227582200093e-03
1.690658431571100085e-03
1.729853882683400059e-03
1.676790971956399964e-03
1.562102176851000099e-03
1.646499814011200078e-03
1.474104892748999895e-03
1.510262525663400024e-03
1.402689449072199931e-03
1.422186395731000032e-03
1.573018254132599976e-03
1.504228243486700018e-03
1.558489047557400000e-03
1.681236275276200070e-03
1.432149256435699897e-03
1.188323783543000041e-03
1.186494176700299968e-03
1.363606365789000064e-03
1.512525196611000074e-03
1.533781505762299999e-03
1.492572092500500051e-03
1.428294571557499988e-03
1.617815569811800053e-03
1.606638042013100107e-03
1.559290909875999916e-03
1.561836463978300048e-03
1.519006267984500088e-03
1.408436046745800046e-03
1.105240384453199916e-03
1.495085078314799905e-03
1.502078716910100085e-03
1.625392658559100074e-03
1.600522171407500012e-03
1.664155449733799958e-03
1.836269844210899936e-03
1.668013322098600053e-03
1.255795807420700049e-03
1.174520122103399952e-03
1.443641866339900057e-03
1.632477841630999935e-03
1.617568500174999943e-03
1.623927846525299997e-03
1.669533709952999989e-03
1.517167746633199966e-03
1.531820214090300102e-03
1.562649699993999986e-03
1.570120054441699999e-03
1.189092375642799952e-03
1.270340036216399899e-03
1.585799133378500017e-03
1.550537585281499967e-03
1.593543311771100039e-03
1.776696593387399898e-03
1.239913248113099983e-03
1.238833445628800085e-03
1.543675822937799931e-03
1.580573160393499961e-03
1.729937744081900012e-03
1.627888318609200082e-03
1.723224556267700068e-03
1.655421105780400083e-03
1.693709948485099979e-03
1.598110991290400051e-03
1.646997790636800041e-03
1.496640392631299905e-03
1.307823069286300063e-03
1.539010375167100021e-03
1.325806578326700017e-03
1.550623545092600069e-03
1.537171736964099925e-03
1.614392288527599899e-03
1.414147535662200073e-03
1.709659724942900073e-03
1.645024583009599937e-03
1.708640704483999984e-03
1.399460536079800066e-03
1.595158848961699934e-03
1.390822564123499975e-03
1.590846677110900045e-03
1.467460529434400042e-03
1.508223437602900039e-03
1.205892012781000075e-03
1.737519313395300032e-03
1.592741570446399918e-03
1.705677681726300039e-03
1.373967246099200073e-03
1.206931547145300050e-03
1.508779670105099904e-03
1.511955710904600101e-03
1.342395863834200051e-03
1.428442772555100007e-03
1.412790258582100099e-03
1.119190608914600107e-03
1.437099530786600061e-03
1.597772032141999907e-03
1.022533786078300058e-03
1.691615429422900063e-03
1.330193023953100051e-03
1.552466590692500080e-03
1.404532634581699907e-03
1.251323608088099988e-03
1.529773533187499908e-03
1.399962896837499918e-03
1.537118547509799945e-03
1.262405489399800063e-03
1.591353311195700063e-03
1.594558419507700105e-03
1.656352082605599919e-03
1.536464869751300033e-03
1.399879188881300064e-03
1.540225356687999984e-03
1.504442108696100013e-03
1.566258283591900023e-03
1.346989617582300012e-03
1.541765100891700005e-03
1.560290299605000082e-03
1.817472475909600021e-03
1.447937953789700050e-03
1.514108703583999993e-03
1.645090860508299909e-03
1.803819463440600041e-03
1.696344415373200049e-03
1.427970094204899934e-03
1.673717297073500044e-03
1.462836206274200105e-03
1.748379603961700089e-03
1.604992197263699913e-03
1.603733057410499947e-03
1.532033710746400022e-03
1.498208039325200002e-03
1.613937250407099970e-03
1.743940142366899983e-03
1.441054852086399909e-03
1.855625745776799977e-03
1.743725881300500031e-03
1.644895626000100015e-03
1.560758616999500083e-03
1.608070438917299930e-03
1.578688884661000021e-03
1.497645704273700045e-03
1.410510400781799911e-03
1.563931081230100079e-03
1.291039677284000053e-03
1.704001196619500105e-03
1.576921443490800082e-03
1.647838936073200066e-03
1.684485844731899986e-03
1.638232123860399901e-03
1.730028514393199901e-03
1.543164482952299977e-03
1.390227790856000002e-03
1.674191040597200085e-03
1.586863973496900051e-03
1.536926353130499976e-03
1.571044899872000005e-03
1.166252774360300058e-03
1.457915008712600035e-03
1.442142110433500008e-03
1.571658686753500071e-03
1.651598293152999920e-03
1.740313896176099969e-03
1.614884767635299968e-03
1.469005534296600026e-03
1.366375898593600105e-03
1.578709302431700098e-03
1.590832257614200078e-03
1.355263061659099915e-03
1.767336016282000048e-03
1.563082969915099985e-03
1.050017892715399961e-03
1.515218183023799925e-03
1.644507056507699908e-03
1.573141727979200048e-03
1.701367425438699964e-03
1.599642628318100101e-03
1.550560497536300009e-03
1.451480889861699953e-03
1.529177999413399965e-03
1.657512513890899977e-03
1.689089896129400024e-03
1.551466716985899948e-03
1.636296593319699986e-03
1.525470187316899963e-03
1.398175081152699993e-03
1.380155238783699941e-03
1.483702583829199983e-03
1.735540972776699947e-03
1.239156477197599950e-03
1.799283756181899912e-03
9.759417877687999801e-04
1.655915254523000106e-03
1.740698810544499949e-03
1.664716779297100054e-03
1.313290484407499950e-03
1.523171349496700057e-03
1.595049718629300024e-03
1.556448602780200093e-03
1.609883318188499958e-03
1.683146169177999899e-03
1.732432159504699925e-03
1.744413805341700008e-03
1.438798818764400059e-03
1.720202555254400070e-03
1.567178059579200098e-03
1.304829217595699893e-03
1.502387864152400021e-03
1.611611468643100011e-03
1.466984457265200050e-03
1.556685419202499896e-03
1.651922988692900015e-03
1.608469915542600024e-03
1.493112147424899977e-03
1.625375158783399923e-03
1.561417940221399925e-03
1.572559983311400036e-03
1.416716486912799949e-03
1.303855988932800048e-03
1.485655384463299960e-03
1.150517388217699947e-03
1.450011043934299956e-03
1.626345543876400040e-03
1.527307444011900047e-03
1.555913832530099895e-03
1.677714572951299974e-03
1.790289811117900089e-03
1.647387990156899988e-03
1.599170698092699985e-03
1.492325670468900092e-03
1.240640492238799953e-03
1.233045635839100009e-03
1.807409586398899979e-03
1.573660900485999948e-03
1.479116719567100070e-03
1.440642815238099908e-03
1.222186684045099966e-03
1.347687095675500048e-03
1.495054459473699974e-03
1.739414395329300003e-03
1.103371890154200043e-03
1.562260671382999970e-03
1.435964299786399992e-03
1.533081459314300076e-03
1.580055020158099930e-03
1.468194691305300037e-03
1.332613785243099997e-03
1.510326065699700007e-03
1.595147139463999912e-03
1.671437602900499933e-03
1.511602992386300000e-03
1.261478307945700095e-03
1.768462115542499989e-03
1.795487215314299934e-03
1.636062095390100092e-03
1.609299008972500059e-03
1.591273507316299900e-03
1.235519563726200079e-03
1.572597860615500102e-03
1.698461960752900048e-03
1.668069113874300069e-03
1.446704572263600051e-03
1.455627749021700052e-03
1.649110941927400082e-03
1.235242958339700025e-03
1.603191706454099984e-03
1.509039976104200069e-03
1.544282084919599901e-03
1.431201897523800073e-03
1.388476025217099926e-03
1.499003791046899913e-03
1.592539251104899915e-03
1.256856471811900085e-03
1.832443250315199997e-03
1.150986038586200100e-03
1.690521497955999953e-03
1.351043642014500062e-03
1.731780685856199997e-03
1.608221533692700015e-03
1.609600359306799901e-03
1.509337088581700053e-03
1.521144976996799967e-03
1.745676496224899971e-03
1.805152858255899915e-03
1.482232116467999952e-03
1.613224724632599926e-03
1.379174635890499916e-03
1.760939766827200039e-03
1.734446670847399931e-03
1.404940049365299964e-03
1.642429072945699982e-03
1.249437758999499912e-03
1.228697022350500089e-03
1.569991844548899963e-03
1.559721941279200007e-03
1.242641204736200057e-03
1.556700199405499979e-03
1.561129093117999932e-03
1.460434248420000103e-03
1.698059942480600101e-03
1.555670448285599930e-03
1.381019330098199899e-03
1.599374597189299942e-03
1.557391007462099932e-03
1.549914867094699970e-03
1.205092261792000026e-03
1.516612318692900059e-03
1.694358749191400082e-03
1.458899780699999919e-03
1.602716065440800038e-03
1.393817520858399916e-03
1.598364697261700105e-03
1.684797771684800076e-03
1.463848844410899942e-03
1.459379362867800059e-03
1.253684502395600083e-03
1.643400801260900016e-03
1.658832185933599955e-03
1.600301105782700028e-03
1.384200349305199926e-03
1.704677171334999936e-03
1.377140789930200032e-03
1.500066033244300094e-03
1.699647714654499951e-03
1.618037938161900067e-03
1.554575297745199904e-03
1.677971169704800015e-03
1.496339693491700006e-03
1.522569743463799948e-03
1.609679991194899957e-03
1.514022415280900013e-03
1.632234805983099907e-03
1.670848911599400084e-03
1.652442606345000094e-03
1.589322598798599898e-03
1.482765764255400106e-03
1.284672353183200074e-03
1.643030012908099904e-03
1.447892609232000020e-03
1.603917455919399949e-03
1.735891933738900042e-03
1.590046488990499909e-03
1.200205342122500013e-03
1.665475557762000026e-03
1.471532828829899900e-03
1.561712197932199966e-03
1.616768681581499988e-03
1.570083644352899925e-03
1.240453999954200040e-03
1.539894641916200084e-03
1.712901958573199946e-03
1.711131963005199956e-03
1.464259911758399989e-03
1.775001942317399901e-03
1.364040131905800042e-03
1.663597900544300104e-03
1.672207105431899963e-03
1.163444040178999907e-03
1.398511090155700031e-03
1.263792696361099987e-03
1.548440251429999970e-03
1.097055596205999926e-03
1.457995244561199975e-03
1.536592822328799925e-03
1.226493976221799953e-03
1.657625402228199993e-03
1.400115122913999895e-03
1.545034877953399902e-03
1.769720470083000104e-03
1.320113112960099970e-03
1.555273355311600049e-03
1.585845750324199914e-03
1.653677302847900068e-03
1.589815042276600037e-03
1.661150438147100108e-03
1.422720494372200009e-03
1.610196929033599986e-03
1.671786136896200080e-03
1.663556860152299926e-03
1.406265318124100055e-03
1.634286150239999897e-03
1.504189749297299948e-03
1.575221375598000097e-03
1.417721971843199924e-03
1.462986598004900043e-03
1.545158419903300100e-03
1.663939353640299899e-03
1.649128048680000057e-03
1.474956625474199918e-03
1.570467279747300065e-03
1.609130511269399929e-03
1.659996570371900055e-03
1.434885780767500025e-03
1.195520236775700004e-03
1.583837992219699897e-03
1.708775956991499985e-03
1.553811247713000063e-03
1.631681314712899898e-03
1.366867642928400097e-03
1.421939114636699975e-03
1.698976369773899913e-03
1.712746217100899991e-03
1.517387434494799981e-03
1.707132125629599916e-03
1.195276843702299972e-03
1.607789200694399994e-03
1.446651540609899915e-03
1.465717149093499977e-03
1.512087370776600027e-03
1.441074429673300066e-03
1.537888563228700066e-03
1.311192823385099989e-03
1.553118067258699945e-03
1.563584733859000068e-03
1.562659506679299959e-03
1.594123612000900069e-03
1.653186547578699896e-03
1.375819555845300040e-03
1.612650486343499955e-03
1.372141433328999969e-03
1.617946377274300006e-03
1.542289606099600053e-03
1.510605630839900000e-03
1.136746285749000093e-03
1.506573731598399900e-03
1.351460389886100042e-03
1.492032869006999947e-03
1.538270272532500042e-03
1.766973100637700021e-03
1.828273457031300009e-03
1.681832050984700044e-03
1.598377472706099959e-03
1.748010235898799988e-03
1.412620094802000082e-03
1.414143632330000077e-03
1.628662692143499971e-03
1.734459932995200022e-03
1.522509120304700028e-03
1.647152635892399969e-03
1.662899115237299972e-03
1.280290235879000043e-03
1.740568471259400056e-03
1.189147931161100040e-03
1.334631146526600066e-03
1.232670453922300085e-03
1.655850571035899933e-03
1.293852545271100040e-03
1.546776432096499997e-03
1.569612726289399893e-03
1.622790118909700052e-03
1.637228125879500087e-03
1.426514641835399970e-03
1.587725120311099958e-03
1.654206497860700011e-03
1.201726631526399934e-03
1.682923753499400042e-03
1.428963234602600042e-03
1.663841864703700024e-03
1.563127826650500098e-03
1.472497126561700051e-03
1.231773717560200087e-03
1.619543053117099892e-03
1.611129759178699930e-03
1.374022130071899999e-03
1.534983813343499936e-03
1.543632029704099934e-03
1.496338773060599961e-03
1.706567110062000075e-03
1.435789683551700084e-03
1.512933677125100074e-03
1.549952267059300079e-03
1.236935012799700090e-03
1.575450270803799898e-03
1.414067227279000062e-03
1.814167045014999967e-03
1.634304416486799961e-03
1.597133471120499963e-03
1.473513086334900029e-03
1.148828577432300067e-03
1.430850044995999985e-03
1.469048091996800077e-03
1.622158667559700073e-03
1.728902742900699984e-03
1.667378708844900054e-03
1.492646029789000076e-03
1.447564435562699982e-03
1.690300550475999902e-03
1.542990770513599915e-03
1.642442271161300045e-03
1.655612847804399917e-03
1.557926594247199901e-03
1.687360627376899942e-03
1.249357409111500087e-03
1.192856994843699992e-03
1.567950917865499998e-03
1.833952775948999954e-03
1.564150410173099958e-03
1.706218215240100063e-03
1.602432267003699954e-03
1.568153547071700089e-03
1.659812897624900066e-03
1.637067294947199990e-03
1.715747868906400062e-03
1.706726150162299902e-03
1.658609465431299963e-03
1.693750860832199953e-03
1.590226352197500036e-03
1.574026122561000048e-03
1.537708578579799999e-03
1.578297245660599925e-03
1.601893528461500104e-03
1.535497821126100091e-03
1.655923538750299915e-03
1.471999914360700096e-03
1.507694074742299984e-03
1.155845555579399940e-03
1.226439978324599892e-03
1.577586085600800065e-03
1.525436940770100083e-03
1.587682982730099970e-03
1.452014668388000064e-03
1.609853013833499949e-03
1.605351586858500034e-03
1.693561835139400021e-03
1.553793604539900055e-03
1.546819470912799916e-03
1.597631182051899995e-03
1.511909307174899965e-03
1.445691726626799995e-03
1.654536321139400083e-03
1.355972622576000078e-03
1.609717906890899925e-03
1.528160884976199939e-03
1.756005005818499914e-03
1.555208851802899897e-03
1.536870622341500025e-03
1.447975703583699982e-03
1.484699344293799982e-03
1.651539686464600053e-03
1.299677970445499951e-03
1.440702124487199930e-03
1.513668612664599957e-03
1.637489487831599987e-03
1.483599924997300052e-03
1.848175258281300071e-03
1.539734369194299983e-03
1.377695324318599932e-03
1.560926427925999997e-03
1.614503815582599925e-03
1.613270780515999904e-03
1.651288961521399931e-03
1.643261228730299919e-03
1.760936545260400037e-03
1.468612807913599952e-03
1.556333814371900015e-03
1.207411774702799988e-03
1.474863381482800079e-03
1.534863074212199996e-03
1.705286085305200055e-03
1.173793231168999973e-03
1.590837042255599954e-03
1.552824125010499956e-03
1.447059213217800075e-03
1.441235668825999921e-03
1.576862803956800060e-03
1.760557306599999997e-03
1.482575343257800087e-03
1.733914552967300016e-03
1.646461919473299904e-03
1.452242576922299936e-03
1.592862143370499944e-03
1.508088553154300019e-03
1.366173699056500010e-03
1.558610819263800016e-03
1.279297951447800090e-03
1.583497576488299922e-03
1.294447030310200098e-03
1.639800350223300082e-03
1.582118952837000036e-03
1.478533727371599991e-03
1.548358686647400076e-03
1.131820438673699974e-03
1.596524359829900024e-03
1.238818446135899962e-03
1.374757836681400050e-03
1.551553787635099940e-03
1.620670431114500055e-03
1.717414270548899913e-03
1.464532156541499975e-03
1.711610949240499916e-03
1.610128066200299966e-03
1.611831342587300092e-03
1.603600268172200105e-03
1.647587335429599948e-03
1.451721125125300096e-03
1.222020360012900011e-03
1.419080381796299951e-03
1.454610750488400002e-03
1.411958792979000005e-03
1.307310693309400021e-03
1.665107296268899910e-03
1.684207621855100031e-03
1.542425137496399945e-03
1.582044646485300087e-03
1.539966325492200068e-03
1.329495562021000034e-03
1.628901111928699906e-03
1.318756936109700094e-03
1.286962918555200003e-03
1.528626962003400060e-03
1.870761424953800095e-03
1.554835341415000075e-03
1.510235603270299997e-03
1.598329192911600001e-03
1.527778780724000024e-03
1.688001940171000035e-03
1.661369679290100078e-03
1.445656072330700048e-03
1.435801634054899951e-03
1.727216393334800012e-03
1.640972057453200057e-03
1.622991318569000016e-03
1.620271185687600013e-03
1.694685983308800081e-03
1.685098874491100084e-03
1.844271316829899964e-03
1.634815456449100054e-03
1.488818632928799908e-03
1.669290617365199901e-03
1.486920826964900069e-03
1.664693008323900021e-03
1.636118933413700056e-03
1.507225428957099933e-03
1.173113989877499997e-03
1.845386689655799991e-03
1.640265691936599940e-03
1.685881258335100025e-03
1.623153218346999995e-03
1.748557577106599897e-03
1.186858526123500072e-03
1.686976887245100060e-03
1.254791525538099910e-03
1.460596619810599966e-03
1.368703545566900010e-03
1.563453041029299988e-03
1.703412236269700054e-03
1.576718281217699908e-03
1.800908937533400025e-03
1.531595551070200067e-03
1.667403620831599915e-03
1.626020908706100106e-03
1.637214722156100010e-03
1.645697429617599961e-03
1.223642994609500058e-03
1.573895516900399938e-03
1.509106966287900031e-03
1.650545643922599927e-03
1.531722751759000004e-03
1.595562686970400075e-03
1.692471502033600101e-03
1.516017511401699996e-03
1.469590433285999963e-03
1.437325472879699955e-03
1.734483208035500056e-03
1.503440101205000094e-03
1.500463147824799984e-03
1.324684910324500043e-03
1.468504026598299985e-03
1.658451794676699901e-03
1.588615802683300071e-03
1.641838693264100054e-03
1.663814027808500082e-03
1.530371069786000101e-03
1.669769739914199989e-03
1.532891469868300069e-03
1.708244891349799998e-03
1.577434001474200057e-03
1.517586855843500041e-03
1.585346729876199907e-03
1.596698990371099927e-03
1.670903741669999996e-03
1.580538478940399965e-03
1.361896409045900043e-03
1.371997501540200013e-03
1.307772069377600033e-03
1.638960500451800079e-03
1.431047662025299993e-03
1.560113845035400069e-03
1.398515327087599975e-03
1.433435167698299956e-03
1.590794333948600085e-03
1.314277958534500017e-03
1.358224816183099945e-03
1.734926918166699921e-03
1.640231933907800076e-03
1.330336468623200029e-03
1.625149251549800082e-03
1.343658740912300007e-03
1.568779031259800050e-03
1.396685566821199943e-03
1.609096265862900018e-03
1.350238996999599981e-03
1.510480937713499974e-03
1.291885965227200029e-03
1.320726882753099933e-03
1.562327626256600037e-03
1.471220252364000003e-03
1.497772732963999903e-03
1.623784374598899937e-03
1.716071337744700049e-03
1.443270680172600070e-03
1.505521230337699985e-03
1.634199397011100018e-03
1.551833736416399941e-03
1.594522114638599955e-03
1.531234929783699926e-03
1.556018467769900012e-03
1.527919537801300000e-03
1.580462349752799998e-03
1.270098075998899985e-03
1.046441281238000070e-03
1.610419700528100025e-03
1.492104264401499999e-03
1.677451132321699980e-03
1.711802770416099954e-03
1.317935240846300048e-03
1.684309951080700026e-03
1.661050006665299892e-03
1.519515810616899922e-03
1.088105641675199972e-03
1.461875530999999897e-03
1.453211768796900099e-03
1.237591946513899935e-03
1.135581888160799987e-03
1.592300460202299931e-03
1.690065927566299954e-03
1.678675570527800049e-03
1.690386724309799957e-03
1.782741934566100086e-03
1.721072400708900012e-03
1.755108558264099894e-03
1.551711375300200094e-03
1.640505684903099948e-03
1.507068200050899970e-03
1.685476836332499987e-03
1.555753104765899945e-03
1.766740047100399903e-03
1.591625356777299919e-03
1.676397877883700023e-03
1.602687224746000014e-03
1.575463169726599999e-03
1.392113508955899939e-03
1.292719553017099895e-03
1.726458958888300085e-03
1.473109659349600099e-03
1.482776475736099922e-03
1.605373203958899899e-03
1.623971870644200059e-03
1.628836570475300071e-03
1.438650097381299941e-03
1.639179942179300013e-03
1.558302538422199962e-03
1.276130655223100055e-03
1.645002056795100099e-03
1.521430060823499930e-03
1.209521200453099942e-03
1.750367218138700097e-03
1.245890351495800063e-03
1.230507808227999976e-03
1.269491040217399919e-03
1.416866416330900009e-03
1.502287902943500071e-03
1.360973092314600105e-03
1.243837496988899928e-03
1.333223554615999961e-03
1.583515260917500028e-03
1.547867509997199933e-03
1.693366428114400019e-03
1.576303132693000070e-03
1.479096376642300087e-03
1.693491723379000023e-03
1.572022582310700052e-03
1.641898876179800080e-03
1.320761034152699923e-03
1.625221892784300091e-03
1.574791834172000003e-03
1.565694627826000026e-03
1.303908463535199914e-03
1.373794100876799982e-03
1.604977351687800029e-03
1.667213676709700066e-03
1.699805771985099957e-03
1.454712464113700095e-03
1.239834989413999937e-03
1.535601275743699945e-03
1.762498771468800013e-03
1.581966330391599901e-03
1.556533140546700065e-03
1.677580502571499954e-03
1.633428232742600069e-03
1.780065864838900093e-03
1.624508492241399970e-03
1.481521778999299929e-03
1.492505706548800026e-03
1.441066457051899978e-03
9.853154419658999210e-04
1.763794764512000100e-03
1.589056757506100096e-03
1.519237633077300106e-03
1.600381726889999910e-03
1.580110466508600001e-03
1.642910186964800009e-03
1.548413378504399918e-03
1.618230976358700068e-03
1.340586849045999904e-03
1.648045708665000055e-03
1.488786867846200040e-03
1.661888372311199919e-03
1.232548087313499940e-03
1.446004064617400055e-03
1.651089777253499959e-03
1.720329177343999988e-03
1.460016996232899955e-03
1.504363503948599962e-03
1.762300687794099950e-03
1.514555530048900065e-03
1.494165152831500049e-03
1.496243535592699930e-03
1.243174406303799951e-03
1.519487415752799947e-03
1.836947117819199941e-03
1.145489855922800053e-03
1.218334108493599908e-03
1.532827588576899953e-03
1.555808156346500087e-03
1.312169622792799936e-03
1.640095995535199901e-03
1.640732881067599952e-03
1.582654978868899961e-03
1.603750454700000015e-03
1.588237918201400051e-03
1.535715512549400055e-03
1.659347854318899947e-03
1.578134330945799978e-03
1.541041265270399986e-03
1.140738139896299921e-03
1.558849642125999897e-03
1.518518965861700033e-03
1.184761359801800003e-03
1.385898335327000099e-03
1.432593677210900005e-03
1.548207275712499935e-03
1.591964351458500073e-03
1.419578523162200092e-03
1.416779204868900011e-03
1.697857918865400099e-03
1.559755266600899902e-03
1.614114035216200008e-03
1.531162707540200014e-03
1.367072710597899959e-03
1.641682476796799952e-03
1.832330992967499961e-03
1.772516227602699947e-03
1.736026132337500005e-03
1.576398186353900098e-03
1.477374948880799937e-03
1.733111188168599912e-03
1.499359757826899996e-03
1.664118238907000107e-03
1.523233557709799922e-03
1.788828942322600061e-03
1.703371212905000018e-03
1.505903125145299998e-03
1.505916359906999975e-03
1.527115546883300043e-03
1.629750668747699917e-03
1.413292636166999959e-03
1.509214128325599971e-03
1.709421722664100033e-03
1.685804485866699903e-03
1.352139891925899923e-03
1.102088358059199894e-03
1.628093256837800104e-03
1.613231707069799972e-03
1.215756667640899942e-03
1.614155730575400020e-03
1.279185722219700018e-03
1.401951084763699987e-03
1.367265096751399964e-03
1.661952401437999990e-03
1.540712768751199922e-03
1.294434829178899926e-03
1.360922219869100010e-03
1.687255907078499904e-03
1.620093539204300100e-03
1.518624274726100044e-03
1.702860508027299966e-03
1.474528340753099905e-03
1.295698425763000018e-03
1.554609588798700100e-03
1.561298875924699986e-03
1.358116089609999900e-03
1.657620160048999935e-03
1.537153776557699959e-03
1.468244434366399896e-03
1.513643585153999971e-03
1.308535885752800092e-03
1.586737002163799912e-03
1.608437915910799999e-03
1.651537365850199975e-03
1.570607786661700096e-03
1.528128459511300012e-03
1.760181777227699937e-03
1.631783972075999921e-03
1.321139553106600055e-03
1.498368945671199907e-03
1.248413943748099934e-03
1.837376750872499968e-03
1.480107396207500006e-03
1.404435036162999997e-03
1.416140167653599964e-03
1.745578179606799936e-03
1.399629516202200016e-03
1.526373369580799914e-03
1.439007565391400107e-03
1.545114347473799943e-03
1.474102412282800052e-03
1.394256420079199909e-03
1.721370567432299993e-03
1.644150907705400032e-03
1.667653244827999948e-03
1.510315562625800037e-03
1.704307767607700017e-03
1.487511962445300061e-03
1.225239464638200023e-03
1.636197144471299983e-03
1.599358528332299944e-03
1.246026537031899974e-03
1.566552055341300037e-03
1.301915933172600017e-03
1.586128909506100007e-03
1.650126036094300098e-03
1.519017991879799976e-03
1.202950958865399997e-03
1.695134569628300092e-03
1.559658657893799993e-03
1.478882938501200088e-03
1.477530979095299964e-03
1.709618898550099983e-03
1.329996046575299996e-03
1.639789080537299923e-03
1.163879655096700019e-03
1.650354680058200001e-03
1.528517514282899973e-03
1.339490814762200020e-03
1.596042947903299897e-03
1.727290532583499903e-03
1.757191157470000108e-03
1.393559605700999933e-03
1.615730428426299979e-03
1.556636251829700019e-03
1.585832869988599951e-03
1.655799734751099922e-03
1.598295363914500108e-03
1.598978889022499962e-03
1.605122686420100073e-03
1.397301511935999984e-03
1.391642109853400040e-03
1.495485907599899923e-03
1.638202207391199977e-03
1.671790707117500009e-03
1.426776216383100065e-03
1.557536985653200107e-03
1.090428314127000076e-03
1.502099449531200037e-03
1.587438041152199964e-03
1.569986828191300039e-03
1.265491284663800009e-03
1.646279990654700041e-03
1.595343788689200038e-03
1.090961494578599963e-03
1.667184236608000060e-03
1.599419221824899956e-03
1.626940812968000107e-03
1.541643237024900017e-03
1.703210628434899962e-03
1.189829152058900080e-03
1.773040701374100107e-03
1.484781403937899960e-03
1.777595069730700033e-03
1.558228080065199956e-03
1.516775930031899955e-03
1.699406019780199924e-03
1.491527123294100060e-03
1.653110489055299899e-03
1.503072772946599999e-03
1.634868743883300052e-03
1.589802732741099969e-03
1.607243371854400089e-03
1.314838481661300068e-03
1.658395287934799926e-03
1.653053258526599898e-03
1.647447000559900017e-03
1.387004794113199952e-03
1.524228712076199956e-03
1.640532485713100050e-03
1.538379417033699983e-03
1.665632712091200032e-03
1.490380331231000010e-03
1.436788632324899947e-03
1.494590272931499951e-03
1.373275439912699991e-03
1.811762588026199963e-03
1.580079093690199988e-03
1.591763652764399987e-03
