4.871862914256862298e-04
5.231078365632825999e-04
4.907801818459962828e-04
4.980433668247922097e-04
5.389282818742739635e-04
5.297146952489255193e-04
5.275447831874390718e-04
5.186432441138793398e-04
4.796027322985274067e-04
5.379711377338171254e-04
5.386780609651694446e-04
5.341457374278759003e-04
5.140387154724936156e-04
5.164306421607331313e-04
5.386609802181136506e-04
4.777034686072020365e-04
5.386609802181136506e-04
4.966621400065908843e-04
5.386609802181136506e-04
5.341457374278759003e-04
4.662326953655734083e-04
5.208729837755323062e-04
5.378153357536717997e-04
4.978926047271576682e-04
5.386609802181136506e-04
4.503806190474951847e-04
5.386609802181136506e-04
5.341457374278759003e-04
5.121049497095974106e-04
4.694448793542853110e-04
5.025061609439812355e-04
4.813586819846697815e-04
5.363305282379314878e-04
5.041882989354098780e-04
4.946401058987943663e-04
4.593300571191548734e-04
4.880419295910197052e-04
5.164306421607331313e-04
5.208729837755323062e-04
5.100159083764263263e-04
5.149857188029318116e-04
4.899647144267780044e-04
4.915397604975510395e-04
4.955859295657755832e-04
5.186432441138793398e-04
4.914175855477627983e-04
4.868725203273139060e-04
5.047151662366989753e-04
4.839624384903343734e-04
4.992724775627321301e-04
4.295713790473572606e-04
5.386609802181136506e-04
4.570839945256195192e-04
5.158313632673736625e-04
5.317928264462650541e-04
5.041882989354098780e-04
4.930154351920020862e-04
5.160986649235338669e-04
4.914175855477627983e-04
4.871862914256862298e-04
4.679505648952562405e-04
4.687101435468109430e-04
4.671350974760379621e-04
4.832159414561831953e-04
4.750629877764176259e-04
4.764428606119920878e-04
4.871862914256862298e-04
4.275510020967551424e-04
5.149857188029318116e-04
5.025061609439812355e-04
4.585194957728804368e-04
4.800836994167117394e-04
4.907801818459962828e-04
4.914175855477627983e-04
5.100159083764263263e-04
4.915397604975510395e-04
4.548738516564619942e-04
4.679505648952562405e-04
4.980433668247922097e-04
4.295713790473572606e-04
5.186432441138793398e-04
4.318547766004162064e-04
4.652123126402796629e-04
4.937936230820642088e-04
4.750088370925440611e-04
5.108887395857006570e-04
4.922744963050254075e-04
5.160986649235338669e-04
5.368683324232337122e-04
4.980433668247922097e-04
4.930154351920020862e-04
4.907801818459962828e-04
4.709640061313241123e-04
4.284087265363698254e-04
5.151415207830770289e-04
5.379711377338171254e-04
4.980433668247922097e-04
4.943607194334241877e-04
4.720732658229609109e-04
5.253357778947212236e-04
4.936010252099931432e-04
4.930154351920020862e-04
4.813586819846697815e-04
5.089632094955249576e-04
5.386609802181136506e-04
4.548738516564619942e-04
4.966621400065908843e-04
4.779601169801650138e-04
5.002782196125425034e-04
5.275447831874390718e-04
4.871862914256862298e-04
4.671350974760379621e-04
4.946401058987943663e-04
5.164306421607331313e-04
5.208729837755323062e-04
5.158313632673736625e-04
4.914175855477627983e-04
4.930154351920020862e-04
4.671350974760379621e-04
5.142472024985027864e-04
4.738325230558507878e-04
5.100159083764263263e-04
4.738325230558507878e-04
4.922744963050254075e-04
5.297146952489255193e-04
5.140387154724936156e-04
5.041882989354098780e-04
4.593300571191548734e-04
5.089632094955249576e-04
4.958136271631393517e-04
5.379711377338171254e-04
4.907801818459962828e-04
5.007897339309050561e-04
5.140387154724936156e-04
4.855230386016130828e-04
5.041882989354098780e-04
5.389282818742739635e-04
5.079921030813984223e-04
4.679505648952562405e-04
5.007897339309050561e-04
4.980433668247922097e-04
5.354304652764359110e-04
5.126008483256958145e-04
5.386609802181136506e-04
5.337183565364407535e-04
5.158484440144294565e-04
4.936010252099931432e-04
5.060455584069232376e-04
4.764428606119920878e-04
5.158313632673736625e-04
4.914175855477627983e-04
4.369792127443233973e-04
4.709640061313241123e-04
5.047151662366989753e-04
4.342543775748794769e-04
5.060455584069232376e-04
5.041882989354098780e-04
4.430271363682163868e-04
4.930154351920020862e-04
4.701858182412620439e-04
5.140387154724936156e-04
5.158484440144294565e-04
4.907801818459962828e-04
4.978926047271576682e-04
4.750088370925440611e-04
5.149857188029318116e-04
5.297146952489255193e-04
5.113161204771358038e-04
4.980433668247922097e-04
5.002782196125425034e-04
5.149857188029318116e-04
5.164306421607331313e-04
5.186432441138793398e-04
4.855230386016130828e-04
4.980433668247922097e-04
4.461615001726968659e-04
5.368683324232337122e-04
4.492436488722208686e-04
4.779601169801650138e-04
4.871862914256862298e-04
4.922744963050254075e-04
4.946401058987943663e-04
4.727563126150354867e-04
4.868725203273139060e-04
4.880419295910197052e-04
4.679505648952562405e-04
4.598088296950634396e-04
4.832159414561831953e-04
4.851624861306583800e-04
4.640429033765738637e-04
5.142472024985027864e-04
4.955859295657755832e-04
4.521792201418040188e-04
5.140387154724936156e-04
4.369792127443233973e-04
4.750088370925440611e-04
5.121049497095974106e-04
4.992724775627321301e-04
5.002782196125425034e-04
5.121049497095974106e-04
4.750629877764176259e-04
4.839624384903343734e-04
5.068850782981855312e-04
4.652123126402796629e-04
4.369792127443233973e-04
5.337183565364407535e-04
5.108887395857006570e-04
5.126008483256958145e-04
4.899647144267780044e-04
5.389282818742739635e-04
4.369792127443233973e-04
4.626934216508730405e-04
5.354304652764359110e-04
5.368683324232337122e-04
5.149857188029318116e-04
4.832159414561831953e-04
5.047151662366989753e-04
5.317928264462650541e-04
5.186432441138793398e-04
5.158313632673736625e-04
4.855230386016130828e-04
4.980433668247922097e-04
5.079921030813984223e-04
4.546843935511563030e-04
5.337183565364407535e-04
5.341457374278759003e-04
5.047151662366989753e-04
4.779601169801650138e-04
5.368683324232337122e-04
4.980433668247922097e-04
5.337183565364407535e-04
5.024323492492674490e-04
5.354304652764359110e-04
4.750629877764176259e-04
5.108887395857006570e-04
5.389282818742739635e-04
4.284087265363698254e-04
4.626934216508730405e-04
5.142472024985027864e-04
4.727563126150354867e-04
4.978926047271576682e-04
4.978926047271576682e-04
4.585194957728804368e-04
4.880419295910197052e-04
5.100159083764263263e-04
4.521792201418040188e-04
5.297146952489255193e-04
4.966621400065908843e-04
5.208729837755323062e-04
4.626934216508730405e-04
5.047151662366989753e-04
5.025061609439812355e-04
4.914175855477627983e-04
5.149857188029318116e-04
5.368683324232337122e-04
5.378153357536717997e-04
4.915397604975510395e-04
