2.531413472510730972e-09
2.533280799312590588e-09
2.533458550252444366e-09
2.533535109830626346e-09
2.541214810085694959e-09
2.532113430547477382e-09
2.532618196367584956e-09
2.532672654771302387e-09
2.533616692180671562e-09
2.538091376994914269e-09
2.539984099206728225e-09
2.550311562134005188e-09
2.535319033726082952e-09
2.532049381447517979e-09
2.541726674926974267e-09
2.541598939281738627e-09
2.541726674926974267e-09
2.535283945606032690e-09
2.541726674926974267e-09
2.550311562134005188e-09
2.536026429800291715e-09
2.533123765350744594e-09
2.542104309058061011e-09
2.535127266066045795e-09
2.541726674926974267e-09
2.611310918506700886e-09
2.541726674926974267e-09
2.550311562134005188e-09
2.530890294443718459e-09
2.533231649545167768e-09
2.533292526271790218e-09
2.532691246777948970e-09
2.543947773243976006e-09
2.531794542844981798e-09
2.534339242342695936e-09
2.541260192462052417e-09
2.537338123880974837e-09
2.532049381447517979e-09
2.533123765350744594e-09
2.530624711168751804e-09
2.540563738364529798e-09
2.534487155711133630e-09
2.532859810463294824e-09
2.534969642464159913e-09
2.532672654771302387e-09
2.532070838023651632e-09
2.538795494591316376e-09
2.532703711637848979e-09
2.540850150822135240e-09
2.534544877120269175e-09
2.727827688039679066e-09
2.541726674926974267e-09
2.583531828071614264e-09
2.540395697603929815e-09
2.532003492847236297e-09
2.531794542844981798e-09
2.533019015765443018e-09
2.540081404648628290e-09
2.532070838023651632e-09
2.531413472510730972e-09
2.533799522095149654e-09
2.533281983400386774e-09
2.534750094596217439e-09
2.531959578631706578e-09
2.536005289393491034e-09
2.535446296674087937e-09
2.531413472510730972e-09
2.609657395297986376e-09
2.540563738364529798e-09
2.533292526271790218e-09
3.059429394639771885e-09
2.541388431079675308e-09
2.533458550252444366e-09
2.532070838023651632e-09
2.530624711168751804e-09
2.532859810463294824e-09
2.541639864328538249e-09
2.533799522095149654e-09
2.533535109830626346e-09
2.727827688039679066e-09
2.532672654771302387e-09
2.590883289485913066e-09
2.537464107824414435e-09
2.533616243513196106e-09
2.542598978174951187e-09
2.532292016335093632e-09
2.532727509017752049e-09
2.540081404648628290e-09
2.535925925823786167e-09
2.533535109830626346e-09
2.533019015765443018e-09
2.533458550252444366e-09
2.534277012145769559e-09
2.601870917813071974e-09
2.537319421511668830e-09
2.538091376994914269e-09
2.533535109830626346e-09
2.759924041191296341e-09
2.545234582256643465e-09
2.533091134060603835e-09
2.532638711131000222e-09
2.533019015765443018e-09
2.532691246777948970e-09
2.531836256446866465e-09
2.541726674926974267e-09
2.541639864328538249e-09
2.535283945606032690e-09
2.534592168036335245e-09
2.533590946172694065e-09
2.532618196367584956e-09
2.531413472510730972e-09
2.534750094596217439e-09
2.534339242342695936e-09
2.532049381447517979e-09
2.533123765350744594e-09
2.540395697603929815e-09
2.532070838023651632e-09
2.533019015765443018e-09
2.534750094596217439e-09
2.531405590230615524e-09
2.536125364095219031e-09
2.530624711168751804e-09
2.536125364095219031e-09
2.532727509017752049e-09
2.532113430547477382e-09
2.535319033726082952e-09
2.531794542844981798e-09
2.541260192462052417e-09
2.531836256446866465e-09
2.533177205104688384e-09
2.538091376994914269e-09
2.533458550252444366e-09
2.533680126130894782e-09
2.535319033726082952e-09
2.540014195158431116e-09
2.531794542844981798e-09
2.541214810085694959e-09
2.530684294326321771e-09
2.533799522095149654e-09
2.533680126130894782e-09
2.533535109830626346e-09
2.533965466413483801e-09
2.533513986852207670e-09
2.541726674926974267e-09
2.532597141550208226e-09
2.539036836829978304e-09
2.532638711131000222e-09
2.531087965548566047e-09
2.535446296674087937e-09
2.540395697603929815e-09
2.532070838023651632e-09
2.574850164929322242e-09
2.534277012145769559e-09
2.532703711637848979e-09
2.583547498864566671e-09
2.531087965548566047e-09
2.531794542844981798e-09
2.557171847841113548e-09
2.533019015765443018e-09
2.533603488738294850e-09
2.535319033726082952e-09
2.539036836829978304e-09
2.533458550252444366e-09
2.535127266066045795e-09
2.542598978174951187e-09
2.540563738364529798e-09
2.532113430547477382e-09
2.548313369610577203e-09
2.533535109830626346e-09
2.533590946172694065e-09
2.540563738364529798e-09
2.532049381447517979e-09
2.532672654771302387e-09
2.540014195158431116e-09
2.533535109830626346e-09
2.550226899954146107e-09
2.535925925823786167e-09
2.545394375791778714e-09
2.534592168036335245e-09
2.531413472510730972e-09
2.532727509017752049e-09
2.534339242342695936e-09
2.535761285495727041e-09
2.538795494591316376e-09
2.537338123880974837e-09
2.533799522095149654e-09
2.574688569722707518e-09
2.531959578631706578e-09
2.531519781633421782e-09
2.538867359832386498e-09
2.531405590230615524e-09
2.534969642464159913e-09
2.542695279297499063e-09
2.535319033726082952e-09
2.574850164929322242e-09
2.542598978174951187e-09
2.530890294443718459e-09
2.534544877120269175e-09
2.533590946172694065e-09
2.530890294443718459e-09
2.536005289393491034e-09
2.540850150822135240e-09
2.532076210089284303e-09
2.537464107824414435e-09
2.574850164929322242e-09
2.532597141550208226e-09
2.532292016335093632e-09
2.533513986852207670e-09
2.534487155711133630e-09
2.541214810085694959e-09
2.574850164929322242e-09
2.540044716397201384e-09
2.533965466413483801e-09
2.535925925823786167e-09
2.540563738364529798e-09
2.531959578631706578e-09
2.532703711637848979e-09
2.532003492847236297e-09
2.532672654771302387e-09
2.540395697603929815e-09
2.540014195158431116e-09
2.533535109830626346e-09
2.530684294326321771e-09
2.591105426173961969e-09
2.532597141550208226e-09
2.550311562134005188e-09
2.532703711637848979e-09
2.534592168036335245e-09
2.535925925823786167e-09
2.533535109830626346e-09
2.532597141550208226e-09
2.532706367061226422e-09
2.533965466413483801e-09
2.536005289393491034e-09
2.532292016335093632e-09
2.541214810085694959e-09
2.601870917813071974e-09
2.540044716397201384e-09
2.531405590230615524e-09
2.535761285495727041e-09
2.535127266066045795e-09
2.535127266066045795e-09
3.059429394639771885e-09
2.537338123880974837e-09
2.530624711168751804e-09
2.542695279297499063e-09
2.532113430547477382e-09
2.535283945606032690e-09
2.533123765350744594e-09
2.540044716397201384e-09
2.532703711637848979e-09
2.533292526271790218e-09
2.532070838023651632e-09
2.540563738364529798e-09
2.535925925823786167e-09
2.542104309058061011e-09
2.532859810463294824e-09
