-2.424317916452410349e-01
3.984806334747936329e+00
-6.774292351896145092e-01
2.648556117273839661e+00
-3.965329643462195963e-01
1.265306102398617183e+00
-2.404600298860991858e-01
6.019513044234962029e-01
-9.982441099072348889e-01
-2.212649937698092095e-01
6.683432939902813619e-01
-2.489615620738906188e+00
-3.509681429520317697e-01
1.567784866886746453e+00
3.779155111802075251e-02
-3.817654684694553047e-01
-8.790321197048511781e-01
1.366354235229723990e+00
1.854970805999914818e-01
-4.904495828605384689e-01
-6.759830879022437067e-01
2.955498742864154593e+00
-6.426967833193589774e-01
-4.445407003951191982e-02
-6.321063536243064496e-01
-5.993059971846389500e-01
-2.763313370387553980e-01
-9.349945412883725604e-02
-3.166062747841000280e-01
-7.746273295514874979e-01
-4.070947599018353014e-01
-1.239482426964481770e-01
-9.745745460920460790e-01
-1.595020798393529116e-01
-9.864456888366969489e-02
-5.269110352388208796e-01
1.193765760877781024e-01
-1.824206830422761660e+00
-3.880968428946094395e-01
-4.002349354694715311e-01
1.790664511413516902e+00
2.578657116084492440e+00
-2.948390928321637308e-02
-4.803371088450136273e-01
-3.812881288846896033e-01
1.419105784272955972e-01
-6.482921561419373591e-01
4.019773424327190980e-01
-5.996297845165263762e-01
-2.893953684632087978e-02
-5.500668324365345363e-01
-9.481707246414506907e-01
-7.939578889916754090e-01
-1.480575026417435269e-01
1.098742606538159056e-01
-7.451217758771290223e-01
-9.467576854560152411e-01
-1.976259957995268324e-01
-3.181975113201461203e-01
-5.927178020509444867e-01
-5.681621128134095589e-01
-8.892867159628357887e-02
-4.690992986656314367e-01
-9.854237911476275424e-02
-3.226273602911008953e-01
-1.400535400008989795e+00
2.571787778900247012e+00
-4.834948894520186280e-01
1.671432808985593654e+00
-2.598544058560667835e-01
-9.396652579049662168e-02
-1.237957756631871548e-01
-3.490344808012358357e-01
-5.320611068835850999e-01
1.638214444133119452e+00
-3.026935727029320122e-01
-4.433848150372538544e-01
-4.340655605602425360e-01
2.886796808232989231e-01
6.343417542779547502e-02
3.453820715709055911e+00
3.029411499944019703e-01
5.834620946156350296e-01
5.100426569478506700e-01
-9.655638176402795425e-01
-1.200377238518907097e+00
-9.155335247225298012e-01
2.083634131512545729e+00
1.078908026918853624e-01
-6.415624001358062323e-01
-5.442283293924932153e-01
-3.368173019189219519e-01
-2.239900512721102743e-01
-9.765097584514669249e-01
-9.831758318002101760e-01
-1.374101272683553032e-01
-7.737993062774699560e-01
-1.112089543890284915e+00
-3.459180944328333895e-01
8.829686044074084306e-01
-6.326525668161108173e-01
6.039654534682908915e-01
-1.185162238850552274e+00
1.475584972621640234e-01
1.403608825818213057e-01
-1.961126750222744186e-02
-6.894182083213018508e-01
3.270816704465374869e+00
-6.212875679746895363e-01
-3.170840493015319450e-01
-5.934830356399343337e-02
4.423750767414320606e-01
-6.602917745079009970e-01
-5.481878307702580111e-01
-3.594985465428574001e-01
-4.220892817907974381e-02
-6.913822270270373327e-01
2.211835251163336569e+00
2.060309559828514270e-01
-2.382705608196170610e-01
7.907860561071836103e-02
1.865281457759117245e+00
-1.198867684182496618e-01
-6.537445129359792384e-01
-9.209661558949665261e-02
-6.514216687853542354e-01
-4.491657698986094016e-01
-4.207427883894944709e-01
6.951948387396271301e+00
2.649873138386963589e+00
3.139631326167093700e-02
-4.042105336770266955e-01
1.513826194607290843e+00
-5.996823687508815448e-01
-3.291127577372369717e-01
-3.304758076466778327e-01
-4.397152444061198096e-01
-3.601540785299546243e-01
-8.725630394776514587e-01
-2.216756284105825814e-01
2.041861722226831599e+00
-6.807636926113198594e-01
-2.681560126189798332e+00
9.418277208366822029e-01
2.075575577607241318e+00
-3.721396473156331486e-01
-6.620546790266831350e-01
-1.681797593968566706e-01
2.262847239127130927e-01
-8.381972084755128227e-01
-2.506980788509964864e-01
-3.079609988242289487e-01
-1.167325881449148561e-01
3.496332766650033008e+00
-6.838649639740066455e-01
-8.025131111777062953e-01
-4.583510263802527129e-01
7.719259076443668599e-01
-3.573846569128775741e-01
-6.363071561633947271e-01
2.986697056578482279e+00
-9.043685349117869254e-01
-1.387258634521641998e+00
-4.755355371215004290e-01
3.110386343491749805e+00
2.294406306282722463e-01
-4.074801586233860462e-01
-4.029264010431623522e-01
-3.632849174100846179e-01
7.496031980333715816e-02
2.733315237578013424e+00
1.115476586673597614e+00
-2.852682539047088350e-01
-4.916125487047643960e-01
-7.533454285296754538e-01
-5.103492619043253908e-01
-3.323158173100868029e-02
8.436488265306051337e-01
2.720771968273326014e+00
-5.324406835481504396e-01
-1.067317925107318377e+00
2.889854245883237763e-02
1.562166621881748485e+00
1.459451354168592729e-01
3.634834736113741749e-01
1.262745174418971494e+00
-2.971027912780369040e-01
-4.015937469673661053e-01
-5.503476001160697573e-01
-1.697759704884163057e-01
-3.575902307693518134e-01
-3.937796274532308072e-01
3.985182130533875267e+00
-2.327712779915767083e-01
-4.362863069157473794e-01
-7.728894334679192735e-01
1.793588280402254043e+00
-6.076950325482111809e-02
7.466115017707104506e-01
8.662560463779934994e-02
-8.318897709318208156e-01
-3.990865130834725938e-01
-2.851786092242252213e-01
1.819297211732769370e-01
2.188785065243519234e+00
-6.081786258875365725e-01
-2.208980217466644247e-01
6.884813310503397066e-01
-7.355379316348935603e-01
-5.698153786416804145e-01
-2.700642297191652719e-01
-4.345141715021383355e-01
-9.878268675227822593e-01
1.930031860471331129e+00
-4.465092848248395918e-01
9.736533445408328546e-01
8.883080051586651482e-01
-4.588224738181063134e-01
-1.230088537163823853e-01
-4.271955326688854360e-01
6.185721731541122814e-01
7.282904890365293760e-01
8.269285590163725219e-01
2.169273175682196797e+00
5.290690261542455725e-02
-1.972437393715359422e-01
-6.828513034139424009e-01
-6.929563929172509740e-01
3.671374175120232675e+00
-7.645124699580000405e-01
3.521998849824595212e-01
-3.493675049359694085e-01
4.503307652040493547e-01
-5.102677987093421352e-01
1.041984453868592259e-01
-4.960484145106504039e-01
-9.208000051872450298e-01
1.696452763652227747e+00
8.978553835970149999e-01
4.517504223246233963e-02
-6.441898999218482746e-01
-1.920971850888875121e-01
-4.212798496641092516e-01
2.187088486268922605e+00
-2.470990374025693048e-01
2.622095824237049122e+00
-2.325689654804743434e-01
1.067044991806734566e-01
-8.365845182696440840e-02
-2.135164134760378363e-01
1.654151039140739465e+00
3.916527434993258838e-01
-3.477843718994778621e-01
-1.326751670644830614e-02
-6.383571553659052322e-02
1.017888581487036426e+00
-2.847816462128623383e-01
4.243972399549441610e-01
1.700415311916786756e-02
-4.270078833637195315e-01
-6.253029024042913164e-01
-2.337599063801494736e+00
-3.798416846672363900e-01
1.530486400993221974e+00
-1.156669174583245807e-01
-6.957038389787174593e-01
2.658131316135432964e+00
-1.454854560071883851e+00
-2.539403106869875804e-01
-3.874822635895762701e-01
-3.837997641273440119e-01
-6.947305086527046925e-01
9.264741950471941934e-01
2.112700555168532113e-01
-4.766344335067719262e-01
-4.192897106151327047e-01
7.708130584075142400e-01
-7.563982480944836384e-01
-1.384012689958445730e+00
-4.363308702988886179e-01
1.128178224919729883e-01
-6.525859541235343730e-01
-7.138684372914149145e-01
-2.741502895589261191e-01
1.855027009169518404e-01
4.445837613018868706e-01
-1.364552349181802127e+00
-2.437949406785052453e+00
-1.630652528586813699e-02
-1.677085380612411969e-01
2.447961662674163208e-01
-4.140422189382267915e-01
-4.542345416009186954e-01
3.876116829362596938e-01
-2.572032342187333120e-01
-5.887268776385928826e-01
6.438507976116185638e-01
2.375851838164460439e+00
-4.200148849299136788e-01
-1.479430941927122545e+00
-1.400535400008989795e+00
-2.758569963432783156e-01
-2.328746641433374898e-01
1.036907575921089952e+00
1.305480271436729955e+00
-7.301419794462106205e-01
4.243972399549441610e-01
-2.360577558075765137e-01
-5.161219472488421944e-01
-2.295367813114130295e-01
-4.681063725899662908e-01
-5.320611068835850999e-01
4.281167033387249243e-01
-3.697528826264119273e-01
-3.030118704929969375e-01
7.282904890365293760e-01
-4.462783545032872889e-01
9.138864355768794301e-01
