2.074516459327523377e-01
-5.637634868361407481e-01
1.012635357215818432e+00
7.035983755973264364e-02
6.041053818169266343e-01
-1.917630478582083575e-01
-2.085653284229127893e-02
8.799080532905931840e-01
-9.172830390145723101e-01
-5.135052160504997021e-01
-4.705295736262925521e-01
1.721315427869892556e+00
-9.662086206317542780e-01
-6.736514626667209349e-01
2.028002697158917400e-01
-6.499549860341682361e-01
7.205411839168551769e-01
-3.510820093411806675e-01
4.300389383596785187e-02
2.935083945818160456e-01
5.796001649609560102e-01
1.779196585183472068e-01
-6.961606683927146211e-01
-2.062078637035550666e-01
-2.083942676140891070e-01
2.332195919018083818e-01
3.804804703840590496e-02
2.828715463029465749e+00
-3.130783858441699846e-02
1.098374604999236004e+00
-5.671671247119999260e-01
6.528309312419030563e-01
8.640077633107186295e-02
-3.250919399931088694e-01
-2.290017035710164017e-01
6.483578740429911391e-02
-9.231695116195968998e-02
8.238011485891766350e-01
1.856511410774323245e+00
1.280959621158214601e+00
1.026466962329639909e-01
-1.027444383462811084e+00
1.956991997962411189e-01
-3.735988760653909391e-01
-2.402724015861375240e-01
-6.078708405826409589e-01
1.184434421906165880e-01
-1.002449262398044771e+00
-2.949177256973243844e-01
-5.361704019702273616e-01
5.110019671798402108e+00
3.280014057003482475e-01
-2.360916392699961286e-01
-1.231339898372471708e+00
-6.242471982252634222e-01
4.296455155776349177e-02
-5.193133451531790623e-01
-1.022464634396492267e+00
-4.343481538393797470e-01
-6.589099925501845645e-01
-7.747871960568184502e-01
6.972584663331155008e-01
4.023248635606648804e-01
-7.812059660552159723e-01
1.231016132119312934e+00
-4.336964787610241845e-01
-3.358365060009915748e-01
2.012424689925080390e+00
1.126012385033147711e-01
-1.718099172956822837e-02
-9.034885533283232295e-01
1.639172175498927242e+00
-4.220430475316893637e-01
1.103518047275468872e+00
-5.135329712898473176e-01
-6.827125723669645874e-01
-3.809532431455726620e-01
-1.043737667088651344e+00
7.233350621260744573e-01
4.636892775061704497e-01
4.087362219358088855e-01
2.170663147516048053e+00
3.470579909025856558e-01
3.515105336493194732e-02
-8.809713418589590339e-02
-3.503355531758304275e-01
-4.125019207688332967e-01
-7.125819249104032860e-01
1.014647289588312407e-01
-9.784646374845020755e-01
-3.914614006715989025e-01
4.188036564506664172e-01
-6.368819296172154587e-01
1.998252856561587021e-01
-4.451086450017892604e-01
8.302042896798833560e-01
8.197076648775134533e-01
3.656202830557325756e-01
1.035476780366238136e+00
1.106249558510687958e-01
-3.148846784038386581e-01
-9.168531035722151667e-01
-4.153592524810540421e-01
-5.364183131398317927e-01
-5.219998377415800972e-01
6.515025697897487422e-01
2.978414541698840345e+00
-6.852756096399825747e-01
7.933909136688774288e-02
6.460285796184507268e-01
-1.442991538660602480e+00
1.332140184101175961e+00
2.160766028668354710e-01
-8.769184918995116540e-01
2.664695626211243118e-01
3.371647315731324479e+00
-7.762550926703736254e-01
5.234335124792454108e-01
-1.356453423171247508e+00
1.764538517498255965e+00
-1.873053109534127680e-01
-5.072576206008824196e-01
-1.276897874452272097e+00
-8.704555544038163895e-01
2.186646910997088189e-01
-9.017214095516575822e-01
-3.248654188221892780e-01
-6.323764468756398749e-01
-1.909880987498289162e-01
5.123654025600172801e-01
8.110513962988035175e-01
-6.166419893628697357e-01
-2.780544463095005470e-01
-5.032504885788795929e-02
5.036745945469027763e-01
-1.391736947673312963e-01
-4.561102358739153873e-02
-2.053762231973458308e-01
9.923784469235585881e-01
7.337448947214743594e-04
-6.187243439756233698e-01
-4.036978565501685434e-01
-7.620890731676467356e-01
-4.504906082784599919e-01
9.393306046947285104e-01
-5.367111195338789553e-01
-2.783783758966909549e-01
-1.025119185692244583e+00
-1.118642278666996059e+00
-8.124471886551811739e-01
1.238566567166505539e-01
-1.437975344276040346e+00
3.980402700064249455e-01
1.096650725638061541e+00
2.401666011855192906e+00
-5.202251339067927027e-01
-4.629337894226611128e-01
1.522080023811877569e-01
-6.861313136309173943e-01
-1.410655138479345538e+00
-9.647015508368858017e-01
-2.000485095129837243e-01
-6.840749438224844603e-01
-4.038575847594295110e-01
1.864902048844041982e+00
6.000614317257208646e-02
-7.107444022742503975e-01
-8.470140022909818933e-01
-4.543199599747484996e-01
-2.446753138045860698e-01
1.717284723254683954e+00
-1.033135743992928957e+00
-6.919008241072065468e-01
-2.845418642826191280e-01
-7.464918202073094200e-01
-1.032384149620556135e+00
3.385577454566121580e-01
-1.089959759464972644e-01
-1.223014721293656404e+00
-1.565202054751331506e-01
-4.892935851485588072e-01
-2.987108404881169688e-01
2.643231260191731824e-01
-6.902993197445387308e-01
-4.305287392591660711e-01
4.811924651746343207e-01
-3.395635939079995336e-02
-9.301824487420555787e-01
-9.607430284444947732e-01
-2.322879447302551859e-01
8.070975231548543904e-02
-6.728017502003068584e-01
-8.448846226051255348e-01
-6.114014354291050779e-01
3.092458712372422092e+00
1.852874208871312156e+00
1.841164248011203097e-01
-3.268287582526060442e-01
-3.709497832013259888e-01
-4.963811220990322903e-01
-1.031616377303721105e-01
-1.260954023039742022e-01
-1.291173683372116132e+00
1.861496577073813441e+00
-8.924383905794880389e-01
5.067607810068261442e-02
-4.679191172643334395e-01
-7.399203457801569739e-01
-4.296649714818299715e-01
-3.603274685113859177e-01
-7.191743812963134752e-02
-1.249610893294553771e+00
-5.072453146698611137e-01
-4.914952127238037538e-01
-9.919639945118339242e-01
-5.084420523119340674e-01
-8.199428694567394427e-01
2.796421564626750955e-01
-1.019871941708150986e+00
-1.299346481936207720e+00
-1.196372924480063382e+00
-8.238499482745611502e-01
-6.433739268274553391e-02
-1.385292695437593258e+00
-6.512894336285310892e-01
-3.580121299708837190e-01
1.508406980577009504e+00
-1.684233554833786672e-01
-5.018845629953372356e-01
8.859173172924353912e-01
7.996490543269993978e-01
-5.464308310724673712e-01
-2.046903116700535263e-01
3.155442312533135278e-03
-6.096692939775204545e-01
-4.162876953680490488e-01
-5.945289534172646523e-02
-1.452153511742740044e-01
7.394381692920550808e-01
6.923166070923514326e-02
-9.482205981800739814e-01
1.434575722674873877e+00
-9.487522884981244298e-01
1.110640761453796532e+00
-1.365554906394206292e-01
-9.716059064286758362e-02
-5.911473098507223911e-01
-7.262319243810333447e-01
9.340150534150929440e-01
-3.108805953644881992e-01
-6.402715771684241997e-01
-1.148938233514248841e+00
1.202096411131313491e+00
-6.878453655808591805e-01
3.874105533142740976e-01
1.018513281872850174e+00
-8.437464711501135861e-02
