1.177837242036100084e-03
1.710578352019000029e-03
1.536763913028400081e-03
1.481931254458300051e-03
2.008628934834199783e-03
1.369534605873300040e-03
1.569578517527500097e-03
1.460684003451699934e-03
1.264719871317799898e-03
1.221553093563000018e-03
1.611814730585800015e-03
1.553568902372799926e-03
1.511436557835299987e-03
1.531946272974100097e-03
1.991141247951799809e-03
1.538102507337299951e-03
1.669971264141500034e-03
1.397022610830699974e-03
1.189319581423900008e-03
1.197488162876100002e-03
1.498972547555200074e-03
1.563867088915699925e-03
1.568264446661000056e-03
8.813747284137999618e-04
1.140560253801399916e-03
1.459117601244999977e-03
1.574260577557499942e-03
1.035659020156899993e-03
1.077725412457000058e-03
1.241811847907400108e-03
9.887767307405000324e-04
1.672087421120199962e-03
2.166560085196000095e-03
1.757948638910999907e-03
1.180847785208799950e-03
1.570492992695599922e-03
1.657444957660199943e-03
1.760080546265000052e-03
1.781077874389399912e-03
2.011071814782799949e-03
1.390498767631900097e-03
1.422407171952600044e-03
1.250244667863499928e-03
1.562707571175600075e-03
1.632833100194799924e-03
1.411089536317399916e-03
1.102971162859700018e-03
2.181534544242000155e-03
1.119957107826399919e-03
1.536546683517499940e-03
1.268312830548499939e-03
1.372941996115600079e-03
1.561800671716199931e-03
1.737754497816799927e-03
1.353239580492699920e-03
1.273390622556700097e-03
1.582488759441299945e-03
2.296267979791300016e-03
1.429498677722899902e-03
1.592632614309799936e-03
1.177384116490600005e-03
1.320980767953600045e-03
1.326875211612799912e-03
1.113832548143299994e-03
6.244600473467999506e-04
1.605918951232399939e-03
1.417483178976000017e-03
2.075975693925400083e-03
1.244552743893600046e-03
1.474356167011499916e-03
1.393197230135399985e-03
1.994317270676800209e-03
1.563080228236999941e-03
1.697168141719400088e-03
1.490929996125199899e-03
1.727504460051399902e-03
1.431722155841499934e-03
1.149033997114399987e-03
1.138947825816200108e-03
1.704761742246799997e-03
1.229391401682500013e-03
1.506423315732899901e-03
1.643186385735400041e-03
1.370007333334600065e-03
1.097471768522799906e-03
1.443727417133700095e-03
1.733445551142099965e-03
1.323019777283399902e-03
1.045850687466799928e-03
1.663221869675999935e-03
1.584952009936600086e-03
1.464850166274900061e-03
1.670750427531100075e-03
1.706480438652099906e-03
1.419172291810799928e-03
1.446624496095899907e-03
1.402565791734700085e-03
1.714327585851599953e-03
1.068253771135900055e-03
1.578867788193600089e-03
1.826756971973000042e-03
2.147382865090799973e-03
1.306566995201199986e-03
1.728082416383600051e-03
1.286488134981699991e-03
1.358084966595499892e-03
1.566368172170000102e-03
1.196774031093500012e-03
1.826756971973000042e-03
1.329387651066800098e-03
1.656015205803900011e-03
1.546057538509400036e-03
1.462494489664299940e-03
9.970934929338000092e-04
1.465435881263299923e-03
1.536076337043300105e-03
1.974893824092500104e-03
1.751160441177599964e-03
1.716535160473000058e-03
1.258677909560599944e-03
1.597882190625700026e-03
1.685168837288900014e-03
1.533475050632900072e-03
1.438240461774500066e-03
2.140233466374400102e-03
1.494080158302100005e-03
8.253088827400999498e-04
1.962137156014500013e-03
1.531079442352699903e-03
1.681791375008399956e-03
1.531874451002099942e-03
1.282752313515500087e-03
1.714124341566499940e-03
1.265049660032199980e-03
1.202736999880199944e-03
1.499496936427399934e-03
1.460127551449199972e-03
1.366563786537399990e-03
1.476193222327399973e-03
1.321256292671499919e-03
1.530557222294300036e-03
1.247556221231500059e-03
1.086171227367800076e-03
1.589673316107400019e-03
1.722183224555099952e-03
1.320181856345000035e-03
2.107406641448999855e-03
1.459464118025299980e-03
1.186991125938399987e-03
1.322095922631400010e-03
1.750010458247500036e-03
1.082264106134599906e-03
1.344374868179000005e-03
1.168933398488400085e-03
1.337144034447399973e-03
1.047977960965100095e-03
1.256573650752500042e-03
1.983173198830099921e-03
1.161742897024800039e-03
1.445833452823300008e-03
1.314447674326399895e-03
1.573667719297800090e-03
1.373093838607800099e-03
1.216881797545600044e-03
1.418254979730800046e-03
1.205474903304499992e-03
1.699892523558100025e-03
1.609447249813100072e-03
1.840306531670400083e-03
1.302709512887500034e-03
1.501926207647000071e-03
1.487465767041299932e-03
1.078266102254099969e-03
1.501720067415699984e-03
1.529683479997500078e-03
1.198229528519599921e-03
1.381208322499899921e-03
9.447275042232000002e-04
1.593934710185799901e-03
1.058720829826500023e-03
7.840033906861999932e-04
1.671738405847599971e-03
1.228772277246500001e-03
1.515622366839699999e-03
1.309932221094399930e-03
1.239208175609000104e-03
1.246780631766500076e-03
1.002267627667099981e-03
1.626234755849199909e-03
1.238501303467400005e-03
2.023019842725599839e-03
1.743829810879399993e-03
1.557434852457399927e-03
1.403905061363400035e-03
1.443727417133700095e-03
1.782006555038099941e-03
8.363363181341000336e-04
9.430261239459000050e-04
9.207887067481000058e-04
1.796758046936399941e-03
1.802974615809999938e-03
1.408497258358400086e-03
1.641430670301499998e-03
1.612904500516600028e-03
1.818781318189800029e-03
1.214213437068299966e-03
1.974893824092500104e-03
1.432115647678899959e-03
1.841060761192999957e-03
1.712656869592999939e-03
2.224881165621700116e-03
1.641232246539300107e-03
1.532022977534099962e-03
1.103042394244900005e-03
1.428578016473999908e-03
1.739294969382500005e-03
1.451863163181299921e-03
1.386553066430499994e-03
1.458384592521900103e-03
1.660933124521100099e-03
1.270929321275200089e-03
1.699808426968300043e-03
1.345488644412199970e-03
1.545149944051700096e-03
1.615292510183300063e-03
1.484245988190899907e-03
1.846057496394299920e-03
1.544091136257999932e-03
1.695168577497099989e-03
1.048136671537999980e-03
1.239517006432900095e-03
1.317031324473700053e-03
1.515112805349999895e-03
1.787849409786399901e-03
1.776860577415299933e-03
1.033892772317600078e-03
1.634698387591500095e-03
1.767741696918600060e-03
1.377000688654100077e-03
1.485816341544200087e-03
1.670627975520399969e-03
1.811744720382000044e-03
1.199012944547099991e-03
9.725314691846000288e-04
1.390071748556299946e-03
1.090100121922300044e-03
1.808255861221399899e-03
1.779462933398000051e-03
1.265525353102100060e-03
1.557428435398799937e-03
1.365529458585999995e-03
1.500595105880899935e-03
1.220250766296499976e-03
1.459947300587899907e-03
1.367752813263799910e-03
1.205976184121899898e-03
1.499496936427399934e-03
1.258011707418100079e-03
1.977073941178900205e-03
1.018832255322699946e-03
1.707699738499399893e-03
1.575305022497700035e-03
1.547809949184499913e-03
1.645927312374100048e-03
1.626514463490099944e-03
1.517597000229899953e-03
1.298595374086700029e-03
1.584450515622899897e-03
1.093534071040699971e-03
1.553924617043900063e-03
1.648498527154399970e-03
1.460339252297200010e-03
1.525452942384100067e-03
1.677280890894600023e-03
1.543391108424899995e-03
1.492824834423100077e-03
9.287419442028999658e-04
1.511780301809099959e-03
1.156989829630800017e-03
1.438530228614600054e-03
1.631514712425300101e-03
1.652020517321500011e-03
1.024767891121499937e-03
9.598704034831000501e-04
1.599468767409799926e-03
1.099486878900299974e-03
9.687571741715000255e-04
1.364456951619699926e-03
1.332346207823000006e-03
1.423002461888100067e-03
1.410610236567899894e-03
1.424806342872499956e-03
1.351826072884500067e-03
1.926859783975200030e-03
1.576469237268799924e-03
1.808476875637799949e-03
1.501059527666699948e-03
1.045784974068099957e-03
1.297860784870400082e-03
1.191559880575999942e-03
1.314993155441999961e-03
1.213181640167900052e-03
1.762177554412099967e-03
1.740470496872900067e-03
1.522610134631100084e-03
1.812426412512999898e-03
1.473386447481700055e-03
1.539731862431899896e-03
1.716596391697799984e-03
1.483086237656999979e-03
1.515036339524399901e-03
1.501444940869300004e-03
1.159734233416400079e-03
1.453587749132600028e-03
1.541361115732100108e-03
1.832788380386400021e-03
1.301127750379199978e-03
1.207982068867199943e-03
1.317491782279399956e-03
1.587486075974000026e-03
1.503037156182000095e-03
1.654965988060100096e-03
1.413399962373900051e-03
1.796485958999799936e-03
1.531283414593599939e-03
1.063168915831799906e-03
1.619656475767400003e-03
1.189637081623900030e-03
1.560354909618400041e-03
1.258549819607099936e-03
1.568644808541600107e-03
1.615983403055500089e-03
1.339492481491499952e-03
1.588543889948000045e-03
1.447178281232799988e-03
9.264083680136000467e-04
1.670262401925700019e-03
1.250157624486500059e-03
9.450927635056000217e-04
1.047781538088400025e-03
1.470739048480900054e-03
1.064063051161500024e-03
1.568314732328699975e-03
1.415012381773700107e-03
1.427365554514599920e-03
1.533555507080400053e-03
1.770013909596600049e-03
7.537925212154000321e-04
1.462427748874699967e-03
1.918235810886300069e-03
1.461540614705599895e-03
1.677280890894600023e-03
1.608298925824399976e-03
1.880150171888399918e-03
1.244831473814500067e-03
1.783378881249800089e-03
1.987273401603299999e-03
1.155821144972399989e-03
1.074942183134100070e-03
1.710470159389299895e-03
1.565263736883600043e-03
1.542779732641300040e-03
2.199163309778599980e-03
1.248809246081000008e-03
1.274057673149800105e-03
1.879263763406500065e-03
1.523516654896400063e-03
1.120860175100299927e-03
1.803282485364499912e-03
1.059330747798799916e-03
1.796933082800199980e-03
1.322402826075900041e-03
1.082025038786499967e-03
1.646710673857900049e-03
1.528601214131399986e-03
1.221570370282200032e-03
1.638130087735299939e-03
1.279346909737900028e-03
2.177067621600000183e-03
1.400613957067000075e-03
1.642098243065099987e-03
1.054642492668800020e-03
9.561963630354999681e-04
1.127634231828700088e-03
1.197920502329399969e-03
1.327461051851200032e-03
1.628690146328799901e-03
1.508526551225499975e-03
1.695539871270599968e-03
1.824519530664000079e-03
1.755161050733200067e-03
1.117250828066999923e-03
7.974125713299000037e-04
1.387623707137900040e-03
1.749128024263099960e-03
1.535159129607400032e-03
1.416457792506599931e-03
1.608403537788200043e-03
2.011787224537299901e-03
1.540692691667800047e-03
1.569824738332799893e-03
1.345488196937399917e-03
9.964504215398000981e-04
1.660265993189300078e-03
1.541289968974400007e-03
1.673239423807299994e-03
1.605802321407499931e-03
1.504870438448899965e-03
1.069354897618900006e-03
1.203492596464800094e-03
1.328108234319200047e-03
1.596195597048300028e-03
1.681591683258400020e-03
1.107524727484000045e-03
1.343058449506599967e-03
2.208677870351800215e-03
1.069849568853199892e-03
1.694516462990499966e-03
1.754981563462299898e-03
1.605143626511600042e-03
1.406103973326099967e-03
1.619664228762999906e-03
1.395121181752400057e-03
1.015015386579100082e-03
1.795219788080499972e-03
1.670750168163699905e-03
1.524247478897000022e-03
1.335513942015000054e-03
9.789655543996000561e-04
1.356326662164199920e-03
1.172924166032800024e-03
2.064693004383600077e-03
1.597785555398699908e-03
1.498251850761500017e-03
1.510611933881800045e-03
1.089287870751099894e-03
1.547767202470099954e-03
1.418578582917799950e-03
1.716991069214200086e-03
1.482675985927800043e-03
1.180696421302599971e-03
1.809526198024200005e-03
1.498251850761500017e-03
1.420288068640699914e-03
1.180133795333000073e-03
1.539731862431899896e-03
1.386864752587499937e-03
1.516119571320400077e-03
1.494391041763399892e-03
1.532022977534099962e-03
1.195434040752399929e-03
1.499739554542300034e-03
1.449732736791099937e-03
1.934355260948799910e-03
1.309046906006800090e-03
1.817101808994899936e-03
2.080978475016100060e-03
1.246370082412999935e-03
1.355780938050899984e-03
1.568282894629500091e-03
1.072003510019999949e-03
9.633443807481999882e-04
1.407706570475699987e-03
1.640167766369600042e-03
1.530557222294300036e-03
1.697164090217000024e-03
1.512519431876599950e-03
1.301563200044800108e-03
1.189444237228199979e-03
1.672170315935599897e-03
1.757063997844000034e-03
1.859187184370300052e-03
1.461439982622799892e-03
1.321133992827600023e-03
1.462552565233400008e-03
1.066876060928299971e-03
1.508599495782100060e-03
1.457780447884800094e-03
9.237291907787999624e-04
1.395673743349400099e-03
1.504342883964099927e-03
1.477210277133900098e-03
1.457519508651899899e-03
1.473879569129199919e-03
1.765550553646199911e-03
1.118406799094900017e-03
1.714124341566499940e-03
1.554968101629799950e-03
1.722302222524899973e-03
1.391507838586899951e-03
1.559832248174900047e-03
1.566982105548799919e-03
1.743476361463400107e-03
1.228236793708100067e-03
1.525452942384100067e-03
1.477210277133900098e-03
1.607913403459799951e-03
1.396621381429400018e-03
1.625600121384900010e-03
1.503875817602500029e-03
1.699808426968300043e-03
1.673170276419599966e-03
1.704404645053899910e-03
1.691531428045800001e-03
1.450272200149600082e-03
1.500489208206900104e-03
1.476711049951899947e-03
1.538233531793099969e-03
1.291817455361900105e-03
1.136902948275599935e-03
1.738581044151400095e-03
1.667284206561799997e-03
1.328108234319200047e-03
1.116664787867500041e-03
1.516173092424200021e-03
1.373710387346499919e-03
1.534133409630299974e-03
1.374524466332499974e-03
1.300440773227200079e-03
1.466513038078199899e-03
1.423936507923999947e-03
1.340142379162399941e-03
2.122408721317700121e-03
1.955131775113899857e-03
1.168119714868499914e-03
1.747626660275500027e-03
1.936144812051700075e-03
1.096517431155100098e-03
1.343313851316400029e-03
1.465411405544600086e-03
1.514164288712699933e-03
9.751576421532999776e-04
1.397802543815999899e-03
1.521199753163100018e-03
1.559832248174900047e-03
1.648336674735100069e-03
1.538233531793099969e-03
1.797528509084700020e-03
1.611347568422800101e-03
1.313541719688600048e-03
1.363100307530799990e-03
1.765477132546000106e-03
1.527483195836600027e-03
1.209010904709499970e-03
1.499074324403700063e-03
1.511451316589700012e-03
1.313620888988599900e-03
1.557473282519100102e-03
1.298883344242800090e-03
1.354033274456499991e-03
1.445945157787800099e-03
1.092833404028699905e-03
1.438414441780899895e-03
1.610330254993300007e-03
1.751629281366300040e-03
1.487759171748899998e-03
9.933973417307999376e-04
1.176366302329899917e-03
1.696489497473499921e-03
1.322095922631400010e-03
1.308023167326899903e-03
1.420495011939100017e-03
1.457970078176099981e-03
1.296137910835799953e-03
1.156511243850599909e-03
1.554306841508399945e-03
1.260946133796499906e-03
1.195403317870999968e-03
1.412106820299900050e-03
2.035851433564299894e-03
9.715044721691999934e-04
1.265019254591799938e-03
1.187143634746400068e-03
1.118538942890399956e-03
1.400649334685100068e-03
1.425573300367699971e-03
1.364022710123199934e-03
1.430919037155100075e-03
1.526402444582800099e-03
1.512129332079099973e-03
1.538561293593000093e-03
1.856830998352100061e-03
1.273519091134800094e-03
1.186119602542000037e-03
1.194506984564300007e-03
1.496476812332200044e-03
1.345182586424400030e-03
1.163517112032900081e-03
1.430559715599799987e-03
1.516167231869600032e-03
1.639805779852000073e-03
1.602979042724400009e-03
9.891559906106000850e-04
1.451304965380300054e-03
1.604196883283999986e-03
1.313587402992400042e-03
1.592093209236799915e-03
1.785261408927599908e-03
1.290835601353600105e-03
1.313322433828299904e-03
1.402137504843699962e-03
1.686451814963599912e-03
1.454218292182399980e-03
1.553262127206799913e-03
9.783681694390999797e-04
1.489219114219700064e-03
1.538561293593000093e-03
1.495577182576400066e-03
1.406505944682999963e-03
1.356481463327999975e-03
1.661381576418800030e-03
1.565835419514200084e-03
1.493463776753199950e-03
1.582640561249599922e-03
1.697282678882399993e-03
1.388547551022900010e-03
1.490957022686500034e-03
1.659371662614600104e-03
1.523784180162599932e-03
1.067599602304499917e-03
1.443325896264200086e-03
1.672695614756700058e-03
1.449404204979300084e-03
1.550034749873700074e-03
1.405843035556300028e-03
9.848536686219999409e-04
1.676103077797999998e-03
1.058543079818699941e-03
1.159358697726900001e-03
1.110882849834499966e-03
1.747085799488999960e-03
1.170590901824899912e-03
2.024024933281999995e-03
1.094237687489899935e-03
1.891575998282199900e-03
1.420495011939100017e-03
1.507575675411500097e-03
2.006430800114299921e-03
1.267211968902800081e-03
1.662100746345600028e-03
2.035884293930899976e-03
1.701849315325800046e-03
1.032767760256399908e-03
1.466513038078199899e-03
1.214679794155699944e-03
1.184054459989900042e-03
1.496055082762699946e-03
1.785388525063900077e-03
1.134131190944500040e-03
1.020782580317699953e-03
1.614691979820899893e-03
1.743697976459099991e-03
1.688292617525199903e-03
1.371886996150899945e-03
1.997478655858199795e-03
1.757107893745500074e-03
1.532384564706500011e-03
1.265295105728500005e-03
1.987100503105999894e-03
1.871085448070399990e-03
1.329635858196900064e-03
1.547767202470099954e-03
1.524802030930499930e-03
1.488946869621600097e-03
1.593692175804700076e-03
1.615736225156200103e-03
1.178652234204099992e-03
1.256850776276900077e-03
1.436208402091899939e-03
1.305217696025199941e-03
1.609124064193399916e-03
1.211300243619099944e-03
1.477703195647099999e-03
1.890626914342599966e-03
1.277308707506799893e-03
1.858151269638799946e-03
1.518070293547399982e-03
1.728082416383600051e-03
1.469048575142100103e-03
8.513491910998999528e-04
1.109531584097999974e-03
1.187630509602799912e-03
1.092262473413399939e-03
1.670915593677099915e-03
1.613753935697500056e-03
1.558701783273799997e-03
1.870331887945800037e-03
1.224883376913900009e-03
1.580818969880699951e-03
1.098991750481699906e-03
1.320982875840099940e-03
1.064929678715799974e-03
1.018726773353899979e-03
1.860144056705299951e-03
1.192493760751499971e-03
1.773674775221500098e-03
1.606694978724499973e-03
1.718866580913100059e-03
1.552435955659299972e-03
2.295318028835299784e-03
1.359024872228799946e-03
1.125579081643200046e-03
1.795054557616800094e-03
1.161817582245499962e-03
8.777528713284000377e-04
1.359127548743800087e-03
1.406015928324499996e-03
1.530408947539900087e-03
1.328549239816500041e-03
1.696489497473499921e-03
1.870331887945800037e-03
1.573194903463999992e-03
1.542277481952800035e-03
1.372354525459300095e-03
1.528221779738600039e-03
1.546962286184200069e-03
1.286731217763999917e-03
1.575514174365800091e-03
1.184395218751300039e-03
1.775524106914399972e-03
1.749017272652900103e-03
1.165452398016499948e-03
1.263865726927899903e-03
1.363811944519700012e-03
1.340142379162399941e-03
1.626140664168699949e-03
1.307361033526199985e-03
1.550545971980200064e-03
1.237727959829400086e-03
1.567421457131799910e-03
1.463658772467900035e-03
1.045245756260100101e-03
1.578735725247500023e-03
1.079715223799999988e-03
1.336902765058499898e-03
1.362695626185500076e-03
1.799047261526399944e-03
1.441551987224099895e-03
1.916725846038500091e-03
1.696740455913799952e-03
1.733415774596999909e-03
1.185359102019799922e-03
1.275189046007599997e-03
1.748981889555999971e-03
1.537344337725199970e-03
9.998019627473000992e-04
1.111956141424599994e-03
1.524510884065199924e-03
9.994427031925999776e-04
1.671561901303399980e-03
1.750897585668599946e-03
1.123251710078499929e-03
1.587736906457300028e-03
1.422407171952600044e-03
1.469050653161000069e-03
1.545018110422299992e-03
1.592266971736900098e-03
1.458839697402299941e-03
1.605779143007899897e-03
1.779462933398000051e-03
1.894228203476499943e-03
1.295471044617199988e-03
1.299364052898800042e-03
1.552744873913599905e-03
1.543391108424899995e-03
2.067128668934400167e-03
1.051932078070100078e-03
1.262131386338999958e-03
1.865966314399999893e-03
1.514706928973000083e-03
1.651071329694899902e-03
1.126450071834200024e-03
1.389006283443499929e-03
7.841439300807000147e-04
1.806843381767300099e-03
1.080872206187700026e-03
1.662982384472099905e-03
9.660817547258000130e-04
1.263308270832499969e-03
1.881007221856500046e-03
1.446709366143600047e-03
1.343059268083199916e-03
1.659069405430999965e-03
1.793208175374200099e-03
1.284409405885900005e-03
1.628862047284600082e-03
1.597452322539900027e-03
1.201760039137399986e-03
1.554290029022399990e-03
1.731178968428900107e-03
1.507880323674900104e-03
8.834054258366000074e-04
1.418578582917799950e-03
1.163940205882700021e-03
1.723512970182600017e-03
1.264559370771899897e-03
1.203424207642099942e-03
2.130065636071299794e-03
1.325106723747199915e-03
1.193563250869300076e-03
1.248436475093900105e-03
1.386826146463299896e-03
1.220013602760099906e-03
1.233170752343699939e-03
1.498595038946400060e-03
1.459047457276100006e-03
1.408689691822800081e-03
1.564697386491899992e-03
1.518054984961400003e-03
1.001442147624799928e-03
1.654802509764600029e-03
1.080347998962999942e-03
1.620915442981200015e-03
1.410192576899100105e-03
1.480969494189199927e-03
1.379851053277700041e-03
1.611347568422800101e-03
1.589917774565699927e-03
1.117953426067300020e-03
1.816490427926000005e-03
1.469252914335699919e-03
1.363305340714400038e-03
1.724193840152900108e-03
1.690151082779300104e-03
9.470892535272999822e-04
1.433461566848500020e-03
1.362016857224600079e-03
1.531079442352699903e-03
1.331207123737800004e-03
1.350858114802100038e-03
1.607581727385300066e-03
2.028376786498099858e-03
2.148316419132400169e-03
1.507309620689000059e-03
1.498972547555200074e-03
1.918315803309800054e-03
1.521859407632699919e-03
6.324395389399999892e-04
1.184664687051600060e-03
1.750541322563699915e-03
1.580956868658600026e-03
1.293879452378699987e-03
1.906191036774499900e-03
1.365416429111100107e-03
1.657950326016299943e-03
1.791064069608700078e-03
1.295070939064100080e-03
1.451149509693499965e-03
9.758277106709999874e-04
1.451809979437399976e-03
1.004186190408399995e-03
1.288173198846800016e-03
1.292448386068999980e-03
1.586653496478900027e-03
1.720493437418500098e-03
1.505878751636599957e-03
9.618061058276999560e-04
1.695539871270599968e-03
1.056770921498700107e-03
1.772406213184400062e-03
9.631991436905999781e-04
1.162842665864899979e-03
1.522111692985900037e-03
1.294776223134200006e-03
1.704009956565400059e-03
1.363227240087400106e-03
1.199607631167999913e-03
1.634819408044000093e-03
1.906749611541899920e-03
1.070674744455000008e-03
1.515043146189599911e-03
1.473433025171099918e-03
9.049395914698999711e-04
1.652677440860400018e-03
1.587263778906000027e-03
1.261818080413700058e-03
1.514664179518399913e-03
1.650718642082900107e-03
1.565486900806900041e-03
1.045074542358200020e-03
1.684737269555799943e-03
1.034166454580900040e-03
1.008602074036300030e-03
1.233172163040900052e-03
1.590411298487300106e-03
1.997685162369700063e-03
1.598849313350999939e-03
1.626234755849199909e-03
1.392245187377999906e-03
1.104184273895299911e-03
1.313587402992400042e-03
1.117913276883999996e-03
1.627597180726200006e-03
9.430946222149000531e-04
1.636650112819599927e-03
2.006305219184699798e-03
1.339485903544899992e-03
1.297400826221500056e-03
1.364402101949700003e-03
1.220854288006799999e-03
1.514705650601199955e-03
1.683410862330399996e-03
1.446709366143600047e-03
1.029197308236500050e-03
1.585900496207499899e-03
1.167553121986899959e-03
1.470747510268600056e-03
1.861782097062399978e-03
1.093842841324399939e-03
1.001096508989400037e-03
7.773248286416999889e-04
1.742961352906999967e-03
9.852297395656999229e-04
1.454713611095400034e-03
1.518722120031299914e-03
1.472919488328899938e-03
1.294962449652200002e-03
1.846970179849399991e-03
1.614024514503400098e-03
1.273059140133299925e-03
1.657902228398499926e-03
1.175728193231299901e-03
9.884146468749999224e-04
1.901046594054300095e-03
1.932865105231800027e-03
1.460883542008699918e-03
1.592120898898300016e-03
1.610573747711699973e-03
9.654594744103999621e-04
1.532933684888500075e-03
9.806264305754000543e-04
1.708851117797099929e-03
1.601031503667300080e-03
1.554081659833400067e-03
1.540951565744600078e-03
1.435250288268000076e-03
1.941291617013700052e-03
1.535159129607400032e-03
1.844084647204099949e-03
9.503219238575000066e-04
2.057007752549299805e-03
1.274706843747099982e-03
1.079299928658299925e-03
1.382318505227300102e-03
1.239343159259899928e-03
1.452871711844999940e-03
1.430559715599799987e-03
1.437798414216499973e-03
1.302300341009799984e-03
1.411089536317399916e-03
1.035481632642400044e-03
1.634620756703799921e-03
1.746443555245699979e-03
8.691534713008000406e-04
1.236418204013799973e-03
1.030899325543599941e-03
1.290381822348799900e-03
1.283345031768200022e-03
1.298959806219200045e-03
1.433816558859900064e-03
1.706596301321400017e-03
1.595438861927199990e-03
1.629820720225299896e-03
1.189379916065799996e-03
1.373642066283900032e-03
1.535038715231200075e-03
1.396621381429400018e-03
1.314025372286599901e-03
1.321502209024200082e-03
1.233950040632800010e-03
1.128349925758500086e-03
1.671204337656299974e-03
1.169223297553399939e-03
1.208773055297299951e-03
1.774309781956999975e-03
1.720597873079800005e-03
1.664663291350900040e-03
9.821496653185000317e-04
1.161090151146299942e-03
1.849383744362500040e-03
1.356489409291699927e-03
1.500170008094199895e-03
1.131958160367500061e-03
1.595920470334399920e-03
1.438444014768500102e-03
1.060725962458400080e-03
1.443398342990099897e-03
1.492965286542200084e-03
1.558701783273799997e-03
1.143759188045099942e-03
1.495004415925699996e-03
1.502218950546600025e-03
1.462838849407400044e-03
1.229611139476699967e-03
1.777231222963299943e-03
1.584491237492499996e-03
1.667282107358000059e-03
1.433047455704400007e-03
1.469048575142100103e-03
1.569185838252699959e-03
1.782769001192499895e-03
1.550527825164300065e-03
1.804946018370300054e-03
1.645516410942499943e-03
1.759568775568900100e-03
1.615756225755899961e-03
1.777231222963299943e-03
1.317347406615100060e-03
2.079883911074100096e-03
1.215747550714000105e-03
9.903445084483999093e-04
1.412982293825199975e-03
1.167295898426100060e-03
1.275552694835799901e-03
1.687905553644400035e-03
1.528556074336499988e-03
1.399350479526299904e-03
1.143358430062299926e-03
1.718286569911099942e-03
1.628937808799799927e-03
1.705251328221200078e-03
1.311086146560599963e-03
1.482675985927800043e-03
1.305106612740700080e-03
1.735249000638400046e-03
1.222612829079799913e-03
1.399614517290100058e-03
1.777033176930800000e-03
1.087524311869900000e-03
1.452932953238900019e-03
1.612775955508399936e-03
1.317360442200199910e-03
1.513364259276700052e-03
1.396531060537799934e-03
1.563207204092399933e-03
1.351871043302200082e-03
1.046451320295500084e-03
1.424043380236899962e-03
1.020147708407199982e-03
1.407291276691599938e-03
1.105483044630599983e-03
1.837020538179799959e-03
1.770104868146599956e-03
1.476193222327399973e-03
1.341481441810100060e-03
1.644806419530700069e-03
1.791191133874700091e-03
1.438176970184300079e-03
1.822182908137800084e-03
1.629480979352899983e-03
2.171172933336600139e-03
1.228777706690500080e-03
1.406103973326099967e-03
1.607380426855599962e-03
1.616679604345099995e-03
1.536934105612799972e-03
1.664702382306200044e-03
1.365434984077600012e-03
1.401374722321000041e-03
1.401836639955999922e-03
2.181095156874800125e-03
1.465804138895300014e-03
1.390990694819400084e-03
1.604768884778900008e-03
1.854717657287000086e-03
1.390071748556299946e-03
1.460883542008699918e-03
1.831958384039499921e-03
1.152319464563600002e-03
1.555370020915900018e-03
1.048273443028800017e-03
2.180640659102000157e-03
1.323613690332600071e-03
1.212222684158699958e-03
1.519811283494400082e-03
1.463893132009000050e-03
2.196514855218900143e-03
9.090450135091000155e-04
1.340716775648600079e-03
1.412162381172199933e-03
1.743870964260799909e-03
1.554380545477200039e-03
1.835454725811899983e-03
1.392847740762100106e-03
1.686294664482800021e-03
1.232227251611399919e-03
1.157297506416599901e-03
9.134823555088999536e-04
9.866231459655999073e-04
1.371658841523300037e-03
1.576567737512300001e-03
1.464941425288399969e-03
1.404348438208300083e-03
1.276298322473899943e-03
1.465564569901299909e-03
1.443617380556400098e-03
1.445430687532799942e-03
1.052956121024300031e-03
1.736405924186799898e-03
9.664683904680999686e-04
1.213344759424100092e-03
1.602411895804199899e-03
1.431297913602600034e-03
1.697447568874499955e-03
1.941781276544900106e-03
1.202341024195699914e-03
1.930242638507200003e-03
1.536154406982399899e-03
1.159893591608200094e-03
1.650666428400500039e-03
1.231504080126899926e-03
1.500363389793200105e-03
1.174037409366400107e-03
1.472702554200999974e-03
1.830002969500200017e-03
1.359024872228799946e-03
1.196638167898600056e-03
1.911080483543299915e-03
7.638681762217999684e-04
1.989090083637100066e-03
1.147879387772700105e-03
1.873832636340900084e-03
1.294300106400100066e-03
1.982086495284899989e-03
1.493528876019500039e-03
1.457208638293100000e-03
1.952955321520900107e-03
1.249815144948600038e-03
1.516758832853200029e-03
9.653743421704000498e-04
1.359034728442200073e-03
1.164056342957699901e-03
1.019185445902200072e-03
1.603673072430399906e-03
1.275898134529299946e-03
1.351459929594299924e-03
1.037870475588699914e-03
1.470739048480900054e-03
1.168181962586200108e-03
1.061834559553600068e-03
1.669272793927599951e-03
1.511127008762099900e-03
1.258245812005199908e-03
1.146120050764199956e-03
1.505368000296900075e-03
1.655910818225200072e-03
1.462427748874699967e-03
1.165016282003799924e-03
1.542399510526500052e-03
1.143961497934400072e-03
1.579525966887800103e-03
1.932928784258499929e-03
1.601239700398199902e-03
1.056633915772899968e-03
1.485551060283199975e-03
1.551328689215599995e-03
1.478364624794799905e-03
1.468882933422500014e-03
9.858780153565000707e-04
1.066880631878899983e-03
1.894672418732000051e-03
1.547099422136399968e-03
1.386826146463299896e-03
1.416476419687700021e-03
2.013926732857199923e-03
1.354148771232299925e-03
1.176126923634500041e-03
2.051524904728299972e-03
1.512519431876599950e-03
1.653387073115500068e-03
1.786245297607999983e-03
1.309500455094499962e-03
1.020768400391299999e-03
1.405612622202100049e-03
1.692306042889799977e-03
1.275641965018399927e-03
1.582252809491699937e-03
1.306718381094500040e-03
1.036062390711300039e-03
1.205053549276899989e-03
1.076143319984700086e-03
8.888472644088999492e-04
1.258660901737800085e-03
1.751835520629499996e-03
1.712332969297999941e-03
1.886615629538099942e-03
1.327461051851200032e-03
1.643506683894999966e-03
1.260803734945399905e-03
1.573109718095099929e-03
1.329111661324700088e-03
1.631388170976400031e-03
1.730005213374399917e-03
1.694775512805699958e-03
9.246734015128999559e-04
1.000892585220899923e-03
1.671048685133399948e-03
1.848641888175200096e-03
1.676616362099699964e-03
1.544091136257999932e-03
1.331313532568700062e-03
1.142168133148999901e-03
1.931077690641800054e-03
9.702471551313999500e-04
1.587795026130500026e-03
1.359255684000500088e-03
1.407291276691599938e-03
1.652818425523799916e-03
1.114664821452799898e-03
1.890347005266199924e-03
2.037655314481599811e-03
1.359552611141199912e-03
1.533442956611900032e-03
1.441551987224099895e-03
1.681991810376499931e-03
1.328028398366499921e-03
2.272122161722599839e-03
1.011844933450299936e-03
1.499074324403700063e-03
7.340490260853000087e-04
1.566488282119199958e-03
8.253526885948000037e-04
1.378916297268300032e-03
1.114099239414000032e-03
1.634268484134099916e-03
9.233940760301999470e-04
1.255692015508399996e-03
1.874306632626100005e-03
1.232335332660400079e-03
1.210996152195600081e-03
1.181612680019300055e-03
1.511451316589700012e-03
1.173186643928500038e-03
1.950896071143799976e-03
1.433464842101000005e-03
1.760687468968599994e-03
1.452408351163199949e-03
1.311297428435399901e-03
1.284569701324200048e-03
1.513343836787799969e-03
1.668007795149500060e-03
1.586653496478900027e-03
1.223452076192700026e-03
1.352730044746099959e-03
1.948536738725100033e-03
1.574726134585200006e-03
1.280114355442599997e-03
1.566187895145599923e-03
2.158085853534700074e-03
1.462597229223200042e-03
1.563797829475900092e-03
1.721739946211800010e-03
1.708595906387400066e-03
1.460635466905300071e-03
1.364121776854299896e-03
1.585900496207499899e-03
2.003827836850699973e-03
1.717314497355000016e-03
1.562586466997099984e-03
1.508599495782100060e-03
1.645666395437799965e-03
1.527041640476599956e-03
2.025435876231199920e-03
1.557328848873899959e-03
1.629820720225299896e-03
1.218755377959199930e-03
1.314165089746200006e-03
1.424494581813899900e-03
1.197278586590999920e-03
1.224974243302500094e-03
1.187613140465199925e-03
1.596280605739199953e-03
