1.422605028975144513e-03
1.395935533281371810e-03
1.582664852421257181e-03
1.617405441744137942e-03
1.603610545353624560e-03
1.601616017552463106e-03
1.538841802224563465e-03
1.626326495968223942e-03
1.388675550795876162e-03
1.640165068335440023e-03
1.388675550795876162e-03
1.576102013961386532e-03
1.153494505082396397e-03
1.169434351553087000e-03
1.473592524753503368e-03
1.558679392833869698e-03
1.623337851113898847e-03
1.167957598545036734e-03
1.395935533281371810e-03
1.558679392833869698e-03
1.473592524753503368e-03
1.473592524753503368e-03
1.538841802224563465e-03
1.591871555181302534e-03
1.623337851113898847e-03
1.220226818636657631e-03
1.519114496464289178e-03
1.497211465861492206e-03
1.618689547770236917e-03
1.626326495968223942e-03
1.388675550795876162e-03
1.597039390182454022e-03
1.335145714601539656e-03
1.473592524753503368e-03
1.603610545353624560e-03
1.468334508388895393e-03
1.388675550795876162e-03
1.639073894432287789e-03
1.335145714601539656e-03
1.516938771621766709e-03
1.280456211386606915e-03
1.571044601011259813e-03
1.335145714601539656e-03
1.468334508388895393e-03
1.582894731680998179e-03
1.650917577801407207e-03
1.178220565404048672e-03
1.497211465861492206e-03
1.606599190207949439e-03
1.415662839041646314e-03
1.219924523313769540e-03
1.239651829074043827e-03
1.264811756298524692e-03
1.388675550795876162e-03
1.538952087073595411e-03
1.497211465861492206e-03
1.368948245035601875e-03
1.623337851113898847e-03
1.607714397336316731e-03
1.618689547770236917e-03
1.592128791399826260e-03
1.621343323312737610e-03
1.582894731680998179e-03
1.203280251553663898e-03
1.473592524753503368e-03
1.538841802224563465e-03
1.468334508388895393e-03
1.388675550795876162e-03
1.579632266587585859e-03
1.606599190207949439e-03
1.241478447617249542e-03
1.620437762575165737e-03
1.189161657313361287e-03
1.289574919869296331e-03
1.538841802224563465e-03
1.219924523313769540e-03
1.415662839041646314e-03
1.170806505314024495e-03
1.335145714601539656e-03
1.563225225781376135e-03
1.368948245035601875e-03
1.582952531541650422e-03
1.396742915561160602e-03
1.607714397336316731e-03
1.163683867152514066e-03
1.169434351553087000e-03
1.497211465861492206e-03
1.200499512876383344e-03
1.388675550795876162e-03
1.592128791399826260e-03
1.571044601011259813e-03
1.538841802224563465e-03
1.688563578404324783e-03
1.241478447617249542e-03
1.597202519340576660e-03
1.442332334735418799e-03
1.203280251553663898e-03
1.597039390182454022e-03
1.241478447617249542e-03
1.682143265767921652e-03
1.592128791399826260e-03
1.558679392833869698e-03
1.592128791399826260e-03
1.415662839041646314e-03
1.183552945793389394e-03
1.468334508388895393e-03
1.497211465861492206e-03
1.183552945793389394e-03
1.538952087073595411e-03
1.219924523313769540e-03
1.606289163273031057e-03
1.473592524753503368e-03
1.519114496464289178e-03
1.590771906771534317e-03
1.607213557610400259e-03
1.590771906771534317e-03
1.569462557796204175e-03
1.618689547770236917e-03
1.556374708201112029e-03
1.388675550795876162e-03
1.368948245035601875e-03
1.538841802224563465e-03
1.368948245035601875e-03
1.556620233861796560e-03
1.582952531541650422e-03
1.611856097160100764e-03
1.264811756298524692e-03
1.688563578404324783e-03
1.388675550795876162e-03
1.519114496464289178e-03
1.473592524753503368e-03
1.607714397336316731e-03
1.618689547770236917e-03
1.261205753377523829e-03
1.516938771621766709e-03
1.606289163273031057e-03
1.519114496464289178e-03
1.601616017552463106e-03
1.448607202628621107e-03
1.571044601011259813e-03
1.563225225781376135e-03
1.626016469033305344e-03
1.442332334735418799e-03
1.598962242009962630e-03
1.516938771621766709e-03
1.519114496464289178e-03
1.556374708201112029e-03
1.341992693726133364e-03
1.388675550795876162e-03
1.538841802224563465e-03
1.516938771621766709e-03
1.415662839041646314e-03
1.586938674947110765e-03
1.335145714601539656e-03
1.442332334735418799e-03
1.604661522907897819e-03
1.368948245035601875e-03
1.442332334735418799e-03
1.289574919869296331e-03
1.200499512876383344e-03
1.415662839041646314e-03
1.556620233861796560e-03
1.264811756298524692e-03
1.519114496464289178e-03
1.497211465861492206e-03
1.493319830513777655e-03
1.239651829074043827e-03
1.315418408841265369e-03
1.582894731680998179e-03
1.473592524753503368e-03
1.658801200192562076e-03
1.538952087073595411e-03
1.558679392833869698e-03
1.341992693726133364e-03
1.516938771621766709e-03
1.582952531541650422e-03
1.200499512876383344e-03
1.200499512876383344e-03
1.556620233861796560e-03
1.577312084422179735e-03
1.577358782000320026e-03
1.590771906771534317e-03
1.576102013961386532e-03
1.582894731680998179e-03
1.493319830513777655e-03
1.388675550795876162e-03
1.473592524753503368e-03
1.315418408841265369e-03
1.576102013961386532e-03
1.558679392833869698e-03
1.468334508388895393e-03
1.395935533281371810e-03
1.538841802224563465e-03
1.582894731680998179e-03
1.538952087073595411e-03
1.309302225629570835e-03
1.388675550795876162e-03
1.519114496464289178e-03
1.661202382167413028e-03
1.284539062058799195e-03
1.146688732131897950e-03
1.567157730848513664e-03
1.388675550795876162e-03
1.442332334735418799e-03
1.661202382167413028e-03
1.559246323101221368e-03
1.309302225629570835e-03
1.335145714601539656e-03
1.341992693726133364e-03
1.368948245035601875e-03
1.497211465861492206e-03
1.448607202628621107e-03
1.341992693726133364e-03
1.361719999486407867e-03
1.261205753377523829e-03
1.189161657313361287e-03
1.497211465861492206e-03
1.422605028975144513e-03
1.576347539622070847e-03
1.189161657313361287e-03
1.239651829074043827e-03
1.598962242009962630e-03
1.538841802224563465e-03
1.583041884163606354e-03
1.173221810842670900e-03
1.388675550795876162e-03
1.388675550795876162e-03
1.473592524753503368e-03
1.497211465861492206e-03
1.183552945793389394e-03
1.448607202628621107e-03
1.473592524753503368e-03
1.558679392833869698e-03
1.442332334735418799e-03
1.341992693726133364e-03
1.590771906771534317e-03
1.606289163273031057e-03
1.468334508388895393e-03
1.422605028975144513e-03
1.395935533281371810e-03
1.556620233861796560e-03
1.361719999486407867e-03
1.361719999486407867e-03
1.556374708201112029e-03
1.682143265767921652e-03
1.473592524753503368e-03
1.538952087073595411e-03
1.368948245035601875e-03
1.538841802224563465e-03
1.626940863370674546e-03
1.473592524753503368e-03
1.473592524753503368e-03
1.315418408841265369e-03
1.582894731680998179e-03
1.519114496464289178e-03
1.169434351553087000e-03
1.473592524753503368e-03
1.606289163273031057e-03
1.309302225629570835e-03
1.388675550795876162e-03
1.538841802224563465e-03
1.619878752796749793e-03
1.442332334735418799e-03
1.335145714601539656e-03
1.468334508388895393e-03
1.284539062058799195e-03
1.473592524753503368e-03
1.571044601011259813e-03
1.519114496464289178e-03
1.448607202628621107e-03
1.516938771621766709e-03
1.587104115020295360e-03
1.169434351553087000e-03
1.538841802224563465e-03
1.158493259643774385e-03
1.468334508388895393e-03
1.284539062058799195e-03
1.597437427921924620e-03
1.601616017552463106e-03
1.586938674947110765e-03
1.264811756298524692e-03
1.415662839041646314e-03
1.601616017552463106e-03
1.200499512876383344e-03
1.309302225629570835e-03
1.395935533281371810e-03
1.388675550795876162e-03
1.516938771621766709e-03
1.388675550795876162e-03
1.597202519340576660e-03
1.170806505314024495e-03
1.493319830513777655e-03
1.309302225629570835e-03
1.516938771621766709e-03
1.415662839041646314e-03
1.571044601011259813e-03
1.592128791399826260e-03
1.493319830513777655e-03
1.497211465861492206e-03
1.607213557610400259e-03
1.261205753377523829e-03
1.538841802224563465e-03
1.556620233861796560e-03
1.284539062058799195e-03
1.158493259643774385e-03
1.220226818636657631e-03
1.220805367477130476e-03
1.361719999486407867e-03
1.576102013961386532e-03
1.473592524753503368e-03
1.183552945793389394e-03
1.623337851113898847e-03
1.341992693726133364e-03
1.284539062058799195e-03
1.315418408841265369e-03
1.558679392833869698e-03
1.220805367477130476e-03
1.493319830513777655e-03
