3.399895856094843904e-01
-4.849186442603953817e-01
-1.092639040653883509e+00
2.862315115158799439e-01
1.862630882380048036e-01
2.131576668568165855e-01
2.088530544640671283e-01
2.425876882711195948e-01
1.161258453794153267e+00
5.930168719677990641e-01
-1.595291328419993659e+00
2.633265390213277879e+00
-5.170951103128957893e-01
-6.014160706126064904e-01
3.181434362282238304e-01
-3.810336632109500576e-01
-6.245207749560909294e-01
-3.591181222774609272e-01
1.795294946097276245e+00
-6.624527429156359393e-01
-7.110567023485127036e-01
1.171215939463875033e+00
7.006207190900159976e-01
-2.060209031588796369e-01
-5.225583141870523418e-01
-1.248992007493052725e-01
4.975041007284805583e-01
2.689024737093149708e-01
-2.795182661907121280e-01
3.840342458265525449e-01
-5.836085582380823311e-01
1.436179236944035154e-01
3.361161769696281998e-01
1.520241462893137996e+00
-2.968780251438458695e-01
9.376993053581632598e-01
-1.473059048206895247e-02
1.123595221279067580e-01
9.949234370371190517e-01
-1.582151082983093815e+00
1.721278729495523407e-01
-1.077230347212734030e+00
-1.054215705741613940e+00
5.176290072601246184e-01
-4.150174357448392914e-01
-6.760830736875397262e-01
1.142568756356019621e+00
-1.222750177777814251e+00
-6.860178388224766333e-02
4.596235129017527399e-01
1.537097093095968425e+00
1.289908820332493988e+00
-6.835431455988275617e-01
-1.339500027543399918e+00
-2.536314605799435129e-01
1.101231129385781687e-01
-8.401415476688355310e-01
-5.225583141870523418e-01
1.475360683460212208e+00
1.629641469614855787e+00
-3.843343786146747876e-01
-3.054581856602241532e-02
-1.622233262466135362e-01
-4.960523444896547951e-01
9.336181085651112932e-01
-4.583910352402470467e-02
1.396602778392546318e+00
8.720479690364284497e-01
-8.311184009234954054e-03
1.626113910475908364e+00
1.018032059239696974e+00
-1.425352814493955345e-01
1.156817173501298424e+00
7.775868459049272152e-01
4.131968877862917111e-01
-1.071784474039033208e+00
6.740694729620627657e-01
-4.050749450270101359e-01
-7.773393155889293804e-02
-1.487107117663196920e+00
-5.124471038016570335e-01
-1.121723550620944199e+00
-3.914058532160598070e-01
1.911299399391686249e+00
-5.137983455325538795e-01
-4.850419884772291246e-01
4.231948396744584229e-01
5.040438660963104944e-02
9.987785934250901221e-01
2.224927254589871908e-02
-2.346172083725350799e-01
3.997926419774092133e-01
-5.121335842226293344e-02
-2.124678854285073193e+00
9.048038934598432448e-01
-1.707880509668392444e+00
8.601258304480324801e-01
1.555373082047605271e-01
1.106169293842184098e+00
1.493488789756450830e-01
1.320203350803222708e+00
-6.732418375365978314e-02
-5.073209378771115219e-01
-1.362408051637759243e+00
2.416745649456370160e+00
2.147883862278223144e-01
-1.325328641959660825e+00
1.108763684666467686e+00
7.114590915279153105e-01
2.693696785264276361e+00
7.070298752058009617e-01
-2.387866608695275450e-01
8.906273835079409062e-01
6.413067804514084314e-01
1.721966751673517981e+00
2.633337186372069483e-01
2.020944031138917352e-01
-1.240387243251238836e+00
1.737297005700437103e+00
-1.084737485173315585e+00
6.036974875898696302e-01
-1.603552698216517969e-01
-1.477346719281878551e+00
4.241617011671199311e-01
-4.156496142689081186e-01
1.960122781909519274e+00
-8.178160274325944057e-01
1.647175908911293063e-01
1.089627952330347815e+00
1.531750337410782148e+00
4.492344497404873183e-01
5.890874507100786195e-01
-1.595801096709026368e+00
1.419636213551405568e+00
-1.145879636261264878e+00
3.864418451242749852e-01
-1.188559529977303159e-01
2.561185225842088631e+00
-2.077732309238946140e+00
-2.346172083725350799e-01
-4.149149417712326149e-01
3.677784951258358109e-02
-1.763370974055322726e+00
-9.219657124579141438e-01
6.387064195382093912e-01
-1.784531793687828216e+00
-5.892645998638817301e-02
5.409088500711366487e-01
5.203578048394837952e-01
3.312224274202492658e-01
1.666475325593474999e+00
-6.932011673706754973e-01
2.951108336737603977e-01
-8.763561829421917526e-01
3.941835288832098994e-01
3.135286641260731422e+00
-1.204016431397224807e+00
5.940825817659186603e-01
-6.665825533176004125e-01
9.098671163159237629e-01
-2.544415044530551340e-01
6.235585211452642218e-01
-1.452542500423103233e-01
1.760491112724507090e-01
1.409893748171882732e+00
-1.858070527763437285e+00
4.024397488275958668e-01
1.576336659732639367e+00
-8.775243967000980749e-01
3.416143211283235726e-01
-6.151304029052716976e-02
1.811835128218511004e+00
-1.763318416483679707e+00
3.144044738612105094e-01
3.380444871059569700e-01
6.989975721625008021e-01
-5.551445212487791103e-01
-2.140871324674079035e-01
1.488438893515086958e+00
-3.095162140064152134e-01
9.529527537098840817e-01
3.378880468942075943e-01
-6.551725679242852429e-01
-1.690278412967236576e+00
-1.372862061754006380e+00
1.673271815366995374e-01
1.014696790134232002e-01
-1.088678652478328068e+00
-4.018991573858930050e-02
-1.049407202711285958e+00
6.873461934371012383e-01
1.475472839860605845e+00
3.627434867070916114e-01
1.518734945100906897e+00
1.511924410736125157e+00
-4.332870708102992130e-01
6.454960434917578205e-01
1.760491112724507090e-01
2.843345689105791774e-01
-1.018080003642266806e+00
6.883560939182769012e-01
1.179903210272831737e+00
-1.011024036726418940e+00
1.509865495524043699e-01
1.198434305659220600e+00
-6.803663871514181727e-01
-6.965785066542420356e-01
5.285541669717467306e-01
-1.315780658868908048e-01
3.791437610257168966e-01
8.389003405846526817e-01
4.276514178944564870e-01
4.810410790402485648e-01
7.212883042401043721e-01
-8.381308086427539106e-01
1.757038354926804491e+00
4.600893566036238225e-01
4.442036810196314106e-02
7.492886422298955518e-01
1.767774938032153076e-01
4.200061730148660355e-01
-1.022817324232268898e+00
1.532945165147184374e+00
3.979556795625441845e-01
1.972432610113678875e+00
-5.439858459086095444e-01
-3.169904161623667838e-01
1.826612646390274042e-01
1.194919181410841746e+00
-1.164000795594179127e+00
9.815279670710047588e-01
9.585815848302886577e-02
2.911620993772467969e+00
3.372600598019107609e-01
9.496362466414695058e-01
2.633337186372069483e-01
-1.598842937995926250e-01
-2.243435211384054107e+00
-7.828728396444570858e-01
1.136831374047049037e+00
-6.349360348276739119e-02
2.744499375129722529e-01
-8.078829148977783037e-01
5.850991177567606005e-01
7.491690758889565926e-02
5.125695845662266992e-01
-1.730021862525433551e+00
-1.167521577860524573e+00
-1.418422197225976400e-01
3.744990796373182107e-01
-9.010311909157521226e-01
-1.426903625709368573e+00
-1.532168703397126963e+00
9.321955098767481518e-01
-2.214650838270671163e-01
1.972924246104424961e-01
2.968234797143837422e+00
5.567344767983747333e-01
-5.504195050148983359e-01
-2.766024560102918528e+00
7.789971255741502676e-02
-4.901911292785966490e-01
-5.421506298013234471e-01
8.542477669623235181e-01
1.242345374962716964e-01
2.152829319865829927e-01
1.070178194028380103e+00
1.599733182333067383e+00
-1.347639818311085147e+00
-7.976422200409724605e-02
-6.367284861913844463e-01
-1.171111603205103213e+00
5.894660037574603884e-01
-1.083767116765295357e+00
8.111115567049671515e-01
3.460440848940294911e-01
-6.234483616512460635e-01
1.834758215158812100e-01
1.398270617609652655e+00
4.038285553385775328e-01
3.223361156801901051e-01
-5.000780666542455066e-02
-8.771038156484841641e-01
1.406444278500916578e+00
1.273684319602941928e+00
1.668349635219171567e+00
-1.333636472149464014e+00
2.323940300613563714e+00
-8.386088897559512700e-03
1.827932511948339445e-01
7.376446476435618571e-01
5.911789267648264179e-01
1.232644009994648515e+00
-1.304395999255651306e+00
1.506629712298891144e-01
6.491746981855410492e-02
1.070750984073953305e+00
-1.751515241399860923e+00
-1.078069737321296850e+00
1.825392624644034401e+00
1.925214087869684843e+00
1.377679380936895348e-01
-3.914703647506790340e-01
-3.011706197388498707e-02
-9.107552739549831244e-01
5.250689353671915693e-01
6.768442200752565752e-01
6.340931688512674302e-01
1.621727012950683111e+00
-2.805618247766441392e-02
-3.603060081723479663e-02
1.976376380965127744e-01
1.136699158718735614e+00
-7.462758468323577032e-01
-3.815996952525492203e-01
8.212935456751574437e-01
-3.865337524435484839e-01
2.997903515500053739e+00
