2.748504011612799836e-03
2.884576613882500196e-03
2.858614983185700162e-03
2.812908719737100029e-03
2.901030652735400207e-03
2.820374372356200185e-03
2.522928811909300011e-03
2.748414390319199943e-03
2.829198664635500064e-03
2.823041072945199886e-03
2.686051743546199935e-03
2.770662893866000006e-03
2.860477831230699881e-03
2.882655517262999820e-03
2.847647093350599845e-03
2.795589309577700080e-03
2.853364544016499978e-03
2.768926880473299851e-03
2.710124406515800142e-03
2.854159039263299853e-03
2.847951264718400020e-03
2.856109673013200196e-03
2.802625919502500177e-03
2.678386992220700182e-03
2.751424028823299794e-03
2.788860390937500031e-03
2.787559570754999903e-03
2.702553892275299987e-03
2.773407951560399789e-03
2.823699492041700180e-03
2.676868959024900074e-03
2.891947920169400058e-03
2.878584356782200142e-03
2.880744621999099982e-03
2.834806433278199821e-03
2.762700067910600198e-03
2.637226490436499898e-03
2.873364523816199830e-03
2.735436802115400086e-03
2.900412409757700209e-03
2.711273137779999804e-03
2.788274423329599981e-03
2.724827253509799936e-03
2.807188828551899790e-03
2.854245107702200069e-03
2.877901708870000009e-03
2.791897495107900206e-03
2.880466768146600076e-03
2.770907684578900049e-03
2.862188800011000039e-03
2.774667372048400093e-03
2.739955513931400122e-03
2.857219651375499797e-03
2.824603373669000005e-03
2.764558112687599996e-03
2.727277272021399936e-03
2.879355902777500000e-03
2.890383893708700202e-03
2.785044278496799815e-03
2.768040173789899829e-03
2.726591061930799895e-03
2.784473301474799968e-03
2.793406578908899998e-03
2.732476357979600132e-03
2.706935350528100193e-03
2.820264654195899987e-03
2.800094180766200119e-03
2.852596818472599802e-03
2.762093054405499824e-03
2.860941943754100134e-03
2.830852905285700157e-03
2.844269770051199853e-03
2.811749009557499863e-03
3.034931121179100001e-03
2.752141843739500191e-03
3.108113383176500100e-03
2.869093578168300206e-03
2.726623537981700054e-03
2.760707976993600002e-03
2.816271615377099937e-03
2.779070422633300123e-03
2.797063877704899885e-03
2.804563326349699803e-03
2.744884807144899914e-03
2.770904543361399960e-03
2.822424020686400102e-03
2.832494964412899871e-03
2.819352911956200022e-03
2.721493708400400148e-03
2.974544316202900208e-03
2.749634486748100091e-03
2.737715855846600127e-03
3.114861032008800143e-03
2.812915762292100136e-03
2.831648388464300201e-03
2.784521107571299829e-03
2.808284814530900061e-03
2.790288463402799783e-03
2.836319099004299890e-03
2.574054216103400031e-03
3.028407558577000079e-03
2.977272287807599793e-03
2.814917710742599870e-03
2.814095073143800009e-03
2.830302044350500087e-03
2.837240436629900192e-03
2.859751315995499952e-03
2.722816696969599954e-03
3.028407558577000079e-03
2.727277544533800169e-03
2.790882204654000082e-03
2.956411263584599828e-03
2.794652069499000205e-03
2.759371899274800071e-03
2.841170982316800018e-03
2.866920188362400129e-03
3.185766728460900140e-03
2.841638993568800214e-03
2.761216509123099946e-03
2.858830900379999863e-03
2.851287438399300028e-03
2.738377996866599856e-03
2.841968745873300027e-03
2.719147449794300214e-03
2.870269353740300018e-03
2.899295989113699883e-03
2.703923885022500168e-03
2.934942800741400116e-03
3.173866781677500085e-03
2.841714211212700066e-03
2.951691926543799794e-03
2.706672354420399957e-03
3.212904600022300008e-03
2.720853662427300153e-03
2.757454761224800103e-03
3.098991530151599862e-03
2.808443855030200165e-03
2.726924248503999858e-03
2.535103757524800189e-03
2.737580130760100105e-03
3.048507640022300128e-03
2.782637371155599875e-03
2.710277463055499846e-03
2.805856698009799935e-03
2.866717461328000070e-03
2.789445063351199926e-03
2.858520917372299897e-03
2.736775467525399790e-03
2.789664069572999998e-03
2.725573008855100045e-03
2.873530637721099894e-03
2.773981489244300037e-03
2.832479668521300110e-03
2.762405976821299958e-03
2.799654938676400008e-03
2.816204901361299938e-03
2.706492693679500138e-03
2.921893126971200107e-03
2.715143426181600150e-03
2.750056689648100201e-03
2.795604687631699989e-03
3.094440993890499800e-03
2.798870433296100132e-03
2.786817207615400159e-03
2.829580425197399801e-03
2.795677982758100043e-03
2.850412484298799932e-03
2.799292311343200019e-03
2.913080989917500151e-03
2.748168472590799879e-03
2.781931117682000069e-03
2.888654565560100102e-03
2.825983124288299932e-03
2.882110610651399899e-03
2.827531289891399829e-03
2.806447870903500032e-03
2.745794356495300046e-03
2.747988771441800017e-03
2.836162124499900117e-03
2.763794511099400188e-03
2.770190482831300181e-03
3.025867962700200166e-03
2.717418983891800154e-03
2.841048695718200161e-03
2.712934077892199813e-03
2.776878715002900188e-03
2.802638924528700216e-03
2.674237722932400023e-03
2.754617661332100197e-03
2.841469301758499811e-03
2.919417403903500161e-03
2.825277136317100139e-03
2.753630667158099999e-03
2.889157101401600061e-03
2.822424020686400102e-03
2.888238016847300034e-03
2.762916453903500099e-03
2.709705844471299932e-03
2.716973789254800101e-03
2.766911755082600115e-03
2.828796943692299826e-03
2.841905410063099834e-03
2.858460459513800008e-03
2.787833382549900155e-03
2.908769516537000090e-03
2.758942184481999894e-03
3.185766728460900140e-03
2.847382042856199790e-03
2.892323878378599920e-03
3.016251552081300122e-03
2.922480578274900057e-03
2.723897086607399935e-03
3.116180271229999910e-03
2.812801506809800046e-03
2.794532706582500154e-03
2.897074591529700139e-03
2.835512630035300075e-03
2.748368966572700082e-03
2.779329604881399830e-03
2.832496013298500207e-03
2.768577571284599852e-03
2.728545578181700189e-03
2.738506416461799868e-03
2.802740626229499859e-03
2.847236777671800171e-03
2.756068455522199794e-03
2.895462650542000166e-03
2.845293306226600108e-03
3.011272626672000050e-03
2.713382280066599980e-03
2.822621921902199963e-03
2.796547640191800101e-03
2.737385762331000141e-03
2.893151659071399942e-03
2.816252611120000082e-03
2.734428763767200211e-03
2.828323955993499849e-03
2.802916215280600119e-03
2.737759625957199901e-03
2.786715062623399894e-03
2.618357026836199905e-03
2.834593221381799880e-03
2.726611235947300205e-03
2.720786844180399840e-03
2.901862407716599909e-03
2.694598291897499966e-03
2.913803799631499870e-03
2.636872376158499922e-03
2.789903363558499973e-03
2.803435077561000112e-03
2.766362260044699824e-03
2.898327650102699993e-03
2.807712585565399956e-03
2.771665871160000020e-03
2.841746680956800091e-03
2.849490736866799878e-03
3.098991530151599862e-03
2.818308803172799807e-03
2.894977454951599798e-03
2.769188550707500120e-03
2.799320413308499945e-03
2.899655211373699908e-03
2.819989885250499817e-03
2.871381271345499996e-03
2.880425527348200090e-03
2.806695893010200185e-03
2.770478679833000054e-03
2.799152546879300155e-03
2.761333416695500084e-03
2.860596799253099874e-03
2.872894448141600186e-03
2.841556034571699960e-03
3.081062256356399947e-03
2.865157541938200166e-03
2.890756562712999862e-03
2.793100094939699948e-03
2.746273924565599892e-03
2.837117520453099999e-03
2.787648931589799869e-03
2.791810407593099935e-03
3.043847314261200095e-03
2.652342669940199911e-03
2.766229299914399996e-03
2.692143879369700028e-03
2.920635517588499822e-03
2.764283430709199834e-03
2.737520532605400118e-03
2.831461751112799956e-03
2.771000632668500080e-03
2.860446043687099940e-03
2.844571748254999793e-03
2.770139519116999842e-03
2.849415572693699862e-03
2.914861568080800210e-03
2.956831125419199808e-03
2.830816437490799985e-03
2.795822543997799822e-03
2.783963166849600084e-03
2.795053306604000035e-03
2.760667908749599945e-03
2.813545165890200209e-03
2.795699799557099796e-03
3.050333067113599958e-03
2.820573184946099932e-03
2.787232700152400197e-03
2.897211292904600111e-03
2.756999348755900022e-03
2.842165716838200139e-03
2.887529437481500035e-03
3.026013365551299874e-03
2.687680095342899825e-03
2.790000205612800169e-03
2.812878538019000004e-03
2.851000923038100182e-03
2.874981557749500208e-03
2.834384394717000093e-03
2.780627326259599991e-03
2.799902756689399887e-03
2.711017699861100090e-03
2.812374594725000013e-03
2.808343031645100206e-03
2.798923417126000009e-03
2.858345361668799926e-03
3.424773837560399822e-03
2.819514227050400144e-03
2.753454969399200033e-03
2.875528921835699813e-03
2.807766707033899911e-03
2.943238283845199879e-03
2.807177267594899907e-03
2.891313883137599898e-03
2.811929622529700003e-03
2.810798561754299964e-03
2.931896842837200014e-03
2.845908568430500010e-03
2.743296436281099891e-03
2.797265924724299906e-03
2.689180573193299898e-03
2.778170842232400087e-03
2.793138761452799816e-03
2.935838528599700112e-03
2.684511281133200155e-03
2.850948484283799978e-03
2.587184885928800124e-03
2.827057151783799946e-03
2.947544938345500118e-03
2.850724075252200097e-03
2.726778628948599813e-03
2.780890983408999904e-03
2.837525599625400144e-03
2.690829175842999934e-03
2.865157541938200166e-03
2.845361945009599897e-03
2.913928610373700025e-03
2.769730205856300084e-03
2.792647213651099948e-03
2.796303073875299958e-03
2.711843847748399931e-03
2.699786483672099793e-03
2.809131273691799994e-03
2.788228920235800122e-03
2.825026142088999867e-03
2.925048324127100131e-03
2.809731964721999976e-03
2.794878190512399899e-03
2.905266639763599834e-03
2.647516708276499882e-03
2.787499164790800069e-03
3.100378448768500213e-03
2.823215808905499887e-03
2.787610491851100041e-03
2.757048388852400157e-03
2.697271579964700180e-03
2.822055487545600209e-03
2.840814597891699791e-03
2.792725035218599980e-03
2.828579251010599795e-03
2.867414823570699905e-03
2.924636830173000211e-03
2.794143848372700016e-03
2.848142003032200047e-03
2.718202277200200152e-03
2.828981442201799860e-03
2.775491366734599875e-03
2.828319031299500030e-03
2.739342917799399927e-03
2.773069564097100162e-03
2.765145076999099907e-03
2.837923229726699911e-03
2.960167277247499791e-03
2.799478086530199882e-03
2.787853784581100034e-03
2.731721700058400027e-03
2.786264813678500114e-03
2.881346214347599907e-03
2.568987477050400058e-03
2.843623328098399995e-03
2.838509603476600199e-03
2.831591100571499969e-03
2.859998035681900024e-03
2.822557465006500163e-03
2.839684113351699860e-03
2.744020071559999906e-03
2.836395923017299980e-03
2.835394640038999860e-03
2.784392564784899955e-03
2.880950392114600082e-03
2.775452019233899930e-03
2.714873651357300154e-03
2.821457773586999885e-03
2.419390815475399876e-03
2.890782276210699872e-03
2.827409709215899895e-03
2.763013422706100085e-03
2.775348908003699971e-03
2.938390891561999934e-03
2.745680181568700088e-03
2.859812466525400113e-03
2.798263943263600093e-03
2.866520802139799901e-03
2.630661515982699993e-03
2.807055628107500179e-03
2.787103846735499834e-03
2.746992844055000122e-03
2.813697064223999803e-03
2.781689867253200193e-03
2.753899668014099956e-03
2.809109031986100138e-03
2.758698044411500051e-03
2.778621039847599828e-03
2.795297085198700064e-03
2.948927203770199991e-03
2.879200691824099906e-03
3.191147205815500140e-03
2.686598032059500131e-03
2.791362109585299959e-03
3.031881355437400158e-03
2.835221173698099922e-03
2.884221919107999958e-03
2.716916985145500108e-03
2.823883864663200103e-03
2.617506103271599951e-03
3.191147205815500140e-03
2.844971856509399821e-03
2.731571057742600110e-03
2.842165716838200139e-03
2.799713488984700068e-03
2.816142821591100052e-03
2.768208176121599810e-03
3.116180271229999910e-03
2.787459377135600037e-03
2.793910870974700058e-03
2.820238147526099928e-03
2.789323067666599990e-03
2.815223676741100169e-03
2.810817350216199967e-03
2.894204638185399973e-03
2.734007730012200099e-03
2.751085859455900014e-03
2.885179910770899973e-03
2.781096928000199951e-03
2.783473853821499897e-03
2.727771821445899945e-03
2.808372757771300087e-03
3.048507640022300128e-03
2.856018088000500214e-03
2.888841618279899999e-03
2.762809715732800035e-03
2.797535582770799799e-03
3.094114670119800167e-03
3.437766239701199947e-03
2.900693949284099873e-03
2.870227792432299835e-03
2.788573164761899790e-03
2.761393900872200196e-03
2.788871618344700154e-03
2.492795441249899806e-03
2.801034862715099868e-03
2.802101186927600119e-03
2.850887302180000072e-03
2.790423105187399798e-03
3.055829825985899827e-03
2.796845553428700063e-03
2.670289833036700120e-03
2.750667949868999904e-03
2.816759394761499807e-03
3.212904600022300008e-03
2.878314924421399978e-03
2.839324175151199808e-03
2.558219926746699811e-03
2.778894613109499871e-03
2.766944911001099992e-03
2.844310227500200169e-03
2.735763862937500100e-03
3.081062256356399947e-03
3.055829825985899827e-03
2.839977857498200090e-03
2.628899629598900004e-03
2.654466784632100035e-03
2.807841021070000068e-03
2.728545578181700189e-03
2.836494564457199899e-03
2.835355266302999958e-03
2.816826363474700130e-03
2.780923701465700011e-03
2.881210511370799806e-03
2.698609582678400138e-03
3.027084260829700051e-03
2.807674634999500051e-03
2.734249453375700058e-03
2.900685818677300066e-03
2.837224314229799902e-03
2.419390815475399876e-03
2.775898155519499790e-03
2.739982528562300013e-03
2.739053293417400160e-03
2.881414574545200155e-03
2.834776257283700210e-03
2.779168369827399870e-03
2.567598906557199898e-03
2.792290495519099934e-03
2.569280985696699784e-03
2.898614082876799919e-03
2.902602525695300011e-03
2.739580579532900108e-03
3.176145046315300129e-03
2.910783976290899806e-03
2.732373334841299833e-03
2.800599551027199968e-03
2.816953249780599928e-03
2.868959868876200074e-03
2.743535257160100143e-03
2.722714650476500131e-03
2.838393281865499943e-03
2.778894613109499871e-03
3.168518390842400053e-03
3.027084260829700051e-03
2.787459788250800079e-03
3.127926276116400200e-03
2.794451435562600190e-03
2.748034871141699902e-03
3.337384754318200013e-03
2.848019141475100109e-03
2.720747357373300146e-03
2.827065994226100019e-03
2.606091509204599976e-03
2.798821419202900205e-03
3.111131035496600070e-03
2.786291536241900044e-03
2.858875926834899932e-03
2.828733860737100026e-03
2.768489386609600082e-03
2.759844940000900047e-03
2.785592592351099957e-03
2.850161070826499974e-03
2.789400384661200067e-03
2.750209317499900056e-03
2.777803915538599924e-03
3.334784170759299855e-03
2.725573008855100045e-03
2.836976633105000017e-03
2.503768865306899884e-03
2.862584353599300063e-03
2.822850343247400133e-03
2.775286029711999860e-03
2.855756504586200173e-03
2.714289140061899950e-03
2.843616365881099922e-03
2.768007804054699837e-03
2.860616012258300131e-03
2.773499434780200140e-03
2.808114904087200079e-03
2.815857603706400144e-03
2.687082515462499866e-03
2.771960782449399939e-03
2.812154642375799991e-03
2.746638432079799921e-03
2.774982788261399786e-03
2.802701998998399953e-03
2.808085616501599865e-03
2.918456274814199870e-03
2.893885066593999966e-03
2.834349453785300031e-03
2.824658308642799976e-03
2.761908331661999932e-03
2.829177107885100153e-03
2.807356415159700021e-03
2.783452971126500024e-03
2.672725528841199925e-03
2.716333693738299908e-03
2.781764803846299792e-03
2.756158410256000051e-03
2.688739177006800162e-03
2.751165815859899898e-03
2.792249131435599937e-03
2.754610072256199940e-03
2.854336306005900159e-03
2.887264609386199984e-03
2.811374373722299799e-03
2.708976472303000187e-03
2.724706258100899944e-03
2.884338802131200183e-03
2.288439921243000039e-03
2.843026531001499949e-03
2.778946953439500114e-03
2.778746929158800155e-03
2.918456274814199870e-03
2.844020460872300014e-03
2.841762061064500092e-03
2.797733144013500074e-03
2.880254424310899845e-03
2.850150644010899809e-03
2.878062965822199802e-03
2.844202568148899990e-03
2.800651810115999812e-03
2.757255880207499892e-03
2.846554398010499830e-03
2.825770363286200185e-03
2.762978496051499925e-03
2.815635286134599881e-03
2.865341832727400038e-03
2.801141666089899864e-03
2.863435651627199794e-03
2.740216650785999922e-03
2.785744457477000013e-03
2.691380164908000177e-03
3.008508047123499996e-03
2.762261123447799956e-03
2.824490422062099926e-03
2.775370039331899810e-03
2.819842740333000121e-03
2.784320821163100042e-03
2.882316062444100022e-03
2.766518178649399889e-03
2.837376885961499871e-03
2.503768865306899884e-03
2.764943376583099948e-03
2.922218789621800102e-03
2.804409688260799810e-03
2.830986075842199887e-03
2.909603505802499900e-03
2.780000125732799959e-03
2.717479993620000155e-03
2.567598906557199898e-03
2.831390370480199939e-03
2.723052237567199965e-03
2.826273231583399832e-03
3.169003589829500010e-03
2.769713237796800082e-03
2.751839443377499927e-03
2.836227527883899979e-03
2.869035512310200153e-03
2.800107223041599976e-03
2.825973596994599876e-03
2.836205618939699902e-03
2.996083096282200174e-03
2.804039750786500168e-03
2.736171251200800094e-03
2.926932021781900213e-03
2.923611250302899939e-03
2.817022223011599828e-03
3.031881355437400158e-03
2.789473851191900163e-03
2.779111270657799899e-03
3.169431635847399804e-03
2.882855626650100006e-03
2.702660782118599878e-03
2.773366107929900026e-03
2.815050525427300124e-03
2.835945142559899955e-03
2.958307671362500179e-03
2.763216682179099864e-03
2.562772308091299921e-03
2.836378159143000070e-03
2.755698235902499793e-03
3.005086222988799863e-03
2.739356491206199930e-03
2.814095073143800009e-03
2.881758504772799837e-03
2.713916009435800043e-03
2.690028424181499945e-03
2.718593479793200013e-03
2.735475486544000200e-03
2.884948281779100079e-03
2.818961142578700185e-03
2.636451127253800104e-03
3.148929957159800168e-03
2.704221245160700043e-03
2.788917417435600107e-03
2.765432772148300120e-03
2.809975701448099838e-03
2.740731848655099910e-03
2.686056933332100008e-03
2.788965170387300210e-03
2.745374561556099876e-03
2.784455031359600163e-03
2.843516060444899879e-03
3.018575924623599811e-03
2.820906516496200171e-03
2.917871359674599832e-03
2.671819077174100200e-03
2.763311935422999976e-03
2.898966522764200200e-03
2.825611825830299986e-03
2.698066448016100179e-03
2.814571017039000072e-03
2.766635406385999866e-03
2.848095664632299857e-03
2.819019497422999791e-03
3.334784170759299855e-03
3.148929957159800168e-03
2.791264823340499843e-03
3.124963894336999989e-03
2.780118139566000075e-03
2.761418472228899940e-03
2.801070863523700150e-03
2.774731229600899823e-03
2.758902273617100040e-03
2.737824592076100200e-03
3.075996658538999919e-03
2.960372682395599839e-03
2.772282721732900052e-03
2.793648984838199845e-03
2.840420778046700168e-03
2.569280985696699784e-03
2.802442474533400028e-03
2.852786636707000008e-03
2.766191344260400010e-03
2.808890232259699839e-03
2.765312334626499925e-03
2.809361676594400101e-03
2.708142243957000189e-03
2.853748484753699990e-03
2.765897946928999856e-03
2.777718497670399883e-03
2.763255525582100029e-03
2.818621884082499803e-03
2.638043713790299942e-03
2.847449664054199810e-03
2.760549088126400003e-03
2.879341362169599971e-03
2.805557120226699879e-03
2.703206599624199784e-03
2.768469815667500087e-03
2.830210900637300086e-03
2.714236602513500109e-03
2.762966905064600034e-03
2.773925382456800173e-03
2.762375695617699800e-03
2.805362147617999902e-03
2.924539791217299883e-03
2.779963560732299881e-03
2.777142346057200062e-03
2.788274423329599981e-03
2.718110120413699989e-03
2.804052814606800004e-03
2.825884230599799967e-03
2.845940587571300136e-03
2.828652642654600185e-03
2.636872376158499922e-03
2.851601365389199848e-03
2.778784148613600014e-03
2.783210615261399925e-03
2.940917845907099933e-03
2.890756562712999862e-03
2.865480629931799975e-03
2.820549324177200161e-03
2.723524975815000155e-03
2.909470823491299828e-03
2.759810459154099851e-03
2.668622740793000127e-03
2.829866178019000041e-03
2.847877275062399901e-03
2.744658881943500082e-03
2.809278251859499958e-03
2.848189435820100163e-03
2.829309961352599861e-03
2.727273077511199826e-03
2.797395852431000182e-03
2.926802077749300103e-03
2.946390715277700037e-03
2.810518081910299854e-03
2.892954671804099862e-03
2.845846510293799803e-03
2.698629607424099866e-03
2.790342892822999903e-03
2.814165249130500066e-03
2.741215219681899812e-03
2.840436518080800051e-03
2.822050322464699900e-03
2.805595184106799821e-03
2.706105582649700071e-03
2.835221173698099922e-03
2.777657358713399912e-03
3.005995355759600186e-03
2.735583712852799991e-03
2.799821106070899974e-03
2.862903917528999802e-03
2.805964780316300058e-03
2.825886214568200123e-03
2.753523958819400087e-03
2.903989359509900198e-03
2.820657904471299791e-03
2.794887699495499957e-03
2.987870469476900173e-03
2.727964271632099882e-03
2.827625560741400205e-03
2.802580585255200034e-03
2.802410799636700141e-03
2.690943302010700196e-03
2.889843210764300122e-03
2.722259503142799870e-03
2.861895940636400085e-03
2.879293795328799997e-03
2.737656789317899873e-03
2.751987921992599898e-03
3.127926276116400200e-03
2.819396998442200066e-03
2.743530100800399812e-03
2.814552827248799956e-03
2.786774912637899823e-03
2.737536279245399856e-03
2.922813310136899902e-03
2.818453212016099833e-03
2.753760390969400146e-03
2.734142897739399915e-03
2.807042655360799960e-03
3.173866781677500085e-03
2.726905906379899908e-03
2.752232492160099856e-03
2.760525104799300099e-03
2.919424191533699815e-03
2.896905307472300191e-03
2.815411913479599990e-03
2.847951264718400020e-03
2.851820298930499847e-03
2.827071567961299964e-03
2.733796789672499842e-03
2.813056023660799859e-03
2.817124473214399800e-03
2.736272773120899861e-03
2.720080202392800156e-03
2.821412355680300021e-03
2.815495787616000087e-03
2.819555467068799934e-03
2.818618873842900115e-03
2.807798088433699837e-03
2.815563288527299802e-03
2.752170368527599893e-03
2.773857191875099808e-03
2.744563091054399908e-03
2.729830621359099953e-03
2.791240536638199977e-03
2.839889248160600097e-03
2.814461026069299803e-03
2.816291396149200096e-03
2.707119641123999828e-03
2.837923229726699911e-03
2.717705785634599858e-03
2.846778993320899821e-03
2.754187938385900189e-03
2.756599339217299851e-03
2.881777784972500058e-03
2.790118210025100028e-03
2.798712957412199942e-03
2.836940754050300099e-03
2.848778257564900124e-03
2.779416497398700184e-03
2.895685912599200041e-03
2.784212423927799867e-03
2.741283316923799878e-03
2.752175320101499928e-03
2.741403163481699861e-03
2.703702154758800061e-03
2.821884306924600083e-03
2.769779916329200009e-03
2.855198669215100200e-03
2.810872183480799848e-03
2.804770532183499792e-03
2.758616567814599786e-03
2.857722448836000090e-03
2.797128246880400092e-03
2.675318873012900132e-03
2.768059277843399994e-03
3.008914650044899972e-03
2.842772043665699883e-03
2.964940789535199916e-03
2.754617661332100197e-03
2.707190110058800125e-03
2.764291439569000006e-03
2.754610072256199940e-03
2.732120339876600162e-03
2.844505087141999990e-03
2.705986234999300036e-03
2.820716565362499893e-03
2.941798224099699977e-03
2.738723289881800187e-03
2.737526722293299932e-03
2.803725154909300198e-03
2.797703233507599883e-03
2.748136240848199872e-03
3.202337623175499897e-03
2.946390715277700037e-03
2.744825205539200026e-03
3.113324460868700187e-03
2.816140039549100069e-03
2.804780538818100154e-03
2.857665087427600000e-03
2.793965463342000001e-03
2.820295765879800125e-03
2.736293840074400120e-03
2.817993829203500108e-03
2.782987876816400089e-03
2.762498868967600083e-03
2.622827838867599834e-03
2.764429301745999819e-03
2.804423727064500084e-03
2.806386975425500044e-03
2.688814386182299988e-03
2.774543223355600049e-03
2.797992094428500189e-03
2.765436179565700005e-03
2.742591545328799865e-03
2.866505674744499951e-03
2.952656953875499972e-03
2.442579759690800129e-03
3.075418557903900063e-03
2.849070020287899820e-03
2.809060083457300041e-03
2.838571780326099980e-03
2.797260534248900091e-03
2.586880274799700091e-03
2.818143780731900087e-03
2.831889722585499876e-03
2.751096418524100109e-03
2.809317679921900009e-03
2.924980824584099987e-03
2.568987477050400058e-03
2.996323251615300165e-03
2.703408253247600000e-03
2.908843098707899859e-03
2.727022271308100071e-03
2.843131322493099977e-03
2.725451664302600170e-03
2.737897887534999908e-03
2.773570578352999982e-03
2.672725528841199925e-03
2.747825301522400111e-03
2.724817466709399897e-03
2.877901708870000009e-03
2.752179824407500162e-03
2.842281649717000140e-03
2.851373511874799854e-03
2.686145960772799886e-03
2.796705698064299965e-03
2.689301652386399955e-03
2.716460139470299861e-03
2.790066774288399790e-03
2.838908441126799815e-03
2.569433883340399832e-03
2.813840390627700069e-03
2.668191010856699966e-03
3.227086120785799869e-03
2.834853122350399802e-03
2.806923438217600025e-03
2.644513621319100147e-03
2.628899629598900004e-03
2.789799036145000112e-03
2.731701580834799969e-03
2.726170930243999868e-03
2.810124747811199898e-03
2.857352972776000012e-03
2.801213054193900116e-03
2.790741557248099889e-03
2.828672461848100086e-03
2.843517008654200019e-03
2.883839535626000171e-03
2.769266035111999941e-03
2.771956771498199860e-03
2.805465068643999815e-03
2.805840614211900074e-03
2.771568609212400006e-03
2.793244193096699936e-03
2.866852825527799794e-03
2.876651091980500074e-03
2.768205478244799810e-03
2.737985962031899961e-03
2.802144429691000131e-03
2.636451127253800104e-03
2.755591702944100007e-03
2.778754496968900093e-03
2.756541727474999884e-03
2.787189980674400006e-03
2.709087946449500149e-03
3.163671662457900012e-03
2.792180522514800100e-03
2.840050770910599893e-03
2.775435317232699886e-03
2.881758504772799837e-03
2.696203694430999998e-03
2.813212376097299836e-03
2.787063169801600078e-03
2.926629264307300041e-03
2.808763060276099795e-03
2.838045875683899936e-03
2.836348667356900031e-03
3.163671662457900012e-03
2.794163111779299907e-03
2.887760410019000155e-03
2.741959703240599844e-03
2.788634269317199956e-03
2.729165173395900045e-03
2.710798702103700206e-03
2.844285281740199962e-03
2.813921205924200045e-03
2.867773993719500026e-03
2.815265399347100048e-03
2.785358423673900147e-03
3.035814561870299813e-03
2.861999139079099853e-03
3.271390325526700102e-03
2.829128446250100005e-03
2.716916985145500108e-03
2.724080565355899933e-03
2.771952423624499898e-03
2.785528669422499860e-03
2.856626425334499956e-03
2.805498123917899832e-03
2.818526766777100165e-03
2.849649571993100126e-03
2.863295235976200028e-03
2.742577788118399917e-03
2.892594195839500067e-03
2.809892613019500211e-03
2.778959585185199893e-03
2.782018753224400204e-03
2.665345257562600108e-03
2.837039155721299971e-03
2.809851344246399978e-03
2.510242142607799903e-03
2.693943163741400072e-03
2.804435622191499798e-03
2.886105947190199892e-03
2.535103757524800189e-03
2.793411325467900011e-03
2.814451225632399849e-03
3.100472661844299802e-03
2.873019030659700133e-03
2.977343538046500065e-03
3.186448498973900104e-03
2.857519869941399938e-03
2.791591075546899850e-03
2.630661515982699993e-03
2.861299270348699898e-03
2.428213573064700107e-03
2.777377196298799842e-03
3.020906843083699927e-03
2.739418042204200179e-03
2.845141189885100081e-03
2.726483070104800035e-03
2.901841702995899830e-03
2.841238059587899989e-03
2.846691834861499962e-03
2.954276876106600065e-03
2.844790186830200001e-03
2.901862407716599909e-03
2.442579759690800129e-03
2.876185090736700124e-03
2.765822018903300178e-03
2.780198138944000186e-03
2.693333984937599807e-03
2.975133611476000074e-03
2.840498031244800044e-03
2.791328521908800070e-03
2.745667126072199801e-03
2.779950007916700064e-03
2.922676139083999879e-03
2.722818418527899950e-03
2.783359197403799910e-03
2.783660788044500182e-03
3.335963064814599817e-03
2.790946853042599977e-03
2.819109278779700044e-03
2.765469554554199870e-03
2.816888281063000161e-03
2.840016590298599826e-03
2.776481491560700045e-03
2.729818941131599910e-03
2.868791156991899825e-03
2.800491972586899910e-03
2.830150599974900084e-03
2.792169263174599896e-03
2.741843384360400163e-03
2.768696615750200138e-03
2.832449538854699914e-03
2.718311901640099986e-03
2.785986882886799972e-03
2.692581428054200039e-03
2.805033284156000124e-03
2.744142183499899933e-03
2.713555194328999814e-03
2.818830481982400205e-03
2.867068859454799824e-03
2.821831956595799874e-03
2.845480059899699841e-03
2.704222988151199804e-03
2.834673715355499890e-03
2.779604464179000114e-03
2.737574590882399864e-03
2.814011050369099893e-03
2.731889794019999856e-03
2.781187916218899863e-03
2.781377159760500210e-03
2.850043722191999800e-03
2.821234763792799995e-03
2.671819077174100200e-03
2.711148737115099891e-03
2.914351611542500154e-03
2.741152442854999805e-03
2.887835812073399899e-03
2.827060678116200074e-03
2.796635053197999831e-03
2.740809213177499825e-03
2.731944682319600165e-03
2.729541048260699949e-03
2.766172735792099893e-03
2.864286741310200033e-03
2.764301938821800073e-03
2.856797992267900120e-03
2.763990587580299977e-03
2.797642035054899879e-03
2.718769356796200010e-03
2.755051446339599943e-03
2.822878104783899892e-03
2.782775987150399970e-03
2.715530642238399902e-03
2.741123264655899883e-03
2.935838528599700112e-03
2.786609522631999965e-03
2.784485167029299851e-03
2.807314325858699822e-03
2.817656605889899864e-03
2.814766111150399878e-03
2.834034432685999909e-03
2.759235213747700168e-03
2.981447808598599886e-03
2.780890983408999904e-03
2.803219160105100208e-03
2.885093400979500070e-03
2.710934353100799814e-03
2.703760429200399978e-03
2.907718013333900064e-03
2.833196852576800023e-03
2.756504300753799801e-03
2.744486509052799887e-03
2.852400686948399801e-03
2.840064009972399859e-03
2.811964943786599783e-03
2.776422352004100091e-03
2.684245046414100028e-03
2.883351746838000006e-03
2.753158308506900055e-03
2.903989359509900198e-03
2.583110870516399857e-03
2.857754194263999962e-03
2.760079015693400056e-03
2.741678882059800197e-03
2.970531515120999888e-03
2.888841618279899999e-03
2.879838081289299960e-03
2.938249135388200199e-03
2.814650929351899828e-03
2.771220876524700064e-03
2.836749564326499981e-03
3.184547593540499981e-03
2.808024487917199809e-03
2.911887926784899848e-03
2.718397862395500065e-03
2.778720929707600117e-03
2.699167737691300119e-03
2.762893951230999991e-03
2.660177174847299948e-03
2.789712296279799920e-03
2.933098825909499947e-03
2.832323550716599799e-03
2.772008135196000079e-03
2.739342917799399927e-03
2.846848264102299839e-03
2.785849893520799848e-03
2.808258603670399801e-03
2.731791540098399938e-03
2.816579347331899831e-03
2.900302495980900015e-03
2.850531115115499930e-03
2.664376097838999907e-03
2.677493573679299785e-03
2.848260150383199844e-03
2.831571140020599890e-03
2.754723691297699794e-03
2.845293306226600108e-03
2.770898783406299838e-03
2.723000166127899791e-03
2.830408218948499924e-03
2.744061160682200080e-03
2.847879639696399793e-03
2.757567204025400138e-03
2.510242142607799903e-03
2.800766974711699914e-03
2.803804828444599832e-03
2.892964252049499800e-03
2.903214537189000195e-03
2.828698473281000044e-03
2.751762429902499928e-03
2.638043713790299942e-03
2.799965234650099877e-03
2.877376732510099951e-03
2.929139842167000074e-03
2.751936647633900033e-03
2.827065994226100019e-03
2.697312687347499984e-03
2.830962454890399889e-03
2.708985552335899799e-03
2.745105824554899907e-03
2.796866694678499903e-03
2.866088511190700155e-03
2.692343804873099846e-03
2.734931307768299902e-03
2.906800977053600101e-03
2.785549955077399990e-03
2.804492193376099864e-03
2.803288053674400128e-03
2.606091509204599976e-03
2.737602192442999908e-03
2.941042874906399981e-03
2.821553927586299953e-03
2.797531351547200007e-03
2.808648109882099907e-03
2.735046172174500009e-03
2.848873672437400063e-03
2.792167793083799934e-03
2.945802127367999797e-03
2.839889248160600097e-03
2.762906886798100099e-03
2.832100818709199982e-03
2.870209463350599944e-03
2.862464350923799895e-03
2.788897325212100122e-03
2.815041647094299916e-03
2.878836786862300212e-03
2.776637480999499981e-03
2.875579177237999953e-03
2.909046939698799877e-03
2.884412924276299854e-03
2.852493109228299798e-03
2.773255562637899890e-03
3.113324460868700187e-03
2.861880937653000188e-03
2.860762743826900014e-03
2.859572407416799845e-03
2.492795441249899806e-03
2.850762437631099936e-03
2.804807477848200118e-03
2.937887490242300018e-03
2.892004163368499820e-03
3.227086120785799869e-03
2.711510574335599787e-03
2.779564836536000186e-03
2.767763744598800060e-03
2.806126927048999999e-03
2.798858685007400184e-03
2.735622162346800119e-03
2.814093151435399960e-03
