2.786865905266083365e-03
2.781519683915544081e-03
2.853422258916822000e-03
2.869683609070453403e-03
2.833709570706728631e-03
2.845381229825139514e-03
2.829725306078300674e-03
2.863398592013627862e-03
2.798475166006876569e-03
3.047490635147275407e-03
2.798475166006876569e-03
2.838812781082393228e-03
2.732788181851432234e-03
2.737765767679165539e-03
2.797419686339197922e-03
2.834412088103150772e-03
2.855988960833269561e-03
2.754682052282124861e-03
2.781519683915544081e-03
2.834412088103150772e-03
2.797419686339197922e-03
2.797419686339197922e-03
2.829725306078300674e-03
2.879988879553802179e-03
2.855988960833269561e-03
2.766150215642826284e-03
2.807445915951759310e-03
2.802524445274792546e-03
2.853120935961073190e-03
2.863398592013627862e-03
2.798475166006876569e-03
2.877796567689198774e-03
2.788099891456411340e-03
2.797419686339197922e-03
2.833709570706728631e-03
2.814462429665006045e-03
2.798475166006876569e-03
3.013767233188928765e-03
2.788099891456411340e-03
2.824803835401333476e-03
2.793606390544789344e-03
2.820598327094503942e-03
2.788099891456411340e-03
2.814462429665006045e-03
2.824317688363220825e-03
2.937336154887300928e-03
2.757771404565744627e-03
2.802524445274792546e-03
2.841119201887086498e-03
2.803799074042085011e-03
2.747599329326463544e-03
2.769878719453004474e-03
2.756151284762607678e-03
2.798475166006876569e-03
2.812132697976609842e-03
2.802524445274792546e-03
2.776195775880335639e-03
2.855988960833269561e-03
2.873672359281493737e-03
2.853120935961073190e-03
2.827721506498296483e-03
2.867660619951680444e-03
2.824317688363220825e-03
2.762855228295896769e-03
2.797419686339197922e-03
2.829725306078300674e-03
2.814462429665006045e-03
2.798475166006876569e-03
2.887467817808223383e-03
2.841119201887086498e-03
2.751709949206400732e-03
3.025211245020734477e-03
2.760045157805706469e-03
2.760871935601594274e-03
2.829725306078300674e-03
2.747599329326463544e-03
2.803799074042085011e-03
2.756085368969500484e-03
2.788099891456411340e-03
2.862513350151973078e-03
2.776195775880335639e-03
2.884792740278514008e-03
2.786835503622283293e-03
2.873672359281493737e-03
2.733967020764957370e-03
2.737765767679165539e-03
2.802524445274792546e-03
2.743870825516285354e-03
2.798475166006876569e-03
2.827721506498296483e-03
2.820598327094503942e-03
2.829725306078300674e-03
2.985156968474602691e-03
2.751709949206400732e-03
2.914230191375131312e-03
2.809145295392624295e-03
2.762855228295896769e-03
2.877796567689198774e-03
2.751709949206400732e-03
3.014430676683054876e-03
2.827721506498296483e-03
2.834412088103150772e-03
2.827721506498296483e-03
2.803799074042085011e-03
2.740575838169355839e-03
2.814462429665006045e-03
2.802524445274792546e-03
2.740575838169355839e-03
2.812132697976609842e-03
2.747599329326463544e-03
2.836357345449686072e-03
2.797419686339197922e-03
2.807445915951759310e-03
2.842877717221044872e-03
2.838816634398205058e-03
2.842877717221044872e-03
2.887062013400716436e-03
2.853120935961073190e-03
2.816533390955852298e-03
2.798475166006876569e-03
2.776195775880335639e-03
2.829725306078300674e-03
2.776195775880335639e-03
2.871243698749811803e-03
2.884792740278514008e-03
2.850000896624837413e-03
2.756151284762607678e-03
2.985156968474602691e-03
2.798475166006876569e-03
2.807445915951759310e-03
2.797419686339197922e-03
2.873672359281493737e-03
2.853120935961073190e-03
2.773989339332941662e-03
2.824803835401333476e-03
2.836357345449686072e-03
2.807445915951759310e-03
2.845381229825139514e-03
2.792183039538465115e-03
2.820598327094503942e-03
2.862513350151973078e-03
2.858636735576227002e-03
2.809145295392624295e-03
2.830841545834532260e-03
2.824803835401333476e-03
2.807445915951759310e-03
2.816533390955852298e-03
2.770945581553947712e-03
2.798475166006876569e-03
2.829725306078300674e-03
2.824803835401333476e-03
2.803799074042085011e-03
2.897234300176550117e-03
2.788099891456411340e-03
2.809145295392624295e-03
2.843296812251131737e-03
2.776195775880335639e-03
2.809145295392624295e-03
2.760871935601594274e-03
2.743870825516285354e-03
2.803799074042085011e-03
2.871243698749811803e-03
2.756151284762607678e-03
2.807445915951759310e-03
2.802524445274792546e-03
2.819699076465738852e-03
2.769878719453004474e-03
2.765820501329870409e-03
2.824317688363220825e-03
2.797419686339197922e-03
3.036046623315469695e-03
2.812132697976609842e-03
2.834412088103150772e-03
2.770945581553947712e-03
2.824803835401333476e-03
2.884792740278514008e-03
2.743870825516285354e-03
2.743870825516285354e-03
2.871243698749811803e-03
2.855517177562657844e-03
2.890367345895902655e-03
2.842877717221044872e-03
2.838812781082393228e-03
2.824317688363220825e-03
2.819699076465738852e-03
2.798475166006876569e-03
2.797419686339197922e-03
2.765820501329870409e-03
2.838812781082393228e-03
2.834412088103150772e-03
2.814462429665006045e-03
2.781519683915544081e-03
2.829725306078300674e-03
2.824317688363220825e-03
2.812132697976609842e-03
2.783151325728135204e-03
2.798475166006876569e-03
2.807445915951759310e-03
2.951921806432420553e-03
2.778430674889148608e-03
2.790885156038152345e-03
3.049381339328148359e-03
2.798475166006876569e-03
2.809145295392624295e-03
2.951921806432420553e-03
2.878450886728225414e-03
2.783151325728135204e-03
2.788099891456411340e-03
2.770945581553947712e-03
2.776195775880335639e-03
2.802524445274792546e-03
2.792183039538465115e-03
2.770945581553947712e-03
2.793224971680489076e-03
2.773989339332941662e-03
2.760045157805706469e-03
2.802524445274792546e-03
2.786865905266083365e-03
2.893523088876352733e-03
2.760045157805706469e-03
2.769878719453004474e-03
2.830841545834532260e-03
2.829725306078300674e-03
2.904845250522331696e-03
2.755067571977973164e-03
2.798475166006876569e-03
2.798475166006876569e-03
2.797419686339197922e-03
2.802524445274792546e-03
2.740575838169355839e-03
2.792183039538465115e-03
2.797419686339197922e-03
2.834412088103150772e-03
2.809145295392624295e-03
2.770945581553947712e-03
2.842877717221044872e-03
2.836357345449686072e-03
2.814462429665006045e-03
2.786865905266083365e-03
2.781519683915544081e-03
2.871243698749811803e-03
2.793224971680489076e-03
2.793224971680489076e-03
2.816533390955852298e-03
3.014430676683054876e-03
2.797419686339197922e-03
2.812132697976609842e-03
2.776195775880335639e-03
2.829725306078300674e-03
2.861096024524746421e-03
2.797419686339197922e-03
2.797419686339197922e-03
2.765820501329870409e-03
2.824317688363220825e-03
2.807445915951759310e-03
2.737765767679165539e-03
2.797419686339197922e-03
2.836357345449686072e-03
2.783151325728135204e-03
2.798475166006876569e-03
2.829725306078300674e-03
2.915473050666156189e-03
2.809145295392624295e-03
2.788099891456411340e-03
2.814462429665006045e-03
2.778430674889148608e-03
2.797419686339197922e-03
2.820598327094503942e-03
2.807445915951759310e-03
2.792183039538465115e-03
2.824803835401333476e-03
2.882310348971973621e-03
2.737765767679165539e-03
2.829725306078300674e-03
2.735492014439203697e-03
2.814462429665006045e-03
2.778430674889148608e-03
2.902914508907116463e-03
2.845381229825139514e-03
2.897234300176550117e-03
2.756151284762607678e-03
2.803799074042085011e-03
2.845381229825139514e-03
2.743870825516285354e-03
2.783151325728135204e-03
2.781519683915544081e-03
2.798475166006876569e-03
2.824803835401333476e-03
2.798475166006876569e-03
2.914230191375131312e-03
2.756085368969500484e-03
2.819699076465738852e-03
2.783151325728135204e-03
2.824803835401333476e-03
2.803799074042085011e-03
2.820598327094503942e-03
2.827721506498296483e-03
2.819699076465738852e-03
2.802524445274792546e-03
2.838816634398205058e-03
2.773989339332941662e-03
2.829725306078300674e-03
2.871243698749811803e-03
2.778430674889148608e-03
2.735492014439203697e-03
2.766150215642826284e-03
2.792851831483311731e-03
2.793224971680489076e-03
2.838812781082393228e-03
2.797419686339197922e-03
2.740575838169355839e-03
2.855988960833269561e-03
2.770945581553947712e-03
2.778430674889148608e-03
2.765820501329870409e-03
2.834412088103150772e-03
2.792851831483311731e-03
2.819699076465738852e-03
