1.752830413879548615e-03
1.742821496719627536e-03
1.814818847467719641e-03
1.805908363764888603e-03
1.822790170108318838e-03
1.823176528534777930e-03
1.773434964369423241e-03
1.809101263047517821e-03
1.716957991947489284e-03
1.884007633766233330e-03
1.716957991947489284e-03
1.787702534180640648e-03
1.643648584611325653e-03
1.655150597857310514e-03
1.771974290447478079e-03
1.780992850607558253e-03
1.807067792199762912e-03
1.627388392593259563e-03
1.742821496719627536e-03
1.780992850607558253e-03
1.771974290447478079e-03
1.771974290447478079e-03
1.773434964369423241e-03
1.793338419554757479e-03
1.807067792199762912e-03
1.652292133659376836e-03
1.789157342277979384e-03
1.780870585535023181e-03
1.804950735062252213e-03
1.809101263047517821e-03
1.716957991947489284e-03
1.796299435000296317e-03
1.696756437750268545e-03
1.771974290447478079e-03
1.822790170108318838e-03
1.746865411267020012e-03
1.716957991947489284e-03
1.881239029432468660e-03
1.696756437750268545e-03
1.765148207626467038e-03
1.721987614262319955e-03
1.809170787182312959e-03
1.696756437750268545e-03
1.746865411267020012e-03
1.813922953922890262e-03
1.794937267431871925e-03
1.634528264861314197e-03
1.780870585535023181e-03
1.824823640956073747e-03
1.727099118811071610e-03
1.675739805870650901e-03
1.660017427962094975e-03
1.693180408569741266e-03
1.716957991947489284e-03
1.796715228516114178e-03
1.780870585535023181e-03
1.732680369856045210e-03
1.807067792199762912e-03
1.801669990816274396e-03
1.804950735062252213e-03
1.817737218380693562e-03
1.807454150626221787e-03
1.813922953922890262e-03
1.645389286934852754e-03
1.771974290447478079e-03
1.773434964369423241e-03
1.746865411267020012e-03
1.716957991947489284e-03
1.784066812048960360e-03
1.824823640956073747e-03
1.684168215591331022e-03
1.899730011674789255e-03
1.639428219948754588e-03
1.702657052645649991e-03
1.773434964369423241e-03
1.675739805870650901e-03
1.727099118811071610e-03
1.630808753832763656e-03
1.696756437750268545e-03
1.802884953572560798e-03
1.732680369856045210e-03
1.787162575664004872e-03
1.733794252355685484e-03
1.801669990816274396e-03
1.645844171420653319e-03
1.655150597857310514e-03
1.780870585535023181e-03
1.668014511567932978e-03
1.716957991947489284e-03
1.817737218380693562e-03
1.809170787182312959e-03
1.773434964369423241e-03
1.800118040796142580e-03
1.684168215591331022e-03
1.767835374834980048e-03
1.737108035970992472e-03
1.645389286934852754e-03
1.796299435000296317e-03
1.684168215591331022e-03
1.834221699237973974e-03
1.817737218380693562e-03
1.780992850607558253e-03
1.817737218380693562e-03
1.727099118811071610e-03
1.661111664843408680e-03
1.746865411267020012e-03
1.780870585535023181e-03
1.661111664843408680e-03
1.796715228516114178e-03
1.675739805870650901e-03
1.824147922208310072e-03
1.771974290447478079e-03
1.789157342277979384e-03
1.793448409273757033e-03
1.824805901685866904e-03
1.793448409273757033e-03
1.784857644109189966e-03
1.804950735062252213e-03
1.803424912089196573e-03
1.716957991947489284e-03
1.732680369856045210e-03
1.773434964369423241e-03
1.732680369856045210e-03
1.793879641463514861e-03
1.787162575664004872e-03
1.802014840472137636e-03
1.693180408569741266e-03
1.800118040796142580e-03
1.716957991947489284e-03
1.789157342277979384e-03
1.771974290447478079e-03
1.801669990816274396e-03
1.804950735062252213e-03
1.668445837682775096e-03
1.765148207626467038e-03
1.824147922208310072e-03
1.789157342277979384e-03
1.823176528534777930e-03
1.762587789175575938e-03
1.809170787182312959e-03
1.802884953572560798e-03
1.808425544299753929e-03
1.737108035970992472e-03
1.820673112970808355e-03
1.765148207626467038e-03
1.789157342277979384e-03
1.803424912089196573e-03
1.722526365449033930e-03
1.716957991947489284e-03
1.773434964369423241e-03
1.765148207626467038e-03
1.727099118811071610e-03
1.782805410723541052e-03
1.696756437750268545e-03
1.737108035970992472e-03
1.824260672434015879e-03
1.732680369856045210e-03
1.737108035970992472e-03
1.702657052645649991e-03
1.668014511567932978e-03
1.727099118811071610e-03
1.793879641463514861e-03
1.693180408569741266e-03
1.789157342277979384e-03
1.780870585535023181e-03
1.756251912538921937e-03
1.660017427962094975e-03
1.712478815658824470e-03
1.813922953922890262e-03
1.771974290447478079e-03
1.865516651523912734e-03
1.796715228516114178e-03
1.780992850607558253e-03
1.722526365449033930e-03
1.765148207626467038e-03
1.787162575664004872e-03
1.668014511567932978e-03
1.668014511567932978e-03
1.793879641463514861e-03
1.812021812908852243e-03
1.781045197207583143e-03
1.793448409273757033e-03
1.787702534180640648e-03
1.813922953922890262e-03
1.756251912538921937e-03
1.716957991947489284e-03
1.771974290447478079e-03
1.712478815658824470e-03
1.787702534180640648e-03
1.780992850607558253e-03
1.746865411267020012e-03
1.742821496719627536e-03
1.773434964369423241e-03
1.813922953922890262e-03
1.796715228516114178e-03
1.686934674737093848e-03
1.716957991947489284e-03
1.789157342277979384e-03
1.774751670755807861e-03
1.677458030661185340e-03
1.697727394509236046e-03
1.942858575194692872e-03
1.716957991947489284e-03
1.737108035970992472e-03
1.774751670755807861e-03
1.788742947384862250e-03
1.686934674737093848e-03
1.696756437750268545e-03
1.722526365449033930e-03
1.732680369856045210e-03
1.780870585535023181e-03
1.762587789175575938e-03
1.722526365449033930e-03
1.706803987540478004e-03
1.668445837682775096e-03
1.639428219948754588e-03
1.780870585535023181e-03
1.752830413879548615e-03
1.778157263554958935e-03
1.639428219948754588e-03
1.660017427962094975e-03
1.820673112970808355e-03
1.773434964369423241e-03
1.770890873880447396e-03
1.627926206702769727e-03
1.716957991947489284e-03
1.716957991947489284e-03
1.771974290447478079e-03
1.780870585535023181e-03
1.661111664843408680e-03
1.762587789175575938e-03
1.771974290447478079e-03
1.780992850607558253e-03
1.737108035970992472e-03
1.722526365449033930e-03
1.793448409273757033e-03
1.824147922208310072e-03
1.746865411267020012e-03
1.752830413879548615e-03
1.742821496719627536e-03
1.793879641463514861e-03
1.706803987540478004e-03
1.706803987540478004e-03
1.803424912089196573e-03
1.834221699237973974e-03
1.771974290447478079e-03
1.796715228516114178e-03
1.732680369856045210e-03
1.773434964369423241e-03
1.809083523777310762e-03
1.771974290447478079e-03
1.771974290447478079e-03
1.712478815658824470e-03
1.813922953922890262e-03
1.789157342277979384e-03
1.655150597857310514e-03
1.771974290447478079e-03
1.824147922208310072e-03
1.686934674737093848e-03
1.716957991947489284e-03
1.773434964369423241e-03
1.784752854410627228e-03
1.737108035970992472e-03
1.696756437750268545e-03
1.746865411267020012e-03
1.677458030661185340e-03
1.771974290447478079e-03
1.809170787182312959e-03
1.789157342277979384e-03
1.762587789175575938e-03
1.765148207626467038e-03
1.790272955637632266e-03
1.655150597857310514e-03
1.773434964369423241e-03
1.650250642769870123e-03
1.746865411267020012e-03
1.677458030661185340e-03
1.782692535416516462e-03
1.823176528534777930e-03
1.782805410723541052e-03
1.693180408569741266e-03
1.727099118811071610e-03
1.823176528534777930e-03
1.668014511567932978e-03
1.686934674737093848e-03
1.742821496719627536e-03
1.716957991947489284e-03
1.765148207626467038e-03
1.716957991947489284e-03
1.767835374834980048e-03
1.630808753832763656e-03
1.756251912538921937e-03
1.686934674737093848e-03
1.765148207626467038e-03
1.727099118811071610e-03
1.809170787182312959e-03
1.817737218380693562e-03
1.756251912538921937e-03
1.780870585535023181e-03
1.824805901685866904e-03
1.668445837682775096e-03
1.773434964369423241e-03
1.793879641463514861e-03
1.677458030661185340e-03
1.650250642769870123e-03
1.652292133659376836e-03
1.711639392295310211e-03
1.706803987540478004e-03
1.787702534180640648e-03
1.771974290447478079e-03
1.661111664843408680e-03
1.807067792199762912e-03
1.722526365449033930e-03
1.677458030661185340e-03
1.712478815658824470e-03
1.780992850607558253e-03
1.711639392295310211e-03
1.756251912538921937e-03
