9.866213962665875576e-09
9.867017366362394862e-09
9.924008435349056670e-09
9.907389393235767623e-09
9.875412478757353249e-09
9.895793906302421653e-09
9.864482569730521422e-09
9.888341353102250945e-09
9.863999701980227129e-09
1.044033754245553420e-08
9.863999701980227129e-09
9.867390156547431742e-09
9.991536333758612752e-09
9.903358759495919723e-09
9.866177393831622295e-09
9.865903029494475677e-09
9.876495584811047591e-09
9.962932694481004298e-09
9.867017366362394862e-09
9.865903029494475677e-09
9.866177393831622295e-09
9.866177393831622295e-09
9.864482569730521422e-09
9.944643881408863961e-09
9.876495584811047591e-09
9.888682731909572273e-09
9.867638053119588281e-09
9.866779798531212671e-09
9.874003811599571095e-09
9.888341353102250945e-09
9.863999701980227129e-09
9.937805293073624838e-09
9.868518033849281951e-09
9.866177393831622295e-09
9.875412478757353249e-09
9.861877135003510580e-09
9.863999701980227129e-09
1.026203949614262241e-08
9.868518033849281951e-09
9.863250058446256707e-09
1.030574850427385595e-08
9.870506881394192890e-09
9.868518033849281951e-09
9.861877135003510580e-09
9.871376712481565321e-09
1.022281937532153821e-08
9.911143445347848993e-09
9.866779798531212671e-09
9.885098024581989972e-09
9.862661388724873094e-09
9.886726036046919547e-09
9.883612866802593436e-09
9.878976852090884669e-09
9.863999701980227129e-09
9.868618556297943639e-09
9.866779798531212671e-09
9.868391094114674480e-09
9.876495584811047591e-09
9.922661979001951034e-09
9.874003811599571095e-09
9.872361042550566024e-09
9.900342694189740471e-09
9.871376712481565321e-09
9.894618826809909167e-09
9.866177393831622295e-09
9.864482569730521422e-09
9.861877135003510580e-09
9.863999701980227129e-09
9.959807358085195981e-09
9.885098024581989972e-09
9.882650973988583817e-09
1.043075114090031196e-08
9.901874043436815149e-09
9.875673604832252228e-09
9.864482569730521422e-09
9.886726036046919547e-09
9.862661388724873094e-09
9.923424814801871310e-09
9.868518033849281951e-09
9.949248937376874186e-09
9.868391094114674480e-09
9.955743203686514839e-09
1.048514453584832426e-08
9.922661979001951034e-09
1.003326224319638781e-08
9.903358759495919723e-09
9.866779798531212671e-09
9.891327976871122850e-09
9.863999701980227129e-09
9.872361042550566024e-09
9.870506881394192890e-09
9.864482569730521422e-09
1.021527286651497123e-08
9.882650973988583817e-09
1.000207565192217017e-08
9.861962546998459050e-09
9.894618826809909167e-09
9.937805293073624838e-09
9.882650973988583817e-09
1.016545628357077879e-08
9.872361042550566024e-09
9.865903029494475677e-09
9.872361042550566024e-09
9.862661388724873094e-09
9.896721483881950446e-09
9.861877135003510580e-09
9.866779798531212671e-09
9.896721483881950446e-09
9.868618556297943639e-09
9.886726036046919547e-09
9.877833868942550164e-09
9.866177393831622295e-09
9.867638053119588281e-09
9.868865359444655412e-09
9.881036810120157174e-09
9.868865359444655412e-09
9.986863356945652608e-09
9.874003811599571095e-09
9.869600716392283005e-09
9.863999701980227129e-09
9.868391094114674480e-09
9.864482569730521422e-09
9.868391094114674480e-09
9.960623151059660190e-09
9.955743203686514839e-09
9.872017310699790876e-09
9.878976852090884669e-09
1.021527286651497123e-08
9.863999701980227129e-09
9.867638053119588281e-09
9.866177393831622295e-09
9.922661979001951034e-09
9.874003811599571095e-09
9.879143854551520639e-09
9.863250058446256707e-09
9.877833868942550164e-09
9.867638053119588281e-09
9.895793906302421653e-09
9.865955530744335848e-09
9.870506881394192890e-09
9.949248937376874186e-09
9.879647072729070958e-09
9.861962546998459050e-09
9.873643912644516355e-09
9.863250058446256707e-09
9.867638053119588281e-09
9.869600716392283005e-09
9.870322816311475959e-09
9.863999701980227129e-09
9.864482569730521422e-09
9.863250058446256707e-09
9.862661388724873094e-09
1.002696289557777910e-08
9.868518033849281951e-09
9.861962546998459050e-09
9.890033396194938025e-09
9.868391094114674480e-09
9.861962546998459050e-09
9.875673604832252228e-09
9.891327976871122850e-09
9.862661388724873094e-09
9.960623151059660190e-09
9.878976852090884669e-09
9.867638053119588281e-09
9.866779798531212671e-09
9.862339786457182313e-09
9.883612866802593436e-09
9.872770054491258648e-09
9.871376712481565321e-09
9.866177393831622295e-09
1.026569731878612225e-08
9.868618556297943639e-09
9.865903029494475677e-09
9.870322816311475959e-09
9.863250058446256707e-09
9.955743203686514839e-09
9.891327976871122850e-09
9.891327976871122850e-09
9.960623151059660190e-09
9.931204264825405403e-09
9.962982349520110945e-09
9.868865359444655412e-09
9.867390156547431742e-09
9.871376712481565321e-09
9.862339786457182313e-09
9.863999701980227129e-09
9.866177393831622295e-09
9.872770054491258648e-09
9.867390156547431742e-09
9.865903029494475677e-09
9.861877135003510580e-09
9.867017366362394862e-09
9.864482569730521422e-09
9.871376712481565321e-09
9.868618556297943639e-09
9.871597749213057400e-09
9.863999701980227129e-09
9.867638053119588281e-09
1.018646437691246282e-08
9.875149067034430902e-09
1.137938420196244190e-08
1.125945986275956232e-08
9.863999701980227129e-09
9.861962546998459050e-09
1.018646437691246282e-08
9.968738093575113506e-09
9.871597749213057400e-09
9.868518033849281951e-09
9.870322816311475959e-09
9.868391094114674480e-09
9.866779798531212671e-09
9.865955530744335848e-09
9.870322816311475959e-09
9.865965846669979636e-09
9.879143854551520639e-09
9.901874043436815149e-09
9.866779798531212671e-09
9.866213962665875576e-09
9.965588449079941932e-09
9.901874043436815149e-09
9.883612866802593436e-09
9.873643912644516355e-09
9.864482569730521422e-09
9.977424000182949291e-09
9.994295752699893532e-09
9.863999701980227129e-09
9.863999701980227129e-09
9.866177393831622295e-09
9.866779798531212671e-09
9.896721483881950446e-09
9.865955530744335848e-09
9.866177393831622295e-09
9.865903029494475677e-09
9.861962546998459050e-09
9.870322816311475959e-09
9.868865359444655412e-09
9.877833868942550164e-09
9.861877135003510580e-09
9.866213962665875576e-09
9.867017366362394862e-09
9.960623151059660190e-09
9.865965846669979636e-09
9.865965846669979636e-09
9.869600716392283005e-09
1.016545628357077879e-08
9.866177393831622295e-09
9.868618556297943639e-09
9.868391094114674480e-09
9.864482569730521422e-09
9.883574316615073364e-09
9.866177393831622295e-09
9.866177393831622295e-09
9.872770054491258648e-09
9.871376712481565321e-09
9.867638053119588281e-09
9.903358759495919723e-09
9.866177393831622295e-09
9.877833868942550164e-09
9.871597749213057400e-09
9.863999701980227129e-09
9.864482569730521422e-09
1.012830629589817989e-08
9.861962546998459050e-09
9.868518033849281951e-09
9.861877135003510580e-09
9.875149067034430902e-09
9.866177393831622295e-09
9.870506881394192890e-09
9.867638053119588281e-09
9.865955530744335848e-09
9.863250058446256707e-09
9.950674807704719023e-09
9.903358759495919723e-09
9.864482569730521422e-09
9.911934177753895813e-09
9.861877135003510580e-09
9.875149067034430902e-09
1.005652913983238850e-08
9.895793906302421653e-09
1.002696289557777910e-08
9.878976852090884669e-09
9.862661388724873094e-09
9.895793906302421653e-09
9.891327976871122850e-09
9.871597749213057400e-09
9.867017366362394862e-09
9.863999701980227129e-09
9.863250058446256707e-09
9.863999701980227129e-09
1.000207565192217017e-08
9.923424814801871310e-09
9.862339786457182313e-09
9.871597749213057400e-09
9.863250058446256707e-09
9.862661388724873094e-09
9.870506881394192890e-09
9.872361042550566024e-09
9.862339786457182313e-09
9.866779798531212671e-09
9.881036810120157174e-09
9.879143854551520639e-09
9.864482569730521422e-09
9.960623151059660190e-09
9.875149067034430902e-09
9.911934177753895813e-09
9.888682731909572273e-09
1.065784558857694573e-08
9.865965846669979636e-09
9.867390156547431742e-09
9.866177393831622295e-09
9.896721483881950446e-09
9.876495584811047591e-09
9.870322816311475959e-09
9.875149067034430902e-09
9.872770054491258648e-09
9.865903029494475677e-09
1.065784558857694573e-08
9.862339786457182313e-09
