7.211782921196999672e-03
8.102286125559899493e-03
8.265168123367000463e-03
7.794005703491499980e-03
8.951359313251500138e-03
7.935621030114499777e-03
7.016872915633700324e-03
6.774748752839900370e-03
7.473582016633699941e-03
7.520257107292200108e-03
8.124905683640900808e-03
7.261118668879100110e-03
8.289435892397899880e-03
8.419908785891999300e-03
9.085648248630699350e-03
6.817244990376700002e-03
9.332097906651499672e-03
7.289113131843399755e-03
6.473711404217499799e-03
7.554661040169300019e-03
7.973960034118800222e-03
8.094281248150899180e-03
7.563043046951800283e-03
5.469426198189100002e-03
6.918977471503999672e-03
7.347606046285999788e-03
7.256293781353600342e-03
6.378195370402199929e-03
7.006899754334099985e-03
7.345867063697299887e-03
6.302498123578299631e-03
7.189486497275399818e-03
9.553524432509600053e-03
8.212219230187200666e-03
7.310194130947699626e-03
7.534855612580500239e-03
8.462067377024299134e-03
8.686901002979599551e-03
9.627138399094599744e-03
9.224791893195399134e-03
7.301064941963499727e-03
7.404243929032199717e-03
7.123008162800300268e-03
7.345267314415399908e-03
8.052547261170800441e-03
9.016091170901399318e-03
7.041802790270400118e-03
9.654765103138999993e-03
6.818013049947699994e-03
8.234402858238499406e-03
7.067281225918000363e-03
7.494082246368600000e-03
8.185732079985800352e-03
6.722376753351900353e-03
6.720739655265399980e-03
7.042467513461500052e-03
8.295076235789899943e-03
8.404948561900299486e-03
6.934260960023399568e-03
6.943038303534400206e-03
6.372300226232400014e-03
7.812129932162199981e-03
7.592960527420499796e-03
5.888585662065000045e-03
6.090884096232000201e-03
6.814708341784100204e-03
7.209061694196799985e-03
7.875206310019299341e-03
6.820251551770599961e-03
8.054336191259300545e-03
7.749200223679000160e-03
8.048658743587899789e-03
7.767078659578499633e-03
7.102054462057400160e-03
8.305073936651599653e-03
9.519406453226799195e-03
7.601904053801299826e-03
6.127872039537999964e-03
7.152437330973000079e-03
7.952425631005299173e-03
7.265824492148300132e-03
6.859745475338700250e-03
7.779797444309300043e-03
7.118268102731700395e-03
7.033405705164800202e-03
7.893631956590199325e-03
8.651475652602000702e-03
7.329203252132800162e-03
6.490700587360800043e-03
7.798166725133000125e-03
8.364654560843299766e-03
7.477641064134400196e-03
8.815287975811899809e-03
7.455911003729400431e-03
7.901224453724500774e-03
7.978584956892400756e-03
7.617653724455800308e-03
8.134933846081000841e-03
7.050558104368500126e-03
6.736100637633000293e-03
7.402754725252900375e-03
9.564707912536699400e-03
7.755430102670900216e-03
8.407370934650200064e-03
7.570586870000900123e-03
7.755502667617200294e-03
8.041069759700999672e-03
6.288294496575100312e-03
7.402754725252900375e-03
6.817468436393900322e-03
7.331832178428200099e-03
7.467406340951899743e-03
7.248672836560700328e-03
6.852187211159200403e-03
8.050223917600300011e-03
7.993782556902100447e-03
7.989536894579299733e-03
8.342736262326400087e-03
8.755687751813699682e-03
7.602088889868000368e-03
7.342418127643000197e-03
8.017318366766799931e-03
8.032000460759599822e-03
6.805726579509800180e-03
8.434479142548599595e-03
1.002393369610909968e-02
5.792901111806500296e-03
8.845703183980100151e-03
9.868166468804499825e-03
8.579028849029899165e-03
8.189064741384199930e-03
6.350777499625700345e-03
8.218894372672300164e-03
6.363827471970700221e-03
7.173194829048300421e-03
7.632108070602899690e-03
8.194853211164499288e-03
6.630307617364000414e-03
7.633624729135900407e-03
7.082836926266099752e-03
7.351058519137500073e-03
6.894524628217700048e-03
5.953543905160300388e-03
7.423053068489999899e-03
8.595492784281800677e-03
6.945602905382699740e-03
9.101358208691999810e-03
7.377312932110900202e-03
7.076135807620799988e-03
7.706432922228500203e-03
8.845143443008600045e-03
6.411633003561599715e-03
7.626639086329100280e-03
7.087868366653199761e-03
7.526588140756800167e-03
7.052566066014000386e-03
5.865763868410299800e-03
9.095312454472299565e-03
6.087536785199800307e-03
7.109800199431699774e-03
7.701414859299799895e-03
7.441421919907599894e-03
6.607907100202799720e-03
7.346703965265000309e-03
7.788780137462199965e-03
7.207556939548400397e-03
8.311638953820999279e-03
8.145988593975700062e-03
8.810257930607700433e-03
7.117426665946700176e-03
7.232132814442899897e-03
7.726323706526899704e-03
7.080780313290300013e-03
8.154514071128099797e-03
8.243801070111899179e-03
7.334338721066100200e-03
7.267061471598899695e-03
6.766087044590800292e-03
7.166499438213299635e-03
6.935963168993699961e-03
6.236936660871899955e-03
7.990575076157399592e-03
6.474934801461399748e-03
6.843306633692700265e-03
6.554449913684199866e-03
7.392179120890200218e-03
7.420887846183299788e-03
5.464364742428700315e-03
7.833417224108900345e-03
7.834041375391400178e-03
9.548533625988300799e-03
7.038161771974599940e-03
8.371965866651799246e-03
7.814852046829700444e-03
7.893631956590199325e-03
8.912646447188600149e-03
6.715098110990799958e-03
6.681002228751799742e-03
6.276294365223799958e-03
9.616009733246900712e-03
7.373879086012199817e-03
7.859817249313200138e-03
8.121517948196299228e-03
7.406335078572599817e-03
9.104789404251400001e-03
7.120730647397600400e-03
7.989536894579299733e-03
7.842002445822799511e-03
9.406869531832099188e-03
1.020881984895950084e-02
9.515065692000099218e-03
8.450712550307800178e-03
8.096305576285600658e-03
7.290971060388199906e-03
7.451573415608900124e-03
8.568449319076800255e-03
8.231129963245799319e-03
6.771662685368500141e-03
7.288444253345700147e-03
7.567986185674899571e-03
7.475090752726100407e-03
7.676333151071999990e-03
7.517474252701400288e-03
7.943372994723200270e-03
7.705600997096599680e-03
6.877079816716900190e-03
8.979845446033899239e-03
9.438121918792499385e-03
9.182002208730499770e-03
6.234181085508099830e-03
7.615888752073200069e-03
7.504679260562300246e-03
6.470605732490600226e-03
8.499573751387099960e-03
7.729614543934499975e-03
6.978890316856100132e-03
7.237752478709299706e-03
7.710247998117899897e-03
7.189851272793400423e-03
7.382302180973500383e-03
8.057142442165000570e-03
7.541855419696100009e-03
6.803395164174300298e-03
6.731852619564200266e-03
9.089101186830199353e-03
6.371423809049200221e-03
8.703583956166299762e-03
8.689467759141200620e-03
7.397032720209299750e-03
7.167381577405099874e-03
7.291587565536999591e-03
8.179259361629699632e-03
7.500775836734799827e-03
6.868392732743300137e-03
7.624354746518700009e-03
7.412402420876600291e-03
7.632108070602899690e-03
7.521151136925600424e-03
9.245422843513600650e-03
6.653341314652600098e-03
7.679332962246800121e-03
8.361775321650600362e-03
8.162029127212599294e-03
7.448380515373700418e-03
8.527645931891000494e-03
8.256426498405699393e-03
6.931561340928400240e-03
7.146891178019000417e-03
7.112881940443900423e-03
8.102678412971100336e-03
8.291636608851800372e-03
7.833875022976000135e-03
7.726201165997000249e-03
8.338789831772799171e-03
8.691649603281399739e-03
7.575901622222300062e-03
6.709684795797099706e-03
7.857981744110800748e-03
7.409670044184599701e-03
7.320297747645800220e-03
7.335177477591900072e-03
8.074067170768100057e-03
6.890110717425700082e-03
6.093581348575599632e-03
7.622521784112599660e-03
7.109092046108400099e-03
6.908021821243600334e-03
8.021643872069200015e-03
7.429648405422400147e-03
7.828237314466399144e-03
8.010386529331800162e-03
6.600162271717799865e-03
7.824885349547099772e-03
9.240878826491600098e-03
8.812795188652099154e-03
7.773145278067599730e-03
7.359434134569900129e-03
7.052655057571299846e-03
7.431163084967699721e-03
7.040300482395000017e-03
7.395620720457099680e-03
7.398702710409099659e-03
8.117548077114799393e-03
7.601961577165299890e-03
7.868426134782299450e-03
8.346262050061999810e-03
7.444616056077900390e-03
7.649617228326500117e-03
6.906816410383600016e-03
7.441410647956199845e-03
6.419779670691599938e-03
7.320555212168999674e-03
7.312239554951900297e-03
8.129032642445299661e-03
8.235132931201399886e-03
8.306713609114599328e-03
7.451786874986800202e-03
7.632444654348599991e-03
7.018951735544999744e-03
8.088943401933100866e-03
8.593933971046600548e-03
7.604500860862600103e-03
7.828229390222299702e-03
9.373770904737300722e-03
7.200503436348399712e-03
7.105816641637599865e-03
7.205948739646099790e-03
7.152268660424499630e-03
9.139668184404699941e-03
7.418859318481399977e-03
8.101861840364699835e-03
7.664095478205900334e-03
7.445682738560699919e-03
1.047014443025399977e-02
7.840707574758500054e-03
6.651293107320600285e-03
7.266232155052300065e-03
5.632665573623600250e-03
6.779940338764199777e-03
6.976240111763599983e-03
7.971255067353799628e-03
5.900957792163799912e-03
8.234733496330099572e-03
8.576087630435200171e-03
7.732762049640300346e-03
7.847552487938900048e-03
8.617601604240200316e-03
6.190251850435399966e-03
8.389100504422300833e-03
7.755395145872199733e-03
7.632166235617699954e-03
8.338789831772799171e-03
8.067743845865600269e-03
8.873741069386700472e-03
6.074586563123000361e-03
7.282827719165899973e-03
8.039851722896500241e-03
6.251108005344500028e-03
6.193017280281000111e-03
7.629473555984599836e-03
7.167009565289399718e-03
8.294066285790799992e-03
9.754701404212799687e-03
7.604791016666100426e-03
7.669995691464400259e-03
9.299615216829799566e-03
8.043507607101700596e-03
6.916386752250199693e-03
9.680427190638499907e-03
7.044486071147500195e-03
7.696761972621899567e-03
7.175485933115999942e-03
5.943545515341699600e-03
8.214161156123800725e-03
8.017600466839200704e-03
6.988316568277500203e-03
8.224237132160200012e-03
7.269798016593500070e-03
9.550971583927099495e-03
6.888675043782300188e-03
9.292102880797499173e-03
6.910790107568299742e-03
6.595475775838999764e-03
7.254058336577999706e-03
7.572410365853599924e-03
6.303109345864199575e-03
7.279173480737899903e-03
7.488796646253500187e-03
8.458460054169600340e-03
9.370648367167800155e-03
7.719262825001799687e-03
7.233008871386699748e-03
6.582662932287399599e-03
6.964172272386300391e-03
8.579909558995499341e-03
7.141392717944199629e-03
7.933179470530000651e-03
8.294265831288200053e-03
8.317639644960199766e-03
8.231853499840600247e-03
8.099742312466200536e-03
7.840540716372199417e-03
7.107186017999100186e-03
8.309463660002500141e-03
8.208384074471799380e-03
7.523626485605600274e-03
6.879780955532400002e-03
7.514412282476399738e-03
6.569754601407000287e-03
7.192040724801600053e-03
7.893260631885799794e-03
8.092173167200599967e-03
9.062130477085700644e-03
7.355676531091800106e-03
6.826689688007699791e-03
9.949626277432600807e-03
6.203743499450099612e-03
8.674858102030700430e-03
8.722289574702699749e-03
8.361487802425999691e-03
8.784951440797699601e-03
7.894325351996000703e-03
7.611609178468900332e-03
6.537356831788299939e-03
7.671255030656000395e-03
7.089623663529999800e-03
6.714350375195499675e-03
7.694606220598700433e-03
6.386390622149700283e-03
7.582087918201499584e-03
7.133108131448300145e-03
9.365825333858499371e-03
7.463547682482299904e-03
9.408065704028099885e-03
7.897487419667599193e-03
7.005203001370899699e-03
7.630442616367499875e-03
8.797772323077199252e-03
6.332199687840299636e-03
6.142989486985800385e-03
7.215167297367400430e-03
8.731677841303100290e-03
9.408065704028099885e-03
7.897827691173099282e-03
6.080793624348599866e-03
7.649617228326500117e-03
6.744585956919100372e-03
7.980892804484999298e-03
7.795421076906300199e-03
8.096305576285600658e-03
6.948350098914600308e-03
7.274114735376299712e-03
7.668315011435200210e-03
7.621110262734799579e-03
7.373811905259500254e-03
8.265246133895499253e-03
8.032142543003200491e-03
7.033091171563600127e-03
7.078047594145400051e-03
8.238726641075699506e-03
7.011231293025500279e-03
6.795966311001299873e-03
7.295769100046399676e-03
7.422717995497899943e-03
7.351058519137500073e-03
7.742174235646600428e-03
8.881149633284100148e-03
6.698325578531399635e-03
7.321904434252500017e-03
9.211674272533800639e-03
7.782621416847999678e-03
9.032318950544000399e-03
8.728234547898899506e-03
7.044325517846400028e-03
7.080622491454299956e-03
7.018766114208500363e-03
7.212620970389599720e-03
7.668227003598600267e-03
6.772494911891800348e-03
7.519660881267800114e-03
7.440776411144100176e-03
7.688274344484100249e-03
7.052450709220100221e-03
6.725257399039999938e-03
8.751364704017199764e-03
7.142136312233300297e-03
8.218894372672300164e-03
8.388388147773600742e-03
8.506888268016399648e-03
9.002141003196800426e-03
8.013813518955000340e-03
6.419206681127100252e-03
8.554619926550200565e-03
6.392639259719399940e-03
7.726201165997000249e-03
7.688274344484100249e-03
7.930404857276699554e-03
7.068886245428200252e-03
7.804978321091299992e-03
7.909334528764300210e-03
7.676333151071999990e-03
7.196203335481800301e-03
8.507719949724400210e-03
7.836072750023299893e-03
7.493101307013599714e-03
7.154721607424899613e-03
7.323124894028000369e-03
8.341803545952899274e-03
7.534383165399299691e-03
6.120640962926000329e-03
9.386179555715199255e-03
8.457289608448400817e-03
7.893260631885799794e-03
7.309292126104299965e-03
7.578795740359300058e-03
7.020000528641000097e-03
8.403160910711200693e-03
8.141304252195799215e-03
7.327453611635399711e-03
7.495783518557300185e-03
7.225484093678199646e-03
7.138382213621999837e-03
8.434554348728900280e-03
8.909811522682600446e-03
6.846972302756200099e-03
8.991720932096599478e-03
9.223246226990399615e-03
6.588749285078099663e-03
7.624375424439100261e-03
7.109280746609899712e-03
8.091864410851599965e-03
6.786364975317899818e-03
6.822616201308299988e-03
7.559771778920400254e-03
8.013813518955000340e-03
9.782192677354299704e-03
8.341803545952899274e-03
7.675613531118100422e-03
7.818211899295100450e-03
7.437374593316699659e-03
6.640788303480200071e-03
9.472140489418700432e-03
8.144598844438299956e-03
6.424035142705000409e-03
7.876874064554499622e-03
9.114495100797500790e-03
7.362414972051099619e-03
8.935979754758700128e-03
7.312298563445999988e-03
7.821708238411599623e-03
7.856307379842100355e-03
6.817852713170200092e-03
7.797143694142499859e-03
7.550268071885300400e-03
8.004671505538000012e-03
8.101134345860100394e-03
6.590797483131000285e-03
7.220059644566800133e-03
7.919992570694499301e-03
7.706432922228500203e-03
7.646824284706600292e-03
8.144628771848199181e-03
8.121672927293299357e-03
7.690657770254800095e-03
6.095067937498899711e-03
8.439496604850500738e-03
6.250335140944400340e-03
7.368916300995799994e-03
7.660693008549800294e-03
8.332416244042800332e-03
6.845960759784599711e-03
7.708323594372799674e-03
7.343782281153300381e-03
6.490379307705199975e-03
7.596643428083699710e-03
8.126909941121500044e-03
6.801122150950699580e-03
6.736571712397899578e-03
6.889124688368200057e-03
7.214614367552800098e-03
7.320553643481900186e-03
9.414346908380699305e-03
7.534135660117300196e-03
7.418312617065299722e-03
7.179655964751299746e-03
7.321757626546999964e-03
7.473192233626299759e-03
7.463660250981199798e-03
6.418033457893599844e-03
8.141644752138700245e-03
6.942653834497499767e-03
7.765421647279799854e-03
6.463761215392700363e-03
8.249546855751799246e-03
8.674418334153900442e-03
7.186153666175800099e-03
8.211404227759500768e-03
8.880472560720800018e-03
7.712434700525200131e-03
7.140476226190500125e-03
6.914034272355399843e-03
8.848699567077400463e-03
6.705831587396500135e-03
8.410989531904999872e-03
6.791285269764700365e-03
8.237659570859999503e-03
7.320553643481900186e-03
7.928052559266899821e-03
8.042559903282800460e-03
7.423530388767999796e-03
7.992585382754800044e-03
7.225471484846099704e-03
8.145860168206500371e-03
7.988869537191200382e-03
7.461267254962099769e-03
6.966851285049299736e-03
7.983294635326499897e-03
8.421204449525099278e-03
6.529304149665299782e-03
7.080386669295900097e-03
8.066211902901300815e-03
7.893306452110199212e-03
8.095318182400900592e-03
6.649333511299900315e-03
7.443946000937800081e-03
6.170920835527699856e-03
9.041522090462199984e-03
6.233946020739400407e-03
7.258081575855599744e-03
7.281389286268500315e-03
7.473915332807399940e-03
7.477052624199400158e-03
8.177200960531800719e-03
7.041045338298499573e-03
8.067189366632299824e-03
8.144628771848199181e-03
7.179177757077700138e-03
9.573324905812400157e-03
7.382332600731299904e-03
7.254658963390199847e-03
8.825782896423399818e-03
6.681277625702699945e-03
6.334861300844999744e-03
7.495783518557300185e-03
7.439415698105299700e-03
6.215170895825099760e-03
8.147902184264699255e-03
1.055270912872850048e-02
7.240571395162800385e-03
6.925126030019100251e-03
9.372065410052900225e-03
8.679295322358299841e-03
7.321180987784800184e-03
7.472536126172600254e-03
7.530910156451900081e-03
7.846328732268599560e-03
7.415580964310599862e-03
6.971865431542500352e-03
9.425357378524000865e-03
8.772143176577099771e-03
7.583868706066299731e-03
7.630442616367499875e-03
7.118989836573700117e-03
6.611166076742800400e-03
8.098770665684200398e-03
8.584652407327799870e-03
6.283719438720200036e-03
6.974428787535000285e-03
7.723575400372099942e-03
7.720633097761900321e-03
8.190716165276699240e-03
6.973092243645400042e-03
6.294886711494500006e-03
8.271562060920899934e-03
7.062548530990700284e-03
8.932056550038699333e-03
6.584055890469500336e-03
8.407370934650200064e-03
7.597099109089499973e-03
6.480619018076999929e-03
6.317811794711599913e-03
6.485015894026400010e-03
5.699495342286699587e-03
8.246619322160600452e-03
8.253621731064199676e-03
8.259880665030900834e-03
6.809776350484400206e-03
6.088326010616399928e-03
7.764294727160599673e-03
6.500298360164600241e-03
6.864942300202400011e-03
6.989487750175099948e-03
5.472299293823299805e-03
7.469066004522500329e-03
6.181374423080200110e-03
7.943971988822700128e-03
7.762838915796300109e-03
9.734252988499799905e-03
8.073087101177500030e-03
8.851757274034800088e-03
7.412929543628100394e-03
7.192935646444600234e-03
9.277577882783900193e-03
7.336159248576799852e-03
6.546531579464800327e-03
7.507144140026900114e-03
7.499362919691000308e-03
8.211413831998999949e-03
7.604412783416199598e-03
7.919992570694499301e-03
6.809776350484400206e-03
7.442484003777500093e-03
7.587975438372800141e-03
6.605300848975300364e-03
7.510521094740500204e-03
7.598893485258799950e-03
7.310044228613300082e-03
6.439723305273799790e-03
6.734975232087999676e-03
8.935847186730299860e-03
7.855870060690800516e-03
7.300539977111999805e-03
7.431057073278999649e-03
7.736895004655399907e-03
7.138382213621999837e-03
7.223885468855099912e-03
7.571069115745099852e-03
7.217763125160900177e-03
7.643401449816900062e-03
7.021418512327399879e-03
8.124341522914600711e-03
5.308840362565700119e-03
7.352801313148999741e-03
7.084826881860800327e-03
7.407871718596499913e-03
6.515462149183600012e-03
7.739084538350199730e-03
8.405039777962600156e-03
8.547729946405300053e-03
6.747649142237100231e-03
8.517345810124199446e-03
7.551556840979300154e-03
6.523095819516100402e-03
6.951904666065900421e-03
8.040772821554000027e-03
6.125469949747899823e-03
7.093345040708199864e-03
7.577053480520699880e-03
6.812159126714000326e-03
7.200368964816099802e-03
7.791298828588999817e-03
6.919499460047500057e-03
7.644281647838199918e-03
7.404243929032199717e-03
7.064678396998600243e-03
7.372302669122999912e-03
8.184604556503100384e-03
7.916862526795499788e-03
8.053641156977099994e-03
8.689467759141200620e-03
8.216445064728900363e-03
6.810148874132299773e-03
7.132016453917499645e-03
8.610571814014700287e-03
8.691649603281399739e-03
9.326335652278600757e-03
7.080377043985499816e-03
6.650826554354100258e-03
9.049515704675100553e-03
7.522774015769099869e-03
9.565289518785900780e-03
7.013064343762399899e-03
7.851976115352800323e-03
6.366820192956500202e-03
7.571494797411999940e-03
7.281035141438700099e-03
8.247856885401499971e-03
6.749542315463300315e-03
6.773173295800000333e-03
8.832700575371700558e-03
9.147884851338999521e-03
7.625905125282699676e-03
8.412153743217900756e-03
8.612773667340700712e-03
5.885805813037200095e-03
7.990221128245900487e-03
6.266336823020600411e-03
6.145911395014199731e-03
8.002585039258099803e-03
7.972375510335699342e-03
8.145407048194400201e-03
5.828217987802499639e-03
8.797772323077199252e-03
7.405427306224600381e-03
8.875832112522099443e-03
6.529668191349200131e-03
7.494775301217100269e-03
9.325134658523800274e-03
7.258577574351599698e-03
7.452128167738599623e-03
6.098749196728900195e-03
7.421485016581299936e-03
7.411995504709599850e-03
7.330306311324100155e-03
8.142318576840900518e-03
7.968682730595300773e-03
8.166530984304500723e-03
6.645210712760600026e-03
7.479941338057800003e-03
6.428347636519699849e-03
8.238379298848599180e-03
6.058657600826000342e-03
8.411460316283500202e-03
7.999141937008600461e-03
7.390242672827500303e-03
7.154509347783600398e-03
7.818211899295100450e-03
7.115072942152800284e-03
6.529545023760499958e-03
8.126941602874400081e-03
7.420495289858100238e-03
6.433625994871200286e-03
9.314069051802799371e-03
7.111000915968899820e-03
6.740638675760700187e-03
7.656334152174399700e-03
7.760352010676799597e-03
9.868166468804499825e-03
7.217761569639699615e-03
7.123494943515800391e-03
6.968729621506099953e-03
9.566335835560400847e-03
8.390944984838499821e-03
7.056913879849600023e-03
7.973960034118800222e-03
7.979497134676499445e-03
6.956132192990199629e-03
6.082582403182599726e-03
7.465985409535099912e-03
8.125100537583600582e-03
7.021758014333100151e-03
6.832939148746500040e-03
7.723009301299300043e-03
7.428544588114800382e-03
7.419462164225600065e-03
8.137625986591600843e-03
7.160320534464000367e-03
7.151221388452099620e-03
6.979809560025000345e-03
7.509529028278299871e-03
6.844370921031299633e-03
6.881958735481100153e-03
7.579306445396400381e-03
9.079991681670099637e-03
7.643163261945300213e-03
7.902007498152100254e-03
6.722123781515899725e-03
8.458460054169600340e-03
5.787006671608600251e-03
8.485318681440099167e-03
6.866441481982100102e-03
6.482472127180100192e-03
7.371258171653899752e-03
7.657819543645499882e-03
7.674331830464399887e-03
7.608413932037099911e-03
7.169478349271000105e-03
6.673605360763600405e-03
9.258024850775299283e-03
6.940105230399400311e-03
7.467974381998400413e-03
7.790962274373700210e-03
6.726018948331699901e-03
8.184733012639500149e-03
7.312399808624200394e-03
6.774860734373699608e-03
8.226342076328500147e-03
7.222163094032499862e-03
7.734470176718500310e-03
6.631082084088100147e-03
7.205818170142299674e-03
7.101633082271800040e-03
5.857189799510499964e-03
7.353774153655100350e-03
9.305037910844200788e-03
7.664204494315800080e-03
9.998094290654300012e-03
7.833417224108900345e-03
7.176026087498100191e-03
6.925633545989000155e-03
7.186153666175800099e-03
7.097418866045600121e-03
8.280446100219000100e-03
6.737678817863799671e-03
7.339918073464400325e-03
9.148411736173900008e-03
6.825654954361199886e-03
7.674003277651999903e-03
7.915618334766200137e-03
7.496244225600599831e-03
7.451660173587400238e-03
8.195000737546899450e-03
9.147884851338999521e-03
6.911033205289699756e-03
8.716971059496099461e-03
7.094998383202700404e-03
7.691039710068799974e-03
8.209800012299100710e-03
6.897640679927300247e-03
6.986290692058199844e-03
6.542326378123000143e-03
7.183770026099100224e-03
7.074096495709199586e-03
6.887911250925599776e-03
7.369193227149100321e-03
7.221723684611499640e-03
7.441995671667400378e-03
7.963532715269800583e-03
8.801969900839099262e-03
7.548330276522800114e-03
7.213415833136099971e-03
6.839355625415400111e-03
6.768845755066399926e-03
9.011191992509800033e-03
8.920599887213500126e-03
7.805227540809800239e-03
7.673410067570599589e-03
8.250869219160799836e-03
6.823220479354299810e-03
7.868465241107999719e-03
6.855390663797599621e-03
9.769937538346200323e-03
7.351525067545300329e-03
7.119525229887900195e-03
6.616123713818600378e-03
8.194479524085399383e-03
9.650855160430099611e-03
7.141392717944199629e-03
1.018365993212400067e-02
5.614782710335599822e-03
9.349773917253700536e-03
6.811071619140699786e-03
6.869125677343800203e-03
6.340922705711100373e-03
6.840256564161499922e-03
6.948674883981599895e-03
6.418033457893599844e-03
7.073729350422199892e-03
6.682759327718000228e-03
9.016091170901399318e-03
7.073591796660200215e-03
8.421596550901699202e-03
8.482047789163000076e-03
5.148507629100999676e-03
7.544873667292200346e-03
6.053647159938499618e-03
6.620549704309500356e-03
7.566889881003600188e-03
7.967790207644600067e-03
8.057949422657900013e-03
7.758637351666699752e-03
8.488412161695900460e-03
9.098813187765600677e-03
7.406912141436600150e-03
7.796616404501899994e-03
7.512634779397799577e-03
7.068886245428200252e-03
7.679005234176399658e-03
6.785699046028200419e-03
7.036468820973899689e-03
7.173715160188200157e-03
8.495856496959799248e-03
7.560174354475600149e-03
7.240562785768600226e-03
7.063495390732000070e-03
7.747113764956299609e-03
8.192940782723699342e-03
6.898212424499300215e-03
6.932396624457700350e-03
7.775656459068299581e-03
7.371490024426200285e-03
8.690351965137900828e-03
7.142634857750800211e-03
8.487231644934400618e-03
7.711909063811400039e-03
6.436062875556599651e-03
7.469866863188100344e-03
6.837874114496600431e-03
8.259880665030900834e-03
6.230387783275200334e-03
7.317009077204199817e-03
6.614719426886400168e-03
7.648773540193999979e-03
6.666722157148700229e-03
8.548229523203899546e-03
7.591335575322800087e-03
7.784976297030300404e-03
7.169033099242699998e-03
7.597099109089499973e-03
6.457202963662800159e-03
7.341810304563800224e-03
7.797859765914599839e-03
8.249779708955299468e-03
8.048032552112399304e-03
7.735861651346399685e-03
8.251262197164099810e-03
8.548229523203899546e-03
7.015178271440700164e-03
8.410327729524800372e-03
6.527229427165000264e-03
6.935679185267200168e-03
8.194274867330200371e-03
6.435523401568899945e-03
7.529350849837699970e-03
7.438139050982999802e-03
8.181615002438399897e-03
7.535537092292400423e-03
6.978866497207299874e-03
7.522519332107900289e-03
8.224666476056600659e-03
9.020205925430700711e-03
7.449854059553199723e-03
6.142989486985800385e-03
6.625597986802999988e-03
7.237857676833999755e-03
7.270457223201299592e-03
8.289462508668099874e-03
7.569702145198599873e-03
7.092792641714000187e-03
7.948215194077899379e-03
8.034511753786100635e-03
7.237550814598099624e-03
7.396342892735600048e-03
7.886288546272900157e-03
7.243477987037999846e-03
7.214241966690899781e-03
5.161278012776200283e-03
7.790000615829299931e-03
6.912729344045799931e-03
7.696203492401399587e-03
6.880766032757300310e-03
8.372776525819400351e-03
8.952857069163400530e-03
7.633624729135900407e-03
7.825185412537500815e-03
8.076475789692300761e-03
9.006562883339900433e-03
8.125389973863200374e-03
8.767035461902500035e-03
8.685923198944499671e-03
8.095604591356799634e-03
7.573943986278299997e-03
8.784951440797699601e-03
8.151149315035199211e-03
7.813923980877100425e-03
7.331275733181799939e-03
8.711025495517499273e-03
6.088495787757299688e-03
8.114787311392599248e-03
6.967821998246899982e-03
8.549156024827300401e-03
7.996707203760999860e-03
7.993316795019099474e-03
7.929201250477099436e-03
7.303404444886900208e-03
9.089101186830199353e-03
7.805227540809800239e-03
9.071235528171000401e-03
7.074215936628200363e-03
7.438077752606800201e-03
6.292612897458100402e-03
9.702119381096099490e-03
7.629882827944300082e-03
7.091824298541399979e-03
6.686755598953900322e-03
7.222296028695399800e-03
9.861686047183099157e-03
6.730293198272800127e-03
7.542840187419300006e-03
7.097512844840199800e-03
8.764491430770800229e-03
6.981149736647799912e-03
7.670978816940300302e-03
6.745033265971899991e-03
7.935489026567800475e-03
7.509675680572199669e-03
6.937741576229499753e-03
6.737884587870999684e-03
6.743301933686000199e-03
6.748229610992999804e-03
7.327911231767300117e-03
6.895162921849200093e-03
6.526716367976400333e-03
6.600327211923299672e-03
7.602109085167499912e-03
6.855840148122600321e-03
6.945193321131799651e-03
6.231080292185300212e-03
7.945994400205200203e-03
6.592970510606799978e-03
7.043848153583399593e-03
8.153890738171000463e-03
7.956581710896299189e-03
7.810494371468999948e-03
7.716065994359300011e-03
6.587066602404900197e-03
7.748957607186700118e-03
7.279901868685999949e-03
6.457995903577600123e-03
7.569440411134000304e-03
6.243671322080300047e-03
7.216781309318199764e-03
7.505594604337400416e-03
8.090786966640100414e-03
7.834278753100299211e-03
7.412929543628100394e-03
6.248367173966300030e-03
9.136536585305499170e-03
6.174256627739200393e-03
9.093880100790900298e-03
7.224315782235899569e-03
7.635473654009900316e-03
6.720538245835699746e-03
1.035031907112340076e-02
7.229038710039600163e-03
7.078145955511300387e-03
8.120735809769000571e-03
7.563912549744899669e-03
8.141953530295099883e-03
6.557582136305400294e-03
7.082937197406899942e-03
6.493408744219699748e-03
6.927577367102100321e-03
8.031621030642699388e-03
7.546214500964000191e-03
6.439164382906700096e-03
6.921332905307399884e-03
7.971255067353799628e-03
7.276817477870099922e-03
7.248719670584699570e-03
7.379318854522499797e-03
6.961405929631499755e-03
7.873361976300599988e-03
7.086157163080799778e-03
7.549939085897799593e-03
1.040248973108649951e-02
8.389100504422300833e-03
7.572532525596999825e-03
8.044530324530799192e-03
6.384182529152400247e-03
7.182828150854900229e-03
8.982940009466099801e-03
8.180328096344800792e-03
7.007434995012399616e-03
6.615996794820800178e-03
7.859468949769899543e-03
8.173443047887600857e-03
8.004347199633299673e-03
6.819675862392400416e-03
6.569524781306700090e-03
9.171600101689500809e-03
7.399968353604000071e-03
7.421485016581299936e-03
8.170832182723899648e-03
7.844620624816099966e-03
6.608877644276999787e-03
6.123322839069500131e-03
8.752196356579899569e-03
8.881149633284100148e-03
8.468432846397899380e-03
8.733532528022700664e-03
7.755646654745499725e-03
7.199929073192799789e-03
7.503123837845700368e-03
7.575793638030199791e-03
7.674139813845399886e-03
7.411159123907800315e-03
7.087731998186099641e-03
6.989747640054100146e-03
7.117950886905800162e-03
7.003489466430299661e-03
6.369107473919799825e-03
6.942429476243099605e-03
8.361359993229400267e-03
7.666618218799999863e-03
1.056139328395440044e-02
6.303109345864199575e-03
8.025537284939999669e-03
7.529246240941899967e-03
7.579452495163899878e-03
7.063091898257599886e-03
7.441174445936900306e-03
8.714034958003600770e-03
7.841885593825200645e-03
5.958401454339500372e-03
6.252235838674799831e-03
8.139465572298699991e-03
8.158860287101799350e-03
7.338582992836100403e-03
9.438121918792499385e-03
7.386571905241200338e-03
6.519992624561200129e-03
8.058305760656999175e-03
6.722140331753399638e-03
8.359305432565800054e-03
6.659362139968300238e-03
7.696203492401399587e-03
8.116254440344399662e-03
7.064353902752200029e-03
8.984930947287800632e-03
9.194586729753399454e-03
7.240129851339399680e-03
8.448614319240299250e-03
8.405039777962600156e-03
9.166630089410300608e-03
7.735228565803799888e-03
8.330909172109299959e-03
7.055567342044000330e-03
7.876874064554499622e-03
6.159939039700099671e-03
1.053882241433340070e-02
6.118762978725799870e-03
6.281708969664800274e-03
7.149847373229800337e-03
8.606951995233999217e-03
6.580325097063500182e-03
6.566195390376799827e-03
8.945431643673699626e-03
7.227839942782600044e-03
7.532036305508200101e-03
7.302487843912799752e-03
9.114495100797500790e-03
7.181548247071499816e-03
9.476545775556800486e-03
7.717634702725600059e-03
7.320378515850599864e-03
7.746132421497399674e-03
6.481934079688900403e-03
7.820395607763099347e-03
7.228055111675100314e-03
8.757868608190499948e-03
9.079991681670099637e-03
6.953378483784800057e-03
7.818429153344599175e-03
7.371811371745799757e-03
7.771826225849200361e-03
7.636713671711300132e-03
7.733828713763099723e-03
8.183282337409499702e-03
7.708796306921800005e-03
8.075638031831099822e-03
8.523976521984000243e-03
8.656770548239900789e-03
7.702324131996700005e-03
6.836361387804399704e-03
8.716971059496099461e-03
8.349799680170700775e-03
8.617628487498200235e-03
8.058683560610400629e-03
7.212620970389599720e-03
8.486198447037499384e-03
8.217153632474299974e-03
9.190876660330499215e-03
8.263437812765799320e-03
9.098813187765600677e-03
6.657061600987899778e-03
7.551852013390500037e-03
6.984583273048799654e-03
7.490062898845800329e-03
7.620584271045100118e-03
6.421241111003299709e-03
7.198710027044599724e-03
