7.427172431467459097e-03
7.348526602128115787e-03
8.234128322739600950e-03
8.262815807789921502e-03
8.063200174056699143e-03
8.177293386725173127e-03
7.791920774934926047e-03
8.210027785345245382e-03
7.339284457015292536e-03
9.224583907516584191e-03
7.339284457015292536e-03
7.916850269293508949e-03
6.545313830129159509e-03
6.664428762731342513e-03
7.580093107686831227e-03
7.856900684822826914e-03
8.133039900646574574e-03
6.619940068066108678e-03
7.348526602128115787e-03
7.856900684822826914e-03
7.580093107686831227e-03
7.580093107686831227e-03
7.791920774934926047e-03
8.331143038914173155e-03
8.133039900646574574e-03
6.837822131676514655e-03
7.722081048345049749e-03
7.652836526882240628e-03
8.099827955630274981e-03
8.210027785345245382e-03
7.339284457015292536e-03
8.317271303701823451e-03
7.182875441889068763e-03
7.580093107686831227e-03
8.063200174056699143e-03
7.574456231191009289e-03
7.339284457015292536e-03
9.152959419089121487e-03
7.182875441889068763e-03
7.722676253472116926e-03
7.153325525004359739e-03
7.901189734793711422e-03
7.182875441889068763e-03
7.574456231191009289e-03
7.949448345755160197e-03
8.892314304475913353e-03
6.692940455312040328e-03
7.652836526882240628e-03
8.140188058755368217e-03
7.418366328717992085e-03
6.828676585748134562e-03
6.898516312338010860e-03
6.964071096827270657e-03
7.339284457015292536e-03
7.787060958232950615e-03
7.652836526882240628e-03
7.269444730425416237e-03
8.133039900646574574e-03
8.290767939450882640e-03
8.099827955630274981e-03
7.992226065055303003e-03
8.247133113315048558e-03
7.949448345755160197e-03
6.782817619390147691e-03
7.580093107686831227e-03
7.791920774934926047e-03
7.574456231191009289e-03
7.339284457015292536e-03
8.380822493053797020e-03
8.140188058755368217e-03
6.894294720942448565e-03
9.154744180926707026e-03
6.734268489321218812e-03
7.037239999560288527e-03
7.791920774934926047e-03
6.828676585748134562e-03
7.418366328717992085e-03
6.659599231204921081e-03
7.182875441889068763e-03
8.292613570654028265e-03
7.269444730425416237e-03
8.362453297243905431e-03
7.132474261073874951e-03
8.290767939450882640e-03
6.551576984053388182e-03
6.664428762731342513e-03
7.652836526882240628e-03
6.767982405086638356e-03
7.339284457015292536e-03
7.992226065055303003e-03
7.901189734793711422e-03
7.791920774934926047e-03
9.099031968364064762e-03
6.894294720942448565e-03
8.602359257457914757e-03
7.497012158057335396e-03
6.782817619390147691e-03
8.317271303701823451e-03
6.894294720942448565e-03
9.193822859745735473e-03
7.992226065055303003e-03
7.856900684822826914e-03
7.992226065055303003e-03
7.418366328717992085e-03
6.712977892800271393e-03
7.574456231191009289e-03
7.652836526882240628e-03
6.712977892800271393e-03
7.787060958232950615e-03
6.828676585748134562e-03
8.092327236450456290e-03
7.580093107686831227e-03
7.722081048345049749e-03
7.971029461383588588e-03
8.117834752567928969e-03
7.971029461383588588e-03
8.488421202503468321e-03
8.099827955630274981e-03
7.847010542703631783e-03
7.339284457015292536e-03
7.269444730425416237e-03
7.791920774934926047e-03
7.269444730425416237e-03
8.355475973105021270e-03
8.362453297243905431e-03
8.062065791645180168e-03
6.964071096827270657e-03
9.099031968364064762e-03
7.339284457015292536e-03
7.722081048345049749e-03
7.580093107686831227e-03
8.290767939450882640e-03
8.099827955630274981e-03
6.964134447532324863e-03
7.722676253472116926e-03
8.092327236450456290e-03
7.722081048345049749e-03
8.177293386725173127e-03
7.504616504601132991e-03
7.901189734793711422e-03
8.292613570654028265e-03
8.162166963040331721e-03
7.497012158057335396e-03
8.029988229040399550e-03
7.722676253472116926e-03
7.722081048345049749e-03
7.847010542703631783e-03
7.190692530201671893e-03
7.339284457015292536e-03
7.791920774934926047e-03
7.722676253472116926e-03
7.418366328717992085e-03
8.580068482906398619e-03
7.182875441889068763e-03
7.497012158057335396e-03
8.159852491359032012e-03
7.269444730425416237e-03
7.497012158057335396e-03
7.037239999560288527e-03
6.767982405086638356e-03
7.418366328717992085e-03
8.355475973105021270e-03
6.964071096827270657e-03
7.722081048345049749e-03
7.652836526882240628e-03
7.649932834276707526e-03
6.898516312338010860e-03
7.113035715299192464e-03
7.949448345755160197e-03
7.580093107686831227e-03
9.222799145678996918e-03
7.787060958232950615e-03
7.856900684822826914e-03
7.190692530201671893e-03
7.722676253472116926e-03
8.362453297243905431e-03
6.767982405086638356e-03
6.767982405086638356e-03
8.355475973105021270e-03
8.247431577111948020e-03
8.401621515088707540e-03
7.971029461383588588e-03
7.916850269293508949e-03
7.949448345755160197e-03
7.649932834276707526e-03
7.339284457015292536e-03
7.580093107686831227e-03
7.113035715299192464e-03
7.916850269293508949e-03
7.856900684822826914e-03
7.574456231191009289e-03
7.348526602128115787e-03
7.791920774934926047e-03
7.949448345755160197e-03
7.787060958232950615e-03
7.107079726150164825e-03
7.339284457015292536e-03
7.722081048345049749e-03
8.910967957413525736e-03
7.033910823417146956e-03
7.070995085033474244e-03
9.128843461289304698e-03
7.339284457015292536e-03
7.497012158057335396e-03
8.910967957413525736e-03
8.413411175416250082e-03
7.107079726150164825e-03
7.182875441889068763e-03
7.190692530201671893e-03
7.269444730425416237e-03
7.652836526882240628e-03
7.504616504601132991e-03
7.190692530201671893e-03
7.260532256791548192e-03
6.964134447532324863e-03
6.734268489321218812e-03
7.652836526882240628e-03
7.427172431467459097e-03
8.425315699694898436e-03
6.734268489321218812e-03
6.898516312338010860e-03
8.029988229040399550e-03
7.791920774934926047e-03
8.518422592403675914e-03
6.615153556719035807e-03
7.339284457015292536e-03
7.339284457015292536e-03
7.580093107686831227e-03
7.652836526882240628e-03
6.712977892800271393e-03
7.504616504601132991e-03
7.580093107686831227e-03
7.856900684822826914e-03
7.497012158057335396e-03
7.190692530201671893e-03
7.971029461383588588e-03
8.092327236450456290e-03
7.574456231191009289e-03
7.427172431467459097e-03
7.348526602128115787e-03
8.355475973105021270e-03
7.260532256791548192e-03
7.260532256791548192e-03
7.847010542703631783e-03
9.193822859745735473e-03
7.580093107686831227e-03
7.787060958232950615e-03
7.269444730425416237e-03
7.791920774934926047e-03
8.187674479157806134e-03
7.580093107686831227e-03
7.580093107686831227e-03
7.113035715299192464e-03
7.949448345755160197e-03
7.722081048345049749e-03
6.664428762731342513e-03
7.580093107686831227e-03
8.092327236450456290e-03
7.107079726150164825e-03
7.339284457015292536e-03
7.791920774934926047e-03
8.735292118955245363e-03
7.497012158057335396e-03
7.182875441889068763e-03
7.574456231191009289e-03
7.033910823417146956e-03
7.580093107686831227e-03
7.901189734793711422e-03
7.722081048345049749e-03
7.504616504601132991e-03
7.722676253472116926e-03
8.346048591312781734e-03
6.664428762731342513e-03
7.791920774934926047e-03
6.623100728722164030e-03
7.574456231191009289e-03
7.033910823417146956e-03
8.630255362407650635e-03
8.177293386725173127e-03
8.580068482906398619e-03
6.964071096827270657e-03
7.418366328717992085e-03
8.177293386725173127e-03
6.767982405086638356e-03
7.107079726150164825e-03
7.348526602128115787e-03
7.339284457015292536e-03
7.722676253472116926e-03
7.339284457015292536e-03
8.602359257457914757e-03
6.659599231204921081e-03
7.649932834276707526e-03
7.107079726150164825e-03
7.722676253472116926e-03
7.418366328717992085e-03
7.901189734793711422e-03
7.992226065055303003e-03
7.649932834276707526e-03
7.652836526882240628e-03
8.117834752567928969e-03
6.964134447532324863e-03
7.791920774934926047e-03
8.355475973105021270e-03
7.033910823417146956e-03
6.623100728722164030e-03
6.837822131676514655e-03
7.121313094410668294e-03
7.260532256791548192e-03
7.916850269293508949e-03
7.580093107686831227e-03
6.712977892800271393e-03
8.133039900646574574e-03
7.190692530201671893e-03
7.033910823417146956e-03
7.113035715299192464e-03
7.856900684822826914e-03
7.121313094410668294e-03
7.649932834276707526e-03
