5.272064018526499696e-03
5.090310652125999702e-03
4.918277994946399986e-03
4.803070175379200307e-03
5.591321458437099705e-03
4.524113760403999929e-03
4.620229365022800183e-03
4.692247221184600234e-03
4.791711582157400125e-03
4.617859743267400084e-03
4.770258124918200227e-03
5.481601249676599716e-03
4.641671074858099745e-03
4.705233723182900354e-03
4.690087847300900351e-03
4.662475253986500361e-03
5.178810274979100091e-03
4.570717582519899687e-03
4.469143892596900113e-03
4.499566026331600077e-03
4.988575516456999863e-03
4.336218032601199708e-03
5.177020998184099672e-03
4.698136030330700083e-03
4.546785490495600102e-03
4.212165345538299716e-03
4.953539743766799744e-03
4.408983669035399997e-03
4.732204611602000219e-03
4.819246983001400017e-03
5.088929489991200240e-03
4.505322314351200425e-03
4.454873852683899869e-03
4.954370040845299840e-03
4.717540264215999875e-03
4.041277038205499765e-03
4.442500360078200164e-03
4.306409599885600153e-03
4.424979711620600012e-03
5.021660230319999890e-03
5.035078601759599738e-03
4.870368517800600060e-03
4.586596818644799595e-03
4.255780094277099822e-03
4.532363763275399672e-03
4.446837394278199858e-03
4.500579113171999761e-03
4.726730454525300378e-03
4.144536373377199698e-03
4.508760003740499775e-03
5.487422093933200240e-03
4.669301197988099707e-03
4.520879822693699840e-03
4.574411313676699647e-03
4.013151368794700032e-03
4.499403586876600178e-03
4.938775474484199610e-03
4.552404002568799686e-03
4.695637582599199687e-03
4.339520916666899861e-03
5.004776889549799983e-03
4.440997274558900268e-03
4.748320009570999693e-03
4.709434796057399876e-03
4.809403874506399876e-03
5.073854447849600324e-03
4.732550338529100016e-03
4.795519371351899575e-03
4.996103333261299635e-03
4.370599015951400108e-03
4.653254503005700357e-03
5.027068159213700371e-03
4.555231734071900351e-03
4.519421937556799586e-03
4.636248977229900231e-03
5.012927351239799753e-03
4.836830705594400044e-03
4.796476944077900095e-03
4.526777633478600363e-03
4.330506042071300028e-03
5.040548579760899608e-03
5.015694814034600373e-03
4.541057949251399960e-03
4.532691481070500426e-03
4.521778273446399807e-03
4.463348742606500393e-03
5.131623311384899723e-03
4.615910174851900298e-03
4.826716563183199721e-03
4.524394409601300085e-03
4.629264813578099977e-03
4.779019134954699995e-03
4.713361212063700047e-03
4.375678278636699683e-03
4.772216547020299848e-03
5.368110483321499732e-03
5.361653810671000026e-03
4.773048648494700001e-03
4.414673284200499974e-03
5.134309338969800240e-03
5.305743661502900117e-03
4.441504583897600174e-03
4.156495237265800391e-03
5.133390688691999958e-03
5.308028931165800074e-03
5.088021159539900251e-03
5.149353308153000255e-03
4.875303647683400070e-03
4.713824111030199930e-03
4.702449028704400007e-03
4.921646022446399781e-03
5.110902308535099879e-03
4.558876392781000333e-03
4.808233995727400137e-03
4.783880795101400421e-03
4.911237007505600029e-03
4.422640176667299965e-03
4.928414099002499660e-03
5.120895717595400076e-03
4.682651072812200194e-03
4.597205038589499693e-03
4.341050917366900269e-03
4.697961758555900015e-03
4.867221450934699871e-03
4.515160662307699836e-03
4.486834905017000018e-03
4.555614552167499588e-03
4.535966841655699779e-03
4.692923801685000389e-03
4.250388505915999975e-03
4.975544499998399602e-03
4.853791969815899991e-03
4.538995552883499929e-03
4.892543545423499833e-03
4.719610584660499653e-03
4.813730994628799900e-03
4.315997052315800366e-03
5.450840238844700293e-03
4.725847402377500277e-03
4.378500354169000131e-03
4.259369237574899686e-03
4.186856280848000322e-03
4.088633990312899764e-03
4.554133863932200224e-03
4.792686653192899937e-03
4.737909424723000043e-03
4.431328176821500153e-03
4.715072227721600097e-03
4.434498969899999983e-03
4.988038203039999938e-03
4.622074236083500293e-03
4.548423732259400040e-03
4.655883625879799793e-03
4.607799506912199812e-03
4.578344860826699669e-03
4.546081596269299988e-03
5.213709842177999612e-03
4.518582005833499636e-03
4.683286529424299585e-03
4.391417774163099835e-03
4.853998051687099906e-03
4.684258827904200229e-03
4.709752845614699999e-03
4.288270457103600039e-03
4.807866707425800280e-03
5.059457031431600221e-03
4.462965793807800036e-03
4.542137600432099784e-03
4.667675466628999799e-03
5.081270240365300291e-03
5.327950599639199973e-03
4.611517069317099676e-03
4.386961231832500231e-03
4.613290951226399657e-03
4.284147884402999922e-03
4.465327443039799997e-03
5.118073488001200107e-03
4.216957516005199851e-03
4.943284653984999881e-03
4.460339133095000096e-03
5.218651221705700172e-03
4.413131908053999873e-03
4.970818212838500408e-03
4.942443975035899599e-03
4.778877206644500074e-03
4.475987136340900223e-03
4.631280266126599696e-03
5.159923069981500049e-03
4.428281670556200034e-03
4.298647778084300174e-03
4.875163204120500082e-03
4.565687786834700390e-03
4.494489317791399915e-03
5.233851046015599619e-03
4.752630532777400198e-03
4.515685006942199604e-03
4.797097540603799740e-03
4.492751160567199850e-03
4.397651545861199808e-03
4.410343051270899581e-03
4.256492721998899643e-03
5.144803063531999850e-03
4.617797616357099781e-03
5.150159021149500194e-03
4.464878101702299609e-03
4.518669303474200094e-03
4.904568526852700130e-03
5.286354260571100340e-03
4.709665584484400147e-03
4.134932529896400213e-03
5.544284940207799654e-03
4.440185493867199878e-03
5.058036089933800120e-03
4.578801301544099984e-03
4.630921663984400097e-03
4.816885974112400035e-03
4.552471913515100145e-03
4.717215687092799620e-03
4.598480101700199753e-03
4.468096516467100383e-03
4.745638188016400132e-03
4.423776277406399858e-03
4.414014729746699658e-03
4.895618692489600403e-03
5.084842024119600422e-03
4.725582876591600395e-03
4.579097750155299712e-03
4.939124714167400163e-03
4.733941704192399895e-03
4.518011265731499901e-03
4.620024630257200081e-03
4.827997761446999742e-03
5.188581425784800048e-03
4.368471879061200207e-03
4.599675661739999720e-03
5.255879459425199900e-03
5.008114642835999851e-03
4.704863197506499971e-03
5.350395104766899994e-03
4.616132165800800394e-03
4.791403766629000367e-03
4.593838130290800112e-03
5.211251780338200384e-03
4.965963784605499816e-03
5.063374854264400364e-03
4.757695863457199990e-03
5.029581101136200091e-03
4.543821128574000376e-03
5.005300142771999805e-03
5.034676292557899863e-03
4.594995134063100187e-03
4.786807300455099730e-03
5.170194936326200086e-03
4.430186168117199869e-03
5.136859210353899793e-03
4.255475443147900202e-03
5.015158023986599628e-03
4.778432034864100314e-03
4.666326453433500103e-03
4.814258862433600308e-03
4.466768809176099690e-03
4.807434231150999569e-03
4.805007786640500163e-03
5.208516874501000100e-03
4.895860979309800062e-03
4.545599392294300337e-03
4.562936362121300035e-03
4.944441248709700344e-03
4.956281912040999896e-03
4.996819883787100361e-03
4.805064091737300432e-03
4.610637607824899682e-03
5.138726067540300320e-03
5.025316362373299928e-03
4.483969825640699881e-03
4.746603404285399709e-03
4.971181456246700006e-03
4.618160507310000058e-03
4.655482028547299790e-03
4.542918229263200394e-03
4.566447707550900202e-03
4.841588619935399858e-03
4.675782852454500073e-03
4.401735525268599819e-03
5.009630130101800152e-03
5.109429704320700254e-03
4.708384240903400013e-03
4.596859988462500234e-03
4.699763361484799590e-03
4.665024042983899680e-03
4.560589857396300101e-03
4.632463394822299713e-03
4.288631892113499607e-03
4.615259722090299908e-03
4.434475179066900419e-03
4.615354000142800166e-03
4.753954080179099810e-03
4.357515076724200083e-03
4.524040631653500344e-03
4.815127638717600286e-03
4.535466191840100379e-03
5.428400503409700102e-03
4.687707899334999859e-03
5.405348110132800372e-03
4.513651672804800188e-03
4.145312632944899572e-03
4.803841116203799722e-03
4.861785889730300264e-03
4.327208069453800272e-03
4.517243409556300111e-03
4.844379818539900143e-03
4.717959730498199993e-03
4.606153081761399717e-03
4.446654263994699770e-03
4.993812747168800172e-03
5.097378705691000059e-03
4.502036061391399835e-03
4.399484522192399945e-03
4.391431142611299833e-03
4.519157570252000343e-03
5.088643982425000191e-03
4.894589497214800120e-03
4.448047200772900153e-03
4.602287155450899593e-03
4.480889861032600306e-03
4.847120983583899992e-03
4.517939839414400298e-03
4.682951769885699764e-03
4.655364510644500152e-03
4.365501705918600414e-03
5.067727143557399644e-03
4.138225122758999730e-03
4.153518383460499605e-03
4.526901617459599785e-03
4.627969893610400093e-03
4.359357356375600373e-03
4.615954373033400414e-03
4.859733256734399993e-03
5.091180700675599843e-03
4.501625919836300428e-03
4.807933537421000408e-03
4.637001014657999610e-03
4.347824690369600162e-03
4.877590590970299830e-03
4.962039444351399979e-03
4.699540980777500328e-03
4.998183300468900421e-03
4.812360894093799767e-03
4.289642683802200387e-03
5.028739113939699641e-03
4.605656974032500128e-03
4.966800840636100174e-03
4.862532331543399644e-03
4.519802613759300175e-03
5.311900006777299683e-03
4.384928111827800234e-03
4.961451128793700066e-03
5.191437001199899690e-03
4.873757784453899670e-03
4.798778314014100384e-03
5.123801719243000104e-03
4.204087431939699734e-03
4.412577894828699845e-03
4.708599339365700416e-03
4.474549234940199648e-03
4.477547372841999586e-03
4.845994647267800291e-03
4.785540255545400398e-03
4.820324786862699960e-03
4.664082419973600117e-03
4.841240626047300065e-03
5.129559095147099949e-03
5.016497550932599858e-03
5.255522793001599600e-03
4.294881640345800215e-03
4.256003890782999836e-03
4.863203495505900170e-03
4.954911135608600081e-03
4.808039952097899715e-03
4.557518928055099769e-03
4.698937392999399769e-03
5.649705448812700204e-03
4.828076639187300033e-03
4.881745173545899708e-03
4.795690848374700374e-03
4.592733441020600132e-03
4.757058864196499724e-03
4.553823945741800223e-03
4.472356856086900402e-03
4.531252239346300094e-03
4.482872113848799904e-03
4.692708790851400288e-03
4.687379755192199772e-03
4.615162135506800135e-03
4.785981041049399906e-03
4.848853308504700275e-03
4.666317801097200416e-03
4.619335327178100171e-03
4.932363177543999840e-03
4.697684123774100058e-03
4.563822447992599979e-03
4.661045278198899626e-03
4.726352306431699964e-03
4.645402972462200041e-03
4.121062322978799944e-03
5.260995394802300308e-03
4.929821822492399738e-03
4.734338733968299594e-03
4.920742915839299882e-03
4.547582707490199772e-03
4.484538837986699715e-03
4.524038531232999621e-03
4.111258301454199723e-03
4.589667363534600392e-03
4.878900186372900002e-03
4.720983630040200343e-03
5.007451329783699917e-03
4.597241537635099809e-03
4.703225501984699582e-03
5.037537525339699611e-03
4.729318641800699975e-03
4.771807382804999810e-03
4.296209465922000252e-03
4.677493292502699594e-03
4.675512167308500111e-03
4.462661834715099703e-03
4.660680865267099668e-03
4.756278220334199738e-03
4.451021363517500273e-03
4.722398164164099896e-03
5.049588980149099723e-03
4.768300481706099977e-03
4.747589355366599838e-03
4.524435055469599662e-03
4.807451079309199744e-03
4.885850640862899816e-03
4.689555120024700013e-03
4.924971502865399704e-03
5.022047120870200103e-03
4.368625494898599644e-03
5.047705743423600011e-03
4.943565274271599815e-03
4.956012942901999625e-03
4.701501733827599672e-03
4.812096556136899635e-03
4.913202781433600314e-03
4.870230243434399940e-03
4.241378719912800022e-03
4.098190681001000202e-03
4.921051764710300362e-03
4.548677494199500002e-03
4.268725541729800031e-03
5.135087058194399805e-03
4.535512213794199582e-03
5.293002147319400379e-03
4.191629808751299972e-03
5.298817985827600045e-03
4.388744363390400215e-03
4.857847062277999804e-03
4.691008359912899814e-03
4.793604753988100174e-03
4.462519249591699599e-03
4.905156017790899756e-03
4.577097807526699612e-03
4.789575134146900094e-03
4.717739171738900318e-03
5.211849049139199823e-03
4.410018901205199800e-03
4.881875304588100331e-03
5.294249499600400116e-03
4.448737646936300021e-03
4.788277795829599774e-03
4.659960375231199728e-03
5.164552901641500382e-03
4.891740898766800023e-03
4.499618148925300411e-03
4.725283294223100138e-03
4.808593200267099674e-03
4.613404494370199928e-03
4.550768803933499806e-03
4.795604979310800174e-03
4.825372641683900107e-03
4.538444392776300185e-03
5.714838696175800030e-03
4.673024606380100227e-03
4.832665842728199601e-03
4.147063175772200058e-03
4.849232547498400110e-03
4.989297225231299933e-03
4.426539903790899927e-03
5.926618941470600081e-03
5.525001061142799895e-03
4.682113801387000063e-03
4.642935522958699726e-03
5.179958282579000262e-03
4.927984936262499657e-03
4.557763634815300419e-03
4.525236637670199819e-03
5.128166091262100282e-03
4.993924184876700166e-03
4.953576683626200253e-03
4.612743066549500164e-03
4.756180285179299923e-03
4.662533248923099970e-03
4.977267345282699630e-03
5.175761198113799748e-03
4.665948937005099870e-03
3.376458524754399806e-03
4.809291407651300129e-03
4.494657869214400102e-03
4.265160464688899818e-03
5.029329734481599590e-03
4.529293721860099681e-03
4.442888017046600115e-03
5.149012959097899744e-03
3.468911065795499994e-03
4.590784614233099810e-03
4.758001920279600339e-03
4.545368854998100248e-03
5.058470007853499775e-03
4.799368638290799592e-03
4.649200403304299713e-03
4.651908475926900058e-03
4.783466275889199613e-03
4.620723492493500166e-03
4.582439056324200295e-03
4.488674558434799927e-03
5.003268336584400060e-03
4.918326055080899685e-03
4.571492855244500136e-03
4.843852752989400053e-03
4.427766748953699920e-03
4.807665109288200046e-03
4.563298893934199588e-03
4.614228591856900027e-03
4.522339938685699702e-03
4.622811643253199945e-03
4.295447672547099589e-03
4.789291940066499678e-03
4.674148433140399780e-03
4.887979331960700009e-03
4.387202994974999729e-03
5.299785412203700426e-03
4.466238627055500385e-03
4.716297718857299578e-03
4.483300399935499607e-03
4.854543829462799887e-03
4.870830455413300425e-03
4.723979429034200206e-03
4.917996645919500177e-03
4.333565725877499761e-03
4.772126622977899968e-03
4.536725261181299811e-03
4.677642952521299767e-03
4.604387766157700367e-03
4.610041390501499678e-03
4.729118871582799893e-03
4.369006711528599859e-03
4.403911866216900228e-03
4.665936313175500158e-03
4.486599683862099730e-03
4.163562430258400081e-03
4.493926459005400179e-03
4.481406734411700135e-03
4.433492725706700277e-03
4.576476441046800105e-03
4.819608704362599895e-03
4.714448168735899808e-03
4.656345597817300105e-03
4.832056596986799776e-03
4.734733404058300357e-03
5.590945172924599929e-03
5.120097685492100252e-03
4.903441364065799779e-03
5.101138643421700321e-03
4.950530331256699883e-03
4.213719669854299951e-03
3.926912276185199994e-03
4.546890720120999770e-03
4.861711427222199788e-03
4.437342221384300150e-03
5.163974027964900355e-03
4.415458644254999752e-03
4.416450926477600084e-03
4.854281864464599951e-03
4.306188617808699888e-03
5.049153814424799970e-03
4.537042287251500175e-03
4.382886168938800349e-03
4.621863686406099854e-03
4.530434459772200197e-03
4.362467581423199597e-03
5.059267627618600424e-03
4.713753919403099873e-03
4.345429841200099640e-03
5.161447076523000173e-03
5.121550941181300318e-03
4.429204235015299709e-03
4.400557576033000198e-03
4.458706842122800093e-03
4.846022068579599641e-03
4.512939144231700034e-03
4.517371491681699755e-03
4.815834582385400062e-03
4.629390638105900305e-03
4.801938247293500300e-03
4.858657706360299845e-03
4.997880028126800052e-03
4.792125009402499990e-03
4.494001864652000244e-03
4.480200835685899975e-03
5.002911305585299763e-03
4.888722033558699949e-03
4.817537300797199856e-03
4.785398589642099638e-03
4.788042165365100251e-03
4.486056797358100104e-03
4.767663630709500361e-03
4.578679874104999749e-03
4.105058000182199712e-03
4.671694727376199743e-03
4.863339171230499774e-03
4.444809904006899806e-03
4.492067747858600330e-03
4.488982011096299962e-03
5.040047373852800036e-03
4.886441512974499732e-03
4.518544449950899662e-03
4.656917807022700403e-03
4.732676531196199771e-03
4.423259226594199699e-03
4.500563698796300298e-03
4.597783646192199827e-03
4.568423632410500111e-03
4.568303358094099632e-03
4.519431612743800113e-03
4.794657395063599802e-03
5.029180496505299830e-03
4.783342913158200420e-03
4.954170527312700377e-03
4.615677826530300253e-03
4.136688002264900417e-03
4.161363904448199882e-03
4.740699157636399722e-03
4.425305178469900354e-03
4.775232878639499613e-03
5.144310273965699981e-03
4.737641899483000137e-03
4.482516935353299779e-03
4.102693069941099925e-03
4.454532674020199659e-03
5.008231877953999572e-03
4.477887426765099661e-03
4.510563818484200106e-03
4.745096626077600216e-03
5.085885908370399791e-03
4.579491736997899978e-03
4.396733062484999705e-03
5.137925337906999908e-03
4.592833488926100285e-03
4.772660299613099705e-03
4.849852283184100284e-03
4.641839879227499868e-03
4.769498225445099708e-03
4.675689044657400407e-03
4.802555354383100140e-03
4.950267304135400406e-03
4.718564456507800056e-03
4.326237114390000214e-03
4.544259239892200000e-03
4.743807107448600423e-03
4.824574055938900090e-03
5.046300782372900064e-03
5.074728007015599611e-03
4.681621616082499646e-03
4.487917734395399649e-03
4.523552080912499919e-03
4.494735017250399596e-03
4.884002221665900180e-03
4.929362043312800028e-03
4.525429496004900430e-03
4.785094161225899971e-03
4.754570147930700305e-03
4.505507467732199935e-03
4.621046846895899944e-03
4.632282807467799808e-03
5.134596506965700274e-03
5.137815693653399914e-03
4.645574173638899670e-03
4.625972680641700016e-03
4.804287658632999669e-03
4.537768100893299975e-03
4.502578339219499848e-03
5.703539907657199926e-03
4.681232637666800020e-03
4.744015139457899953e-03
4.632318351433999809e-03
5.132359948430200228e-03
4.990907842507300192e-03
4.617828515965600143e-03
5.220437432064200037e-03
4.810673370899500034e-03
4.607458613931999895e-03
4.885390028508500120e-03
5.252396537265799879e-03
4.804470522806699763e-03
4.479996451861300091e-03
4.921106623695399758e-03
4.094693247055699627e-03
4.764541505449700065e-03
4.423971372201800263e-03
4.968614096909700420e-03
4.734958194163399817e-03
4.881303270716900317e-03
4.511561843586599750e-03
5.077571734862800293e-03
4.424812779813500421e-03
4.490609557924499576e-03
4.638834043318500362e-03
4.244497310078800163e-03
4.363217025308700411e-03
5.077696400038599935e-03
5.165900899424200228e-03
4.904274493494600352e-03
4.837292603420999780e-03
4.887579795162699976e-03
5.134464392982199775e-03
4.458102777960899939e-03
4.629019511047100313e-03
4.567286075402399864e-03
4.920149571446100038e-03
4.929679365084400390e-03
4.964655251299500416e-03
4.571553959039300133e-03
4.831665890656900407e-03
5.081181902508499944e-03
4.847867221494699813e-03
4.979043585789899931e-03
4.717973156791200121e-03
4.511095157580399806e-03
5.105050446906099666e-03
4.879354804738799713e-03
4.178314739064500384e-03
5.319789571189099606e-03
5.126647412444599976e-03
5.160003854433099606e-03
4.190431345898900338e-03
4.989061103532300284e-03
4.911938386246500303e-03
4.965952145442500097e-03
4.593299241842299999e-03
5.017831071390499789e-03
4.650059059972099992e-03
4.417512730956399750e-03
5.096438255007799609e-03
4.813242922321100264e-03
4.354621944268799796e-03
4.633474975261099582e-03
4.720695466200000058e-03
4.572581040291399598e-03
4.912235642170999575e-03
4.705130550863700217e-03
4.825549020086099608e-03
4.412055558249100388e-03
5.175824999327199860e-03
5.194363001312999641e-03
4.450926122639100278e-03
4.282753934025699920e-03
5.387387445174100266e-03
4.676923600583499964e-03
4.782193392965199998e-03
4.642224966306600191e-03
4.710341011746299947e-03
4.643010909043000095e-03
4.588743681804299812e-03
4.898143534097399755e-03
4.403710748778500057e-03
5.115952370228600381e-03
4.797197662567099716e-03
4.415730128571999924e-03
5.091395237126200048e-03
5.116508836395200141e-03
4.933588159068000127e-03
4.959131185341800370e-03
4.525828324100799986e-03
5.522741060070500071e-03
4.794543151232300189e-03
5.246950739966899611e-03
4.854735822802200285e-03
4.664231090992099725e-03
5.339793976589400290e-03
4.712215579704100328e-03
4.914296389147800211e-03
4.113114506237100163e-03
4.647827100067200394e-03
4.855120830444199613e-03
4.631599601704799833e-03
4.657959762662399958e-03
4.747109729975900264e-03
5.088923115090299674e-03
4.593321384773600170e-03
4.457544195387500366e-03
4.541590567916500149e-03
4.675092414942500114e-03
4.420197519883000206e-03
4.888387748367700389e-03
4.625309496042199695e-03
4.616636539495099986e-03
4.936392764054399994e-03
4.735278482794200335e-03
4.249661584293899785e-03
4.990213117839199623e-03
4.865186451218300213e-03
4.852047668105600314e-03
4.487917461644900380e-03
4.929785986871299854e-03
5.056469329325999698e-03
4.744913649824700035e-03
4.264259541978399938e-03
4.512924714995400315e-03
4.226198582229399696e-03
4.416054311947299575e-03
4.968204562616199658e-03
4.909575397518699605e-03
4.605508909636999750e-03
4.772730292392900024e-03
4.948310481718500194e-03
4.721804278704199928e-03
5.197396167949199647e-03
4.457912969607700192e-03
5.316886004673400390e-03
4.627468534051999705e-03
4.553723517555599912e-03
5.285878232098899926e-03
4.857376238251599927e-03
4.694024399103500014e-03
5.105914177298599872e-03
4.605848003654600120e-03
4.614761867150999654e-03
4.375817104788700014e-03
5.400512405083299911e-03
4.145731381332599767e-03
4.367456130824299773e-03
5.094974738413000394e-03
4.498716749857399957e-03
4.263840409068700432e-03
4.531590590676800277e-03
4.560933431612099881e-03
4.946893758003999796e-03
4.609395450790100199e-03
4.600907914711300194e-03
4.332091926156200062e-03
4.523327949920200389e-03
4.473762894557299814e-03
4.242101152863600108e-03
4.789936287899999694e-03
4.506482426815200393e-03
4.800104195275299752e-03
4.635884469486700223e-03
4.563319002882300010e-03
5.012972167509699775e-03
4.252593461233899856e-03
4.476510869050600097e-03
4.765582081878699978e-03
5.012777842172900372e-03
4.242587147088800262e-03
5.235296569338900204e-03
4.908729207441800413e-03
4.905396374251199711e-03
4.572918288561799924e-03
4.218672427754499923e-03
4.747352392789500400e-03
4.469827258138800267e-03
4.331533355312299806e-03
4.609375643271700421e-03
4.692669482569000391e-03
4.695858047881700144e-03
4.431793130638899715e-03
4.788084973165299824e-03
4.878624669814499680e-03
4.888582970949200204e-03
4.832518163305299895e-03
4.813522213187300045e-03
4.432966354241799946e-03
4.177432893698799880e-03
4.537029908190000349e-03
4.337005857644399623e-03
4.474040908289200237e-03
5.018951045600499733e-03
4.894792969694900138e-03
4.675977611145699583e-03
4.848199779672900112e-03
4.395188237760599796e-03
4.655807720210399653e-03
4.731879769277700168e-03
5.142876284217300087e-03
4.797503173864599638e-03
4.431179582569199846e-03
5.085051834290600301e-03
5.137480983277800152e-03
4.749992580349000383e-03
4.785846822352599929e-03
4.191113954500699616e-03
5.157414416720700404e-03
4.904568516066299712e-03
5.180545580405200405e-03
4.999961222093399910e-03
4.647001365876700027e-03
4.173989627164999966e-03
5.220695927809200151e-03
4.559122119055699848e-03
4.670542631725600399e-03
4.692168540511999775e-03
4.816611771203000054e-03
4.355947740111699995e-03
4.520838122790599850e-03
4.806704640064899704e-03
4.943726609026899942e-03
4.653753433278599687e-03
4.500790923445800035e-03
4.362489217586400063e-03
4.583854201032300235e-03
4.528950918786399729e-03
4.326537620887699852e-03
4.595192969618899607e-03
4.693043804560899715e-03
4.536163991178600308e-03
4.958254825834100370e-03
5.175576622162899633e-03
5.787326706030999912e-03
4.517032508667099579e-03
4.862192076656299787e-03
4.895919193297799954e-03
4.579384337224300279e-03
4.342863536772399724e-03
4.823880697563599773e-03
4.335862096903599951e-03
4.176567472858399958e-03
4.672792188560599691e-03
4.309011432033899719e-03
4.775664824999599663e-03
4.413066390182100382e-03
4.364914181598999847e-03
4.792743850488900142e-03
4.369272184262899643e-03
4.462568676571800411e-03
4.931348081089400280e-03
4.532908830917699652e-03
5.266844953219900274e-03
4.757982190771999770e-03
4.673982539836600038e-03
4.692677361472499635e-03
4.681731748450899955e-03
4.752220325667200380e-03
4.779313145393099781e-03
4.981005324652699844e-03
5.047405183893100000e-03
4.317129858226300201e-03
4.753807670151499916e-03
4.644852167638899819e-03
4.997403425440400011e-03
4.736987079058999593e-03
4.680158101751000221e-03
5.046674509028700392e-03
4.537963419528099653e-03
4.861343509372900371e-03
5.185522932162900389e-03
4.939141948072999638e-03
4.393056898113099733e-03
4.597236375506200123e-03
4.353643499762699896e-03
4.322637424780000071e-03
4.552972125800400227e-03
4.865895890330099866e-03
4.636105669362800170e-03
4.780449411270699771e-03
4.779039112392399757e-03
4.503975399078400006e-03
4.479625193978899883e-03
4.383274949700400290e-03
4.968997748095099927e-03
4.685807504329500203e-03
4.412780027473499865e-03
4.566423196939999908e-03
4.794288269453400413e-03
4.885760202325399766e-03
4.553143879572400105e-03
4.644050840166500001e-03
4.679220080514999609e-03
5.803898707758800395e-03
4.592395428255200383e-03
4.854928386889299785e-03
4.934901993211500242e-03
4.890632187295199974e-03
4.629737264200699601e-03
4.945820572274200327e-03
4.472869548047499720e-03
4.853306932675500139e-03
5.028331732535600354e-03
4.681963110983100237e-03
4.406344486427599995e-03
4.307349268285599712e-03
4.420663535700499608e-03
4.252623333484199970e-03
5.091025026592199687e-03
4.720319740355600341e-03
4.440121832350599901e-03
4.775223397267399847e-03
4.528261931210099921e-03
4.950784399677899891e-03
4.093005822219999805e-03
4.610493406416499643e-03
4.534754403107400106e-03
4.778351164014100171e-03
4.605703815559999796e-03
4.678093059014399625e-03
4.330587547415099686e-03
4.931776107666900263e-03
4.840053716736699915e-03
4.608706205554999845e-03
5.104497926273800223e-03
4.999344748641200431e-03
4.714096255744099594e-03
5.177234437287799897e-03
4.486355570916199763e-03
4.431968524543399707e-03
4.786898332433600113e-03
