2.881081831581477036e-03
2.862123917807798783e-03
2.831530717606494264e-03
2.875862794114886992e-03
2.863811488668501892e-03
2.863830255214390354e-03
2.862725727611738213e-03
2.863236853742141992e-03
2.883803200584925293e-03
2.868151850349011465e-03
2.866710268403585560e-03
2.831742413555528304e-03
2.881783132932686734e-03
2.864211591145677301e-03
2.859160412229957114e-03
2.772005930051109172e-03
2.859160412229957114e-03
2.865647099235874538e-03
2.859160412229957114e-03
2.831742413555528304e-03
2.831499766673809849e-03
2.862510994600783645e-03
2.852461940174149183e-03
2.867868370637400958e-03
2.859160412229957114e-03
2.710999700183770733e-03
2.859160412229957114e-03
2.831742413555528304e-03
2.866548084394490541e-03
2.857182190210224952e-03
2.875517326963488579e-03
2.883603629759669967e-03
2.843420973587273883e-03
2.870251830245566620e-03
2.858851126703638827e-03
2.797498437865988952e-03
2.811250152724840100e-03
2.864211591145677301e-03
2.862510994600783645e-03
2.867730032067373255e-03
2.865813739688252964e-03
2.824934784093252865e-03
2.837855881780445341e-03
2.862624155396358352e-03
2.863236853742141992e-03
2.878697102239295962e-03
2.804321226707639451e-03
2.876077527125841995e-03
2.790689583602177278e-03
2.869349575352935638e-03
2.696856944580633408e-03
2.859160412229957114e-03
2.736637940724660593e-03
2.872512211744060896e-03
2.865248178510203941e-03
2.870251830245566620e-03
2.849374358434535529e-03
2.877163288182605239e-03
2.878697102239295962e-03
2.881081831581477036e-03
2.844882517120597611e-03
2.851207681294549122e-03
2.838286583607356646e-03
2.883023608593212033e-03
2.881220170151504306e-03
2.882701374867039420e-03
2.881081831581477036e-03
2.724351499697874514e-03
2.865813739688252964e-03
2.875517326963488579e-03
2.659501987269490431e-03
2.777892125195201116e-03
2.831530717606494264e-03
2.878697102239295962e-03
2.867730032067373255e-03
2.837855881780445341e-03
2.785357729565212954e-03
2.844882517120597611e-03
2.875862794114886992e-03
2.696856944580633408e-03
2.863236853742141992e-03
2.744413554633950546e-03
2.824601952238943448e-03
2.854407899076703489e-03
2.766535320923536531e-03
2.880036198099479409e-03
2.843830390696121171e-03
2.877163288182605239e-03
2.868431333418582953e-03
2.875862794114886992e-03
2.849374358434535529e-03
2.831530717606494264e-03
2.867759698590807271e-03
2.731710255934873162e-03
2.881503649863115246e-03
2.868151850349011465e-03
2.875862794114886992e-03
2.766102060217882647e-03
2.761397094156172946e-03
2.862165527449384798e-03
2.877563390659781083e-03
2.849374358434535529e-03
2.883603629759669967e-03
2.878599978024307723e-03
2.859160412229957114e-03
2.785357729565212954e-03
2.865647099235874538e-03
2.883532416982780185e-03
2.875475717321902564e-03
2.862725727611738213e-03
2.881081831581477036e-03
2.838286583607356646e-03
2.858851126703638827e-03
2.864211591145677301e-03
2.862510994600783645e-03
2.872512211744060896e-03
2.878697102239295962e-03
2.849374358434535529e-03
2.838286583607356646e-03
2.865345302725192615e-03
2.878998898749978320e-03
2.867730032067373255e-03
2.878998898749978320e-03
2.843830390696121171e-03
2.863830255214390354e-03
2.881783132932686734e-03
2.870251830245566620e-03
2.797498437865988952e-03
2.878599978024307723e-03
2.876588653256245773e-03
2.868151850349011465e-03
2.831530717606494264e-03
2.870180617468676837e-03
2.881783132932686734e-03
2.797441075027089913e-03
2.870251830245566620e-03
2.863811488668501892e-03
2.868801241657645534e-03
2.844882517120597611e-03
2.870180617468676837e-03
2.875862794114886992e-03
2.867843816526103370e-03
2.881195616040207151e-03
2.859160412229957114e-03
2.866684398585375628e-03
2.880062067917688907e-03
2.877563390659781083e-03
2.869671809079108252e-03
2.882701374867039420e-03
2.872512211744060896e-03
2.878697102239295962e-03
2.755203378775584588e-03
2.867759698590807271e-03
2.876077527125841995e-03
2.749989740238763941e-03
2.869671809079108252e-03
2.870251830245566620e-03
2.765006300930713916e-03
2.849374358434535529e-03
2.862726157948638876e-03
2.881783132932686734e-03
2.880062067917688907e-03
2.831530717606494264e-03
2.867868370637400958e-03
2.766535320923536531e-03
2.865813739688252964e-03
2.863830255214390354e-03
2.845094213069632085e-03
2.875862794114886992e-03
2.875475717321902564e-03
2.865813739688252964e-03
2.864211591145677301e-03
2.863236853742141992e-03
2.797441075027089913e-03
2.875862794114886992e-03
2.769827227691757689e-03
2.868431333418582953e-03
2.774748893670276727e-03
2.883532416982780185e-03
2.881081831581477036e-03
2.843830390696121171e-03
2.858851126703638827e-03
2.875975954910462134e-03
2.804321226707639451e-03
2.811250152724840100e-03
2.844882517120597611e-03
2.741851579261481240e-03
2.883023608593212033e-03
2.882153041171749315e-03
2.817673026221743232e-03
2.865345302725192615e-03
2.862624155396358352e-03
2.779887120437639879e-03
2.881783132932686734e-03
2.755203378775584588e-03
2.766535320923536531e-03
2.866548084394490541e-03
2.869349575352935638e-03
2.875475717321902564e-03
2.866548084394490541e-03
2.881220170151504306e-03
2.790689583602177278e-03
2.877182054728493702e-03
2.824601952238943448e-03
2.755203378775584588e-03
2.866684398585375628e-03
2.880036198099479409e-03
2.881195616040207151e-03
2.824934784093252865e-03
2.863811488668501892e-03
2.755203378775584588e-03
2.810792874541193694e-03
2.867843816526103370e-03
2.868431333418582953e-03
2.865813739688252964e-03
2.883023608593212033e-03
2.876077527125841995e-03
2.865248178510203941e-03
2.863236853742141992e-03
2.872512211744060896e-03
2.797441075027089913e-03
2.875862794114886992e-03
2.868801241657645534e-03
2.731061755119846765e-03
2.866684398585375628e-03
2.831742413555528304e-03
2.876077527125841995e-03
2.883532416982780185e-03
2.868431333418582953e-03
2.875862794114886992e-03
2.866684398585375628e-03
2.870451401070821511e-03
2.867843816526103370e-03
2.881220170151504306e-03
2.880036198099479409e-03
2.863811488668501892e-03
2.731710255934873162e-03
2.810792874541193694e-03
2.865345302725192615e-03
2.875975954910462134e-03
2.867868370637400958e-03
2.867868370637400958e-03
2.659501987269490431e-03
2.811250152724840100e-03
2.867730032067373255e-03
2.779887120437639879e-03
2.863830255214390354e-03
2.865647099235874538e-03
2.862510994600783645e-03
2.810792874541193694e-03
2.876077527125841995e-03
2.875517326963488579e-03
2.878697102239295962e-03
2.865813739688252964e-03
2.868431333418582953e-03
2.852461940174149183e-03
2.837855881780445341e-03
