8.352558005877993219e-08
8.358695954149765747e-08
8.359299829499389362e-08
8.359536101067940568e-08
8.384802490762544104e-08
8.354867696972071173e-08
8.356528388957541698e-08
8.356684788296720566e-08
8.359816345471918305e-08
8.374468672604121156e-08
8.380713348760069348e-08
8.414574391930208818e-08
8.365332886151128146e-08
8.354632635400666415e-08
8.386538684435556959e-08
8.386145312334836673e-08
8.386538684435556959e-08
8.365298191491143988e-08
8.386538684435556959e-08
8.414574391930208818e-08
8.367757282728978632e-08
8.358173079434786873e-08
8.387816043300797059e-08
8.364782831685308916e-08
8.386538684435556959e-08
8.615672395157224106e-08
8.386538684435556959e-08
8.414574391930208818e-08
8.350822807603915580e-08
8.358552480243322016e-08
8.358747249201892409e-08
8.356770463705051093e-08
8.393842452440864232e-08
8.353813746162919490e-08
8.362190826171024770e-08
8.385010150952420788e-08
8.372071540000183071e-08
8.354632635400666415e-08
8.358173079434786873e-08
8.349952972198473078e-08
8.382733789540446277e-08
8.362685855764067269e-08
8.357328384568446836e-08
8.364264283282812696e-08
8.356684788296720566e-08
8.354715231471895194e-08
8.376871137056916977e-08
8.356812285461965274e-08
8.383646094937154551e-08
8.362866773190344524e-08
8.998809307283266205e-08
8.386538684435556959e-08
8.524162001887959797e-08
8.382140866615266554e-08
8.354497406731138856e-08
8.353813746162919490e-08
8.357849398303047676e-08
8.381052053591590712e-08
8.354715231471895194e-08
8.352558005877993219e-08
8.360425115718445592e-08
8.358720154042531811e-08
8.363555057497574926e-08
8.354361086731771704e-08
8.367673488951501456e-08
8.365835327972960379e-08
8.352558005877993219e-08
8.610212372087956106e-08
8.382733789540446277e-08
8.358747249201892409e-08
1.008892558522740128e-07
8.385439778207542170e-08
8.359299829499389362e-08
8.354715231471895194e-08
8.349952972198473078e-08
8.357328384568446836e-08
8.386281899944899826e-08
8.360425115718445592e-08
8.359536101067940568e-08
8.998809307283266205e-08
8.356684788296720566e-08
8.548352409816687696e-08
8.372491159273014971e-08
8.359813090256845097e-08
8.389447654458783225e-08
8.355419446282994343e-08
8.356891676295229961e-08
8.381052053591590712e-08
8.367347739872853823e-08
8.359536101067940568e-08
8.357849398303047676e-08
8.359299829499389362e-08
8.361988226607901471e-08
8.584564870991451940e-08
8.371908140157892855e-08
8.374468672604121156e-08
8.359536101067940568e-08
9.098039314723476846e-08
8.398128631737756219e-08
8.358078978725317484e-08
8.356582714675809619e-08
8.357849398303047676e-08
8.356770463705051093e-08
8.353941422526150116e-08
8.386538684435556959e-08
8.386281899944899826e-08
8.365298191491143988e-08
8.363025829848558091e-08
8.359724384559132243e-08
8.356528388957541698e-08
8.352558005877993219e-08
8.363555057497574926e-08
8.362190826171024770e-08
8.354632635400666415e-08
8.358173079434786873e-08
8.382140866615266554e-08
8.354715231471895194e-08
8.357849398303047676e-08
8.363555057497574926e-08
8.352515395117836222e-08
8.368067771826547623e-08
8.349952972198473078e-08
8.368067771826547623e-08
8.356891676295229961e-08
8.354867696972071173e-08
8.365332886151128146e-08
8.353813746162919490e-08
8.385010150952420788e-08
8.353941422526150116e-08
8.358355477775013812e-08
8.374468672604121156e-08
8.359299829499389362e-08
8.360021202294239915e-08
8.365332886151128146e-08
8.380887242092064038e-08
8.353813746162919490e-08
8.384802490762544104e-08
8.350153388145376118e-08
8.360425115718445592e-08
8.360021202294239915e-08
8.359536101067940568e-08
8.360914606818775830e-08
8.359414685829053214e-08
8.386538684435556959e-08
8.356433603208656851e-08
8.377574814272283572e-08
8.356582714675809619e-08
8.351485642634243774e-08
8.365835327972960379e-08
8.382140866615266554e-08
8.354715231471895194e-08
8.495573229193476624e-08
8.361988226607901471e-08
8.356812285461965274e-08
8.524198102440493874e-08
8.351485642634243774e-08
8.353813746162919490e-08
8.437405782841718138e-08
8.357849398303047676e-08
8.359773940393629927e-08
8.365332886151128146e-08
8.377574814272283572e-08
8.359299829499389362e-08
8.364782831685308916e-08
8.389447654458783225e-08
8.382733789540446277e-08
8.354867696972071173e-08
8.408005791119338100e-08
8.359536101067940568e-08
8.359724384559132243e-08
8.382733789540446277e-08
8.354632635400666415e-08
8.356684788296720566e-08
8.380887242092064038e-08
8.359536101067940568e-08
8.414555174674407791e-08
8.367347739872853823e-08
8.398651976318927032e-08
8.363025829848558091e-08
8.352558005877993219e-08
8.356891676295229961e-08
8.362190826171024770e-08
8.366869786306777627e-08
8.376871137056916977e-08
8.372071540000183071e-08
8.360425115718445592e-08
8.495054665830620962e-08
8.354361086731771704e-08
8.352911152732153793e-08
8.377112953455620075e-08
8.352515395117836222e-08
8.364264283282812696e-08
8.389764460565046790e-08
8.365332886151128146e-08
8.495573229193476624e-08
8.389447654458783225e-08
8.350822807603915580e-08
8.362866773190344524e-08
8.359724384559132243e-08
8.350822807603915580e-08
8.367673488951501456e-08
8.383646094937154551e-08
8.354743871468926473e-08
8.372491159273014971e-08
8.495573229193476624e-08
8.356433603208656851e-08
8.355419446282994343e-08
8.359414685829053214e-08
8.362685855764067269e-08
8.384802490762544104e-08
8.495573229193476624e-08
8.380993044588108645e-08
8.360914606818775830e-08
8.367347739872853823e-08
8.382733789540446277e-08
8.354361086731771704e-08
8.356812285461965274e-08
8.354497406731138856e-08
8.356684788296720566e-08
8.382140866615266554e-08
8.380887242092064038e-08
8.359536101067940568e-08
8.350153388145376118e-08
8.549100692567275955e-08
8.356433603208656851e-08
8.414574391930208818e-08
8.356812285461965274e-08
8.363025829848558091e-08
8.367347739872853823e-08
8.359536101067940568e-08
8.356433603208656851e-08
8.356816115220975529e-08
8.360914606818775830e-08
8.367673488951501456e-08
8.355419446282994343e-08
8.384802490762544104e-08
8.584564870991451940e-08
8.380993044588108645e-08
8.352515395117836222e-08
8.366869786306777627e-08
8.364782831685308916e-08
8.364782831685308916e-08
1.008892558522740128e-07
8.372071540000183071e-08
8.349952972198473078e-08
8.389764460565046790e-08
8.354867696972071173e-08
8.365298191491143988e-08
8.358173079434786873e-08
8.380993044588108645e-08
8.356812285461965274e-08
8.358747249201892409e-08
8.354715231471895194e-08
8.382733789540446277e-08
8.367347739872853823e-08
8.387816043300797059e-08
8.357328384568446836e-08
