-6.338918635382150280e-01
-1.363653595533405927e+00
-1.584343213886175272e+00
-1.162226619400831829e-01
-7.173680652919154355e-01
-4.614788591533927620e-01
-6.411856897438537178e-03
-1.811866570129647483e-02
2.653200860052285392e+00
-7.887707087350024349e-01
9.902473418176467312e-01
-2.627831938121988342e-01
6.349172589197784600e-01
1.358339525258866365e+00
-3.188123575655181230e-01
2.610031488027826807e+00
4.200771051503244258e-01
-9.546193513639830153e-01
-1.432355202943044414e+00
1.318286479294991653e-01
-1.917864899250332877e+00
-2.073761825298297445e+00
7.242461119979228812e-01
-1.484804251981930889e+00
5.958244988023896349e-01
-5.564074855718360579e-01
-1.886294883461629324e+00
-2.079217069523249251e+00
-1.573806642054600191e+00
-1.163140824867338274e+00
-1.013063496439295941e+00
2.658622888617780955e-01
1.203415253082370379e-01
2.722405494345675470e-01
6.474588006687359565e-01
7.633310630992858892e-01
-2.953137777515515983e-01
2.066656883771437470e-01
-9.185523650943093754e-01
-6.682604557602024598e-02
-4.555087974876801948e-01
-7.444796616121882593e-01
-1.210159731572437947e+00
1.290075341100209272e+00
9.503159556410784026e-01
3.236899877486577592e-01
-1.410126171630652009e-03
-9.865763941398467685e-01
-7.101425940801474601e-01
-3.604886840435847506e-01
-1.252618627220756231e+00
9.544828632710869454e-02
1.901354515292751568e+00
7.297101781926285113e-01
9.085242925117167356e-01
-5.715144345567615414e-01
8.043135278370695807e-02
-6.695664143846115079e-01
2.287865509338513625e+00
1.267959572464920415e+00
-1.139822305058316054e+00
-1.080975274848603729e-01
2.828619380537841232e-01
8.595347305185041531e-01
-1.299811272243505345e+00
-7.932313594970737958e-01
-9.562916036711767154e-01
-1.366140195000381807e-01
5.687921040905683512e-01
5.911334388990699962e-01
-7.864089448441291541e-02
3.358538239319895924e-01
-7.721727712034563984e-01
2.298621766867153804e-02
3.425300201521177534e-01
8.678148786970215633e-01
-4.640744330975176690e-01
7.140455227102422420e-01
-3.346299831594146679e-01
-4.098640355081686892e-01
6.327389765903643770e-01
-5.393203228969188912e-01
-2.250776061349858970e-01
6.583441680619588343e-01
-1.352625228814002378e+00
-1.519075338765568661e+00
1.237092722472987072e+00
8.471654773669827498e-02
-2.407882840319781198e-02
8.626018829245478692e-01
-5.280017612439421582e-01
-5.047485511568581273e-01
-1.690723802227989792e+00
7.717485769644664151e-01
-1.180364560562402465e-01
6.317409625104630777e-02
1.122578190297393474e+00
-3.493960335924893301e-01
1.635569039183225604e-01
-8.058514189165996155e-01
2.740530919831585810e-01
1.926621573424622813e-01
8.277545745352749007e-01
1.159725310703607626e+00
-6.446604765871623011e-01
9.195275666117558311e-02
-6.031125534719682380e-01
1.058782320050390968e-01
1.401824861119404853e+00
2.336859335906208202e+00
1.233130651449948489e+00
-7.601906287368362936e-01
-4.526903994809577392e-01
1.518846097417246750e-02
-5.438525355271279782e-01
-1.682341907543316140e+00
4.516230391005599532e-01
3.182660481358551285e-01
7.562295307668323585e-02
2.154744271925023436e-01
9.644351917951907716e-01
-4.495595956770405133e-01
1.072667108960619453e+00
-1.457214903305451004e-01
1.468585653470886543e+00
-8.618612984157858481e-01
-4.461659236711335574e-01
1.802782424891550717e+00
1.783951542360998899e-01
9.454015697192017509e-01
1.509565007877384568e+00
1.421435676718477481e+00
-5.440532761030426601e-01
2.298523394767226335e+00
-6.287431548284836413e-01
-8.748175808537920206e-01
1.244392340687887899e-01
1.165863742749296605e+00
-8.307339494842038707e-01
5.281907519282355024e-01
1.569253093219941109e-01
1.401952046207054936e+00
-1.872752636481787580e-01
-6.359113646172708245e-01
-7.780530755322258019e-01
9.016375409712520383e-01
5.563647717733257725e-01
-1.247546419466804446e+00
1.716688362720309557e+00
-2.156750573935855009e+00
-8.788709679254546048e-01
1.079236514422876825e+00
8.650842082621320595e-01
-1.387300987184251211e+00
-1.327418064681803678e+00
-1.684110460564275935e-01
6.545428141706339797e-01
-7.401711746269129533e-01
8.940258979433665099e-01
-2.315929688614941917e-01
-1.590967607519793159e-01
-8.810959061020487426e-02
4.979923221220402541e-01
-1.329246095159613228e+00
-3.623289957985585397e-01
5.319324181180309363e-01
3.118814666351113485e-02
-4.580537697689521237e-01
2.114047680117966177e+00
-8.949528167817311086e-01
-1.759663495129420996e+00
1.130278360204598931e+00
-3.359016943623422402e-01
2.312666431161033653e+00
9.661086200951880809e-02
3.759584684243330588e-01
3.357531054815162119e-01
6.930503826124421174e-01
-7.097764728993988248e-02
6.859714856340324296e-01
6.053617957608072864e-01
-6.917302636817530548e-01
1.892083910545809378e+00
-3.533139320917881854e-01
8.863820598501959136e-01
-1.416039553772561854e+00
4.209963394716613183e-01
3.613897709008673936e-02
-7.590980294436422415e-01
-2.309456338605969106e-01
-3.135287489769926772e-01
-6.540448361651004516e-01
5.785499190184996143e-01
2.523024951310702146e+00
4.327297278189286972e-02
-5.275431465190072444e-01
-9.012325403258405476e-01
-2.919388446945209159e-01
-8.703017655127843755e-01
-2.078979919878371607e+00
1.857757786576093917e+00
9.685401998708954574e-01
1.148319146828800763e+00
-8.200080315971967071e-01
-1.153841846978578001e-01
1.389452195536184265e+00
2.230116446258435248e-01
5.384398110780511670e-01
7.532041357333120191e-01
1.215619500167116174e+00
-4.908645825436626711e-03
6.511715044598270774e-01
-1.188937164427518622e+00
5.988974694375476249e-01
-2.302689290553666668e-01
-2.052437907038499043e-01
-3.540178866413893899e-01
-1.224352922252415876e+00
3.278364354831685146e-02
-1.986673682821334663e-01
-2.095877112811516785e+00
2.048466609351577539e+00
-1.423217370666518766e+00
6.770260354567578798e-01
7.311402870497041295e-01
7.022142773823050743e-02
-9.297895935462735517e-01
-1.222558310865941245e+00
7.876183965532773668e-02
1.048994215755798987e+00
-5.188901936815809579e-01
3.935926369919635071e-01
-2.747947322682042781e-01
-3.984177398812484006e-01
1.298562924876377478e+00
-2.422526964234067437e-01
4.074557160716379411e-01
-5.181308701631638369e-01
4.852818391120443664e-01
-4.878336383558988798e-01
-3.050865158698065072e-01
1.080177119336263869e-01
-7.557083016775604234e-01
-8.985828637681394504e-01
-4.607978829312208147e-01
9.002014003284724009e-01
-3.901801358476150033e-02
7.886485902010121896e-01
1.134986240933282708e+00
-4.190632573065820043e-01
2.178380333107380995e+00
-9.572934994373880624e-01
-1.479577565954028062e-01
1.560205963361698533e-01
2.746825247924914226e+00
3.812453892736316075e+00
-1.620689854352502512e-01
