1.942885633514369534e-03
2.162050648696200485e-03
2.230891452686315987e-03
4.302343996455577045e-03
2.036637020556387317e-03
4.357543072169673196e-03
2.087001544635366107e-03
2.006836169877179287e-03
4.488313232403145191e-03
2.100294745046458935e-03
2.032678082656651924e-03
4.041830378871926616e-03
1.959235627045671172e-03
2.286090528400412571e-03
2.117702318416042617e-03
2.162050648696200485e-03
2.216374110674914667e-03
4.465058830597098960e-03
2.128176012324135054e-03
2.074247459619181673e-03
2.102922840015031616e-03
2.299149062122777740e-03
2.230891452686315987e-03
4.388729521614159051e-03
2.201670304667649371e-03
2.088279377347388756e-03
4.399685685909910868e-03
2.073852550345420872e-03
2.172025780394756366e-03
2.147346842688935189e-03
2.102922840015031616e-03
2.257596041224331409e-03
4.327764527477098028e-03
2.007789647951498720e-03
2.128176012324135054e-03
2.216374110674914667e-03
1.975911210170966902e-03
4.353742345896487523e-03
4.273441065498384712e-03
2.114046440920150718e-03
4.273122848436909996e-03
2.186860654596826936e-03
1.967062001113940427e-03
2.128176012324135054e-03
2.114046440920150718e-03
4.290300325493935987e-03
2.157246301993745799e-03
2.040026096263154037e-03
2.128176012324135054e-03
1.946973863604630579e-03
2.114046440920150718e-03
2.294221700284177368e-03
2.230891452686315987e-03
2.117702318416042617e-03
2.100294745046458935e-03
2.216374110674914667e-03
4.408649437418189938e-03
1.996355653522053752e-03
2.030234672149680650e-03
2.186860654596826936e-03
4.327764527477098028e-03
2.021385463092654610e-03
2.102922840015031616e-03
2.186860654596826936e-03
1.975911210170966902e-03
4.243478324164016990e-03
2.128176012324135054e-03
2.172025780394756366e-03
4.443052983592873234e-03
2.186860654596826936e-03
2.001297325583344545e-03
2.186860654596826936e-03
2.100294745046458935e-03
4.262272561499663714e-03
2.172025780394756366e-03
1.959235627045671172e-03
2.117702318416042617e-03
2.062113109930212903e-03
4.138498106060093870e-03
2.282289802127226465e-03
2.270082678829664878e-03
2.073852550345420872e-03
4.467807408488475539e-03
2.142602839326102505e-03
2.257596041224331409e-03
4.567622365414994619e-03
2.231767066421698822e-03
2.216374110674914667e-03
4.451736024306543298e-03
2.142602839326102505e-03
2.157246301993745799e-03
2.021385463092654610e-03
2.380283480537282240e-03
4.123688455989271001e-03
2.272739612868789321e-03
2.059722978941436970e-03
2.380283480537282240e-03
4.108853581787200865e-03
2.074247459619181673e-03
4.370601605892038798e-03
2.128176012324135054e-03
2.305882662467680522e-03
4.153201912067358732e-03
2.001537920368354727e-03
4.222042716057474235e-03
2.073852550345420872e-03
2.040498469228590409e-03
4.488313232403145191e-03
2.157246301993745799e-03
1.996355653522053752e-03
4.488564514785379697e-03
2.186860654596826936e-03
2.172025780394756366e-03
2.270082678829664878e-03
2.050679115500767934e-03
2.013559089024385355e-03
2.117702318416042617e-03
4.316596023478377897e-03
2.011392202013584547e-03
2.062113109930212903e-03
2.045971283067745186e-03
2.257596041224331409e-03
2.019923997640467924e-03
2.088279377347388756e-03
2.032678082656651924e-03
2.216374110674914667e-03
2.114046440920150718e-03
2.059722978941436970e-03
2.190820017730402657e-03
2.259092026360744621e-03
1.952512707898465105e-03
2.032678082656651924e-03
4.405748279984024809e-03
2.147346842688935189e-03
2.040026096263154037e-03
2.062113109930212903e-03
2.074247459619181673e-03
1.975911210170966902e-03
2.176567990707601805e-03
4.377335206236942014e-03
2.030234672149680650e-03
2.230891452686315987e-03
4.316278143913324615e-03
2.059722978941436970e-03
2.230891452686315987e-03
2.088279377347388756e-03
2.088279377347388756e-03
2.074247459619181673e-03
2.040026096263154037e-03
4.222918329792857070e-03
2.050679115500767934e-03
2.311919503203045591e-03
2.073852550345420872e-03
2.007789647951498720e-03
2.117702318416042617e-03
2.389931364951039961e-03
2.444254826929754144e-03
1.946973863604630579e-03
2.088279377347388756e-03
2.088279377347388756e-03
2.259092026360744621e-03
2.231767066421698822e-03
4.486049560382127620e-03
2.062113109930212903e-03
2.162050648696200485e-03
2.117702318416042617e-03
2.040026096263154037e-03
2.324406140808379061e-03
2.114046440920150718e-03
2.162050648696200485e-03
2.190820017730402657e-03
2.073852550345420872e-03
2.059722978941436970e-03
2.062113109930212903e-03
2.299149062122777740e-03
2.404226396789171157e-03
2.087001544635366107e-03
2.062113109930212903e-03
2.216374110674914667e-03
2.100294745046458935e-03
4.228698845763006857e-03
4.434241052806665515e-03
4.444821641245681396e-03
2.218416150890075138e-03
4.504820882334873225e-03
4.308428241216056241e-03
4.361550236858532416e-03
4.273122848436909996e-03
2.231767066421698822e-03
2.074247459619181673e-03
2.114046440920150718e-03
1.975911210170966902e-03
2.186860654596826936e-03
2.142602839326102505e-03
2.100294745046458935e-03
2.370398973487374168e-03
4.395858684577640119e-03
2.073852550345420872e-03
2.045971283067745186e-03
4.431726098403414305e-03
4.131175522710698461e-03
2.074247459619181673e-03
1.959235627045671172e-03
2.157246301993745799e-03
4.207525374046072915e-03
2.088279377347388756e-03
2.073852550345420872e-03
2.142602839326102505e-03
2.132537192618112754e-03
2.100294745046458935e-03
2.030234672149680650e-03
2.132537192618112754e-03
2.257596041224331409e-03
2.045971283067745186e-03
2.142602839326102505e-03
2.102922840015031616e-03
4.316278143913324615e-03
2.114046440920150718e-03
2.088279377347388756e-03
2.100294745046458935e-03
2.176567990707601805e-03
4.273122848436909996e-03
1.959235627045671172e-03
2.062113109930212903e-03
2.074247459619181673e-03
2.114046440920150718e-03
2.117702318416042617e-03
2.201670304667649371e-03
2.311919503203045591e-03
2.186860654596826936e-03
2.128176012324135054e-03
1.997023176075191000e-03
1.967062001113940427e-03
2.087001544635366107e-03
2.132537192618112754e-03
2.142602839326102505e-03
4.235976863515221805e-03
2.050679115500767934e-03
2.102922840015031616e-03
2.030655493358862577e-03
2.216374110674914667e-03
4.262272561499663714e-03
2.050679115500767934e-03
4.458886866298831728e-03
1.967062001113940427e-03
2.021385463092654610e-03
1.967062001113940427e-03
4.462972899396904121e-03
2.259092026360744621e-03
4.496694669940555153e-03
2.172025780394756366e-03
4.955664597160909512e-03
1.967062001113940427e-03
1.997023176075191000e-03
2.259092026360744621e-03
2.186860654596826936e-03
2.001297325583344545e-03
4.506224112097508006e-03
2.157246301993745799e-03
2.216374110674914667e-03
2.142602839326102505e-03
4.199628556093395679e-03
2.128176012324135054e-03
2.128176012324135054e-03
2.114046440920150718e-03
2.132537192618112754e-03
2.172025780394756366e-03
4.289868694659335763e-03
2.006836169877179287e-03
2.006836169877179287e-03
2.100294745046458935e-03
2.147346842688935189e-03
2.021385463092654610e-03
4.214055383095363996e-03
4.421355478579717599e-03
2.172025780394756366e-03
2.117702318416042617e-03
2.201670304667649371e-03
4.207525374046072915e-03
2.186860654596826936e-03
2.157246301993745799e-03
2.088279377347388756e-03
2.117702318416042617e-03
4.189154862185303675e-03
4.131175522710698461e-03
4.431726098403414305e-03
4.670512426559471700e-03
4.148397565364904047e-03
2.114046440920150718e-03
2.087001544635366107e-03
2.045971283067745186e-03
2.087001544635366107e-03
2.040429104754285829e-03
2.021385463092654610e-03
2.186860654596826936e-03
2.128176012324135054e-03
4.405748279984024809e-03
2.117702318416042617e-03
2.117702318416042617e-03
4.383372046972306216e-03
4.243478324164016990e-03
2.102922840015031616e-03
1.975911210170966902e-03
2.186860654596826936e-03
4.214055383095363996e-03
2.132537192618112754e-03
4.506224112097508006e-03
2.204768564382030872e-03
2.132537192618112754e-03
2.186860654596826936e-03
2.286090528400412571e-03
4.262272561499663714e-03
4.214055383095363996e-03
1.994167390387086621e-03
2.074247459619181673e-03
4.273122848436909996e-03
2.007789647951498720e-03
2.019923997640467924e-03
