5.236860439032579542e-08
5.150963655146396919e-08
5.150546853760110518e-08
5.183505162744290516e-08
5.386046125621771103e-08
5.177735941539271924e-08
5.146201697238154774e-08
5.163608967934253112e-08
5.264182346727235171e-08
5.145382643186245088e-08
5.148102723488328337e-08
5.235455317655734854e-08
5.160777351329666387e-08
5.156922451651600146e-08
5.148015393197265107e-08
5.150963655146396919e-08
5.149297026740912891e-08
5.190573789819574956e-08
5.144745033534098758e-08
5.147338513829870960e-08
5.147342159334068236e-08
5.159342248843378645e-08
5.150546853760110518e-08
5.180853461581729948e-08
5.148115615640334957e-08
5.146906084351064853e-08
5.213459495788406263e-08
5.146746145766195820e-08
5.146108276261172082e-08
5.149875746381883933e-08
5.147342159334068236e-08
5.163158493809542301e-08
5.206306189378944783e-08
5.150473861165315803e-08
5.144745033534098758e-08
5.149297026740912891e-08
5.155843633480620106e-08
5.174618297810134723e-08
5.202016872655832543e-08
5.144896192764165540e-08
5.186064914502886965e-08
5.147036374306456004e-08
5.158132440397496809e-08
5.144745033534098758e-08
5.144896192764165540e-08
5.208467206954264329e-08
5.145385083579742301e-08
5.152440498867572410e-08
5.144745033534098758e-08
5.167838405395981493e-08
5.144896192764165540e-08
5.175449183649488703e-08
5.150546853760110518e-08
5.148015393197265107e-08
5.145382643186245088e-08
5.149297026740912891e-08
5.212745329337257078e-08
5.152035449695087622e-08
5.154669960404731050e-08
5.147036374306456004e-08
5.206306189378944783e-08
5.157204182118233220e-08
5.147342159334068236e-08
5.147036374306456004e-08
5.155843633480620106e-08
5.188303699628873572e-08
5.144745033534098758e-08
5.146108276261172082e-08
5.183600463889720867e-08
5.147036374306456004e-08
5.167878005192346220e-08
5.147036374306456004e-08
5.145382643186245088e-08
5.180086874610634384e-08
5.146108276261172082e-08
5.160777351329666387e-08
5.148015393197265107e-08
5.148770882103579593e-08
5.216415725173929392e-08
5.170707111551274227e-08
5.166610455964863200e-08
5.146746145766195820e-08
5.236632150894191054e-08
5.144917089324697313e-08
5.163158493809542301e-08
5.305380568406132717e-08
5.158008664344306962e-08
5.149297026740912891e-08
5.205136020301625756e-08
5.144917089324697313e-08
5.145385083579742301e-08
5.157204182118233220e-08
5.225501022045579969e-08
5.217608454251594425e-08
5.154940870282921261e-08
5.146887857615554626e-08
5.225501022045579969e-08
5.218706122327736772e-08
5.147338513829870960e-08
5.176821823995684449e-08
5.144745033534098758e-08
5.180799304807167162e-08
5.215068099381763471e-08
5.266554357463983687e-08
5.216954424453923593e-08
5.146746145766195820e-08
5.383910564779217684e-08
5.264182346727235171e-08
5.145385083579742301e-08
5.152035449695087622e-08
5.211377124812513561e-08
5.147036374306456004e-08
5.146108276261172082e-08
5.166610455964863200e-08
5.150476178748085020e-08
5.160131935114571961e-08
5.148015393197265107e-08
5.182027477079217156e-08
6.171433078997779913e-08
5.148770882103579593e-08
5.147341533550367263e-08
5.163158493809542301e-08
5.149154823819289461e-08
5.146906084351064853e-08
5.148102723488328337e-08
5.149297026740912891e-08
5.144896192764165540e-08
5.146887857615554626e-08
5.153308538811062836e-08
5.153290697131800435e-08
5.163932352297511912e-08
5.148102723488328337e-08
5.214424813417420759e-08
5.149875746381883933e-08
5.152440498867572410e-08
5.148770882103579593e-08
5.147338513829870960e-08
5.155843633480620106e-08
5.152108990363830010e-08
5.178112193462809959e-08
5.154669960404731050e-08
5.150546853760110518e-08
5.174404745959123801e-08
5.146887857615554626e-08
5.150546853760110518e-08
5.146906084351064853e-08
5.146906084351064853e-08
5.147338513829870960e-08
5.152440498867572410e-08
5.206052678252471783e-08
5.150476178748085020e-08
5.162290630188703059e-08
5.146746145766195820e-08
5.150473861165315803e-08
5.148015393197265107e-08
5.231088717796815835e-08
5.229191415498111052e-08
5.167838405395981493e-08
5.146906084351064853e-08
5.146906084351064853e-08
5.153290697131800435e-08
5.158008664344306962e-08
5.198730114966474051e-08
5.148770882103579593e-08
5.150963655146396919e-08
5.148015393197265107e-08
5.152440498867572410e-08
5.165832527425930852e-08
5.144896192764165540e-08
5.150963655146396919e-08
5.153308538811062836e-08
5.146746145766195820e-08
5.146887857615554626e-08
5.148770882103579593e-08
5.159342248843378645e-08
5.205408127835149080e-08
5.146201697238154774e-08
5.148770882103579593e-08
5.149297026740912891e-08
5.145382643186245088e-08
5.189441170267484589e-08
5.211772741298836319e-08
5.216512881361112359e-08
5.156147301357254112e-08
5.216258605252553448e-08
5.203951951467862320e-08
5.211947391742345008e-08
5.186064914502886965e-08
5.158008664344306962e-08
5.147338513829870960e-08
5.144896192764165540e-08
5.155843633480620106e-08
5.147036374306456004e-08
5.144917089324697313e-08
5.145382643186245088e-08
5.219420369658366909e-08
5.176521895708841189e-08
5.146746145766195820e-08
5.147341533550367263e-08
5.196402150920180847e-08
5.192168512352196982e-08
5.147338513829870960e-08
5.160777351329666387e-08
5.145385083579742301e-08
5.218397071197991276e-08
5.146906084351064853e-08
5.146746145766195820e-08
5.144917089324697313e-08
5.148877255398249561e-08
5.145382643186245088e-08
5.154669960404731050e-08
5.148877255398249561e-08
5.163158493809542301e-08
5.147341533550367263e-08
5.144917089324697313e-08
5.147342159334068236e-08
5.174404745959123801e-08
5.144896192764165540e-08
5.146906084351064853e-08
5.145382643186245088e-08
5.152108990363830010e-08
5.186064914502886965e-08
5.160777351329666387e-08
5.148770882103579593e-08
5.147338513829870960e-08
5.144896192764165540e-08
5.148015393197265107e-08
5.148115615640334957e-08
5.162290630188703059e-08
5.147036374306456004e-08
5.144745033534098758e-08
5.173290919773397669e-08
5.158132440397496809e-08
5.146201697238154774e-08
5.148877255398249561e-08
5.144917089324697313e-08
5.204443597672705447e-08
5.150476178748085020e-08
5.147342159334068236e-08
5.523949762548543697e-08
5.149297026740912891e-08
5.180086874610634384e-08
5.150476178748085020e-08
5.226040159076277657e-08
5.158132440397496809e-08
5.157204182118233220e-08
5.158132440397496809e-08
5.214437136905232401e-08
5.153290697131800435e-08
5.212584369723727417e-08
5.146108276261172082e-08
5.869450543796128533e-08
5.158132440397496809e-08
5.173290919773397669e-08
5.153290697131800435e-08
5.147036374306456004e-08
5.167878005192346220e-08
5.230142784497983872e-08
5.145385083579742301e-08
5.149297026740912891e-08
5.144917089324697313e-08
5.192031500161698808e-08
5.144745033534098758e-08
5.144745033534098758e-08
5.144896192764165540e-08
5.148877255398249561e-08
5.146108276261172082e-08
5.176820058479561152e-08
5.163608967934253112e-08
5.163608967934253112e-08
5.145382643186245088e-08
5.149875746381883933e-08
5.157204182118233220e-08
5.190667933688082190e-08
5.192074623626925002e-08
5.146108276261172082e-08
5.148015393197265107e-08
5.148115615640334957e-08
5.218397071197991276e-08
5.147036374306456004e-08
5.145385083579742301e-08
5.146906084351064853e-08
5.148015393197265107e-08
5.186821747588252998e-08
5.192168512352196982e-08
5.196402150920180847e-08
5.284661020058874232e-08
5.222811878136085574e-08
5.144896192764165540e-08
5.146201697238154774e-08
5.147341533550367263e-08
5.146201697238154774e-08
5.326506636551868053e-08
5.157204182118233220e-08
5.147036374306456004e-08
5.144745033534098758e-08
5.214424813417420759e-08
5.148015393197265107e-08
5.148015393197265107e-08
5.176384301624972399e-08
5.188303699628873572e-08
5.147342159334068236e-08
5.155843633480620106e-08
5.147036374306456004e-08
5.190667933688082190e-08
5.148877255398249561e-08
5.230142784497983872e-08
5.154619245412663510e-08
5.148877255398249561e-08
5.147036374306456004e-08
5.156922451651600146e-08
5.180086874610634384e-08
5.190667933688082190e-08
5.218620302535739052e-08
5.147338513829870960e-08
5.186064914502886965e-08
5.150473861165315803e-08
5.149154823819289461e-08
