3.477626355816054032e-02
-5.191114112294217264e-01
-1.671155412546136976e-01
-7.337971964628000610e-01
-5.270383051372439231e-01
-2.892775434855691108e-01
-1.933167850033191623e-02
-2.316703537277876868e-01
1.163502523129154476e+00
-7.478653045321093096e-02
-7.204474245642522590e-01
-7.723300843538307703e-01
4.851884724929900750e-01
1.459248707967044922e-01
-1.648235736880366009e-01
4.958997626520898483e-01
-2.574347915581228219e-01
7.692251107135502641e-01
-8.295997533671873869e-01
-1.345613614650349732e-01
-3.218313543873755345e-01
-9.115289596684986520e-03
1.579231396298443058e-01
2.148792995836810604e+00
3.529164540726119070e-01
-1.834335156131744748e-01
-5.822191138667988097e-01
3.071590565371642434e-01
-4.922013529908027540e-01
-6.576224034491024995e-01
8.080623224155144418e-03
-1.990147480359085175e-01
-2.044685080658278142e+00
1.982300118755905560e-01
-2.767858814871835271e-01
5.582655079277244053e-02
2.716998366458945879e-01
-1.890041159233041501e+00
2.626476759282940332e+00
-6.198874107708960413e-01
-1.249225288521621513e+00
-1.815419492630727660e-01
3.614014718361251155e-02
-1.266685018292028064e-01
-1.737223215906479601e-01
1.631953531002210633e+00
-1.002245028759413820e-01
-2.612637185088100833e-01
-8.013559360887576588e-01
8.537148943485278751e-01
-4.909009457755578176e-01
1.178350297538959951e-01
8.657543154707179056e-01
5.931246101691682870e-01
-4.574667442186856059e-01
1.066967066427220168e+00
-2.491291786277594900e-01
3.057121302629557946e-01
3.357594881727907210e-01
-5.948801837821743321e-01
2.049420525285823746e+00
-5.399999219498547998e-01
-4.889604970614773727e-01
3.348267853864524968e-01
-3.143442729460959595e-01
1.755081862836744167e+00
7.256921070261479478e-01
-4.680496061520553752e-01
4.599332029076337314e+00
9.183857902224769054e-01
2.814433509385723675e-01
1.268894913608121566e+00
5.042202208159543009e-01
-8.551083754876542820e-02
-2.251092126485292888e-01
4.052659951868041108e-03
-4.897355043561246180e-01
9.090508166202649898e-01
-1.300554218478354729e+00
3.181355490334789593e-01
3.821593317173296311e-01
-2.825174534188641395e-01
-1.824994792390245868e+00
-1.060388867878949148e-01
-1.198246390764605984e-01
7.809202791573217617e-01
-4.507915432398042488e-01
-4.135052748765526420e-01
4.340280397330200657e+00
-1.443232918772161089e+00
-5.479248784505037495e-01
7.801691029617869866e-01
-7.582502446699594945e-01
1.872707378270617840e+00
-4.799470967917903591e-02
1.389920623505768837e+00
-7.111469103721045348e-01
-1.268089079811735465e+00
1.232062844407986850e-02
-2.166383849468041856e+00
-5.230357990259891787e-01
3.055879548155979730e-01
1.302652269295530463e+00
3.893937178655624276e-01
-1.780469909424493569e-01
-3.487039608882345210e-01
-4.216802520060159987e-01
-5.467126740470759083e-01
7.517286703884087373e-01
-1.014456383405667017e+00
-1.731531497440725653e+00
1.465285346375134190e-01
-1.646208248679900399e-01
-9.817593268421609398e-01
-4.535003952548380957e-01
-2.376444059855905514e-03
-2.162540300727078257e-01
-5.251622241827773319e-02
7.623985323047628437e-01
3.497125357800888734e-01
-6.993329987367870038e-01
5.262662421468512486e-01
5.395532328053467275e-01
-4.471928984397849360e-01
-3.819795743095213414e-01
-6.341168346020754909e-02
-7.308549398721508883e-01
4.682600329660577265e-01
1.006374277639445314e+00
2.928494483654528469e-01
-5.145903038238310856e-01
-3.263752125775290502e-01
-1.657320157613395795e+00
9.086455006600567819e-01
-2.514079798756223005e-01
-5.671578385200370942e-01
-1.000567745119049570e-02
2.058890194827084630e-01
2.238082711571159900e-01
-2.127108012238904111e-02
6.474752332762074847e-01
7.519576792200173276e-01
1.846087699186657882e-01
-4.359146209115180581e-02
-6.125570705438247721e-02
-4.398615482952238920e-01
-2.647032582455450811e-01
-2.254585033683927930e-01
-9.303252197333133910e-02
-2.129510756263724769e+00
-5.209883616761983305e-01
-1.161348687726995038e-01
2.026743737892379715e-01
-3.185418154096807813e-02
-1.092725035577710516e-02
-1.117924557499687221e+00
-1.385435141174645723e+00
-9.205887873385597553e-01
-5.799916965540962144e-01
-3.085242650382725715e-01
4.016258602497002617e-01
-7.680471128478165710e-01
1.522560423658748940e-02
4.047016119480031371e-01
-4.993160803466475395e-01
5.774345198173947979e-01
-1.768424932905366675e-01
-7.887781890858019951e-02
-2.701174430974389584e-01
7.833955545912625329e-01
1.014692058890823478e+00
6.753233454621425658e-01
1.522043595510875313e+00
6.265117298553919412e-01
4.021358612633573748e-01
-1.318523981220890207e+00
-3.488714485978026275e-02
-3.096593225131170635e-01
-2.877702326465019986e-02
-4.429931644741520735e-02
-3.871698586519358165e-01
-8.065606040977343349e-01
-8.551105765725705021e-01
-2.088992816683985509e-01
3.808070359693854767e-02
-1.568595923105450263e+00
2.882868906594895808e+00
-1.194113630661100128e-01
8.794865605109619677e-02
1.719754190087026402e-01
3.493590782856475369e-02
8.333130044173542306e-01
3.303268467578857615e-01
-1.362841732659559879e+00
-1.365338784569838648e-01
-4.169660349343357608e-01
-7.861996291961504957e-01
4.038712966713848274e-01
1.471172573872589151e+00
-1.586460096732810632e+00
-1.133800695304717276e+00
-5.615358241924908178e-01
4.306801541678999534e-01
7.376173826617445917e-01
2.707269583827873749e-01
2.868638954293021848e-01
3.123302376324219292e-03
-3.279569780380167110e-01
-5.050330732026455660e-01
-1.007911647485816922e-02
3.490276731539349586e-01
5.342279013779713814e-01
-2.177352674370087726e-01
3.559152594498465882e-01
-7.728574257548674609e-02
2.553167923387912874e-01
-1.622722038763535712e+00
-6.344091952720439798e-01
7.446837697303637649e-01
3.663958880318292088e-01
-3.323284095511073177e-01
-1.089433760560041542e-01
4.277694762731180655e-01
5.836011752380184658e-01
-4.092548062132906478e-02
4.860359205882899131e-02
2.238237251959626084e-01
2.037709564757529124e-01
7.170150396498862211e-01
-3.693398159209168030e-01
5.824671302474286883e-01
-2.291775298646203107e-01
9.126829807722196264e-02
5.976248958423217850e-02
9.794766265540542083e-01
-5.490261912261996669e-01
-1.860929115695865610e+00
8.940298610023192927e-01
3.988224612752424431e-02
2.415444471886087352e-01
-6.190627252647938894e-01
1.538301609559369121e+00
-9.604921758923336272e-02
3.919957432250571472e-01
2.711442211917576284e-01
8.236507478296247742e-01
1.745984024466701034e-01
1.893515216362525067e+00
1.018146609403161706e+00
-7.182194604603971966e-01
4.409892363052090314e-01
-3.529204114977469775e+00
1.708312822631482542e-01
1.686779561484774703e-01
-6.629784563610287285e-02
4.324412346225354198e-01
5.823652005952297678e-02
-2.368094607814615671e+00
-7.516522284315051428e-01
2.216923089289142557e-02
7.884797425722704922e-01
-1.193518561033496850e+00
-2.108801067249207462e-01
8.628237949188669043e-03
1.257008616507387933e-01
-1.616758825569862279e-01
2.962095275733868660e-01
-1.800178988407420633e+00
2.157101257650302362e-01
1.395703390507469499e-01
3.078678938312282010e-01
4.192139644580809010e-01
-2.362181852792557823e-01
-1.362753038775883052e+00
-2.554013648168694139e+00
-1.802109447945143827e-01
1.176332546509303162e-01
2.540828067076300600e-01
-7.564307107919043816e-01
4.713517987978600443e-01
4.657787964729466768e-01
1.809957980354303109e-01
-4.707484456856924626e-01
2.511590668781063407e+00
2.036103428785715597e+00
4.358805343587476289e-01
-1.040224306268749510e+00
-2.074828809992679268e+00
6.823922924244325838e-02
-3.413441031317287488e-01
6.153279343199168361e-01
-1.427622592474507401e+00
5.777382388980218941e-01
-6.674248416894084102e-01
3.722696418213130021e-01
-1.088793149090739432e+00
3.145112873004334286e+00
-1.450682491450276113e-01
5.388859256872126080e-01
8.242938364279520647e-01
1.755081862836744167e+00
3.012354054293482908e-01
-8.138206474283773972e-02
5.075919275379541240e-01
5.994228479256937803e-01
4.087263056423295349e-01
-2.368094607814615671e+00
-2.122641104009007629e-01
-1.009645649883763735e-01
-2.325714961512844736e-01
-3.540846978899848951e-02
-8.551083754876542820e-02
4.860460402611884057e+00
-4.758586038282731079e-01
6.245411617720194597e-01
-1.089433760560041542e-01
5.475065416085001663e-02
1.936510158203714471e-01
