2.362491188017618758e-06
2.362592441984375153e-06
2.370383000101545226e-06
2.368017998240365387e-06
2.364219969717154074e-06
2.366850530409445203e-06
2.362148513799225049e-06
2.365680903550821646e-06
2.361954747291199192e-06
2.383840358217100492e-06
2.361954747291199192e-06
2.362616953151106046e-06
2.374845739754217739e-06
2.368455563015606283e-06
2.362516987767774947e-06
2.362373699050758471e-06
2.364116875893631475e-06
2.372994499961675082e-06
2.362592441984375153e-06
2.362373699050758471e-06
2.362516987767774947e-06
2.362516987767774947e-06
2.362148513799225049e-06
2.373003484363245757e-06
2.364116875893631475e-06
2.365946413084482422e-06
2.362759922878643103e-06
2.362618622372196911e-06
2.363742051456889669e-06
2.365680903550821646e-06
2.361954747291199192e-06
2.371984585247678149e-06
2.362606759462880319e-06
2.362516987767774947e-06
2.364219969717154074e-06
2.361719041750716953e-06
2.361954747291199192e-06
2.386666941002330814e-06
2.362606759462880319e-06
2.361954332498520753e-06
2.414931322563588476e-06
2.363288112368068812e-06
2.362606759462880319e-06
2.361719041750716953e-06
2.363477502513848967e-06
2.396187649393658152e-06
2.368954452430677340e-06
2.362618622372196911e-06
2.365534449099971036e-06
2.361782861776967194e-06
2.365859796261339243e-06
2.365103928233232511e-06
2.364484956459411228e-06
2.361954747291199192e-06
2.362926292023233207e-06
2.362618622372196911e-06
2.362782371942104094e-06
2.364116875893631475e-06
2.369935032387564143e-06
2.363742051456889669e-06
2.363685581264608033e-06
2.367155695242158544e-06
2.363477502513848967e-06
2.366866910510246909e-06
2.362516987767774947e-06
2.362148513799225049e-06
2.361719041750716953e-06
2.361954747291199192e-06
2.375782737225625157e-06
2.365534449099971036e-06
2.365133703361433183e-06
2.384167614029266280e-06
2.367866781914757794e-06
2.363920402704433717e-06
2.362148513799225049e-06
2.365859796261339243e-06
2.361782861776967194e-06
2.370148163406958553e-06
2.362606759462880319e-06
2.374200442259251142e-06
2.362782371942104094e-06
2.374919425451132255e-06
2.404861835552580355e-06
2.369935032387564143e-06
2.376818479513352853e-06
2.368455563015606283e-06
2.362618622372196911e-06
2.366657107260485586e-06
2.361954747291199192e-06
2.363685581264608033e-06
2.363288112368068812e-06
2.362148513799225049e-06
2.398513606384247609e-06
2.365133703361433183e-06
2.381280831454357363e-06
2.361707307495503807e-06
2.366866910510246909e-06
2.371984585247678149e-06
2.365133703361433183e-06
2.392849871516197070e-06
2.363685581264608033e-06
2.362373699050758471e-06
2.363685581264608033e-06
2.361782861776967194e-06
2.367522023705771297e-06
2.361719041750716953e-06
2.362618622372196911e-06
2.367522023705771297e-06
2.362926292023233207e-06
2.365859796261339243e-06
2.364577436034481525e-06
2.362516987767774947e-06
2.362759922878643103e-06
2.362869569566040679e-06
2.365012637551200983e-06
2.362869569566040679e-06
2.379671478155274627e-06
2.363742051456889669e-06
2.363105138689774591e-06
2.361954747291199192e-06
2.362782371942104094e-06
2.362148513799225049e-06
2.362782371942104094e-06
2.376575838287926464e-06
2.374919425451132255e-06
2.363419221354415370e-06
2.364484956459411228e-06
2.398513606384247609e-06
2.361954747291199192e-06
2.362759922878643103e-06
2.362516987767774947e-06
2.369935032387564143e-06
2.363742051456889669e-06
2.364342724623775327e-06
2.361954332498520753e-06
2.364577436034481525e-06
2.362759922878643103e-06
2.366850530409445203e-06
2.362469911331563476e-06
2.363288112368068812e-06
2.374200442259251142e-06
2.364557826902935739e-06
2.361707307495503807e-06
2.363927702813217534e-06
2.361954332498520753e-06
2.362759922878643103e-06
2.363105138689774591e-06
2.363066315331314155e-06
2.361954747291199192e-06
2.362148513799225049e-06
2.361954332498520753e-06
2.361782861776967194e-06
2.382363087769323902e-06
2.362606759462880319e-06
2.361707307495503807e-06
2.366147268970189034e-06
2.362782371942104094e-06
2.361707307495503807e-06
2.363920402704433717e-06
2.366657107260485586e-06
2.361782861776967194e-06
2.376575838287926464e-06
2.364484956459411228e-06
2.362759922878643103e-06
2.362618622372196911e-06
2.361806096398348660e-06
2.365103928233232511e-06
2.363446131332099435e-06
2.363477502513848967e-06
2.362516987767774947e-06
2.386222678034561501e-06
2.362926292023233207e-06
2.362373699050758471e-06
2.363066315331314155e-06
2.361954332498520753e-06
2.374919425451132255e-06
2.366657107260485586e-06
2.366657107260485586e-06
2.376575838287926464e-06
2.371363210250484184e-06
2.376572168075030689e-06
2.362869569566040679e-06
2.362616953151106046e-06
2.363477502513848967e-06
2.361806096398348660e-06
2.361954747291199192e-06
2.362516987767774947e-06
2.363446131332099435e-06
2.362616953151106046e-06
2.362373699050758471e-06
2.361719041750716953e-06
2.362592441984375153e-06
2.362148513799225049e-06
2.363477502513848967e-06
2.362926292023233207e-06
2.363088016032041585e-06
2.361954747291199192e-06
2.362759922878643103e-06
2.393732988196268831e-06
2.363668586168932352e-06
2.464632322276672532e-06
2.387146979466611642e-06
2.361954747291199192e-06
2.361707307495503807e-06
2.393732988196268831e-06
2.377978158591335410e-06
2.363088016032041585e-06
2.362606759462880319e-06
2.363066315331314155e-06
2.362782371942104094e-06
2.362618622372196911e-06
2.362469911331563476e-06
2.363066315331314155e-06
2.362228645464531561e-06
2.364342724623775327e-06
2.367866781914757794e-06
2.362618622372196911e-06
2.362491188017618758e-06
2.377292921194135434e-06
2.367866781914757794e-06
2.365103928233232511e-06
2.363927702813217534e-06
2.362148513799225049e-06
2.379338346878077769e-06
2.374761925343481984e-06
2.361954747291199192e-06
2.361954747291199192e-06
2.362516987767774947e-06
2.362618622372196911e-06
2.367522023705771297e-06
2.362469911331563476e-06
2.362516987767774947e-06
2.362373699050758471e-06
2.361707307495503807e-06
2.363066315331314155e-06
2.362869569566040679e-06
2.364577436034481525e-06
2.361719041750716953e-06
2.362491188017618758e-06
2.362592441984375153e-06
2.376575838287926464e-06
2.362228645464531561e-06
2.362228645464531561e-06
2.363105138689774591e-06
2.392849871516197070e-06
2.362516987767774947e-06
2.362926292023233207e-06
2.362782371942104094e-06
2.362148513799225049e-06
2.365076518451036331e-06
2.362516987767774947e-06
2.362516987767774947e-06
2.363446131332099435e-06
2.363477502513848967e-06
2.362759922878643103e-06
2.368455563015606283e-06
2.362516987767774947e-06
2.364577436034481525e-06
2.363088016032041585e-06
2.361954747291199192e-06
2.362148513799225049e-06
2.388884302812248404e-06
2.361707307495503807e-06
2.362606759462880319e-06
2.361719041750716953e-06
2.363668586168932352e-06
2.362516987767774947e-06
2.363288112368068812e-06
2.362759922878643103e-06
2.362469911331563476e-06
2.361954332498520753e-06
2.373988279061165515e-06
2.368455563015606283e-06
2.362148513799225049e-06
2.369465806336830891e-06
2.361719041750716953e-06
2.363668586168932352e-06
2.384232205838796624e-06
2.366850530409445203e-06
2.382363087769323902e-06
2.364484956459411228e-06
2.361782861776967194e-06
2.366850530409445203e-06
2.366657107260485586e-06
2.363088016032041585e-06
2.362592441984375153e-06
2.361954747291199192e-06
2.361954332498520753e-06
2.361954747291199192e-06
2.381280831454357363e-06
2.370148163406958553e-06
2.361806096398348660e-06
2.363088016032041585e-06
2.361954332498520753e-06
2.361782861776967194e-06
2.363288112368068812e-06
2.363685581264608033e-06
2.361806096398348660e-06
2.362618622372196911e-06
2.365012637551200983e-06
2.364342724623775327e-06
2.362148513799225049e-06
2.376575838287926464e-06
2.363668586168932352e-06
2.369465806336830891e-06
2.365946413084482422e-06
2.432985033202577311e-06
2.362228645464531561e-06
2.362616953151106046e-06
2.362516987767774947e-06
2.367522023705771297e-06
2.364116875893631475e-06
2.363066315331314155e-06
2.363668586168932352e-06
2.363446131332099435e-06
2.362373699050758471e-06
2.432985033202577311e-06
2.361806096398348660e-06
