1.258840571888369952e-02
1.326390140911700051e-02
1.296280233210640037e-02
1.193962488049819977e-02
1.225237095823009971e-02
1.162992717445929941e-02
1.132256008260209938e-02
1.205992912728429990e-02
1.208261947567849937e-02
1.152885063917049972e-02
1.119071698584419954e-02
1.200815197637239949e-02
1.155212165216800042e-02
1.100417136357050019e-02
1.202746858597109926e-02
1.132296037113240082e-02
1.193442428236640013e-02
1.071995940522610033e-02
1.253896895907249953e-02
1.210293537829689944e-02
1.223968562710799936e-02
1.167523363779509986e-02
1.277216424951280009e-02
1.304044723654879979e-02
1.006319156378029933e-02
1.235584166945129930e-02
1.342755253032719941e-02
1.088861031273830049e-02
1.239758019837489990e-02
1.243318951288339969e-02
1.293479639947200076e-02
1.345470704294930014e-02
1.217985026889429993e-02
1.077980118028120000e-02
1.189211619768930014e-02
1.236889714682339915e-02
1.105672601509449966e-02
1.089602230448579942e-02
1.171451350315370031e-02
1.236049350857090084e-02
1.118297566060520026e-02
1.189220475712110016e-02
1.166951757355210069e-02
1.119131239533079948e-02
1.181011477158479955e-02
1.155728246544119979e-02
1.287049690500349959e-02
1.280650606672660043e-02
1.036061129026620044e-02
1.287065827523620025e-02
1.398137760984270034e-02
1.364480610025669942e-02
1.219396806175009930e-02
1.264889633264219999e-02
1.192853627184219979e-02
1.261198368579430004e-02
1.280213784094570012e-02
1.227499198257340010e-02
1.213217637980140012e-02
1.166942576092180016e-02
1.235691887574619924e-02
1.270632101275540049e-02
1.206621953195450084e-02
1.212641213330059933e-02
1.260527010246760039e-02
1.394214602251920079e-02
1.063830000408779938e-02
1.284846490717479923e-02
1.111650040656319942e-02
1.263117234979159974e-02
1.222683686903969918e-02
1.383816502074720033e-02
1.121773299651420037e-02
1.262152840430879989e-02
1.228281703270770082e-02
1.251188532644170043e-02
1.250368423142829942e-02
1.156320786742330055e-02
1.315951013994660045e-02
1.332005265808160026e-02
1.196910077116609961e-02
1.313466202199320074e-02
1.203821270256410017e-02
1.123629819298110032e-02
1.208227117276929920e-02
1.240497552691870002e-02
1.214763271193750049e-02
1.234950808116649923e-02
1.122435458270189951e-02
1.079710187319210014e-02
1.286390467509219981e-02
1.222902141141029957e-02
1.130975790607390008e-02
1.173801474576390003e-02
1.269969509608060050e-02
1.446997231176310079e-02
1.456211632982070021e-02
1.284879372857439944e-02
1.091951285791629978e-02
1.293164357480000061e-02
1.280877588672240004e-02
1.243003478955479954e-02
1.245553871860950040e-02
1.180858800538239946e-02
1.259480578585359979e-02
1.281483721514919960e-02
1.274364546890650006e-02
1.076900041766830005e-02
1.306279198846409945e-02
1.253284289576219943e-02
1.224578009697879950e-02
1.255050497409389981e-02
1.008182406925119991e-02
1.341357079700269961e-02
1.317700708199780017e-02
1.298638739598900055e-02
1.159650283763469930e-02
1.241216791089110039e-02
1.397489163199720080e-02
1.156476922235869995e-02
1.185208345161480048e-02
1.225730841933760085e-02
1.241174208903889943e-02
1.195958778258260011e-02
1.346640125655100030e-02
1.156504299551719926e-02
1.183199195115679919e-02
1.292396924199739998e-02
1.128694013259620016e-02
1.284096393354149969e-02
1.096350086542009945e-02
1.154972510903579976e-02
1.047565719334190085e-02
1.266014728002049991e-02
1.171183347343640081e-02
1.220701880030830057e-02
1.176886557546130002e-02
1.380899463865510081e-02
1.239768523207829959e-02
9.858453682370300550e-03
1.122422643626840022e-02
1.216745051117790015e-02
1.057234784478700007e-02
1.137294536486280032e-02
1.376605188196300053e-02
1.195300302551840013e-02
1.121155681998920080e-02
1.155565832201209918e-02
1.142694756407629936e-02
1.275126891034700054e-02
1.181543677319940068e-02
1.123459908225169987e-02
1.211735702038230049e-02
1.184211044941949932e-02
1.326556920416169932e-02
1.152627656476580033e-02
1.159128685538999941e-02
1.188124672799339976e-02
1.129462034079979985e-02
1.060128732723769965e-02
1.169529388001339966e-02
1.274837817825930086e-02
1.251869104992599929e-02
1.275955461029899991e-02
1.229665023305939915e-02
1.239635502753949972e-02
1.120495960422549994e-02
1.165668175771470035e-02
1.378740382936209999e-02
1.442687594199469972e-02
1.198999277740680006e-02
1.266640393633879959e-02
1.149075331773849983e-02
1.240804832581140008e-02
1.137297189338240012e-02
1.261604402654349991e-02
1.310954944227329944e-02
1.102641097279710020e-02
1.311252567609920081e-02
1.205993348434930036e-02
1.363087025413899957e-02
1.098780012880349981e-02
1.332431697885680041e-02
1.399397904057829954e-02
1.299240163563239979e-02
1.207618246922119963e-02
1.300378475141829998e-02
1.219519370685370058e-02
1.186788447454940019e-02
1.027107148980779990e-02
1.297645770540379988e-02
1.250833764612080054e-02
1.055836698834359925e-02
1.313655818270360008e-02
1.429311110546459956e-02
1.186574810131780025e-02
1.105843008540739920e-02
1.037458507742539983e-02
1.142584863168140050e-02
1.038900449754980027e-02
1.164455346537369984e-02
1.248433172832690008e-02
1.278780819750159961e-02
1.162829824466220068e-02
1.229738657329119966e-02
1.216672740853099940e-02
1.248808803580210049e-02
1.114410125517839925e-02
1.211420274597620021e-02
1.059291544719460042e-02
1.432533163051900003e-02
1.334823782549299925e-02
1.162794114718790003e-02
1.216892726338980081e-02
1.340044836277699998e-02
1.328131831923379941e-02
1.321184046545189998e-02
1.217463609848390069e-02
1.299959144537289960e-02
1.427439885937410030e-02
1.064162615213250056e-02
1.277337217337700011e-02
1.046638014954009988e-02
1.356055411558350007e-02
1.303799613835860023e-02
1.301595434059799918e-02
1.177081135056090057e-02
1.409222099626990070e-02
1.124345045835220026e-02
1.318402943804520069e-02
1.265408025303789950e-02
1.358615029965440021e-02
1.363250764366480058e-02
1.537542287994980023e-02
1.263351672280550037e-02
1.268434859760420030e-02
1.422893829313020067e-02
1.104974538648370065e-02
1.214785190899799958e-02
1.246136591616039957e-02
1.339351052953659943e-02
1.259999636392489936e-02
1.206925127765449968e-02
1.201659685041269951e-02
1.284176473057069973e-02
1.288667294888670017e-02
1.271943092984540065e-02
1.126226220411899979e-02
1.292271789880759976e-02
1.216853871394859947e-02
1.246596621100299999e-02
1.265804261566680008e-02
1.109782791614570031e-02
1.056625831754880000e-02
1.176060023955819919e-02
1.326978109099129916e-02
1.222377719152700076e-02
1.330239971816940016e-02
1.044013217892660050e-02
1.217565829793500025e-02
1.132313141919719969e-02
1.261654540133719943e-02
1.242616985615330009e-02
1.269105720080650028e-02
1.198731989702300077e-02
1.334254244250369925e-02
1.306077253031399932e-02
1.169780472927720028e-02
1.262387328082979938e-02
1.201793474816340024e-02
1.161050082681759979e-02
1.121168279155709997e-02
1.259585595648149946e-02
1.194769221485329942e-02
1.189955294656869916e-02
1.172296614214420052e-02
1.325527840752590072e-02
1.121139160688280033e-02
1.138842498579249914e-02
1.181844351124350032e-02
1.115836325663980069e-02
1.101995502448330048e-02
1.287215304454029929e-02
1.170055284616089951e-02
1.182235125858279931e-02
1.054097873990350077e-02
1.149897307665470082e-02
1.135549921385109982e-02
1.344593275700490045e-02
1.329325840487229939e-02
1.088729997333079923e-02
1.135700393251950005e-02
1.208336118554620073e-02
1.281698060632989987e-02
1.138099637444670020e-02
1.091489148870749930e-02
1.308352910986830021e-02
1.225478786953529929e-02
1.144276697171069980e-02
1.201009629835420034e-02
1.121653411826590077e-02
1.216343801523880018e-02
1.115616356523200028e-02
1.297100126826820042e-02
1.156222887605020018e-02
1.298458923971770006e-02
1.146636408954680025e-02
1.234062806776109987e-02
1.251528331087529977e-02
1.144982983026720039e-02
1.162961173752160085e-02
1.122734967412209947e-02
1.115636316503859984e-02
1.087254844265709945e-02
1.279260592347000042e-02
1.253014845598049952e-02
1.110497393173440032e-02
1.238057535733899997e-02
1.150670822026189991e-02
1.018155770397649942e-02
1.361762954582429984e-02
1.376697314032390013e-02
1.128380483057240050e-02
1.222736038202689932e-02
1.265251640223279996e-02
1.358882820352350085e-02
1.233948445996790010e-02
1.146787057984809989e-02
1.292722949284290032e-02
1.061401596322729922e-02
1.289386677447319947e-02
1.335240083728020041e-02
1.190043726801849958e-02
1.176135775597359975e-02
1.253879609619800058e-02
1.078952726124910062e-02
1.202681821291609957e-02
1.129973094908520020e-02
1.169781442691720033e-02
1.234384069217000016e-02
1.349401075399279948e-02
1.298778125549280085e-02
1.228480410929039951e-02
1.250245057757039951e-02
1.184712040885929976e-02
1.407345947546399974e-02
1.265167336930259935e-02
1.230013562874089986e-02
1.182347076391140027e-02
1.161287990722210083e-02
1.138862270192269981e-02
1.248145833160789996e-02
1.287563050231750085e-02
1.119070495249670054e-02
1.366073970591760028e-02
1.154408796706119997e-02
1.207166807447669979e-02
1.310699968808120078e-02
1.161371457615929977e-02
1.260601570465400001e-02
1.528575499227310085e-02
1.225414828682050081e-02
1.130723230862470084e-02
1.239090067112090000e-02
1.191554800849719924e-02
1.280668967921919955e-02
1.254937129955279937e-02
1.236928530282779999e-02
1.189212222886660078e-02
1.284514680853989996e-02
1.226081692726149926e-02
1.272416410406979927e-02
1.198513893130919925e-02
1.355951499268949999e-02
1.306416190044240068e-02
1.158832827238889980e-02
1.220833523722640070e-02
1.330157931369839973e-02
1.337939361598970006e-02
1.206911332199079971e-02
1.159488344929419934e-02
1.256620552912970055e-02
1.186410493954380072e-02
1.198080482872800057e-02
1.064224449908779922e-02
1.080271061808570077e-02
1.229645326495529961e-02
1.116783961320630056e-02
1.022349554475539962e-02
1.216677747860970063e-02
1.285381294622580002e-02
1.234879356047009942e-02
1.182445554884949991e-02
1.099507421310720080e-02
1.269483592871459982e-02
1.132067948309209947e-02
1.271034895818859943e-02
1.238664208181530085e-02
1.223111910113810000e-02
1.153597421642339922e-02
1.164237658629080005e-02
1.183267777563139916e-02
1.050173678017480086e-02
1.347844549454699919e-02
1.276217802022040076e-02
1.227713215260809940e-02
1.250550121272230031e-02
1.235694794220450025e-02
1.330427207289970083e-02
1.270890889271799988e-02
1.180767167049739941e-02
1.213437531364239957e-02
1.249554041397889920e-02
1.362519936794769938e-02
1.315311514964740032e-02
1.329363129502789988e-02
1.427966630602939963e-02
1.235669882363600071e-02
1.195053358971080032e-02
1.203288320703559990e-02
1.123749111228940049e-02
1.154064881927070046e-02
1.112073070255780068e-02
1.302010373060170055e-02
1.291147171055029991e-02
1.410430994507689932e-02
1.269017192313980080e-02
1.305857048924490005e-02
1.225795344578139989e-02
1.311617509493460086e-02
1.383416286872909962e-02
1.234025767515499993e-02
1.118088252874319989e-02
1.307806490105190012e-02
1.382137915894979946e-02
1.334619598292020003e-02
1.114248905851659976e-02
1.407007552931099914e-02
1.213463843407030021e-02
1.311339417514490076e-02
1.317699203500139957e-02
1.477607925806309966e-02
1.364080359713309987e-02
1.058098596391449965e-02
1.247811102659289982e-02
1.173593139967499949e-02
1.149596399448369992e-02
1.280678415516220067e-02
1.200057789263849969e-02
1.212394527249210062e-02
1.069137098729090046e-02
1.051121735613829919e-02
1.311505875813179928e-02
1.294029233747170070e-02
1.175899673648050058e-02
1.257332781186490042e-02
1.364459030307539969e-02
1.113467014909589985e-02
1.055992668152810031e-02
1.229129065759160082e-02
1.156511883349549928e-02
1.257517413302139918e-02
1.359604155254699916e-02
1.177466122700280074e-02
1.188131603749010071e-02
1.308259832953229986e-02
1.096501629401460016e-02
1.228968883786729985e-02
1.400428757118770025e-02
1.328017903837530080e-02
1.244297464638500009e-02
1.126055587010289967e-02
1.477963407623970014e-02
1.149317690077489990e-02
1.160730589549559960e-02
1.241269030374909932e-02
1.267614166407000052e-02
1.423073301593909962e-02
1.148059940351130008e-02
1.241647895211600051e-02
1.169717555964669940e-02
1.302194169115260085e-02
9.709853412709900169e-03
1.242483030343160058e-02
1.122213956281870040e-02
1.259070026626979942e-02
1.056172627755629957e-02
1.267471648478380071e-02
1.155714532979919967e-02
1.122871367827659936e-02
1.370824689864360083e-02
1.352596696867319932e-02
1.224270645918680046e-02
1.072741045691620078e-02
1.323894142313269962e-02
1.251692795211930068e-02
1.194635892765240001e-02
1.115342580596949927e-02
1.237394052588539940e-02
1.270705614725249968e-02
1.262881772682280038e-02
1.125100323480020086e-02
1.320262084958230032e-02
1.175928248196879931e-02
1.082248070920970029e-02
1.037497955899350024e-02
1.126479177640419931e-02
1.213988694597679940e-02
1.315635317619840046e-02
1.236928395035540029e-02
1.087175038674409976e-02
1.194642091060590071e-02
1.065108896960390017e-02
1.222942155170719976e-02
1.260983025328660072e-02
1.093158124462319941e-02
1.183672450629330054e-02
1.124368281573859957e-02
1.117963367501259922e-02
1.290441247112100037e-02
1.151588869284909944e-02
1.195543298037790060e-02
1.124838526233810053e-02
1.164934259715150015e-02
1.129314154054610053e-02
1.233568468400519924e-02
1.199948592140310036e-02
1.275658259483549925e-02
1.159238652301410044e-02
1.295146705267509989e-02
1.129643763777470056e-02
1.138707298649510070e-02
1.082420039579919981e-02
1.110434877065080012e-02
1.196227436115919994e-02
1.197046898695969946e-02
1.159124939939400016e-02
1.210891882507210068e-02
1.044606940594199930e-02
1.281837821962459982e-02
1.203797599202590003e-02
1.018273096379630066e-02
1.270415049997110010e-02
1.053549008369739949e-02
1.298103206234750041e-02
1.095582638792660067e-02
1.247208274570089925e-02
1.208937797680099957e-02
1.374912816359579945e-02
1.158301249386230018e-02
1.156522817971379971e-02
1.147740897186680029e-02
1.111293745210279946e-02
8.973391276935700767e-03
1.217564962620529961e-02
1.227995743612000056e-02
1.240149885838350008e-02
1.073825005273969929e-02
1.282262366511680018e-02
1.295218596498370033e-02
1.139764140599779964e-02
1.101104539407819945e-02
1.082812209668359942e-02
1.230757575805960062e-02
1.019504313879199958e-02
1.173265315025920005e-02
1.215785568526669969e-02
1.206589258939639968e-02
1.200306678769380055e-02
1.283979028084659968e-02
1.213161447010109931e-02
1.275556154479649991e-02
1.194573338414500058e-02
1.474557666115199929e-02
1.354322604594970086e-02
1.185488235630579971e-02
1.162586162486529962e-02
1.132937292145650039e-02
1.284391774415170016e-02
1.196363901510879950e-02
1.205431634712180074e-02
1.112605673558869981e-02
1.081667795877539959e-02
1.383592819569019923e-02
1.419670982167210022e-02
1.010527599683379990e-02
1.289954946996180012e-02
1.165900578143489949e-02
1.328362834207539971e-02
1.341461577920679930e-02
1.264783283961780011e-02
1.141526951308209983e-02
1.231888298632089970e-02
1.210585516145780069e-02
1.141057287426869987e-02
1.213770564550520001e-02
1.218704198128119955e-02
1.093239613767629966e-02
1.187559456951029976e-02
1.309957445373930059e-02
1.174642448107120034e-02
1.343747483314229954e-02
1.215472115211960018e-02
1.263366999710389960e-02
1.215142459102580043e-02
1.232469841790259993e-02
1.190747082763330029e-02
1.145986728602660029e-02
1.116497268814809971e-02
1.260953016483589914e-02
1.125895254520659951e-02
1.472246470366720024e-02
1.152934431818409926e-02
1.283094896598310081e-02
1.260520690720759972e-02
1.223276781153329919e-02
1.132906653915270040e-02
1.201866309836290003e-02
1.144434368417670059e-02
1.061223623356609934e-02
1.197217399584630040e-02
1.250767663260730043e-02
1.185182652062729929e-02
1.296798836402260000e-02
1.314958309900919955e-02
1.325918760721869934e-02
1.288962179140630028e-02
1.156702974577429946e-02
1.158495521213990034e-02
1.275644322330580019e-02
1.290650641971890014e-02
1.121826442363509958e-02
1.220429181166110023e-02
1.125442003759219954e-02
1.234220235110040052e-02
1.251503328257400072e-02
1.189634225620190069e-02
1.185283880504999984e-02
1.216404373742789938e-02
1.369925407637430023e-02
1.219067954392930031e-02
1.104304551404599981e-02
1.223794046666430019e-02
1.045098391731789922e-02
1.305456168435959949e-02
1.251194967927840053e-02
1.189890714436070071e-02
1.369582234389109948e-02
1.190884171995230077e-02
1.177242312241160056e-02
1.050707441179580051e-02
1.299532533089240056e-02
1.189284456978110041e-02
1.078518475172159964e-02
1.226253640059240049e-02
1.343048030017690055e-02
1.318056937131180037e-02
1.117246643852769922e-02
1.259018177315720036e-02
1.312028116898739973e-02
1.209455625535459967e-02
1.433543033466330024e-02
1.158885649937359957e-02
1.213962029257789968e-02
1.321015666001090078e-02
1.160149896766530034e-02
1.213331366915069987e-02
1.174541883935079946e-02
1.259021058645859968e-02
1.193661377858300059e-02
1.217554918404550011e-02
1.010431398074750076e-02
1.295620250206109929e-02
1.216859916996529921e-02
1.290595181676080019e-02
1.123749408409330068e-02
1.204348518063460063e-02
1.171941804717160050e-02
1.281389488420209971e-02
1.275145178322159914e-02
1.107661528760039982e-02
1.173712371007130072e-02
1.059001697285810034e-02
1.117691037626859958e-02
1.287726586107420038e-02
1.203315242115030048e-02
1.265196486338139928e-02
1.193232757837530029e-02
1.245442624282119999e-02
1.322433975501969942e-02
1.103380393422460047e-02
1.149937068570340039e-02
1.288881009447469944e-02
1.234465445855269933e-02
1.349589997396049949e-02
1.297218043278489975e-02
1.191198596213340066e-02
1.240694839008060074e-02
1.192080823318589916e-02
1.166142526454280043e-02
1.250297861763259924e-02
1.179167699491659969e-02
1.098384640483770006e-02
1.302016272986160003e-02
1.145012799465910079e-02
1.214276417741949957e-02
1.302112278795720078e-02
1.229126944571179957e-02
1.190139392553309951e-02
1.144643419733389934e-02
1.163167229385429942e-02
1.235287201946949978e-02
1.215305945396540077e-02
1.245426505921220020e-02
1.302093197829560026e-02
1.194898391467489988e-02
1.167675651261530084e-02
1.162832234959840054e-02
1.221409061461969925e-02
9.371094995987100038e-03
1.220432004076799949e-02
1.381572813164689932e-02
1.206370030348880018e-02
1.304001000488090069e-02
1.210479974066819980e-02
1.311362816439889944e-02
1.173977357799630035e-02
1.224052831562190066e-02
1.127787662039500018e-02
1.059496414436619967e-02
1.315293873434130074e-02
1.158382185068750070e-02
1.172908399378639992e-02
1.263368744164639935e-02
1.382765542039510014e-02
1.271559585912609980e-02
1.203468158854970049e-02
1.268469788748160035e-02
1.139354362177399937e-02
1.289800858132849996e-02
1.199910161305830017e-02
1.323893391056949961e-02
1.159601263794039945e-02
1.108691042059809992e-02
1.305252076967879961e-02
1.268139248680199942e-02
1.148877362882290074e-02
1.273558997907149951e-02
1.295789881951829939e-02
1.213478507193740084e-02
1.083412709444410080e-02
1.084005612175189918e-02
1.297693367522009984e-02
1.186634861586939940e-02
1.207289140586949999e-02
1.221919334230859959e-02
1.074969925784969964e-02
1.112827211685630049e-02
1.278226943241650079e-02
1.196630457086230066e-02
1.235391046796460029e-02
1.232490838612010017e-02
1.552508636639990044e-02
1.164259285224139920e-02
1.348047886291789919e-02
1.254557709999339944e-02
1.116324460289640046e-02
1.124974690300100007e-02
1.005625912819430035e-02
1.239307172476000057e-02
1.252905391388899926e-02
1.121559489344490027e-02
1.168868758130620078e-02
1.108291647630220075e-02
1.166457137516640000e-02
1.233623524290049928e-02
1.143310687665349996e-02
1.215888213907879989e-02
1.074448109188760013e-02
1.100506997773529998e-02
1.218480742103520038e-02
1.279904296458679938e-02
1.132527415664420084e-02
1.310675955065510045e-02
1.241759248218549973e-02
1.273764417844159939e-02
1.334467802990599999e-02
1.279914700599760029e-02
1.189729948237400019e-02
1.196170264721110009e-02
1.231747111254359942e-02
1.312158215464430053e-02
1.213518250411440083e-02
1.107298253021150002e-02
1.222692769297119980e-02
1.336520509458559956e-02
1.208957890826049993e-02
1.199729704492269976e-02
1.073000922052820029e-02
1.202110112085530078e-02
1.101033653869410052e-02
1.099319297879220066e-02
1.106577792193099916e-02
1.042736209613779989e-02
1.029189294251330045e-02
1.281669143171459968e-02
1.339781092073409965e-02
1.077422325543980069e-02
1.279862526427100015e-02
1.066783913778380014e-02
1.193122511569909977e-02
1.222638011586939938e-02
1.212119532816710067e-02
1.304255365571000032e-02
1.197468476992170038e-02
1.253708111228309975e-02
1.345384626883299947e-02
1.263648635509910002e-02
1.087230244273489944e-02
1.232925679941079995e-02
1.127014202331219975e-02
1.117386338326659991e-02
1.196836275049950084e-02
1.309564340162499944e-02
1.287366420641510023e-02
1.184725661130050026e-02
1.180174383164230012e-02
1.115943915303030040e-02
1.303340589421920007e-02
1.246859103405359957e-02
1.279808912670449966e-02
1.157388436702110057e-02
1.195582298747490009e-02
1.040661425519149967e-02
1.156437386638929990e-02
1.183617433608370045e-02
1.391930851393700062e-02
1.060458504552459942e-02
1.102200737830080074e-02
1.107729496787229935e-02
1.054602182752559930e-02
1.288449420781019941e-02
1.282688774428989917e-02
1.230431207618319991e-02
1.245415577935309916e-02
1.231913617824639991e-02
1.222861903868610080e-02
1.052001854702539971e-02
1.174047814045429960e-02
1.333436267577430001e-02
1.184142851094059992e-02
1.207423789313349927e-02
1.202473029941330054e-02
1.224247049185690078e-02
1.229424249287319922e-02
1.261538876452969991e-02
1.179773518899769960e-02
1.277132179614169985e-02
1.341821714184849960e-02
1.064623528434200002e-02
1.299790811065519927e-02
1.205687936948779924e-02
1.306117821343640018e-02
1.121485459355020010e-02
1.222009091815490049e-02
1.089251537117180008e-02
1.227877694113570055e-02
1.114081883200149919e-02
1.259658107689870001e-02
1.239994490972189979e-02
1.061975311113830082e-02
1.336196825706430051e-02
1.091491300742340048e-02
1.097820893357599921e-02
1.184765342079539992e-02
1.285357226433599988e-02
1.241659876784080054e-02
1.343861277101709994e-02
1.157712093220210001e-02
1.116630538284439991e-02
1.166346114287310047e-02
1.240135189259589966e-02
1.324332707514619921e-02
1.228572912156529993e-02
1.312760357440470073e-02
1.309838883887630076e-02
1.304346961303340033e-02
1.266956840623069923e-02
1.338867313469689971e-02
1.257017040331970086e-02
1.092760278035490029e-02
1.283403698616909956e-02
1.137398484991570050e-02
1.205698404811159953e-02
1.355822682879479976e-02
1.246458220979010031e-02
1.388718244781820058e-02
1.255818330634849919e-02
1.274445188984340074e-02
1.271070654159480069e-02
1.141958814387850074e-02
1.251086410635720084e-02
1.230836725014770004e-02
1.365182351503040070e-02
1.357577974719919971e-02
1.223881676291850053e-02
1.161939984554320043e-02
1.238607713749670033e-02
1.050097372056459956e-02
1.250574364568590030e-02
1.346961884138899931e-02
1.213183964036840083e-02
1.036951478212840005e-02
1.169861042432110074e-02
1.223407468866129916e-02
1.061103221702120077e-02
1.168005516660100031e-02
1.193199481840759996e-02
1.216646083527309942e-02
1.062064728931510008e-02
1.141003464303949957e-02
1.208868897907689963e-02
1.217164151197300086e-02
1.105142279343459925e-02
1.159170863396839952e-02
1.284707839791559940e-02
1.162006761817790078e-02
1.237667319910729959e-02
1.342966853024040071e-02
1.336738711664029952e-02
1.339125932911549959e-02
1.235764552061830064e-02
1.192728845619729985e-02
1.179441873761079979e-02
1.203468263111059922e-02
1.272975901340120050e-02
1.138996943983230058e-02
1.228520946674039986e-02
1.346250751312890077e-02
1.091165710006639956e-02
1.172548229934199972e-02
1.173441500154360009e-02
1.137793670446030081e-02
1.341525338001109922e-02
1.182305991084139918e-02
1.083462234676410042e-02
1.370433950571250080e-02
1.145536779929309974e-02
1.226840860634429917e-02
1.243113408992430058e-02
1.257200221714009983e-02
1.132609794917460028e-02
1.336836629633740038e-02
1.214502315670539997e-02
1.127822029604239919e-02
1.237377206571100077e-02
1.173861272403460033e-02
1.127479009372889945e-02
1.223385748157299925e-02
1.167238317292250069e-02
1.226465554355020068e-02
1.328385785038809982e-02
1.259725629531029990e-02
1.271755839672819924e-02
1.110143134876140011e-02
1.186119767786360073e-02
1.246854380065520046e-02
1.391927983448540060e-02
1.350414356143490001e-02
1.237560041139229919e-02
1.109763965409420010e-02
1.039679237857600060e-02
1.155739351953780081e-02
1.149541145420909967e-02
1.330037599927290023e-02
1.069315473837889954e-02
1.093796571203669958e-02
1.285944161586020061e-02
1.068410290327520031e-02
1.298683724349170010e-02
1.240709239860910036e-02
1.251375865619100067e-02
1.066721393722539976e-02
1.163183634676540068e-02
1.250542129408900062e-02
1.293517222268640056e-02
1.218900632628279988e-02
1.305751004274030048e-02
1.232416533163210003e-02
1.247636460634050058e-02
1.197413447912550055e-02
1.115341008767360004e-02
1.309933856449650019e-02
1.098950091760269969e-02
1.131252442589330068e-02
1.189480578332719959e-02
1.176720951894470041e-02
1.222215687644680020e-02
1.324453757625369994e-02
1.204183719948120034e-02
1.223346958084279949e-02
1.322503862108520035e-02
9.801747518428100339e-03
1.309705789604279948e-02
1.290715007435849944e-02
1.234385302868390086e-02
1.256577812770690028e-02
1.114585811021250039e-02
1.186307245547209982e-02
1.162900167992080014e-02
1.122508041228430058e-02
1.233843353876150004e-02
1.201925966421889952e-02
1.182707814933730076e-02
1.043730973335399957e-02
1.325834190429710062e-02
1.311585759586529967e-02
1.231271160309319913e-02
1.203507098720519967e-02
1.325594315104859991e-02
1.332845948125579993e-02
1.232296544453089990e-02
1.343351674440860025e-02
1.338892800857269944e-02
1.164293213985630009e-02
1.189811426773119962e-02
1.313318363831159942e-02
