9.683676289725299743e-03
9.145442068865999863e-03
8.957694904937099634e-03
1.023137446732350075e-02
9.908446952447599529e-03
8.170775036743899503e-03
9.121832788438300615e-03
9.427868914652899265e-03
8.847620492619600110e-03
8.582756511974499666e-03
1.075667379932200053e-02
9.151075969589800643e-03
1.031268816396949985e-02
9.974524842545700112e-03
9.632695845793900341e-03
9.041054561723799177e-03
8.930266909593599298e-03
9.070790939609900752e-03
9.138126184614599537e-03
9.885559336143599427e-03
1.020586268451770078e-02
8.766261415638200091e-03
8.252364448953700485e-03
8.778879109382799542e-03
1.124526715163910034e-02
9.302635067279000150e-03
1.133865318861159918e-02
9.630250180542899996e-03
8.466122012610899708e-03
9.519631386056399275e-03
8.932018776887099692e-03
9.266650034773799699e-03
8.791072646242400340e-03
8.540602351858600852e-03
9.616455510321600397e-03
8.822458832714199714e-03
9.636851319422200593e-03
1.024377751775279975e-02
8.545182799433699919e-03
1.091236533095489916e-02
8.823766897761299577e-03
1.110345606144600046e-02
8.934732542371299699e-03
1.140263655176970009e-02
8.343527129436900322e-03
1.163303137996169953e-02
9.959738082037700516e-03
1.013636350233670068e-02
9.699074940116899496e-03
8.604864160043199442e-03
1.192922737715539951e-02
9.978747380773899875e-03
1.037006841654589985e-02
9.511520695061899400e-03
8.793867328163500197e-03
1.036245380660360052e-02
8.729752266456700799e-03
8.759247336419799523e-03
8.746929629672399800e-03
8.316448701176299904e-03
9.042691843122299677e-03
9.361695772086800482e-03
1.165193875827610047e-02
9.248546121718499713e-03
9.699810824213299723e-03
7.777096016331999824e-03
9.114112421980300263e-03
1.043962621305690071e-02
1.093934926188029969e-02
8.164817285997400670e-03
1.061904735556610038e-02
9.250993950445899824e-03
9.282610261949299224e-03
1.089645280386189984e-02
9.586760681197100190e-03
1.039751034720409924e-02
9.269690475681300473e-03
9.534506685765399212e-03
9.399781663214399480e-03
9.554431669555300474e-03
1.000264824844379966e-02
7.705482204126599781e-03
9.092310671061700281e-03
9.678862036186199752e-03
9.216161519859600304e-03
8.418859063514800081e-03
8.991240568706900319e-03
9.076352686267500497e-03
9.892438541633900850e-03
8.781311079067599668e-03
8.913816687832100058e-03
7.259522637088199927e-03
1.017086606904860080e-02
8.761550985394200158e-03
8.018788577165300580e-03
1.010467467267450042e-02
9.441165460585900643e-03
1.012012750391170016e-02
8.896586209991799721e-03
8.666953495767000179e-03
9.904004355204599347e-03
8.587809860289299935e-03
9.852688654008500205e-03
9.744154523890199981e-03
1.002426516359260049e-02
9.378547289008099669e-03
9.567574073360899517e-03
1.004857315272550053e-02
9.487443973079099854e-03
7.788852767957299937e-03
9.976921260574299691e-03
9.924373408197599208e-03
9.764011434369900683e-03
9.587966542534900535e-03
8.781152614592299330e-03
8.138342110741700330e-03
8.979350683839400563e-03
9.320397422735800588e-03
9.272842137714499416e-03
1.234851277023099950e-02
1.070032265315709955e-02
9.216231769274800187e-03
8.056263725672599407e-03
9.102927620554200280e-03
8.130999324644999984e-03
9.696823830590900126e-03
8.964706411405199207e-03
1.047851804179380023e-02
9.242296587831299801e-03
9.019777311820700860e-03
1.000922830001640083e-02
9.492855128319599434e-03
1.135480813700679922e-02
1.154131963474509977e-02
9.831446500188899609e-03
9.070725675348400435e-03
8.343133741389599858e-03
8.859020856205499297e-03
9.931005769012299714e-03
1.033810992328089949e-02
9.668455916271200684e-03
1.056684495386719935e-02
9.768351597967099217e-03
1.023985607530489977e-02
9.903030371387200673e-03
9.131004570410399326e-03
8.323187907856799406e-03
1.162632854673869946e-02
9.119328924584399823e-03
8.883041557444699282e-03
8.666882543801100389e-03
1.053867179950090070e-02
9.827320549539700703e-03
8.674595834715099346e-03
8.845643261327300333e-03
9.210919744464500167e-03
9.518454396354899399e-03
7.668448881908600419e-03
9.584843009475499387e-03
9.260700360048699370e-03
7.211851823892600002e-03
9.306535112338299581e-03
1.082739366156859964e-02
8.003442110961499906e-03
9.302097698772699916e-03
8.870739815026800271e-03
1.028984709601049943e-02
9.263373643037399463e-03
1.000349563665939995e-02
9.648913544099600725e-03
1.026608777623220017e-02
9.512021605526900167e-03
1.025494201200119991e-02
8.296138283386199699e-03
8.968783813385399969e-03
9.088596094516300170e-03
6.697718044911100087e-03
9.503231605140499347e-03
7.205161694759400041e-03
9.842539415797799812e-03
9.062161966890700318e-03
1.144597905153240010e-02
8.829022983823500703e-03
1.055776933525660009e-02
8.806069187775999313e-03
9.639298951416899394e-03
9.125632335973800704e-03
8.618301053557700028e-03
8.990164642602799239e-03
1.076283160801080017e-02
8.942219377095699667e-03
8.604160163061699146e-03
9.147421272532199263e-03
9.761760621368400712e-03
6.956513226340100414e-03
9.760816061042100478e-03
9.660271907628000324e-03
9.966909861349199790e-03
9.370796276390699203e-03
8.642190870061300031e-03
1.158680239301690049e-02
9.330640133990200299e-03
9.850623560845199467e-03
9.972633478724200751e-03
1.035081811162229942e-02
1.028440971096609979e-02
8.197378505315600083e-03
9.885174145735500101e-03
1.062315027563590086e-02
1.080549724173989964e-02
1.009396613204970039e-02
7.855393015633699641e-03
9.896923754827900016e-03
8.974973054766299807e-03
9.244386507575499262e-03
8.781121273494800830e-03
9.642916937374599456e-03
1.051824337682949993e-02
9.175839927036700747e-03
9.373386040178800435e-03
9.554012887674299265e-03
8.754731529842799814e-03
9.810245354210699389e-03
1.011687658719729981e-02
8.739102664239399923e-03
7.743964363653500424e-03
1.001975978790320063e-02
9.585458184218199548e-03
9.647872885546599636e-03
8.082775727927999504e-03
8.412170516657600447e-03
8.643133749887000478e-03
8.524884762718900125e-03
8.475450104532100681e-03
1.060953125242099920e-02
9.652952600611100151e-03
9.862668765460899309e-03
1.084527141118890071e-02
9.203198745239999159e-03
7.870701660000499478e-03
8.952700925758699801e-03
8.070861329678200025e-03
8.863963657071000785e-03
1.086285050695849977e-02
9.802011382506900516e-03
8.267609488683599211e-03
9.221898885285099642e-03
8.498895630692400449e-03
8.653777455742800787e-03
9.661425367778199783e-03
8.188668903545000613e-03
9.698046920093600365e-03
1.024182871292560019e-02
1.018836346838460083e-02
1.047162255394270061e-02
8.956498948253099543e-03
9.906638377767899156e-03
9.567206035854000298e-03
9.800364091913199918e-03
8.039313839258399944e-03
9.262707592630099740e-03
9.534617398019000142e-03
9.581843658038699529e-03
8.018345713352999574e-03
9.570067173481399195e-03
8.140276384048400829e-03
1.081045188790190001e-02
8.666589290695199399e-03
8.415427739647299635e-03
9.507031167948300221e-03
1.004485902929889984e-02
9.541573298063599218e-03
9.781175854575600848e-03
1.011251329781420044e-02
8.560503401365500420e-03
9.333169828034400262e-03
1.047486371712479970e-02
9.908878635002400792e-03
8.882764710359499979e-03
1.093307289067290029e-02
1.040998971828739975e-02
8.700216151417500265e-03
8.877260345682400772e-03
1.047022361824920082e-02
9.109559897098700593e-03
1.235543712287989933e-02
1.137987316808490058e-02
8.320043113432099707e-03
8.529762173190099175e-03
1.087443549694670081e-02
9.364171460600799815e-03
1.036200625116409993e-02
1.076328257915699915e-02
9.004434628798000176e-03
9.590766419208199972e-03
8.717870639652399584e-03
8.588924666458599630e-03
9.781601365357699834e-03
8.650415267307400013e-03
9.249945958562899931e-03
8.111899349844199289e-03
1.076852323391959930e-02
8.972747537066300821e-03
8.951547597979999521e-03
9.810784017959499684e-03
9.320010594114700245e-03
1.195993054100609986e-02
1.006601317892050033e-02
9.389322044332699263e-03
8.995170964018599571e-03
8.835503769662300666e-03
1.043833465264180048e-02
8.810752951426999505e-03
9.746547777420200634e-03
9.083474669798899739e-03
8.987255104172699530e-03
9.295965745450000123e-03
1.084485625397309944e-02
9.869058055122500311e-03
1.051364378144080056e-02
9.639635791610800045e-03
8.896982956152399771e-03
1.035929597103080017e-02
1.159103924609240083e-02
1.058001702145260070e-02
8.317081380832499690e-03
9.677671710722699980e-03
9.549275050053800812e-03
9.340905481447300471e-03
9.625147673882400098e-03
7.917111248348599611e-03
8.343154956221199639e-03
8.739860715145599326e-03
9.308995260847999914e-03
1.020112086587910034e-02
9.498472678627399926e-03
9.897378025056599235e-03
9.922778474151700695e-03
8.717985717933500120e-03
8.866374838932000041e-03
1.085321320950890026e-02
8.656615729335400550e-03
9.460240619574799420e-03
9.425906474762000067e-03
1.092269917145059950e-02
8.019392188103900698e-03
9.960590550542399932e-03
1.009014726508790025e-02
1.035248331975329936e-02
8.549288374931900136e-03
1.011811706977339999e-02
9.394464073603099249e-03
1.004951991503970007e-02
8.778087942087599294e-03
8.060691408282900580e-03
9.364308507440900070e-03
1.006545084967309933e-02
8.442905053636399690e-03
1.082807747540319963e-02
8.243288594500800676e-03
1.026834334110520060e-02
9.751185744318600565e-03
8.381402608868000759e-03
1.076275985457170008e-02
1.081633393997880055e-02
9.406834630526099417e-03
9.435070950872799164e-03
9.423942404398800293e-03
8.995759509828100617e-03
9.291903237175000788e-03
1.018360495144499979e-02
8.940010600128200577e-03
9.958170910585399313e-03
9.614761943856900070e-03
1.053954246469039971e-02
9.357956313374200460e-03
1.020835284387140024e-02
1.018505516316020078e-02
8.652409089028100658e-03
1.034632677815170050e-02
8.991263402551300660e-03
8.306095749403399897e-03
9.424079946312500719e-03
9.047441492333200067e-03
1.064216336409760065e-02
9.677827443241100031e-03
1.062711626104100027e-02
7.869367308980300055e-03
8.610666566157800655e-03
8.868105072154399901e-03
1.014916260664749936e-02
9.436099240321599302e-03
9.719490311564700155e-03
9.172558606761700706e-03
8.833698883507700231e-03
8.683178849093900822e-03
8.565137524042299583e-03
9.744356954094699971e-03
1.182676115765650057e-02
9.631706520070100128e-03
8.866830884817900396e-03
1.039593411665210021e-02
8.251137318065000087e-03
9.399141885835800292e-03
9.466113719136699800e-03
9.035489066364400801e-03
1.157804837898749988e-02
8.616607395415200668e-03
9.207764048829100711e-03
9.264932698967699720e-03
9.115803797839999376e-03
9.707758551866599653e-03
8.119700754195099263e-03
1.187113388552919931e-02
8.117632981295400466e-03
9.524646411312100158e-03
9.611270551010499263e-03
8.831951649760499956e-03
9.519464935711799761e-03
1.104118005374499917e-02
9.784916138359200238e-03
9.005897771741799493e-03
9.230007468089999195e-03
1.072397703394810040e-02
9.064791375278600724e-03
9.082026854724799605e-03
9.823060019484800703e-03
8.371762260552799428e-03
9.799969305475299958e-03
8.678682779256000068e-03
7.318913246018300157e-03
9.571947102720600176e-03
9.486660374689400224e-03
9.910920681500399662e-03
8.333452091534699832e-03
9.923235091040899514e-03
8.651945889391500846e-03
9.289519064262799497e-03
1.231960269445150045e-02
8.127870034590100462e-03
9.585101111786899566e-03
1.008043763064449955e-02
9.322179760454300107e-03
1.164436948516599929e-02
9.717031344826499925e-03
9.230447633568400131e-03
1.076087135747690049e-02
9.253923941731599656e-03
8.870018385773500297e-03
8.287931664448499811e-03
8.154792626196099431e-03
9.707444666614099826e-03
1.180930862126380008e-02
8.931922769568700557e-03
9.354554204499099246e-03
8.455860377596600627e-03
8.976602062904700738e-03
1.030856443403839993e-02
9.114732625368299201e-03
8.972509765344799729e-03
9.607128014205799232e-03
1.005039365786439959e-02
7.676035870167700371e-03
1.061933363750080031e-02
9.678455904192199283e-03
9.431521698189799380e-03
1.040910963866879986e-02
1.029205410735250029e-02
8.917227127460200173e-03
8.849514083962199337e-03
9.134122954899100491e-03
1.062824698945499975e-02
9.715348478048599357e-03
9.422853441696800794e-03
1.031203266225869976e-02
8.714451340788000044e-03
8.863679919765599796e-03
8.368784311766699902e-03
8.894217324937699412e-03
8.568313783862899213e-03
9.580653597778300556e-03
1.129842174934679935e-02
1.076297380726220013e-02
8.452076981218799995e-03
9.433032174995199803e-03
1.054029299678019976e-02
9.651156905278299517e-03
8.093631283251400202e-03
8.295228926433499336e-03
1.107260217030269986e-02
8.398268918517899292e-03
8.978030597296800253e-03
8.919836430334199262e-03
9.284803076714599410e-03
9.831639332564199793e-03
1.026143844719249951e-02
9.491788566414499639e-03
9.077546828360800665e-03
8.704389809869799571e-03
9.754509729990000488e-03
8.612773156165499586e-03
9.741286156823599288e-03
6.955347271281499613e-03
8.611829381864199648e-03
9.271679391543099710e-03
1.128556366871059924e-02
8.858049273830600340e-03
7.264590099575500212e-03
8.030415092695000062e-03
8.722819284764499886e-03
9.625661282873199456e-03
8.575858667917600139e-03
9.815555415413599466e-03
1.008853666144450024e-02
8.452859143809299605e-03
9.447260034388499719e-03
9.830891609565300601e-03
1.071590302050189937e-02
1.041800747237909934e-02
1.008139854061339963e-02
9.658889091608599542e-03
9.968204984368900234e-03
1.057342657474919997e-02
1.025985714617469978e-02
1.089432611840829984e-02
9.371578847903799456e-03
1.023125039693120047e-02
9.273046036575699133e-03
9.739584661481500566e-03
8.840585303581199872e-03
9.371164385686999235e-03
9.671477865394200249e-03
9.679008706954499511e-03
8.814451232308000150e-03
9.177970374070400228e-03
9.908114642022000651e-03
9.665660985120200221e-03
9.612167517750600659e-03
9.114224369533099196e-03
9.385998414050300553e-03
8.813279730177999913e-03
9.209279568389299939e-03
1.117688161142380010e-02
1.253760908860969935e-02
9.986759435950599839e-03
1.019062334256099975e-02
8.704929582893799339e-03
1.105755920827150053e-02
8.741478031990200862e-03
8.898629236221099886e-03
8.985653767163200717e-03
1.119545915658979977e-02
8.826531673448899384e-03
1.033543200626729948e-02
9.835688521228099293e-03
1.059307002444340000e-02
8.256765836768599834e-03
8.817637336543599977e-03
9.538483043685199933e-03
1.078877769398520030e-02
9.827871159704100815e-03
1.084376920486749933e-02
9.708018528544500383e-03
9.168641987216400585e-03
9.810442798735099709e-03
1.001275914989190052e-02
9.010847547848399239e-03
8.825140612006999313e-03
9.376257922411000700e-03
9.385595814899399744e-03
9.628020179467400297e-03
8.776787986732099978e-03
8.847251848002800345e-03
9.833969985223900423e-03
9.967803042171600320e-03
8.719897305696600737e-03
8.156833585558799851e-03
9.249610351628599625e-03
8.981358256354000577e-03
9.039390079137399336e-03
1.132052739878450058e-02
9.024086200041999198e-03
8.822972774939499829e-03
8.262876136484499645e-03
9.316657709275099480e-03
1.064701512400870013e-02
8.912105426776600198e-03
1.010391781124500045e-02
9.550438756039000138e-03
9.715393887277100002e-03
8.089694308905399228e-03
9.171779133481900576e-03
8.508960482678599654e-03
1.031855119398999987e-02
9.563205966342299552e-03
8.933821076831299779e-03
1.018720555721079959e-02
7.655846663992400131e-03
8.989085504002500282e-03
8.407971086452900589e-03
9.745388612775299914e-03
1.050779655838260038e-02
9.191590365344800770e-03
8.603918928777400804e-03
9.399557233038499313e-03
8.808022793596100714e-03
8.563197282307200009e-03
9.220844310284000492e-03
8.357829550783900038e-03
8.674248133571600683e-03
9.928386153909299350e-03
9.476240842759499697e-03
1.024066907851550051e-02
9.472137196964299302e-03
9.147730920431300372e-03
9.437933861415299247e-03
1.081302495258609948e-02
9.824172754393099144e-03
9.121274742427900803e-03
1.144955386377070027e-02
9.689725468421700461e-03
9.497955330518599235e-03
1.023528645800039945e-02
1.089458723155379942e-02
8.808371648029699949e-03
1.049983325619490045e-02
8.216046924145200755e-03
9.396850596286199231e-03
9.663631223762500499e-03
8.953586438193600686e-03
9.236468471520899864e-03
9.532787127441700453e-03
9.385948199082000745e-03
8.116084823059699360e-03
1.092117017330269946e-02
9.385995454232300486e-03
8.257433724472200767e-03
1.071902314244170019e-02
1.099924277138080060e-02
8.526433773774499264e-03
9.820277989639199234e-03
8.990719680190500593e-03
1.109064694761740036e-02
9.373305813596599992e-03
9.339372791454199352e-03
1.007689466963209921e-02
1.069518289443339987e-02
7.624917358925099864e-03
8.293236459525900675e-03
8.744106884001300733e-03
9.881812758415599654e-03
8.968605130094899416e-03
9.168160948078700467e-03
8.289951263784400837e-03
8.845016252316099253e-03
7.600210625548700118e-03
9.591244293050299810e-03
9.618024600007799713e-03
9.600314458297199219e-03
7.993693809701900646e-03
9.801337721647200574e-03
9.677893400802399862e-03
9.146692235943700011e-03
8.215984275375100288e-03
1.113004349321049941e-02
9.946156019814900856e-03
9.500802627427000144e-03
9.007135194142000534e-03
9.918886061783999814e-03
8.218794453909999617e-03
1.146325474694760010e-02
9.132664485061099333e-03
9.535067711976699320e-03
8.777058312720700806e-03
8.078676387919099533e-03
9.559652372648899665e-03
8.128022722616999596e-03
9.634469254826199744e-03
8.790927828456800153e-03
9.035402981808200382e-03
9.045245192259099634e-03
9.878652179949400786e-03
8.843176019165899238e-03
9.050729444583599514e-03
1.096204592048830029e-02
1.033627296801420056e-02
9.617054474011600684e-03
9.898432636454500624e-03
9.901431035236600564e-03
9.642344604804399880e-03
8.499543138850200463e-03
1.090097848425019937e-02
9.608147980001100277e-03
7.851277418531999244e-03
9.485847507848900462e-03
8.848879197611800654e-03
1.101720247139090052e-02
9.814337205011999798e-03
9.265104276588399454e-03
1.012824514191829929e-02
8.671192887142300035e-03
8.055700772606300825e-03
9.116798391964000062e-03
8.590127209693600510e-03
1.182996732713790036e-02
7.597039946624500016e-03
9.786963596023800713e-03
9.926496549603100808e-03
9.277502581837900747e-03
8.837935832963600760e-03
9.755399755232900191e-03
9.177719095994300164e-03
9.812559675807800558e-03
8.965506522890399205e-03
9.508179107735000024e-03
9.276443995754999824e-03
9.883523196537399164e-03
8.951279218914899583e-03
1.071888437522730032e-02
9.586200837867800764e-03
9.545299997856299470e-03
1.021946953403500037e-02
9.863115870389500481e-03
8.807935498716000164e-03
8.745443317699800809e-03
9.034485071307499920e-03
8.853519604698500273e-03
1.038500396550649969e-02
8.462275294873299394e-03
8.623025698033800340e-03
9.311949581431600703e-03
1.079036067636189936e-02
1.044436347647919976e-02
8.885998388426600766e-03
9.562963078893399471e-03
9.418032632897499826e-03
9.919237859329899792e-03
8.695193921339000251e-03
9.018782290470700805e-03
9.956690134428099540e-03
9.730647761488899969e-03
8.899707518671600218e-03
8.673324804358999163e-03
9.266173638879000862e-03
1.029058329985589951e-02
8.637427392792600134e-03
1.034274195040519977e-02
8.266244646652999226e-03
9.401240809628700831e-03
1.064162155798989949e-02
9.528031187942900132e-03
1.001177702416759970e-02
9.430779815801799623e-03
1.017160665832129995e-02
9.266845642698100585e-03
9.673513643801699355e-03
9.189494938047000627e-03
8.708634793238100025e-03
7.844655712041600018e-03
9.100588241951500235e-03
9.018045664956300667e-03
9.601372081679099627e-03
9.017609175386100823e-03
8.917993096058899477e-03
9.639264606333299359e-03
9.832180310440799195e-03
8.514863496629700157e-03
8.965156482564899665e-03
1.103201289185960082e-02
9.817684979472000167e-03
8.154298733002100785e-03
8.897442774832599321e-03
9.848747230330700403e-03
9.592865394299000467e-03
9.622382573072999282e-03
9.380767433801799962e-03
9.450645910128100194e-03
1.040150539453969965e-02
1.124635651755800068e-02
9.199633504028199849e-03
1.049963938597319943e-02
8.651728744977500718e-03
7.986461554768200383e-03
9.097168663687800125e-03
9.648931753399500252e-03
1.061090571896059973e-02
9.962962783805500225e-03
9.991069695764300332e-03
1.034070045983889914e-02
8.495849867583700823e-03
9.338720143119500633e-03
8.522509707656899386e-03
9.012296960786600822e-03
9.172562810261200572e-03
9.545814882873999291e-03
9.786850531411999191e-03
9.773639363541000019e-03
1.173676730938509952e-02
9.507494061848899281e-03
9.915954294316499384e-03
8.768062111670799422e-03
1.012851540142610009e-02
8.740730682429699930e-03
8.398811059911800297e-03
9.875275018980800637e-03
9.717263090502199774e-03
9.224267415727200464e-03
9.500296098952599674e-03
9.361175281099599552e-03
9.069655659397400649e-03
1.061510386350089999e-02
8.688433856000000663e-03
9.694130631877299203e-03
1.064344823689379951e-02
1.048020168994610000e-02
9.484727956225399298e-03
1.063332363103859993e-02
9.882617006813700436e-03
8.672170215507200505e-03
8.667670282411900004e-03
1.035606332348609944e-02
1.006561788365560074e-02
1.141889623790929946e-02
8.780501922068799370e-03
1.012861275887639960e-02
8.041317329576100001e-03
9.277655937895900803e-03
9.744032831775200493e-03
9.666244996039199955e-03
9.847185391214400771e-03
9.031404522332399376e-03
8.403024198530199482e-03
9.825783239421499379e-03
9.949498214390400594e-03
9.828053085746399353e-03
1.043001186106900027e-02
8.140060166769899283e-03
8.632775718645400650e-03
9.747045553273799359e-03
1.108761238616350064e-02
1.159822335207789934e-02
8.609522992688200399e-03
1.026620752547379931e-02
1.180448730106349944e-02
9.422947332637699597e-03
9.702803020013200594e-03
9.196425957942299528e-03
1.008641613325110022e-02
8.813834280647900310e-03
9.865857598132800679e-03
9.438788833779500342e-03
1.100075158151700080e-02
9.944708718756200411e-03
8.161258537114799913e-03
1.050285564864020076e-02
9.027339310275699774e-03
9.982065290576299169e-03
1.085639844247259997e-02
9.057427639663100105e-03
7.998268878803600421e-03
9.481261536261800099e-03
8.310434459710299565e-03
8.784165818406500584e-03
9.672420123887699728e-03
8.785895953920099324e-03
1.014220671155039930e-02
7.778845057092699869e-03
9.503420674403599208e-03
1.039337645470549999e-02
8.931108943513900791e-03
1.073039259161390029e-02
1.062981792744079924e-02
9.356672153887600485e-03
1.256822437885840062e-02
8.828537861356700392e-03
8.832344706575500151e-03
9.785533446925400239e-03
9.338180059118799878e-03
1.053315771255899924e-02
9.432572335641700376e-03
9.940564064609899719e-03
8.973075740390600019e-03
8.084450217616199336e-03
8.499168606714400595e-03
9.201864161398700531e-03
9.817546120809600083e-03
8.970506095444299652e-03
1.037079800637370069e-02
8.876683545862299601e-03
8.985693565001900626e-03
1.105472416992409924e-02
8.373099115048099686e-03
9.726872247916100098e-03
1.047792821641209925e-02
8.524127184516500436e-03
1.035104187876629937e-02
9.750936850352000598e-03
8.912878060246199469e-03
9.068092683280999308e-03
1.055167541369560029e-02
1.005211247826119994e-02
9.449343417986899238e-03
8.432342400734800167e-03
1.124734249593089923e-02
1.037790915901829966e-02
7.831436132658700644e-03
9.564618900213699149e-03
1.072406853559300030e-02
9.697279136461000107e-03
7.892990685304199575e-03
8.605275673717599841e-03
1.007082776127830002e-02
1.106500658968639916e-02
1.085023330448560072e-02
1.015782999700609937e-02
1.137114358862579937e-02
9.468371515351599668e-03
9.490520924724599530e-03
1.085011258729230016e-02
1.050318919235040081e-02
1.191716031802769922e-02
1.081348481645959952e-02
8.893015500480999300e-03
9.553112519287599788e-03
9.888462607283999770e-03
9.487338662286400742e-03
1.105455994373429930e-02
9.292206068436899280e-03
9.884015393446500541e-03
1.000882261008470032e-02
9.525814626927099280e-03
1.006352237996959928e-02
9.587394594146999779e-03
8.887742185081299803e-03
8.658374194448400021e-03
8.720385090142699497e-03
8.348489118997099237e-03
9.606896143530399557e-03
8.935541299884899868e-03
1.074757636281160021e-02
1.031747397223349919e-02
9.303421852386499144e-03
9.767800220007099438e-03
8.478792270278000254e-03
9.448595624857400802e-03
1.026196220429810048e-02
8.791684003684600499e-03
9.188405836430400819e-03
9.743212754097500816e-03
9.288538636853700681e-03
1.076083136108539964e-02
9.578887243830399786e-03
1.001861142930899999e-02
9.205598273845299467e-03
9.426606353571100050e-03
9.390929093922299742e-03
9.699328196362400414e-03
1.093245500130689968e-02
1.138006518340010063e-02
1.014596455705979970e-02
9.642634917249799306e-03
8.612604209956499501e-03
9.386612957383999242e-03
1.031863068363189986e-02
1.068904056695980063e-02
8.779357061944999263e-03
9.609058625359699971e-03
7.905224544129299535e-03
8.275912780428199347e-03
9.656697384837100231e-03
1.200771020387460079e-02
1.104951781536249976e-02
9.594335687527799292e-03
8.263860831170800197e-03
9.035845967115400598e-03
1.045465839705950022e-02
9.898357445067200097e-03
8.688952330099300111e-03
1.091622157061129979e-02
9.499214660711199909e-03
8.489488172725299236e-03
9.380397293469899811e-03
1.010359134347769972e-02
1.003701135535130066e-02
1.007877813346120047e-02
1.102104134329950046e-02
9.508015665081200052e-03
8.973868203575199529e-03
8.989414677380399427e-03
9.051448549984299555e-03
8.850732987335699353e-03
1.052079282567859944e-02
1.044049028439569989e-02
9.848672439874800802e-03
9.031962302967799436e-03
1.020122127198459967e-02
9.620856888171500435e-03
1.008806126897049925e-02
9.886044566479200435e-03
9.424211248569800206e-03
7.934941780705700651e-03
9.714638068867600257e-03
1.033349526432550056e-02
8.225091408076900742e-03
8.224650179118100576e-03
8.420442288368700651e-03
1.045457931512860060e-02
8.268800702261899435e-03
8.991565779374599554e-03
9.371753895484100094e-03
9.442230139142800821e-03
1.137174462525909931e-02
1.054046230563870055e-02
8.772329350079800803e-03
8.963682967419100284e-03
9.236157853920399716e-03
9.583551530122800741e-03
1.088302619114880042e-02
7.987814905859300096e-03
1.034568582196710058e-02
9.182067809469599343e-03
8.885544385649899596e-03
9.231210761983899699e-03
1.049486381562110028e-02
9.880079330159099657e-03
9.782921100359699695e-03
7.426211126242100377e-03
