9.457667661921964619e-03
9.606885378194627428e-03
9.753112029342611219e-03
9.421064384664515345e-03
9.220331752087244925e-03
9.524509651892162226e-03
9.557290000196019819e-03
9.637962614992100566e-03
9.456280076161746248e-03
9.310602760284635016e-03
9.264805658878032951e-03
9.075626090889542252e-03
9.153308919991815992e-03
9.647847651710976177e-03
9.178178940902637431e-03
9.890439099179252486e-03
9.178178940902637431e-03
9.666842322237819904e-03
9.178178940902637431e-03
9.075626090889542252e-03
9.583758346558115052e-03
9.624480619989392652e-03
9.139345126314576961e-03
9.662448785098289028e-03
9.178178940902637431e-03
9.736675503557475422e-03
9.178178940902637431e-03
9.075626090889542252e-03
9.658892004330120115e-03
9.517876649506531658e-03
9.381244365774700847e-03
9.457117669199417362e-03
9.104828209313423071e-03
9.660533904524294668e-03
9.682864687638237378e-03
9.663447249479971760e-03
9.804319403375706676e-03
9.647847651710976177e-03
9.624480619989392652e-03
9.661083897246841926e-03
8.935928890989699655e-03
9.770008426166836360e-03
9.736776484525679065e-03
9.673699799588281883e-03
9.637962614992100566e-03
9.451235783329363718e-03
9.821151797529618921e-03
9.353873764871142513e-03
9.852714931359555714e-03
9.660137463265395727e-03
9.338946050434738730e-03
9.178178940902637431e-03
9.873802055595787622e-03
8.974762705577760125e-03
9.487065092261937060e-03
9.660533904524294668e-03
9.706952323375169986e-03
9.016915516762367619e-03
9.451235783329363718e-03
9.457667661921964619e-03
9.549695794017733913e-03
9.533360249200803493e-03
9.566592190841959054e-03
9.457972323510827756e-03
9.459032549773411722e-03
9.456721227940518421e-03
9.457667661921964619e-03
9.533259268232599851e-03
8.935928890989699655e-03
9.381244365774700847e-03
9.359909035284193560e-03
9.879535238449871012e-03
9.753112029342611219e-03
9.451235783329363718e-03
9.661083897246841926e-03
9.736776484525679065e-03
9.687022863854375179e-03
9.549695794017733913e-03
9.421064384664515345e-03
9.338946050434738730e-03
9.637962614992100566e-03
9.647300128770040784e-03
9.600903168050829370e-03
9.694045893272322523e-03
9.899228547506315826e-03
9.242537986970830038e-03
9.721292884831408965e-03
9.016915516762367619e-03
9.356725155316693299e-03
9.421064384664515345e-03
9.706952323375169986e-03
9.753112029342611219e-03
9.490629657947445216e-03
9.579360504094131326e-03
9.107186524959759444e-03
9.310602760284635016e-03
9.421064384664515345e-03
8.828507387449157154e-03
9.905335358459128187e-03
9.584660601099578153e-03
9.444431416386098871e-03
9.706952323375169986e-03
9.457117669199417362e-03
9.283648856937059754e-03
9.178178940902637431e-03
9.687022863854375179e-03
9.666842322237819904e-03
9.455975832906037687e-03
9.403469142869750122e-03
9.557290000196019819e-03
9.457667661921964619e-03
9.566592190841959054e-03
9.682864687638237378e-03
9.647847651710976177e-03
9.624480619989392652e-03
8.974762705577760125e-03
9.451235783329363718e-03
9.706952323375169986e-03
9.566592190841959054e-03
9.654652018654241025e-03
9.463426086912944332e-03
9.661083897246841926e-03
9.463426086912944332e-03
9.721292884831408965e-03
9.524509651892162226e-03
9.153308919991815992e-03
9.660533904524294668e-03
9.663447249479971760e-03
9.283648856937059754e-03
9.434546379667224994e-03
9.310602760284635016e-03
9.753112029342611219e-03
9.659392068230914993e-03
9.153308919991815992e-03
9.837380671229356555e-03
9.660533904524294668e-03
9.220331752087244925e-03
9.661743985912627994e-03
9.549695794017733913e-03
9.659392068230914993e-03
9.421064384664515345e-03
9.402174942983837838e-03
9.198758707658962266e-03
9.178178940902637431e-03
9.445954222295707345e-03
9.061389423553155645e-03
9.444431416386098871e-03
9.661388558835705062e-03
9.456721227940518421e-03
8.974762705577760125e-03
9.451235783329363718e-03
9.687046966338050749e-03
9.490629657947445216e-03
9.353873764871142513e-03
9.670385820270912050e-03
9.661388558835705062e-03
9.660533904524294668e-03
9.703590227544130892e-03
9.706952323375169986e-03
9.503536088050292679e-03
9.153308919991815992e-03
9.061389423553155645e-03
9.753112029342611219e-03
9.662448785098289028e-03
9.899228547506315826e-03
8.935928890989699655e-03
9.524509651892162226e-03
8.872209855564666681e-03
9.421064384664515345e-03
9.403469142869750122e-03
8.935928890989699655e-03
9.647847651710976177e-03
9.637962614992100566e-03
9.837380671229356555e-03
9.421064384664515345e-03
9.704719645369562150e-03
9.356725155316693299e-03
9.701919123134250880e-03
9.455975832906037687e-03
9.457667661921964619e-03
9.721292884831408965e-03
9.682864687638237378e-03
9.470283564263404577e-03
9.821151797529618921e-03
9.804319403375706676e-03
9.549695794017733913e-03
9.890463201662928056e-03
9.457972323510827756e-03
9.458327750587750687e-03
9.617735562204741614e-03
9.654652018654241025e-03
9.673699799588281883e-03
9.695812312181438519e-03
9.153308919991815992e-03
9.687046966338050749e-03
9.899228547506315826e-03
9.658892004330120115e-03
9.660137463265395727e-03
9.403469142869750122e-03
9.658892004330120115e-03
9.459032549773411722e-03
9.852714931359555714e-03
9.321093416567284920e-03
9.600903168050829370e-03
9.687046966338050749e-03
9.445954222295707345e-03
9.242537986970830038e-03
9.198758707658962266e-03
9.770008426166836360e-03
9.220331752087244925e-03
9.687046966338050749e-03
9.633964435904479248e-03
9.402174942983837838e-03
9.356725155316693299e-03
8.935928890989699655e-03
9.457972323510827756e-03
9.353873764871142513e-03
9.487065092261937060e-03
9.637962614992100566e-03
8.974762705577760125e-03
9.837380671229356555e-03
9.421064384664515345e-03
9.661743985912627994e-03
9.850716364094918090e-03
9.445954222295707345e-03
9.075626090889542252e-03
9.353873764871142513e-03
9.455975832906037687e-03
9.356725155316693299e-03
9.421064384664515345e-03
9.445954222295707345e-03
9.659696311486623554e-03
9.402174942983837838e-03
9.459032549773411722e-03
9.242537986970830038e-03
9.220331752087244925e-03
9.579360504094131326e-03
9.633964435904479248e-03
9.654652018654241025e-03
9.470283564263404577e-03
9.662448785098289028e-03
9.662448785098289028e-03
9.359909035284193560e-03
9.804319403375706676e-03
9.661083897246841926e-03
9.695812312181438519e-03
9.524509651892162226e-03
9.666842322237819904e-03
9.624480619989392652e-03
9.633964435904479248e-03
9.353873764871142513e-03
9.381244365774700847e-03
9.451235783329363718e-03
8.935928890989699655e-03
9.356725155316693299e-03
9.139345126314576961e-03
9.736776484525679065e-03
