5.861563711333299745e-03
5.912513978188100282e-03
5.910160779691599718e-03
5.755414210187199606e-03
6.170806211776999617e-03
5.807732802586699702e-03
5.499645728223000185e-03
5.988433337438200249e-03
5.734686893425399758e-03
5.716071373735600279e-03
5.812713586762399687e-03
5.941262755328300012e-03
5.895602189377499580e-03
5.929017181132900313e-03
6.127352086080900193e-03
5.971330305956400360e-03
6.503935354828900388e-03
5.900300984728400200e-03
5.746430795857700342e-03
5.712081402117099964e-03
5.839568089159499938e-03
5.873191996955600368e-03
5.929262990914199900e-03
5.532659874139100181e-03
5.645361789333800361e-03
5.881730592740000256e-03
6.043425695997700284e-03
5.714276250384399750e-03
5.642813078513799624e-03
5.756621327281799712e-03
5.716465098077099828e-03
5.786460109296000416e-03
6.138280864844800240e-03
6.031763305533299931e-03
5.747256242925299734e-03
6.033273124810800171e-03
6.222361129319499591e-03
5.920489064744799933e-03
6.404841601136200373e-03
6.213724951752899912e-03
6.019721251330299901e-03
5.658308161813100159e-03
5.544147053796300018e-03
5.959863273476500266e-03
5.971948653933000124e-03
6.290096461125999593e-03
5.746106680727399753e-03
6.127411063200099810e-03
5.641310086310399874e-03
5.855594638903599720e-03
5.694518490765299902e-03
5.958541352584900003e-03
5.950862952131400103e-03
5.579068816292899989e-03
5.934635060946100334e-03
5.809963880181399573e-03
5.935534290763500205e-03
6.340046100073599804e-03
5.932845101197700352e-03
5.989398092709700104e-03
5.665439439136299785e-03
5.757814134054299766e-03
5.786350974326600304e-03
5.594443372362500368e-03
5.386425517801199728e-03
6.012083584591700232e-03
5.774667008614500427e-03
6.209093846761700418e-03
5.917744016205300078e-03
5.913039997909999568e-03
5.875626588359100268e-03
6.278011403005099786e-03
6.082943190375799704e-03
5.775404518559900356e-03
6.380812119418100004e-03
6.522091648374300256e-03
5.902143404535100182e-03
5.663927101430399694e-03
5.671525171513000160e-03
5.995911509603399879e-03
5.671157929051699742e-03
5.896845539017299929e-03
6.055024418640799974e-03
5.855280440696900013e-03
5.681343853343200079e-03
6.481303926339600403e-03
6.096612195108999654e-03
5.875857707466900122e-03
5.607542433033700126e-03
5.396073261778800388e-03
6.082992261829700022e-03
5.973519547265799569e-03
5.661039890654999927e-03
6.054498274437700167e-03
5.765749515131300164e-03
5.954671964662999577e-03
5.871813665736700175e-03
6.074599652343099648e-03
5.643759425348200166e-03
5.486117741110899636e-03
5.843287368102300337e-03
6.224614945693400167e-03
5.769507878068599709e-03
6.060984061001100168e-03
5.774319744582499803e-03
5.745971899585000132e-03
5.951637130783099701e-03
5.784697335564700262e-03
5.843287368102300337e-03
5.822315738990900373e-03
5.979747392449700008e-03
5.736036208189999874e-03
5.914358375518399998e-03
5.569164192985399942e-03
5.813077658195600281e-03
5.883484893701799653e-03
5.944599708660800244e-03
6.005451372337300073e-03
6.270470927200300255e-03
5.775778272860799568e-03
5.983123552360299774e-03
7.172881974674499839e-03
5.859041214059199781e-03
5.937495069672799747e-03
6.371122813128100339e-03
6.933675014075700062e-03
5.325764027819099647e-03
6.234561626730500405e-03
6.227879552060999746e-03
6.133573406166300049e-03
6.541418987705500086e-03
5.836621611146199790e-03
6.509973004353799934e-03
5.821353457683899925e-03
5.652320213759099571e-03
6.239380101374999640e-03
5.846872950181000207e-03
5.852701328115899986e-03
6.375799807106999860e-03
5.910236142970299797e-03
5.652001048173100305e-03
5.615666048908199599e-03
5.704620617265099801e-03
6.109329134275600336e-03
6.018209379236899755e-03
5.774323534522700016e-03
6.109133650245100050e-03
6.002808662667299608e-03
5.738935546605800249e-03
6.366456842117500237e-03
6.061429177173299591e-03
5.652592043317699808e-03
5.960586981566399697e-03
5.710771569953299737e-03
5.798836200817900424e-03
5.679678521701500213e-03
5.702211831805100058e-03
6.171852577750300099e-03
5.677134778847899715e-03
5.636137225852999762e-03
5.729879038658999835e-03
6.320375154046899840e-03
5.918124616272299986e-03
5.620639739155400272e-03
5.798596076768000422e-03
5.781044982325600143e-03
5.855763542268800116e-03
6.051577089401899770e-03
6.051253552331699835e-03
5.790231436513300183e-03
6.051989060166700421e-03
5.349655288630700105e-03
5.679057714991399795e-03
5.941655161238399915e-03
6.051104479738799759e-03
5.659865807921300208e-03
5.856153379998000306e-03
5.578475885964599701e-03
5.954542920251900025e-03
5.640520884008499644e-03
5.504002548405799965e-03
5.617911153485400343e-03
5.840905433766199577e-03
5.909679018023900228e-03
5.875601881489199603e-03
5.727738878480099875e-03
5.699304217323700357e-03
5.642667894518300226e-03
6.047842722907600423e-03
5.800666242759200224e-03
6.183067116212400370e-03
6.063701989238900331e-03
6.132663138348500194e-03
5.790667621830699989e-03
6.481303926339600403e-03
6.066431147615500286e-03
5.537473527533399997e-03
5.546041665012499747e-03
5.468303047488999591e-03
6.516272206538100027e-03
6.087048244524400145e-03
5.892841326605000214e-03
5.997824016148899616e-03
6.000069085864499774e-03
6.043296438087099667e-03
5.639654167103099608e-03
5.944599708660800244e-03
5.821049500968599952e-03
6.050656694274900334e-03
6.088865494760000059e-03
6.414910481373200211e-03
6.687747157597100263e-03
6.505773714252200204e-03
5.703114882738100078e-03
5.907470364154900414e-03
6.101168821847699833e-03
5.872131513783900025e-03
5.897047425740500025e-03
5.943851172788600264e-03
5.944146075145199937e-03
5.725374807032199836e-03
6.001174270361500293e-03
5.904400608286199809e-03
5.357924976351000068e-03
6.079308115502800314e-03
5.898704220266099904e-03
6.108656875180199647e-03
6.308734326380700114e-03
6.287713237482100287e-03
5.664065800065800314e-03
5.768808007338199761e-03
5.712073803478000082e-03
6.019863740854300080e-03
6.132549482042199719e-03
6.210725458841300298e-03
5.593623511497200322e-03
6.000503605212899674e-03
6.190170625187800015e-03
5.874131745509700298e-03
5.993168123569900078e-03
6.165884606433300226e-03
6.096273900063799676e-03
5.810241638713799575e-03
5.615666026413800027e-03
6.056047939943299575e-03
5.703616013856299682e-03
6.085224069185500399e-03
6.343480062886899980e-03
5.744957907102699567e-03
6.056301327103899568e-03
5.886264888878700238e-03
6.004023237922999703e-03
5.781891348219999650e-03
5.955943998270400372e-03
5.783949110953300402e-03
5.760721040313099978e-03
6.239380101374999640e-03
5.722556705064000410e-03
6.145542733024000372e-03
5.712571393146999819e-03
6.019013508280900149e-03
6.045526809200400115e-03
5.963303564557699728e-03
6.018392549855199579e-03
6.035591853119200156e-03
5.967982518868600143e-03
5.844127683391700176e-03
5.929109448661500428e-03
5.620607817392899580e-03
6.247793053572999952e-03
5.919173969632100102e-03
5.866122136580299677e-03
5.850942630860700086e-03
6.441512741669299692e-03
5.458617570519600122e-03
5.924567141264099751e-03
5.612519975996099753e-03
5.932120815787599727e-03
5.690801158122000408e-03
5.917366010977200344e-03
5.053291014159900368e-03
7.398205345369999672e-03
5.627292961592199848e-03
5.597261869373999950e-03
6.714380998627299604e-03
5.694925651597599649e-03
5.594243538865399830e-03
5.770197295685000269e-03
5.679408164448699822e-03
5.792151569776500010e-03
5.841650523687100076e-03
5.943746863237900184e-03
5.871654373151199632e-03
6.095536333519499701e-03
5.867454562660700396e-03
6.181416949473100310e-03
5.888331053402200317e-03
5.620717598239099652e-03
5.684910334897700333e-03
5.687053745069999694e-03
5.804319089781600181e-03
5.747515506339400011e-03
6.027405730717000365e-03
6.131836173126400252e-03
6.032482882464999981e-03
6.020528285791799765e-03
5.945000000940999646e-03
6.448112654060499972e-03
6.038613355204799568e-03
6.446789088098500362e-03
6.297501268936500293e-03
5.941988240207500202e-03
5.738495559676299804e-03
5.888424007362100254e-03
6.269312170589100112e-03
6.292684739487600272e-03
5.655549304874800051e-03
5.735763841104300417e-03
5.937761545851599765e-03
5.853997826645700349e-03
5.673644953197399740e-03
6.176628306767600017e-03
5.841269213249100298e-03
6.276423366759699592e-03
5.912072351429299710e-03
5.658800289069099675e-03
6.210513178164600231e-03
5.742020819902200410e-03
6.474470949140400354e-03
5.645782134630000088e-03
5.980899252648300309e-03
6.024058769028100419e-03
5.883862470964599904e-03
5.920506321914899978e-03
5.855261346120000342e-03
5.599436348750199896e-03
6.005519737983300299e-03
5.772781904341200282e-03
5.498640041118299689e-03
5.619327373277300045e-03
6.303297030979900309e-03
5.587962328454499847e-03
5.886981402024800067e-03
5.836167862314199824e-03
6.217244177735500171e-03
5.024060936699200307e-03
6.121875355047899647e-03
5.410659272163800132e-03
6.058106858013399647e-03
6.198119429085499968e-03
6.101383510834799961e-03
6.441512741669299692e-03
5.927307836281200254e-03
6.164481815925200101e-03
5.865182777175200098e-03
6.242954457872600289e-03
6.141691040867400080e-03
5.737019490324700433e-03
5.666118448273100433e-03
6.113563554411899879e-03
6.002122779299699784e-03
5.895335455559700018e-03
6.282373044762599827e-03
5.806499212174899734e-03
5.726631987332700228e-03
6.060796329646799679e-03
5.723882255009199969e-03
5.622450353249999755e-03
6.357838142428499754e-03
5.647605868077000026e-03
6.169672123394000056e-03
5.916275808823499849e-03
5.682318699066099717e-03
5.882613442015499801e-03
5.835898256544800114e-03
5.771538183553100339e-03
6.004189166180000370e-03
5.938578382868400091e-03
6.409203542975400354e-03
5.879679250257200014e-03
6.176577544186300124e-03
5.620455983901899953e-03
5.704918839832100359e-03
5.666939008606500239e-03
5.754523918816500418e-03
5.640584058098700032e-03
6.006565379988500035e-03
6.035660451358899892e-03
5.972060940256600399e-03
6.860726410542600066e-03
6.112334686017999869e-03
5.695724311256099986e-03
5.473139937457600392e-03
5.886148185000700424e-03
6.022846139236500036e-03
6.406638346248300087e-03
5.768926552700099838e-03
6.189711442060199728e-03
6.333938821753699704e-03
5.961181286932600368e-03
5.961166299397900083e-03
5.761621023853300168e-03
5.605875883568599977e-03
5.955619090629100248e-03
5.897877579985599632e-03
6.029617585061599998e-03
5.972421274049099713e-03
6.019922826689800416e-03
5.715475213383999949e-03
5.785452423075299576e-03
5.842885143168600158e-03
5.994900370681200200e-03
6.875709081347600345e-03
5.588664139998599650e-03
5.898269115905599609e-03
6.323312927405000221e-03
5.653806345347200425e-03
6.007422678209800061e-03
7.086728726616199972e-03
5.993091845449699702e-03
5.609370142870100107e-03
6.022420343990799937e-03
5.906706311791999620e-03
5.532053419478400250e-03
6.152756449392200212e-03
6.130533681474499737e-03
5.836096554727700225e-03
5.829048461207599757e-03
5.666164478503200180e-03
5.883881132967200278e-03
5.628120010589699601e-03
6.230401665638199936e-03
5.737242193753299899e-03
6.091767665146999647e-03
6.077209925227300240e-03
5.710288816790300322e-03
6.426669596723800018e-03
6.725828117978499901e-03
5.605718310941199857e-03
5.515345277714699818e-03
5.744754420403000092e-03
6.312859779537599927e-03
6.091767665146999647e-03
5.883285384567000023e-03
5.636955336858599959e-03
6.448112654060499972e-03
5.963607223445800166e-03
5.921886777195599881e-03
6.038072865733499876e-03
6.505773714252200204e-03
5.685540417060100209e-03
5.869148371093400179e-03
5.825634989491700055e-03
6.293107486445599988e-03
5.806029279550300320e-03
6.273545390078800153e-03
6.359809196441200234e-03
5.887827127250100205e-03
5.837954891242400426e-03
5.887974994149600128e-03
5.644710065712300016e-03
5.677269724620399687e-03
5.946630223883199798e-03
6.033802264668599973e-03
5.652001048173100305e-03
5.888600489659900211e-03
6.369507130624899732e-03
5.937329897605100361e-03
5.750116894633399908e-03
7.060044199932599684e-03
6.465476067735400137e-03
6.126391441071000164e-03
6.596794798360000080e-03
5.636354691014900352e-03
6.038772730691300411e-03
5.738954077872399605e-03
5.587431497156099616e-03
5.866359942578600051e-03
5.594193839398100415e-03
5.389885594987300389e-03
6.025795064025700129e-03
6.076437980528400298e-03
5.870400830043200416e-03
5.607958876043399842e-03
6.745583515760399974e-03
5.757203784276399700e-03
6.509973004353799934e-03
5.930140678431799865e-03
6.136889300805099985e-03
6.929102752776900194e-03
5.879241706777099848e-03
5.927967556479199658e-03
5.892467762209700061e-03
5.714848628954800371e-03
5.850942630860700086e-03
6.076437980528400298e-03
6.049767003403899723e-03
5.999894360246000105e-03
6.118572093436400183e-03
5.950624846826200152e-03
6.001174270361500293e-03
5.988238298498800224e-03
6.085683836060100209e-03
5.962914953293399663e-03
5.910818763683500093e-03
5.869364934506899993e-03
5.553340792012100360e-03
6.557500095269499715e-03
5.747490140291400089e-03
5.698648566955300150e-03
6.546222381947000048e-03
5.994987163192199570e-03
5.842885143168600158e-03
5.578416565868399984e-03
6.049099831223599989e-03
6.000973787260699931e-03
5.945367199449299971e-03
5.801590463074699812e-03
5.740405085594499877e-03
5.824484937808900413e-03
5.796552491006999770e-03
5.776860333976999683e-03
6.387825315451600358e-03
6.234123746470999865e-03
5.880406557275600146e-03
6.872222178658399586e-03
6.110690110869699924e-03
5.562304794013200361e-03
5.761351391496300281e-03
5.848053070003100297e-03
5.939085647407999803e-03
5.634839859387799632e-03
5.879872118084100187e-03
5.937773238250300054e-03
5.879241706777099848e-03
6.504247253999399965e-03
6.557500095269499715e-03
6.212243915677899929e-03
6.783339878164900381e-03
5.838477596512300395e-03
5.962736964137799710e-03
5.629727163838500227e-03
5.900939140721200328e-03
5.675085976168599798e-03
6.633571612894200234e-03
5.419595045344599744e-03
5.699155974487100408e-03
5.715668321636199582e-03
5.697779350079400403e-03
5.829104595111199785e-03
5.816406521999799815e-03
5.622808599686299723e-03
5.725651075172299813e-03
5.983071918363299865e-03
5.953692510763500083e-03
5.921703618449200221e-03
5.560938837045399652e-03
5.668653478844199595e-03
5.842736694088900354e-03
6.366456842117500237e-03
5.808021513265200324e-03
6.234393998703300147e-03
5.903292824308599765e-03
5.798468215262100010e-03
5.810928732027900029e-03
5.911908833592100301e-03
5.817538841645099670e-03
5.678692598108699661e-03
5.759971510379700323e-03
6.296754587987000128e-03
5.648782421673600312e-03
5.765929043326799980e-03
5.711905167435200013e-03
5.709804858497200160e-03
5.932897878448800157e-03
5.839961738435099810e-03
6.071505287748599732e-03
5.900784686611500358e-03
5.976335352493499821e-03
5.914320317082700194e-03
6.424475262667300041e-03
6.055747575596999964e-03
5.784930006342500070e-03
5.690580057189399688e-03
5.668423516543900226e-03
5.882434612513399996e-03
5.832911183176200422e-03
5.681229107232400356e-03
5.288511972310900276e-03
5.474235631431899861e-03
6.098837839140900177e-03
6.039297112586199806e-03
5.552383699066200037e-03
6.369784959492599818e-03
5.999066670003300183e-03
5.912010229928699873e-03
5.905927288279500149e-03
6.058477220854100245e-03
5.759350380072500268e-03
5.565357568433000265e-03
6.040950551153800342e-03
6.000677506893900386e-03
5.300871514894499835e-03
5.900065122513600303e-03
5.631701367773500264e-03
5.890169585789299667e-03
6.424475262667300041e-03
5.856769222996999723e-03
5.843478178990699906e-03
5.645469687830800311e-03
6.003866271550899886e-03
5.364890284752800095e-03
5.919742567407000264e-03
5.938250675537899877e-03
6.045816140047300009e-03
5.905186658041600145e-03
5.809791559250899844e-03
5.930961865593100020e-03
5.902922300785500356e-03
5.739073473757100308e-03
5.961696986690000373e-03
6.204503197483500140e-03
5.905303367341700228e-03
6.053783375025699812e-03
5.847856860692200037e-03
5.690843730808199663e-03
7.779920235456599595e-03
5.489444765409699604e-03
5.719224963201200405e-03
5.611440847320300386e-03
6.166442430789300343e-03
5.697595760617800258e-03
6.342658297158100360e-03
5.687304344687300200e-03
6.341384358371800374e-03
6.234393998703300147e-03
5.895401058806999835e-03
6.166097037135299767e-03
5.828948165154199806e-03
6.094134637951499969e-03
6.222394926805099695e-03
5.951471983174700352e-03
5.653148966078200277e-03
5.824484937808900413e-03
5.763117642064200311e-03
5.832763278959199847e-03
5.849412049248900111e-03
6.579452529727800210e-03
5.746462988821800406e-03
5.658067002439200015e-03
6.869474509277199818e-03
6.073591658368299694e-03
6.045743643349700026e-03
5.774948762361700044e-03
6.107367125936600388e-03
5.845395576192199613e-03
5.924421825233600232e-03
5.648279446178699863e-03
6.131259477727199828e-03
6.214291861331099585e-03
5.829312624924000256e-03
6.426669596723800018e-03
5.875345252090500084e-03
6.078362305445800078e-03
6.985959294559999574e-03
5.963579519294599611e-03
5.804339692125499647e-03
5.696535700692200409e-03
5.754059102450999677e-03
5.726967769587599719e-03
5.920402869530499643e-03
5.729785174359500188e-03
5.050570116197200185e-03
6.132698333710999601e-03
5.870227656408199927e-03
6.906951058186000005e-03
6.146985143934999979e-03
6.060984061001100168e-03
5.519434266171700278e-03
5.508917771217000312e-03
5.716684649860500136e-03
5.793129498326700377e-03
5.772673489887599971e-03
6.010124825772100374e-03
5.877426161525200164e-03
5.592389603063400126e-03
6.061245564134900080e-03
5.803914781043100282e-03
5.936503031211699984e-03
5.679611654096699755e-03
5.810012795610599787e-03
5.647943519531699666e-03
5.604059163800099996e-03
6.102861872841799928e-03
5.706420765111099719e-03
6.021648316310099745e-03
6.029203672886900185e-03
6.089099953033100081e-03
5.927868670296000328e-03
6.351388506537000191e-03
6.133584160513899999e-03
5.671307710272400354e-03
6.710698797052700067e-03
5.688877452148999835e-03
5.517875672464500093e-03
5.766194269782199712e-03
5.887179862498199794e-03
5.977387895608699854e-03
5.802496108332800065e-03
5.842736694088900354e-03
6.061245564134900080e-03
5.958678205445800367e-03
5.796924194680599940e-03
5.815032379979699975e-03
6.021199642382599887e-03
5.891843082368899802e-03
5.724807137428200056e-03
5.963408480120399938e-03
5.568014931581700272e-03
6.176154175747200319e-03
6.637291701370000296e-03
5.714521557147599941e-03
5.772320853157600178e-03
5.817346863256200179e-03
5.776860333976999683e-03
6.066358486446900115e-03
5.807683457826300424e-03
6.048685576575400097e-03
5.749573869864300392e-03
5.902496834608399884e-03
5.807397743446900129e-03
5.716551269432000419e-03
6.141352497122300018e-03
5.711065762435099842e-03
5.762220007309200309e-03
5.829585020748899969e-03
6.003525019661300373e-03
5.829685954908099890e-03
6.233903965630899734e-03
6.143113108314800230e-03
6.000720071728700422e-03
5.700247978704600302e-03
5.910328806659199789e-03
6.232934506716900080e-03
5.883240664853199922e-03
5.591037304367599790e-03
5.693106897498300366e-03
5.952119334199900032e-03
5.543537742807000228e-03
5.303116435482800074e-03
5.845240251266499605e-03
5.652373074408700154e-03
5.956413461652300401e-03
5.658308161813100159e-03
5.950634505169799873e-03
6.112274392660000007e-03
5.971008862116300095e-03
5.777793235481499569e-03
5.863726758291699925e-03
6.343480062886899980e-03
6.199663708240600070e-03
5.662080055640000310e-03
5.615321723290100063e-03
5.702427052652300418e-03
5.458617570519600122e-03
6.358898030893799652e-03
5.730369529379200112e-03
5.842435790698199613e-03
6.090216890963199778e-03
6.086665289155600289e-03
6.285440250140899958e-03
5.656431997477199755e-03
5.903127450565299680e-03
5.491817647023999882e-03
6.133707187704300415e-03
5.724773224196600362e-03
6.013834717449999603e-03
5.610646901562900239e-03
5.753628505541099648e-03
6.116584566675999958e-03
6.229063526104399590e-03
5.860987795664500226e-03
5.973605927427999736e-03
5.915784602356199962e-03
5.820439517110500421e-03
6.056196969537200325e-03
5.483901928672500238e-03
5.705367762728699894e-03
5.969682785949399773e-03
6.105011833262600010e-03
5.863897539814500251e-03
5.370859665594199944e-03
6.725828117978499901e-03
5.694769136069899838e-03
6.310778298540400261e-03
5.873476941118199735e-03
5.709658568132200407e-03
6.123375753560100082e-03
5.742550268919200188e-03
5.727978681049900392e-03
5.744008556603600116e-03
5.942730174330700284e-03
5.784780379568099824e-03
5.789024655358699853e-03
5.652547081070500093e-03
5.739628442204799778e-03
5.776234158316300056e-03
6.008381002202600220e-03
5.724041186823900125e-03
5.683900811495900401e-03
5.968049709913899811e-03
5.612665218103599606e-03
5.999452586027499701e-03
5.876652981000100168e-03
6.053186729110000136e-03
5.789744745319299647e-03
6.783339878164900381e-03
5.774569243604099796e-03
5.681484241704700192e-03
6.055718751291500231e-03
5.921914058672699856e-03
5.894384327901200024e-03
6.027609146182199770e-03
6.103102075183500057e-03
5.591994562875000387e-03
5.906919677395299634e-03
5.778264367933499610e-03
6.227879552060999746e-03
5.853279957659600352e-03
5.931686589326299816e-03
5.967106365994599877e-03
6.195990073551400391e-03
6.356933490855099997e-03
5.823068974700000219e-03
5.839568089159499938e-03
6.246016714108199724e-03
5.967152684890699582e-03
5.411392049311200200e-03
5.733302408837600075e-03
6.189280780595599572e-03
6.050517552660700238e-03
5.840829171809200186e-03
6.309503769193000253e-03
5.848549669903499622e-03
6.109965372647099997e-03
6.225878392094899745e-03
5.731045163576299790e-03
5.764617371923299975e-03
5.583123586510399874e-03
5.905108012423199680e-03
5.621100254711900411e-03
5.827110784714499905e-03
5.707097155610099844e-03
6.117842878413000396e-03
6.173141906919099760e-03
5.868742898153400320e-03
5.539778101090599843e-03
5.972060940256600399e-03
5.798779360322700062e-03
6.010876339347899673e-03
5.579000947734800119e-03
5.651015640505199777e-03
5.753025839019400116e-03
5.754780349903300049e-03
6.021955410464800013e-03
5.828675448656299787e-03
5.844317541172000356e-03
6.399814433706600345e-03
6.150682035409999783e-03
5.631472625554400160e-03
5.930100500388699875e-03
5.711987716773599642e-03
5.506499524385999669e-03
5.810557969668199950e-03
5.929378107606899859e-03
5.885529362175899969e-03
5.833506302528299742e-03
6.007159873309499999e-03
6.008013643913599940e-03
5.554525347320899732e-03
5.895365987057699965e-03
5.568963962635799757e-03
5.653686223056200028e-03
5.685271256833800309e-03
6.505230799578000031e-03
6.272068795874799658e-03
8.113642335037800357e-03
6.047842722907600423e-03
5.784148621125999833e-03
5.699241067267399839e-03
5.912010229928699873e-03
5.622903878648300227e-03
6.052183132834300025e-03
5.556419461506699985e-03
6.065325693489699577e-03
6.285907058338899983e-03
5.873244831545799786e-03
5.739530372441899869e-03
5.826479281506100408e-03
5.696566358522299652e-03
6.000492830869900290e-03
6.582949398342700237e-03
6.229063526104399590e-03
5.532178071721799949e-03
5.932042232614700289e-03
5.679959705143599810e-03
5.963635756139199981e-03
6.262646067611499917e-03
5.692480496688700348e-03
5.631153455191600411e-03
5.482779805710100325e-03
6.072647715510100415e-03
5.595967318831399952e-03
5.917899109823599769e-03
6.255891345133399693e-03
5.945492291742500088e-03
5.753220319773800183e-03
6.226160553850899719e-03
7.610280679518400399e-03
5.767462248600399924e-03
6.061977532081500031e-03
5.685965647889900006e-03
5.534768417067800240e-03
6.164236834547600317e-03
6.099117312754499635e-03
5.517607401445400253e-03
5.629508173112400364e-03
5.891669850179800244e-03
5.627906652309500046e-03
5.890050782473100176e-03
5.552608349171600163e-03
7.394784882311200395e-03
5.993163629392800167e-03
5.950810536256599843e-03
5.910165502919200418e-03
5.851022270274000223e-03
6.116482884696799668e-03
6.406638346248300087e-03
6.784509748125800224e-03
5.581272403818800416e-03
6.145856847977799846e-03
5.863246453350900132e-03
5.766136763790500296e-03
5.809702571970999999e-03
5.850828743086599823e-03
5.825733059955200133e-03
5.288511972310900276e-03
5.638483761696899688e-03
5.804655444505099973e-03
6.290096461125999593e-03
5.535519310947300056e-03
5.898181953456599867e-03
6.098765141026399675e-03
5.655168702466200140e-03
5.649643072903100423e-03
5.700364655598999866e-03
5.823029756638700011e-03
5.773419118977799955e-03
5.766857982551499597e-03
5.778670627422100026e-03
6.107895714263500246e-03
5.858875028027499959e-03
5.803864256744799624e-03
5.708032702221700096e-03
5.741668978994999770e-03
5.452081974830299931e-03
5.999894360246000105e-03
5.720036578864599874e-03
5.952509313642000317e-03
5.814355082943600123e-03
5.752856421743299774e-03
5.952173415045300051e-03
5.698554732323900078e-03
5.818004496738299683e-03
6.049601933506799575e-03
5.978120931833100227e-03
5.988982257749400281e-03
5.591846599619500029e-03
5.657875880979100144e-03
6.202462544417999997e-03
5.799956385859700303e-03
6.302846076756099709e-03
5.638815185111599806e-03
5.934898302360399822e-03
5.903760949186600063e-03
5.671907592542700140e-03
5.975909312781199981e-03
6.017596123601199644e-03
5.592389603063400126e-03
5.804472766030899927e-03
6.032453945591800294e-03
5.995350307377699667e-03
5.890467128233699626e-03
5.825702316885300429e-03
6.327949499940700197e-03
6.017862202379000401e-03
5.962999758676699666e-03
6.031391592193099775e-03
5.519434266171700278e-03
5.192103237801799949e-03
6.114509171398900024e-03
5.882019526476400285e-03
6.330700852702600238e-03
5.949108411026700349e-03
6.204723985126899856e-03
5.896697251034199727e-03
6.327949499940700197e-03
5.734682062550899850e-03
6.329863046281999743e-03
5.821803010585400139e-03
5.542464481319900153e-03
4.993925191234399596e-03
5.797494122179999883e-03
5.759632260803100243e-03
6.019805779688299635e-03
5.929090156958099871e-03
5.753313760357600150e-03
5.759070509557900029e-03
4.833106427086999654e-03
6.011697018780900320e-03
6.403354399825199848e-03
5.896382925833399888e-03
5.515345277714699818e-03
5.871355169096400053e-03
6.072133581897100341e-03
5.779766067895799643e-03
5.812564357006299622e-03
6.213599646619399723e-03
5.789532787320200366e-03
5.884303711558299711e-03
6.006635998417500337e-03
5.949007981346099948e-03
5.782224530719399722e-03
5.804821174135599976e-03
6.053243435879599593e-03
5.618391041445900021e-03
5.729523075739100142e-03
5.827275831467799809e-03
5.699428762757499829e-03
6.267660385128400076e-03
5.714541046774899991e-03
6.159146960891400194e-03
6.026244784824499705e-03
6.375799807106999860e-03
5.751637106386799959e-03
5.916141351219699786e-03
6.685781583790399718e-03
5.901355689264899985e-03
6.784709833884099671e-03
6.760318743523800224e-03
6.322357010797899704e-03
5.684190954512099991e-03
5.609370142870100107e-03
5.981971787299300396e-03
6.725783353187700375e-03
6.025008112343999654e-03
6.364158906958600204e-03
5.776010700779399612e-03
5.827196196392800225e-03
5.849421139471700296e-03
6.355235667840300300e-03
5.846908988677099878e-03
5.842954852081299645e-03
6.241394586065799992e-03
6.064422815540499584e-03
6.056047939943299575e-03
5.517607401445400253e-03
6.112418713493999664e-03
5.707473355654700368e-03
6.151163789600799965e-03
5.651329267552999795e-03
6.294316557582099736e-03
5.818788149862100245e-03
5.675735967376799654e-03
5.960845543086099735e-03
5.979194470129199634e-03
6.296249688024099789e-03
5.508633371286900289e-03
5.902024271142399837e-03
5.832624415641500179e-03
6.741684996969399789e-03
5.956488436399299743e-03
6.230289282371299919e-03
5.866513733375500368e-03
5.960758126944599826e-03
5.802002080097300001e-03
5.622198833839299817e-03
5.522699139812499956e-03
5.754865919956999969e-03
5.812683852750600080e-03
5.914713135616899917e-03
5.973195807603699781e-03
5.986370396055200327e-03
5.867525700750699826e-03
5.928508940268999682e-03
5.970148642357500299e-03
5.971159674215799698e-03
5.743194993411400093e-03
6.075661795825300186e-03
5.615656270697999726e-03
5.805073882340999747e-03
5.844898199954500287e-03
5.938315135553699775e-03
6.155410503120900025e-03
6.339229361563200431e-03
5.811537322208700125e-03
6.077589205378500226e-03
5.856354514114399737e-03
5.828495755599999613e-03
6.087014332229899807e-03
5.796442546793999576e-03
5.920584217016499826e-03
5.728472682098900010e-03
5.828213419216600293e-03
6.169507924518200133e-03
6.133584160513899999e-03
5.670823330514699993e-03
6.084038054393999667e-03
5.410734827422300323e-03
6.151572904589000176e-03
5.843532629304299883e-03
6.207129435911100217e-03
5.942218363024800304e-03
7.191300056274400367e-03
5.951522403570700184e-03
5.931621684974600246e-03
6.230727348652200133e-03
5.771984793709700363e-03
5.953860077925500309e-03
5.527399933920399897e-03
5.675113517514700223e-03
5.764096467477699583e-03
5.672840667817200151e-03
5.962566037624799850e-03
5.726136370938200021e-03
5.960793005379300125e-03
5.555026653640099746e-03
6.303297030979900309e-03
5.740060324800799925e-03
5.722849495413799732e-03
6.055501526959100080e-03
5.866644469999999709e-03
5.793876621494499848e-03
5.725803441020399683e-03
5.937990071814200181e-03
6.841488929468599912e-03
6.058106858013399647e-03
5.679833945413199567e-03
5.389992051981399787e-03
5.718662561385100089e-03
5.790091669568100431e-03
6.189637032421700311e-03
6.401360535204399932e-03
5.607210646273200379e-03
5.922295159947400106e-03
5.888371595084000189e-03
5.891550130893799878e-03
5.852761184670899827e-03
5.635722870424299605e-03
5.713711585175499860e-03
6.117078743314499981e-03
5.955790919597300087e-03
5.942730174330700284e-03
5.377287230518099960e-03
6.191519030520799792e-03
5.822102767638300154e-03
5.624775481779100382e-03
6.214182556813200101e-03
6.369507130624899732e-03
6.003217019240799854e-03
6.607588505357700308e-03
5.746807659920600414e-03
5.553563611069099910e-03
5.876031639843600288e-03
5.081676699250899619e-03
5.823386532427399752e-03
5.599831839219599622e-03
5.821870008886700226e-03
5.679052147134800409e-03
5.556150389278299850e-03
5.566165176201699587e-03
5.569779475860799946e-03
5.660613381677799712e-03
6.794254861488300407e-03
6.014544815285000241e-03
7.054320831869399962e-03
5.640584058098700032e-03
6.011209644355200270e-03
5.722394359513699631e-03
6.042230269888600180e-03
5.777243888772700016e-03
6.050198511216699736e-03
5.995131070150400143e-03
6.069665967246400291e-03
5.618089123692799648e-03
5.688486735335699859e-03
6.062724048895499866e-03
6.292092272424600237e-03
6.372474722165200403e-03
6.308734326380700114e-03
5.662351424138300365e-03
5.824053745206799956e-03
6.335003699058100110e-03
5.554376205618500283e-03
5.877889519700600120e-03
5.743907172672300422e-03
6.267660385128400076e-03
6.128722636078399663e-03
5.729388067886699923e-03
6.052042865395199610e-03
6.171484215382199573e-03
5.842438947841499877e-03
5.806964436520000231e-03
5.829685954908099890e-03
5.619616784687599641e-03
5.824402762464199641e-03
6.413937106134600004e-03
5.550732801684400350e-03
6.633571612894200234e-03
5.377212572039699601e-03
5.874801857742299738e-03
5.555770188611299995e-03
5.796060693271399937e-03
5.632607771766999678e-03
5.927505747268200023e-03
5.536255355989300013e-03
5.800226736437499864e-03
6.083998550639200219e-03
5.640379389758400086e-03
5.707827866845800388e-03
5.635691944745399931e-03
5.419595045344599744e-03
5.808749160632000093e-03
6.211694511176499810e-03
5.781132947953700370e-03
6.118775538036700171e-03
5.877340833778299869e-03
5.842535425846400073e-03
5.849148376410999786e-03
5.903814914491400424e-03
6.339897205558900350e-03
6.117842878413000396e-03
5.669930241833300022e-03
5.827450219051399927e-03
6.082204835424099600e-03
5.698429530745599894e-03
5.678673693394299844e-03
5.947187940740700229e-03
6.312909350132499611e-03
6.028938719138700157e-03
5.939055736984000244e-03
6.067214676650400235e-03
5.944083694194099952e-03
5.835273363419900272e-03
5.923241597672599876e-03
5.932042232614700289e-03
6.275780144846599892e-03
6.107927146803799993e-03
5.905231056740400074e-03
5.587431497156099616e-03
5.972947916532900074e-03
5.412135282548300071e-03
6.197327208025799582e-03
5.856937824183300161e-03
5.803864256744799624e-03
5.819668385047400277e-03
5.713250237583299834e-03
5.891991459287600208e-03
5.673480282270100365e-03
5.748516464389600081e-03
5.810162679812500355e-03
6.085875025388600215e-03
