7.250756627491000044e-04
3.318970699241600032e-03
2.017853694336099908e-03
2.606024788744100169e-03
2.995940137925400155e-03
1.678627994988299895e-03
2.554199961878700006e-03
2.888251212665299966e-03
1.674144862756100091e-03
1.449440573564299978e-03
2.328718024941999875e-03
2.269714581026900137e-03
1.516147506565999892e-03
2.042378840389799926e-03
4.099702295136300155e-03
3.077386577602700141e-03
2.746213966598100124e-03
2.159410632426399940e-03
2.233616140817400175e-03
1.289645142198099937e-03
2.358206403108600163e-03
2.395576746682199967e-03
2.648490246202099812e-03
2.148849637967199886e-03
1.960355983401800093e-03
2.432325908983199846e-03
3.276256101134899894e-03
1.156165699644399938e-03
1.320911459933500056e-03
1.716897943869899988e-03
1.577195742131200012e-03
2.898871446353800188e-03
3.959278737482900372e-03
2.060637612616400029e-03
1.451565908577299915e-03
2.448309303806300071e-03
2.213312289632399926e-03
2.248661511932299826e-03
2.682072089236799996e-03
3.018561735241999996e-03
2.300615931623299984e-03
2.084719470932199989e-03
2.637429120216099824e-03
2.441106628217600081e-03
2.123450026972300078e-03
2.508483119189699930e-03
2.037004805358200079e-03
3.880857243302700179e-03
1.653950180273899926e-03
2.209038951473400042e-03
1.646159421602800101e-03
1.796152252015399946e-03
2.521187937823899956e-03
2.586397101615000096e-03
2.882437418999999907e-03
1.343831597708799964e-03
2.394104008852000059e-03
5.606963218331800086e-03
2.169448829943099958e-03
2.622056171752199915e-03
1.894668327896299916e-03
1.558076042276099974e-03
1.751933165396600068e-03
1.549580934659699951e-03
5.457090602525860312e-05
2.846317283787899981e-03
2.361065554024000153e-03
4.506317313843000334e-03
1.927009778010800025e-03
2.549709272919999797e-03
2.097241938363299946e-03
3.389858326818900001e-03
3.166277698352100000e-03
2.470702483510499835e-03
2.721904778904000143e-03
2.503993444273400117e-03
3.171206041405200213e-03
2.592378906006000041e-03
1.192971303811900035e-03
2.313770983604099794e-03
1.776120001948800018e-03
2.148090259315700058e-03
2.191623032725500009e-03
1.745733327230099968e-03
4.816508600046000028e-04
2.417908589056699982e-03
2.452046951922099999e-03
2.274116127308599931e-03
1.773082011744599911e-03
2.434109703897899876e-03
2.579993259314899891e-03
2.554428681843500144e-03
2.444782452674099972e-03
3.327560655631400105e-03
2.504150633156399831e-03
1.828224449087299938e-03
2.328543432521000111e-03
3.135978922287500047e-03
1.586942763114599980e-03
2.347047632225199819e-03
2.582227620096000029e-03
3.266799438465800044e-03
1.223692496862299967e-03
2.121364256614099910e-03
1.503003517330900058e-03
2.361390383914399940e-03
2.185588982431600075e-03
1.858817761481600019e-03
2.582227620096000029e-03
1.833110126035900024e-03
2.767362213701200172e-03
2.494154305643099968e-03
2.436241328592800119e-03
9.048551706193000291e-04
2.315282466519200111e-03
2.286290196956899858e-03
2.389927867417700191e-03
2.960854734873800010e-03
2.648283152680799835e-03
2.236848771947999928e-03
2.457680140237900133e-03
2.998368317831200114e-03
2.749373763827900070e-03
2.873332631814299806e-03
3.566635724302700140e-03
2.784279714711400053e-03
2.226328136902999862e-03
3.642303960525700157e-03
2.590698656353800089e-03
2.317124258119100146e-03
2.779754360656300129e-03
1.560993096438199976e-03
2.379558800114500196e-03
2.381008584828200186e-03
1.207485968996399942e-03
2.181403775253399832e-03
1.978935165134000033e-03
1.917955997743699993e-03
2.489112187664200074e-03
2.199413193737699817e-03
2.394286832671799811e-03
2.299210924225900121e-03
1.155882917458400053e-03
2.482888959786200105e-03
2.599264073628500000e-03
1.944399022949099953e-03
4.378363046833699812e-03
2.255680312431499867e-03
1.458311482631699909e-03
2.213041066579999987e-03
2.600179012590899882e-03
1.389844575986000103e-03
2.738246599704599951e-03
1.007489034620499910e-03
1.491240974532099996e-03
1.258218411853099985e-03
1.716099407254799989e-03
3.280774151857299929e-03
1.955551815981000034e-03
3.193000298423199872e-03
1.497896633800500010e-03
2.519957194332100078e-03
2.151922892211899970e-03
1.585434866017099978e-03
2.382878686295500197e-03
1.604828282524899943e-03
2.283911361293699833e-03
2.647688841062899919e-03
3.212315714924700045e-03
1.696210824064299950e-03
2.813394651023000143e-03
2.205173892140699799e-03
2.275637291467400188e-03
2.265663369838199787e-03
2.046612222694099877e-03
2.041654122005099985e-03
1.940735895060699892e-03
5.460887527749000523e-04
2.523712982593899912e-03
1.361604034861700098e-03
9.778366519338000697e-04
2.168926974087000137e-03
2.493443695693699832e-03
2.506761678380800031e-03
2.328705242814000168e-03
1.530830530330300025e-03
1.506494239192900011e-03
1.472988702645500105e-03
2.398711937642599833e-03
1.222483301675199915e-03
2.553108172817699934e-03
3.152616351571700150e-03
2.424293930690100182e-03
1.643878044159100080e-03
2.417908589056699982e-03
2.898975365254000038e-03
7.823423675526999712e-04
7.451253497061000345e-04
1.211659560799299923e-03
2.787417060506999951e-03
2.650351659919500131e-03
1.859318963473300052e-03
2.113679185027599831e-03
2.543825033325900192e-03
2.362360701369999819e-03
2.320476781638500154e-03
2.389927867417700191e-03
1.677871728664600062e-03
1.897149068337600003e-03
2.643752783603600057e-03
2.508941855884900055e-03
2.571383182108299796e-03
2.669875015819500163e-03
7.420146232803999896e-04
2.609163855602399974e-03
2.266814161352599926e-03
1.618337528417599898e-03
2.047572016354100039e-03
2.483110498650800083e-03
3.138327523999999858e-03
1.969982331087299834e-03
2.634076036404899880e-03
1.800831982606300062e-03
2.224726328038000196e-03
2.790892571149999803e-03
3.700197225503700036e-03
2.994173049051800095e-03
2.094702668782200128e-03
3.026612528006999807e-03
1.209605107890699945e-03
1.933096804955000041e-03
2.393114975855000111e-03
3.381491873193399889e-03
2.425011938955199970e-03
3.482658753063300108e-03
1.072597316966100072e-03
2.372698507502899855e-03
4.060853609087000139e-03
2.748290574900100203e-03
2.413338347233100027e-03
2.627054961387999786e-03
2.771050757847799868e-03
1.222154332135000094e-03
1.192166957855999985e-04
2.762666631808500042e-03
1.702756958062100071e-03
2.972872548806900200e-03
2.752903792998799993e-03
1.546240598279600064e-03
3.031986928381500117e-03
1.931946091326000071e-03
2.732334269697499901e-03
3.922744730847000142e-04
2.730936572349199933e-03
2.563901681578200070e-03
1.899216885490700090e-03
2.181403775253399832e-03
1.526320317034500062e-03
2.641529319647899828e-03
2.118535699427200134e-03
2.715183118046300085e-03
2.946446157209100039e-03
2.495164742890499786e-03
2.611649976369000148e-03
2.700502019653500205e-03
2.114354523307299984e-03
2.769847325594699834e-03
2.664211090718599829e-03
1.040375302126100030e-03
2.356431919084100036e-03
2.924989257715400037e-03
1.693588220159300073e-03
2.602514672510599942e-03
2.289822423829800200e-03
2.246212468298099986e-03
1.421179251596699916e-03
1.052406047117700021e-03
2.389578111380000116e-03
1.446101935709799991e-03
2.370155668845100056e-03
2.151006686662999910e-03
2.590987300418699790e-03
1.244204970454900090e-03
1.985847836935699783e-03
2.433416181725199870e-03
1.620965960810499991e-03
6.449876764115000227e-04
1.967859345208899848e-03
1.949097619006699960e-03
1.718203461960400016e-03
1.742986674688299991e-03
2.916788466981199823e-03
1.691748960735299989e-03
2.259491363467200104e-03
2.667407093408200123e-03
2.713617143364799832e-03
2.771096731038600117e-03
1.803902123428399902e-03
1.697919008897200025e-03
1.723931857196000107e-03
1.973351505255200016e-03
1.543196986763899908e-03
2.601923962241999965e-03
2.708534236641800194e-03
2.548527839153599990e-03
2.155681689752699838e-03
1.899258589790899952e-03
2.541019258307299859e-03
2.421457355144400123e-03
2.037034145149799799e-03
2.696331888504000136e-03
2.991297977377300153e-03
1.173371236517000088e-03
1.732566711039499902e-03
2.446230249872500054e-03
3.441252445312399915e-03
2.543207629151600195e-03
1.052444184162399992e-03
1.843819537722799894e-03
1.503909093828200089e-03
2.568435092504599889e-03
3.895002775404800104e-03
1.680960159588300046e-03
2.434187476413099925e-03
2.631515122383800212e-03
5.764299091305999509e-04
2.622770805600800007e-03
1.138344575191599980e-03
2.467893871672900176e-03
1.452525121076699965e-03
1.272129482372800005e-03
2.645182690769100169e-03
1.904068941753100062e-03
2.709794934845000201e-03
1.891512526881399979e-03
1.353608842847300051e-03
3.217648392171900025e-03
1.682577044946400105e-03
8.695067021246000302e-04
7.916698326399000066e-04
2.578997607046099993e-03
2.472339802230800066e-03
2.157567552479599821e-03
2.184742651475000182e-03
2.517373595601499810e-03
2.327573028399300154e-03
2.400391434349699853e-03
4.041175696451999953e-04
2.264581137609100216e-03
3.030654694476199885e-03
2.501415957215900182e-03
2.289822423829800200e-03
2.215187779136500081e-03
3.233111647646399935e-03
2.495206616709200013e-03
3.667156557464900171e-03
3.709696107300299896e-03
1.265295415389800079e-03
1.911773599786099984e-03
4.337485793376200105e-03
2.589318425462699969e-03
2.022152480536599812e-03
3.452976976714199932e-03
1.243013651736000081e-03
1.709280807548300019e-03
2.418836198087700052e-03
2.014501015663900003e-03
1.973888425712399825e-03
3.411761651720999784e-03
2.128175629371799847e-03
3.884436410164700173e-03
1.597884768514699948e-03
1.910375716024100001e-03
2.056928881440199877e-03
2.724351332160800023e-03
1.782346386626399923e-03
1.848080978068899951e-03
3.350842744206600134e-03
2.508542061835000118e-03
2.415290064935200071e-03
2.670323973782500002e-03
8.290970201718999514e-04
1.834239242822000016e-03
1.239374289506600018e-03
1.222189680315999977e-03
2.342978593959399794e-03
2.459959113055300208e-03
2.283294680734399788e-03
2.203718972735200024e-03
2.507763298187100105e-03
3.123236821381100009e-03
1.381464375915899970e-03
6.176402512147999681e-04
2.248818047567899790e-03
2.123091693033700000e-03
2.136649607870199936e-03
2.571368262361299877e-03
2.359641321458699932e-03
4.383981776966800262e-03
2.600765124754900095e-03
1.707324392394500004e-03
2.303977188245400192e-03
8.862455245524999839e-04
2.099244911396000012e-03
2.028743842364000120e-03
3.366205968933199885e-03
2.387100740652900194e-03
2.230036077187200119e-03
1.613534252157200087e-03
2.121620660001600090e-03
2.336914916647199816e-03
2.262270899896399838e-03
2.905718134366399794e-03
1.320439110313900016e-03
2.232015892060199968e-03
3.620694985243799995e-03
1.533823069570700026e-03
2.460453971364799826e-03
2.759796704017400057e-03
2.285106980636599991e-03
2.183272378720600010e-03
2.517924717117200201e-03
2.461167349601999909e-03
1.412862211469999903e-03
3.600095226622599797e-03
3.331351134063599822e-03
2.905325405942300009e-03
8.115083960101999571e-04
1.264927885946100011e-03
1.854443117673200067e-03
2.186177153228999887e-03
3.266126512953999861e-03
2.697897688520000010e-03
2.604347215567899814e-03
2.295628363921200111e-03
1.519659469647100100e-03
2.558010372605700085e-03
2.494844077520699897e-03
2.612715620653200104e-03
2.360331801829299806e-03
2.494241444638300043e-03
2.230861589946299926e-03
2.604347215567899814e-03
1.365071548029699999e-03
2.116186510491899989e-03
2.541019258307299859e-03
2.061216687117999914e-03
1.769803115212600008e-03
2.242110738261300033e-03
2.669875015819500163e-03
1.344258670754099917e-03
2.761573975090400156e-03
1.470286745940799916e-03
4.024649094843599922e-03
2.189754206992200209e-03
3.349022661851400184e-03
5.174606522191299747e-03
1.418091021000300036e-03
1.927213595074900050e-03
2.100395353656699972e-03
1.129778312881999942e-03
1.774954057657200006e-03
1.944118458768500073e-03
2.261956488280399916e-03
2.394286832671799811e-03
2.937888735745299799e-03
2.515249923045100207e-03
2.427646441483700176e-03
1.417655130531699902e-03
2.904923725236899842e-03
2.747489021997400090e-03
2.264061592643200078e-03
2.130030087664300069e-03
2.585144002961500126e-03
3.333633821958799977e-03
1.945404100396899965e-03
2.175026451677300205e-03
2.692943893013000078e-03
1.646812286548700018e-03
2.167320616507999956e-03
2.945757746517899817e-03
2.432466590799400169e-03
2.405500605097100116e-03
2.262216664785300212e-03
2.877531277321699905e-03
1.577672407113600008e-03
2.379558800114500196e-03
1.561149552209399908e-03
2.557747205564700217e-03
2.957297103635899999e-03
2.030550949076899859e-03
3.096318484862900077e-03
2.394579467368599963e-03
2.261454802789999823e-03
2.602514672510599942e-03
2.432466590799400169e-03
2.520719144774100084e-03
2.176977799402600184e-03
2.492934883583999839e-03
2.311495773382200077e-03
2.634076036404899880e-03
2.614411996187700118e-03
2.574561694250199814e-03
2.897682497150100116e-03
2.162750325301900176e-03
2.342382941623900004e-03
2.264089603653400215e-03
2.371757079114300126e-03
2.522807632848699834e-03
2.357450309382799845e-03
2.603017302696099960e-03
2.093076079714299969e-03
2.336914916647199816e-03
1.340027505520599918e-03
2.590794398107800194e-03
2.440783545058400079e-03
1.307482509768599947e-03
1.652603226788699900e-03
1.624975945352700058e-03
2.358362389341000110e-03
1.479213591538199989e-03
2.375781746748700188e-03
3.892787981866300054e-03
2.946621189169199798e-03
5.351104941900000026e-04
2.508940467101899996e-03
2.530001257821999899e-03
1.358620303177500085e-03
1.792059695306699946e-03
2.926287174010500092e-03
2.157716486846599988e-03
1.061193284202400101e-03
1.955756466347800121e-03
2.374680557071399967e-03
2.030550949076899859e-03
2.673790311213899810e-03
2.371757079114300126e-03
3.884468642246999802e-03
2.551267353517100000e-03
2.097878502330200075e-03
2.863620750988500000e-03
2.557180172131899923e-03
1.821940296842200100e-03
2.351550650477800090e-03
2.545799082815799856e-03
2.261082527675299918e-03
1.560454836822900001e-03
2.184067113952900107e-03
1.603431638716799933e-03
1.521627532186399989e-03
2.796339025146699943e-03
1.845089351941399912e-03
1.908451975618899931e-03
2.728326405933399843e-03
2.730937051866999966e-03
2.052947616567199918e-03
1.283020649173099992e-03
1.199353756687499993e-03
2.500368156939599979e-03
2.213041066579999987e-03
1.790352703367800030e-03
2.283404876321900191e-03
1.968406293993400172e-03
1.914591391406100015e-03
2.365956626902400006e-03
2.114789832918300035e-03
2.875116760932400033e-03
1.337540275922599999e-03
2.144369151332399873e-03
3.595576608743399939e-03
1.064735293191699898e-03
2.134008030102599839e-03
1.355786690996700064e-03
1.772123039006899938e-03
2.582437495510400000e-03
1.376675982419799972e-03
2.549054823010499845e-03
2.756926254042300038e-03
2.637115960062099904e-03
2.522786845555000101e-03
2.606270333229800031e-03
2.280977539732300090e-03
1.636855986999700063e-03
1.142007388275000047e-03
1.528363262351100076e-03
3.093925179456899835e-03
2.251286284293000078e-03
1.493499439732899961e-03
2.100405331127699980e-03
2.364838111241500136e-03
3.297506718284699909e-03
2.470351074571100133e-03
1.007327282427999959e-03
2.247269411917000165e-03
2.259593331765999934e-03
2.397701988141499960e-03
2.070905150461700012e-03
2.314641521912699784e-03
1.680034644887200019e-03
2.280143023787400101e-03
2.191183234719099818e-03
1.782038506794399960e-03
2.139589249851300140e-03
2.131281636360300019e-03
1.271340890641900001e-03
1.515958845857499904e-03
2.606270333229800031e-03
2.755104393820300129e-03
1.715797130827700044e-03
1.177964820477699981e-03
2.955902121341800158e-03
2.154795418892999862e-03
2.420310551440299843e-03
2.482148448676600207e-03
2.429240624332400060e-03
2.738094422242699950e-03
1.582367842619700031e-03
1.940440593101999895e-03
2.991214319718200117e-03
1.406920627788199986e-03
1.089063153818800068e-03
3.564197089947700181e-03
2.034651154637500022e-03
2.953620712416300115e-03
1.763701486239999984e-03
1.656505895982300029e-03
3.050988955645300010e-03
2.538323540184299950e-03
1.653409732828100068e-03
1.436347758017799932e-03
3.268503697005500051e-03
1.785874644743299993e-03
3.716951399799300025e-03
1.022235133633299983e-03
3.850932339861899961e-03
2.283404876321900191e-03
2.866955051902799791e-03
2.423864650867500053e-03
2.014381559762400044e-03
3.451909655201099939e-03
2.921682697540999886e-03
3.202616225793900213e-03
1.237763504698099950e-03
2.358362389341000110e-03
1.199047604588600064e-03
2.341500275553899842e-03
1.942448809128200036e-03
2.689312244635299991e-03
1.208078457773000079e-03
1.019602795243600016e-03
2.281833684930199835e-03
2.519077124442299989e-03
2.937106385845099886e-03
2.141711403888100183e-03
3.867618459387300086e-03
2.419430796173399970e-03
3.143460124395200134e-03
3.045729327282999804e-03
2.172612361783499840e-03
2.747755608039600169e-03
2.205620038514999933e-03
2.558010372605700085e-03
2.824586885106600016e-03
2.242802811914899799e-03
2.788298539150599852e-03
1.643525110970099927e-03
1.985730658621399827e-03
2.136125120867000005e-03
2.328466507305300155e-03
1.285168037013500065e-03
2.500570145961600148e-03
1.389743737848199998e-03
2.322044119122900017e-03
3.383924698773899814e-03
2.179568008713799864e-03
2.837625691645699784e-03
3.172270632863400178e-03
2.121364256614099910e-03
2.164401978330299844e-03
9.349372330032000101e-04
2.104677337371299844e-03
1.763635143856199898e-03
2.161623046127699854e-03
2.133229451424000118e-03
1.890088102016899974e-03
2.265332606080700060e-03
2.278369749898900062e-03
2.418700304081700114e-03
2.808235095276400122e-03
1.512742767435300067e-03
2.513724108779199790e-03
1.776914800737999984e-04
9.447575718062999625e-04
3.390953536848199945e-03
1.930845356314100014e-03
3.335224613073799974e-03
2.913903120903500125e-03
2.814707021978599989e-03
2.363974873080600028e-03
4.166681978980500169e-03
1.980371781177399978e-03
9.929214918129999554e-04
2.443300964609399981e-03
1.845363813045100033e-03
5.833113008519000189e-04
1.619165290025699954e-03
1.954882965286600018e-03
1.975577261845299845e-03
1.379280052764000073e-03
2.500368156939599979e-03
2.278369749898900062e-03
2.646628983262699821e-03
2.283160369004499923e-03
2.719697093955700078e-03
2.417302816304400023e-03
2.565514130778700011e-03
2.260078963481999912e-03
2.465085039435200003e-03
2.253772021510299858e-03
2.808168084115999965e-03
2.474851297203900079e-03
1.072536779125300103e-03
1.269269506492199913e-03
1.777371614060499960e-03
2.375781746748700188e-03
3.945932058059299641e-03
1.000376100073299994e-03
3.013939886052900089e-03
1.610723044868600040e-03
2.660309001188099990e-03
2.238676552663999841e-03
1.514499654913500047e-03
2.483332554707800080e-03
1.129159242571599981e-03
1.961925394677300170e-03
3.084961343484299810e-03
3.254800269020100001e-03
2.012522923673400015e-03
3.132602308918700038e-03
3.370845134785199846e-03
2.677244632937599966e-03
1.511783865656299948e-03
2.701918031538200204e-03
3.435825557014100199e-03
1.740602054596799902e-03
1.864400087471600057e-03
1.274106351858299985e-03
2.549281453527299946e-03
1.689241347561800050e-03
2.442226981323800030e-03
2.512430803058299938e-03
1.815723216325199930e-03
2.186907027869700124e-03
2.084719470932199989e-03
3.120428907500099984e-03
2.989593400563100075e-03
2.337619231138299888e-03
1.714628684558100035e-03
2.329733771215999980e-03
2.752903792998799993e-03
3.190111455897799795e-03
3.269864224493000075e-03
2.485347991086800032e-03
2.639478408027300105e-03
2.246212468298099986e-03
3.447579546443100065e-03
2.105013208694599992e-03
2.192835315453499877e-03
3.033473809765499952e-03
2.717054256609899993e-03
2.654055344243499807e-03
1.550033823264299971e-03
1.756609399928499944e-03
9.308227716925000349e-04
3.408199303065300063e-03
2.063665680459699989e-03
2.107783586393499956e-03
2.104246675683999900e-04
2.263895304813199998e-03
3.290957223249799894e-03
2.403719725115899958e-03
2.538796924064200006e-03
3.081366254285899942e-03
2.269600591043900110e-03
1.894223255487199973e-03
2.757168628649600203e-03
2.274432317104300126e-03
2.371433945894499927e-03
2.578257809927000065e-03
2.737823419234600066e-03
2.283430862458999972e-03
2.417269968887999880e-03
2.494844077520699897e-03
1.497616053020200001e-03
2.456189469123700071e-03
2.738813707950199863e-03
1.361678762983300085e-03
4.222565896224200060e-03
1.676974918008399896e-03
1.042585431430300075e-03
2.374318607361900185e-03
1.990790054818099807e-03
1.816934577576599912e-03
1.830321390029799895e-03
2.384685891088899820e-03
2.546553028513700093e-03
1.958664090891000173e-03
2.966420171865300198e-03
2.822553413997500125e-03
1.209026898777999922e-03
2.199113160627800059e-03
1.899155099788800080e-03
2.400307030570000052e-03
1.559005784905499997e-03
2.668084347850499961e-03
2.566337331554000099e-03
2.551267353517100000e-03
2.633714783598100143e-03
1.611137342736899958e-03
2.613056252592400007e-03
2.554298557883400052e-03
1.841643515376100099e-03
2.454862086595599978e-03
3.493459169404300024e-03
8.161445172884000329e-04
1.950102446072899971e-03
1.379378746755400035e-03
2.590698656353800089e-03
1.917464066889199925e-03
2.858166147794999855e-03
3.941893325764799817e-03
2.741528308903899876e-03
3.685104073210100119e-03
2.987733574826300070e-03
2.358206403108600163e-03
3.612795705277600019e-03
2.278502374647399867e-03
3.218880329185000032e-04
1.463174323218999987e-03
2.401599855125099992e-03
2.540863711513600184e-03
2.297740593147599986e-03
3.204839560798599957e-03
2.119794135195200019e-03
2.835740029757699999e-03
2.664263443119900196e-03
1.220360190906400041e-03
2.732565393377300086e-03
8.088223995236999871e-04
2.703649948078300138e-03
8.585377810244999939e-04
2.464729743800000029e-03
1.507065449040300093e-03
2.608621849229200186e-03
3.332498399636799925e-03
2.816838870833700183e-03
7.162441412324000107e-04
2.203718972735200024e-03
1.070722118814400022e-03
3.003766524355200047e-03
7.638984483938000055e-04
1.558511002975499892e-03
2.141917650772499817e-03
1.468397049615500051e-03
2.679717534896299859e-03
2.165780043012900061e-03
3.193582354246899974e-03
2.657960663398400026e-03
2.521677927564499981e-03
1.349386338901899978e-03
2.180883302032100065e-03
2.048969427464200199e-03
8.329554068749000064e-04
2.137411022212599900e-03
3.151004077631199864e-03
2.133129087979700016e-03
2.330983613344900056e-03
3.034122025808899930e-03
2.292216899149500213e-03
1.705071954984300033e-03
2.683527260572699923e-03
1.462454545896000029e-03
2.032559379762200174e-03
1.094683602530600007e-03
2.794261394683499999e-03
4.382705969226100180e-03
2.629255176051599995e-03
2.398711937642599833e-03
2.192124271730200129e-03
1.154025479150500022e-03
2.397701988141499960e-03
1.225660509969300023e-03
1.757878466497999996e-03
8.511482459952000434e-04
2.069031060614299859e-03
3.392365260047399897e-03
1.899933833444599927e-03
1.001534381712199931e-03
1.636129794942499903e-03
1.638359030164199953e-03
3.239887222665300149e-03
2.745521516930699967e-03
2.403719725115899958e-03
1.846705851443099971e-03
2.464960117675699895e-03
1.940908873935799899e-03
3.000750325837500156e-03
3.671534072827200169e-03
1.090287803439900010e-03
1.389361596842399920e-03
4.426128494222000007e-04
3.275411464197500091e-03
1.118794408570999944e-03
1.637731520552199995e-03
2.318497432162900176e-03
2.085539121155099811e-03
1.562031513545599892e-03
3.060428782554300026e-03
2.558565000191099798e-03
1.697213920586300049e-03
3.101614454630200173e-03
1.514833010229899978e-03
1.892832870182800057e-03
2.515973360064400078e-03
3.162602982403500164e-03
2.665800303964399945e-03
2.450558480516000070e-03
1.952467134468900039e-03
1.467269720806099915e-03
1.645060563561400076e-03
1.027466529940099932e-03
2.955471593545499955e-03
2.392377481211899973e-03
3.067052246080899814e-03
2.810483271863400186e-03
1.513766600298700011e-03
2.172075886432299832e-03
2.136649607870199936e-03
2.759736148690399883e-03
2.578838295676900028e-03
2.435067804657900167e-03
2.079959533144500050e-03
1.809235942870800065e-03
3.401090350722100076e-03
2.545673480178299933e-03
1.796086322060800027e-03
2.100405331127699980e-03
3.102891562246000174e-03
1.451045684237099904e-03
2.508483119189699930e-03
1.298679259730800084e-03
2.028285805072299955e-03
2.796348268564000181e-03
1.628536528637800074e-03
1.835601211555099900e-03
1.539285199451199959e-03
1.888142884256099972e-03
1.650478812383300098e-03
1.865267571453400105e-03
2.177563145789299884e-03
2.933556400124299936e-03
2.380341583272899825e-03
2.307429850485999932e-03
1.405648150383300007e-03
1.638529722707000045e-03
2.496223314885700085e-03
2.176977799402600184e-03
1.582679420327000016e-03
2.741626242261699896e-03
1.555280695739100043e-03
2.176085362535099942e-03
1.952910992672100094e-03
1.372839614245800104e-03
1.921114763422599901e-03
3.280081308776400077e-03
2.956237446925599841e-03
1.982770005197300074e-03
1.655509429364099934e-03
1.604935661600600085e-03
4.739045051120599830e-03
1.389135649395800047e-03
2.611956719142499803e-03
1.381289748030100056e-03
1.714249094052399921e-03
2.312543836942499917e-03
1.414284826006300061e-03
2.191509014674099948e-03
3.449811680404400033e-03
2.265332606080700060e-03
1.374781594496600002e-03
3.590320892456299977e-03
2.930584404246100103e-03
2.464682658886799878e-03
1.965455014385000202e-03
2.465522733951799883e-03
2.641263313091799913e-03
2.575547039096300062e-03
2.702561659774400070e-03
2.164401978330299844e-03
2.131096170059999795e-03
3.368532249604799973e-03
2.842757439899500083e-03
2.421422644966400063e-03
2.965111899972300118e-03
2.571417515894299823e-03
2.515602334910199862e-03
2.465522733951799883e-03
1.866223200134500089e-03
3.743188093301400184e-03
2.601817304402900214e-03
1.401456040312900079e-03
2.033877532148800193e-03
2.134041686225200078e-03
1.863582687630300052e-03
2.707056101160400154e-03
2.445071292780300054e-03
1.730222232005600071e-03
1.807849552932499961e-03
2.474026362595299969e-03
1.468420549687399993e-03
2.601478084742999894e-03
2.834271059719499931e-03
2.360331801829299806e-03
1.557072894832500038e-03
3.410923316988200178e-03
1.496072769252199900e-03
1.851147811475999929e-03
2.600384703465799790e-03
1.815953566874300030e-03
1.345022026626900092e-03
1.766346859459399935e-03
2.122168858731299842e-03
2.130147475997600046e-03
1.305475063272799928e-03
3.113126170163800065e-03
2.622482434951300002e-03
1.376796138943900015e-03
2.057643632674000054e-03
1.890384366648399954e-03
2.457888955269999908e-03
1.167287988420700031e-03
3.250468068107999989e-03
1.820411309220900048e-03
2.489112187664200074e-03
1.965841292971299854e-03
1.746718264553200062e-03
2.817372120690699901e-03
2.578379886871099997e-03
2.509606415203500217e-03
2.471487625465099928e-03
4.687843218046099970e-03
1.475993807305399927e-03
2.183272378720600010e-03
2.729999398448500203e-03
2.405727184840499976e-03
2.830452635477200170e-03
3.007919386059600044e-03
2.455251014163800215e-03
1.911196674406099964e-03
2.474758301763700045e-03
4.064843846673700176e-03
1.851361252955699942e-03
1.307813764332800078e-03
2.209950048829499927e-03
3.151953812915399798e-03
2.762666631808500042e-03
2.665800303964399945e-03
2.543004204059100097e-03
1.384923923894899964e-03
3.337166588934899897e-03
1.773120745985899997e-03
3.142295271922800060e-03
2.028870737322099969e-03
1.880452098648100010e-03
2.913184070243699832e-03
2.227816167198999955e-03
3.299535842370999918e-03
1.309633872713299998e-03
2.330123096752800133e-03
2.530930075673900118e-03
2.887150922390399957e-03
3.353206840156600175e-03
3.608275016794100162e-03
2.754162003925200112e-03
2.324229177035200006e-03
1.190195123145799993e-03
2.095085324666400104e-03
6.931547020554999685e-04
1.882400596120300043e-03
2.636967234206900011e-03
2.472355864433199799e-03
2.541880222516200178e-03
2.765295154623499847e-03
2.081627589467999976e-03
2.137011642252700100e-03
2.907587479852200181e-03
2.501530066236999899e-03
1.836660614209600006e-03
3.313631829141600038e-03
1.203245039821499969e-03
1.809984545136000085e-03
1.657959643624600096e-03
2.842560052780800182e-03
2.441660383584399931e-03
3.619210672202500135e-03
1.838701093976500070e-03
4.157651529609399793e-03
2.839826130705999999e-03
2.550254076294699787e-03
2.617735087962899925e-03
1.327092321293799927e-03
2.295386679044200164e-03
1.597784940791700066e-03
2.541655118270899887e-03
2.633874883286499956e-03
1.980371781177399978e-03
2.017359676554099888e-03
2.909510465167200032e-03
6.903932890056000251e-04
2.702743216092400123e-03
2.936770153671199902e-03
4.164143545793599910e-03
2.395258662641999801e-03
2.903559296169800057e-03
2.221973900619600081e-03
2.144106210697100182e-03
3.460074825949799922e-03
1.436875891770299967e-03
2.198233063575200184e-03
1.316010920528400087e-03
3.143658427479600025e-03
1.629045753290099974e-03
1.090404886075200088e-03
2.188848698452800119e-03
1.761717056558999989e-03
2.348882651682099830e-03
1.995771363546200005e-03
2.578997607046099993e-03
2.124604351813700123e-03
1.485331380782199933e-03
3.522531890089700048e-03
3.391608294170800082e-03
1.585908286585399965e-03
1.912783379214799901e-03
2.162114335085700209e-03
2.643679846316699788e-03
2.264581137609100216e-03
1.633440040730900098e-03
2.377039576734599809e-03
1.504553990802900065e-03
2.416300642801899948e-03
3.633334040773900098e-03
2.605854058638700128e-03
1.511795191472900058e-03
1.930403181343499919e-03
2.202069271108699801e-03
1.964141443015000096e-03
1.900539438166599926e-03
1.005915958764100034e-03
1.331776099647399934e-03
2.462333196280299882e-03
2.326417226385300158e-03
1.990790054818099807e-03
2.356240988246599902e-03
4.374798978066200134e-03
2.863049166417100042e-03
2.671427881258499858e-03
3.905096668388299830e-03
2.515249923045100207e-03
2.505407424206399902e-03
2.668900262927700103e-03
1.668444263580600101e-03
1.187979816288200043e-03
2.112493456077699922e-03
2.663384325086999831e-03
8.798204967905000297e-04
2.436991549850000063e-03
1.793138250511899963e-03
8.952383745982999937e-04
2.572244413727900036e-03
1.751256486234799899e-03
1.032968162361799997e-03
2.362266143633300151e-03
2.597809107426100102e-03
2.735365660288300183e-03
2.594873047185199903e-03
2.342978593959399794e-03
1.918112983897700104e-03
1.504178931985100101e-03
3.111857253721100110e-03
2.198854942537600138e-03
2.219067953040099878e-03
2.426865463775500047e-03
2.601409897111999978e-03
1.428105072696200014e-03
1.382884593486900056e-03
2.555839915671200176e-03
3.493121747672800047e-03
2.931940436323499967e-03
2.094702668782200128e-03
1.894403912345300018e-03
9.715327925750999460e-04
4.567884624992000347e-03
8.007685202012000290e-04
2.243400454992200161e-03
2.289026829394399942e-03
2.457888955269999908e-03
1.236841174704500024e-03
1.568446758250700108e-03
2.948105935237799874e-03
2.363781893035700205e-03
2.405576151508000138e-03
2.310960386805600061e-03
2.012522923673400015e-03
2.624205462054999844e-03
2.390926714593700000e-03
4.302054211340999856e-03
1.694818467586099893e-03
2.545799082815799856e-03
4.719829227263000124e-04
2.756618543030000049e-03
6.884264030350000256e-04
2.571017740273000111e-03
2.036707171249099984e-03
2.251533532823599918e-03
7.788645145465999779e-04
1.896944873273900042e-03
2.987654099041699932e-03
8.979382014907999910e-04
1.546498759003200017e-03
1.527266645140699973e-03
2.261082527675299918e-03
1.449825229948800091e-03
2.187130378327900061e-03
1.860158831931599992e-03
3.840620282713800172e-03
2.758408709017300120e-03
1.707056538565100050e-03
9.117419641690000486e-04
2.556791521573200093e-03
2.735705202019400074e-03
2.608621849229200186e-03
1.508767415916700003e-03
1.722240174978199997e-03
3.790149410925700187e-03
2.362087365432600106e-03
1.555985965235400035e-03
1.343919118937600063e-03
3.938977646174299588e-03
2.226916179801499869e-03
2.240883398868900086e-03
3.131469477735000003e-03
2.605417982403599939e-03
2.017701093243800051e-03
2.498952810435100137e-03
2.464960117675699895e-03
3.558723551410400161e-03
2.610978695319700164e-03
2.244109457089599885e-03
2.175026451677300205e-03
1.970407585285500161e-03
2.331351676500600066e-03
3.258722097040500122e-03
1.955854248771700214e-03
2.307429850485999932e-03
2.781625736275899867e-03
1.517449734308599961e-03
2.163684144154900176e-03
1.615841918322199989e-03
1.843480445761499966e-03
1.505752996078400059e-03
2.135436252650399838e-03
