2.355238973581935506e-03
2.321281398634692655e-03
2.572311745553051456e-03
2.308138208298911916e-03
2.590282063723103358e-03
2.589319255242777083e-03
2.203273937004913714e-03
2.317160429177943584e-03
2.010068225793601969e-03
2.363139620346508315e-03
2.010068225793601969e-03
2.252134503619131027e-03
2.112972009206139611e-03
2.070722863370996758e-03
2.421065342096701250e-03
2.229298757222429941e-03
2.313010493900330249e-03
1.813330134776280130e-03
2.321281398634692655e-03
2.229298757222429941e-03
2.421065342096701250e-03
2.421065342096701250e-03
2.203273937004913714e-03
2.288535836149333761e-03
2.313010493900330249e-03
1.817794859171640914e-03
2.480545506827686823e-03
2.451865787080978638e-03
2.307127828642876934e-03
2.317160429177943584e-03
2.010068225793601969e-03
2.291340636628707000e-03
1.944369632710235161e-03
2.421065342096701250e-03
2.590282063723103358e-03
2.111406776343706035e-03
2.010068225793601969e-03
2.704516694814658190e-03
1.944369632710235161e-03
2.174594217258205529e-03
2.029117055196557814e-03
2.548536719141553282e-03
1.944369632710235161e-03
2.111406776343706035e-03
2.563863627821801917e-03
2.829316527537953114e-03
1.789048995858441397e-03
2.451865787080978638e-03
2.594431999000716693e-03
2.044009828811919546e-03
2.113939348344802665e-03
1.836667778522029556e-03
2.162416588664821653e-03
2.010068225793601969e-03
2.506570327045203050e-03
2.451865787080978638e-03
2.287339795616375078e-03
2.313010493900330249e-03
2.299297551807121757e-03
2.307127828642876934e-03
2.575705553714191000e-03
2.312047685420003974e-03
2.563863627821801917e-03
1.803211306083164550e-03
2.421065342096701250e-03
2.203273937004913714e-03
2.111406776343706035e-03
2.010068225793601969e-03
2.288858882913684389e-03
2.594431999000716693e-03
2.136567459665479531e-03
2.640411190169281424e-03
1.793451293548223649e-03
2.190952561051205845e-03
2.203273937004913714e-03
2.113939348344802665e-03
2.044009828811919546e-03
1.790538587305440981e-03
1.944369632710235161e-03
2.564229627467668002e-03
2.287339795616375078e-03
2.286958057644894893e-03
2.463825005598661941e-03
2.299297551807121757e-03
2.143370900116501644e-03
2.070722863370996758e-03
2.451865787080978638e-03
2.095066428994414240e-03
2.010068225793601969e-03
2.575705553714191000e-03
2.548536719141553282e-03
2.203273937004913714e-03
2.570699035773536985e-03
2.136567459665479531e-03
2.382599522097769967e-03
2.077967403759162397e-03
1.803211306083164550e-03
2.291340636628707000e-03
2.136567459665479531e-03
2.516963706341188763e-03
2.575705553714191000e-03
2.229298757222429941e-03
2.575705553714191000e-03
2.044009828811919546e-03
2.080482875905937442e-03
2.111406776343706035e-03
2.451865787080978638e-03
2.080482875905937442e-03
2.506570327045203050e-03
2.113939348344802665e-03
2.593690451133480891e-03
2.421065342096701250e-03
2.480545506827686823e-03
2.271265149318780173e-03
2.594961462343709554e-03
2.271265149318780173e-03
2.636320389281154343e-03
2.307127828642876934e-03
2.529406073441904136e-03
2.010068225793601969e-03
2.287339795616375078e-03
2.203273937004913714e-03
2.287339795616375078e-03
2.576996040550689777e-03
2.286958057644894893e-03
2.298433983891417891e-03
2.162416588664821653e-03
2.570699035773536985e-03
2.010068225793601969e-03
2.480545506827686823e-03
2.421065342096701250e-03
2.299297551807121757e-03
2.307127828642876934e-03
1.859295889842706422e-03
2.174594217258205529e-03
2.593690451133480891e-03
2.480545506827686823e-03
2.589319255242777083e-03
2.388678346166479144e-03
2.548536719141553282e-03
2.564229627467668002e-03
2.316418881310707781e-03
2.077967403759162397e-03
2.584399398465650043e-03
2.174594217258205529e-03
2.480545506827686823e-03
2.529406073441904136e-03
2.253948338818605960e-03
2.010068225793601969e-03
2.203273937004913714e-03
2.174594217258205529e-03
2.044009828811919546e-03
2.685637545235641625e-03
1.944369632710235161e-03
2.077967403759162397e-03
2.592438962751430088e-03
2.287339795616375078e-03
2.077967403759162397e-03
2.190952561051205845e-03
2.095066428994414240e-03
2.044009828811919546e-03
2.576996040550689777e-03
2.162416588664821653e-03
2.480545506827686823e-03
2.451865787080978638e-03
2.143793772273928141e-03
1.836667778522029556e-03
2.221641202533008487e-03
2.563863627821801917e-03
2.421065342096701250e-03
2.427245124991885081e-03
2.506570327045203050e-03
2.229298757222429941e-03
2.253948338818605960e-03
2.174594217258205529e-03
2.286958057644894893e-03
2.095066428994414240e-03
2.095066428994414240e-03
2.576996040550689777e-03
2.568612206451480109e-03
2.293002053392381809e-03
2.271265149318780173e-03
2.252134503619131027e-03
2.563863627821801917e-03
2.143793772273928141e-03
2.010068225793601969e-03
2.421065342096701250e-03
2.221641202533008487e-03
2.252134503619131027e-03
2.229298757222429941e-03
2.111406776343706035e-03
2.321281398634692655e-03
2.203273937004913714e-03
2.563863627821801917e-03
2.506570327045203050e-03
1.913680991228432736e-03
2.010068225793601969e-03
2.480545506827686823e-03
2.534527938512643429e-03
1.885145018842048544e-03
1.622623624694453622e-03
2.468578243849739798e-03
2.010068225793601969e-03
2.077967403759162397e-03
2.534527938512643429e-03
2.599526222379979021e-03
1.913680991228432736e-03
1.944369632710235161e-03
2.253948338818605960e-03
2.287339795616375078e-03
2.451865787080978638e-03
2.388678346166479144e-03
2.253948338818605960e-03
1.976676768995832851e-03
1.859295889842706422e-03
1.793451293548223649e-03
2.451865787080978638e-03
2.355238973581935506e-03
2.299724470727916668e-03
1.793451293548223649e-03
1.836667778522029556e-03
2.584399398465650043e-03
2.203273937004913714e-03
2.338736220344815424e-03
1.835700439383366502e-03
2.010068225793601969e-03
2.010068225793601969e-03
2.421065342096701250e-03
2.451865787080978638e-03
2.080482875905937442e-03
2.388678346166479144e-03
2.421065342096701250e-03
2.229298757222429941e-03
2.077967403759162397e-03
2.253948338818605960e-03
2.271265149318780173e-03
2.593690451133480891e-03
2.111406776343706035e-03
2.355238973581935506e-03
2.321281398634692655e-03
2.576996040550689777e-03
1.976676768995832851e-03
1.976676768995832851e-03
2.529406073441904136e-03
2.516963706341188763e-03
2.421065342096701250e-03
2.506570327045203050e-03
2.287339795616375078e-03
2.203273937004913714e-03
2.317689892520936445e-03
2.421065342096701250e-03
2.421065342096701250e-03
2.221641202533008487e-03
2.563863627821801917e-03
2.480545506827686823e-03
2.070722863370996758e-03
2.421065342096701250e-03
2.593690451133480891e-03
1.913680991228432736e-03
2.010068225793601969e-03
2.203273937004913714e-03
2.765972391060520993e-03
2.077967403759162397e-03
1.944369632710235161e-03
2.111406776343706035e-03
1.885145018842048544e-03
2.421065342096701250e-03
2.548536719141553282e-03
2.480545506827686823e-03
2.388678346166479144e-03
2.174594217258205529e-03
2.286962675939087711e-03
2.070722863370996758e-03
2.203273937004913714e-03
2.066320565681214506e-03
2.111406776343706035e-03
1.885145018842048544e-03
2.712593847408982951e-03
2.589319255242777083e-03
2.685637545235641625e-03
2.162416588664821653e-03
2.044009828811919546e-03
2.589319255242777083e-03
2.095066428994414240e-03
1.913680991228432736e-03
2.321281398634692655e-03
2.010068225793601969e-03
2.174594217258205529e-03
2.010068225793601969e-03
2.382599522097769967e-03
1.790538587305440981e-03
2.143793772273928141e-03
1.913680991228432736e-03
2.174594217258205529e-03
2.044009828811919546e-03
2.548536719141553282e-03
2.575705553714191000e-03
2.143793772273928141e-03
2.451865787080978638e-03
2.594961462343709554e-03
1.859295889842706422e-03
2.203273937004913714e-03
2.576996040550689777e-03
1.885145018842048544e-03
2.066320565681214506e-03
1.817794859171640914e-03
1.843715875558312595e-03
1.976676768995832851e-03
2.252134503619131027e-03
2.421065342096701250e-03
2.080482875905937442e-03
2.313010493900330249e-03
2.253948338818605960e-03
1.885145018842048544e-03
2.221641202533008487e-03
2.229298757222429941e-03
1.843715875558312595e-03
2.143793772273928141e-03
