4.622596410408483023e-07
4.622942383709122468e-07
4.648570313516714812e-07
4.640987199212318608e-07
4.626851699683854728e-07
4.635936065215069513e-07
4.621829937951183289e-07
4.632529453649246220e-07
4.621512452775720174e-07
4.820755095986249719e-07
4.621512452775720174e-07
4.623147122001286946e-07
4.676334850173341604e-07
4.639670807533789367e-07
4.622605178708030550e-07
4.622473581362607591e-07
4.627264903837637759e-07
4.664793844924161132e-07
4.622942383709122468e-07
4.622473581362607591e-07
4.622605178708030550e-07
4.622605178708030550e-07
4.621829937951183289e-07
4.657838739695726740e-07
4.627264903837637759e-07
4.632888785690267493e-07
4.623274109075446762e-07
4.622883397060897376e-07
4.626147303856340271e-07
4.632529453649246220e-07
4.621512452775720174e-07
4.654690625375997783e-07
4.623531359337482076e-07
4.622605178708030550e-07
4.626851699683854728e-07
4.620622452722438411e-07
4.621512452775720174e-07
4.773352734542880326e-07
4.623531359337482076e-07
4.621268347468560277e-07
4.819499673433558005e-07
4.624587265724981977e-07
4.623531359337482076e-07
4.620622452722438411e-07
4.624994484443097842e-07
4.771286610566850842e-07
4.643021262383557906e-07
4.622883397060897376e-07
4.631181817554168046e-07
4.620931189640857655e-07
4.632014669556803705e-07
4.630521836949496489e-07
4.628380810789436901e-07
4.621512452775720174e-07
4.623719503859911770e-07
4.622883397060897376e-07
4.623547423661998225e-07
4.627264903837637759e-07
4.647822875701827112e-07
4.626147303856340271e-07
4.625454632509693795e-07
4.637852706693402516e-07
4.624994484443097842e-07
4.635631080058887861e-07
4.622605178708030550e-07
4.621829937951183289e-07
4.620622452722438411e-07
4.621512452775720174e-07
4.665011150912440531e-07
4.631181817554168046e-07
4.630099637410151665e-07
4.818224258593797409e-07
4.638920024681681493e-07
4.626849547590858163e-07
4.621829937951183289e-07
4.632014669556803705e-07
4.620931189640857655e-07
4.648318914448216729e-07
4.623531359337482076e-07
4.660174353870669514e-07
4.623547423661998225e-07
4.663053804484236041e-07
4.878059709402751458e-07
4.647822875701827112e-07
4.693087128267085486e-07
4.639670807533789367e-07
4.622883397060897376e-07
4.634170750409733466e-07
4.621512452775720174e-07
4.625454632509693795e-07
4.624587265724981977e-07
4.621829937951183289e-07
4.775251381583686984e-07
4.630099637410151665e-07
4.681588691353865746e-07
4.620639780268994110e-07
4.635631080058887861e-07
4.654690625375997783e-07
4.630099637410151665e-07
4.754428697035267781e-07
4.625454632509693795e-07
4.622473581362607591e-07
4.625454632509693795e-07
4.620931189640857655e-07
4.636665922656746312e-07
4.620622452722438411e-07
4.622883397060897376e-07
4.636665922656746312e-07
4.623719503859911770e-07
4.632014669556803705e-07
4.627941789558772553e-07
4.622605178708030550e-07
4.623274109075446762e-07
4.623817125670295884e-07
4.629373594368932845e-07
4.623817125670295884e-07
4.675488071463232886e-07
4.626147303856340271e-07
4.624168109103121878e-07
4.621512452775720174e-07
4.623547423661998225e-07
4.621829937951183289e-07
4.623547423661998225e-07
4.665453244406738510e-07
4.663053804484236041e-07
4.625250272494605860e-07
4.628380810789436901e-07
4.775251381583686984e-07
4.621512452775720174e-07
4.623274109075446762e-07
4.622605178708030550e-07
4.647822875701827112e-07
4.626147303856340271e-07
4.628431507758394829e-07
4.621268347468560277e-07
4.627941789558772553e-07
4.623274109075446762e-07
4.635936065215069513e-07
4.622494415212763416e-07
4.624587265724981977e-07
4.660174353870669514e-07
4.628670479194840129e-07
4.620639780268994110e-07
4.626046811673026255e-07
4.621268347468560277e-07
4.623274109075446762e-07
4.624168109103121878e-07
4.624410822110409169e-07
4.621512452775720174e-07
4.621829937951183289e-07
4.621268347468560277e-07
4.620931189640857655e-07
4.690597692410653140e-07
4.623531359337482076e-07
4.620639780268994110e-07
4.633375488762504664e-07
4.623547423661998225e-07
4.620639780268994110e-07
4.626849547590858163e-07
4.634170750409733466e-07
4.620931189640857655e-07
4.665453244406738510e-07
4.628380810789436901e-07
4.623274109075446762e-07
4.622883397060897376e-07
4.620847304196880681e-07
4.630521836949496489e-07
4.625518788965995741e-07
4.624994484443097842e-07
4.622605178708030550e-07
4.773825222726858399e-07
4.623719503859911770e-07
4.622473581362607591e-07
4.624410822110409169e-07
4.621268347468560277e-07
4.663053804484236041e-07
4.634170750409733466e-07
4.634170750409733466e-07
4.665453244406738510e-07
4.651836991309158887e-07
4.666552708121776660e-07
4.623817125670295884e-07
4.623147122001286946e-07
4.624994484443097842e-07
4.620847304196880681e-07
4.621512452775720174e-07
4.622605178708030550e-07
4.625518788965995741e-07
4.623147122001286946e-07
4.622473581362607591e-07
4.620622452722438411e-07
4.622942383709122468e-07
4.621829937951183289e-07
4.624994484443097842e-07
4.623719503859911770e-07
4.624934802818873553e-07
4.621512452775720174e-07
4.623274109075446762e-07
4.755583874171348514e-07
4.626572271546245819e-07
5.253054830802334584e-07
5.062424688755079894e-07
4.621512452775720174e-07
4.620639780268994110e-07
4.755583874171348514e-07
4.668732414453434028e-07
4.624934802818873553e-07
4.623531359337482076e-07
4.624410822110409169e-07
4.623547423661998225e-07
4.622883397060897376e-07
4.622494415212763416e-07
4.624410822110409169e-07
4.622383544907256263e-07
4.628431507758394829e-07
4.638920024681681493e-07
4.622883397060897376e-07
4.622596410408483023e-07
4.667788380723952393e-07
4.638920024681681493e-07
4.630521836949496489e-07
4.626046811673026255e-07
4.621829937951183289e-07
4.672447345691512032e-07
4.677582349075258704e-07
4.621512452775720174e-07
4.621512452775720174e-07
4.622605178708030550e-07
4.622883397060897376e-07
4.636665922656746312e-07
4.622494415212763416e-07
4.622605178708030550e-07
4.622473581362607591e-07
4.620639780268994110e-07
4.624410822110409169e-07
4.623817125670295884e-07
4.627941789558772553e-07
4.620622452722438411e-07
4.622596410408483023e-07
4.622942383709122468e-07
4.665453244406738510e-07
4.622383544907256263e-07
4.622383544907256263e-07
4.624168109103121878e-07
4.754428697035267781e-07
4.622605178708030550e-07
4.623719503859911770e-07
4.623547423661998225e-07
4.621829937951183289e-07
4.630415456738849490e-07
4.622605178708030550e-07
4.622605178708030550e-07
4.625518788965995741e-07
4.624994484443097842e-07
4.623274109075446762e-07
4.639670807533789367e-07
4.622605178708030550e-07
4.627941789558772553e-07
4.624934802818873553e-07
4.621512452775720174e-07
4.621829937951183289e-07
4.730452439128920020e-07
4.620639780268994110e-07
4.623531359337482076e-07
4.620622452722438411e-07
4.626572271546245819e-07
4.622605178708030550e-07
4.624587265724981977e-07
4.623274109075446762e-07
4.622494415212763416e-07
4.621268347468560277e-07
4.660652031488572061e-07
4.639670807533789367e-07
4.621829937951183289e-07
4.643450364475398018e-07
4.620622452722438411e-07
4.626572271546245819e-07
4.701981838136684666e-07
4.635936065215069513e-07
4.690597692410653140e-07
4.628380810789436901e-07
4.620931189640857655e-07
4.635936065215069513e-07
4.634170750409733466e-07
4.624934802818873553e-07
4.622942383709122468e-07
4.621512452775720174e-07
4.621268347468560277e-07
4.621512452775720174e-07
4.681588691353865746e-07
4.648318914448216729e-07
4.620847304196880681e-07
4.624934802818873553e-07
4.621268347468560277e-07
4.620931189640857655e-07
4.624587265724981977e-07
4.625454632509693795e-07
4.620847304196880681e-07
4.622883397060897376e-07
4.629373594368932845e-07
4.628431507758394829e-07
4.621829937951183289e-07
4.665453244406738510e-07
4.626572271546245819e-07
4.643450364475398018e-07
4.632888785690267493e-07
4.963051360761117468e-07
4.622383544907256263e-07
4.623147122001286946e-07
4.622605178708030550e-07
4.636665922656746312e-07
4.627264903837637759e-07
4.624410822110409169e-07
4.626572271546245819e-07
4.625518788965995741e-07
4.622473581362607591e-07
4.963051360761117468e-07
4.620847304196880681e-07
