4.391656502926337136e-01
-1.411295332372072941e+00
-1.414929912263268141e+00
3.478386293044549160e-01
1.593652513877453769e-01
-6.637148498384025652e-01
9.087235312296528811e-01
2.694665943494013727e-02
1.543082829545515677e+00
7.529981857275740431e-01
-3.649396604718804782e-01
1.189392413673601157e+00
-1.091972834209006482e+00
-1.569244752109752783e+00
1.567865290237332176e-01
3.319352405957115004e-01
-7.467045059931937123e-02
-1.216667339474765130e+00
1.067694123688576635e+00
-6.553603187053920198e-01
3.257730710785809447e-01
6.864965380000385142e-01
1.191091067152208138e+00
1.296789251253184783e-01
-4.838682519601296694e-01
-8.637754125914438863e-02
1.008278401077589592e+00
3.580107077839566054e-01
-1.565747624573344543e-01
2.304727285596198105e-01
-5.160499946350116662e-01
-2.056919706560773053e-01
-2.420129091181817682e-01
1.290087614614650935e+00
1.776449958596462431e-01
4.190767090759097702e-01
1.155671656765688393e+00
-2.776420816040587325e-01
8.485544594129160734e-01
-6.005070885605175990e-01
1.226155365655187124e-01
-3.946715492108221479e-01
-1.683889931479166435e+00
4.989347599832590352e-01
-3.205208270739933196e-01
-2.737600319450693709e-01
8.901360499001975679e-01
-1.342799305636553364e-01
-2.696435353109177258e-01
7.317666485539877641e-01
1.226287876100558893e+00
9.845758189731755872e-01
-4.753565050582574947e-01
-1.462193560247335711e+00
-8.600588847951746718e-01
3.379955585882787883e-01
-1.497892255374931203e+00
-4.838682519601296694e-01
-2.853268373194989965e-02
1.485517505027587615e-01
5.330215407392874249e-02
3.619836480943278700e-01
-3.961414355014864497e-01
-2.549030071749959769e-01
-2.560597936379603867e-01
1.193584038046523743e-01
7.117405908338255704e-01
2.681867898111870430e-01
-8.266802170791545668e-02
1.667075243429244846e+00
8.178998404690337454e-01
-1.081298044919136447e-01
9.221041583827530586e-01
8.520548399010985374e-01
-2.051993320594934778e-01
-9.693396989448439527e-01
-4.463929969236347245e-02
-2.024837713876869838e+00
-3.584794254525920376e-01
-1.624561931648287993e+00
-7.380675840460285686e-01
-7.081850269177216717e-01
-2.352054765617673238e-01
1.837435128335473400e-01
-8.599879479502927637e-01
-4.713944180583741206e-01
1.656331129900287247e-01
-2.689882107944536749e-01
2.284805689037330556e-01
-4.429792059482695055e-01
3.338593146063658645e-01
-1.942706556031926768e+00
6.950328835076300393e-01
-2.834135613536406417e+00
-7.696298282249695866e-02
-6.764908585410339681e-01
-6.876830791317259939e-01
7.965097617845774414e-01
-5.702656050580343083e-02
2.030240584456896591e-01
8.065502925783798460e-01
-4.401621448741370179e-01
2.519176290167112614e-02
-1.821812525288533324e+00
1.440039853073883158e+00
-8.161038504276529881e-01
9.499448671705836844e-01
5.980798851568398522e-01
1.669187436197352159e-01
1.980000745726305134e+00
2.809971944080971173e-01
-9.534431343752820809e-02
-5.574353932182046778e-01
-2.093880957533213738e-01
1.722792738721995232e+00
4.260965601022421723e-01
4.840855421276118453e-01
-2.133790804146705966e+00
1.249604342713173999e+00
-5.617802257486247397e-01
-2.311764894446958485e-01
2.046200857710037957e-01
-8.208592386990262169e-01
1.082165496314988762e-01
-3.659928471252604787e-01
1.599683112812132935e+00
-1.198267351073142084e+00
-8.271227012064522044e-03
1.303213060281656510e+00
9.040610474032807486e-01
6.916388365685977035e-01
2.575047917077783466e-01
-2.090865612485099945e+00
1.239000260816428112e+00
-3.581102245075472590e-01
7.387993764035923894e-01
7.333056689346169055e-01
2.605427340704537631e+00
-1.567932422948057125e+00
3.338593146063658645e-01
9.696224336696665502e-02
5.020138606028969885e-01
-1.132883245642587022e+00
6.625952409309074920e-01
7.931144328996487802e-01
-1.066523702688760844e+00
-3.621194534305193224e-01
7.590771683961003991e-01
9.197882050353485273e-01
1.966512467844598322e-01
5.343205659511746086e-01
-1.413895001489029024e+00
3.253259665826297442e-01
6.035946945790539031e-01
1.416094227169979181e-01
2.628795796122330497e+00
-1.843630250354786115e+00
7.128088650617833144e-01
-6.011164230807028996e-01
6.785075674190467199e-01
-1.316741824983769238e-01
-1.691352586277124481e-01
-7.705269515757366960e-01
-2.434191459217628917e-01
4.768692410305029328e-01
-9.315348075801772598e-01
5.460560221884177556e-01
1.561717451581749128e+00
-1.128865931197580830e+00
2.485643837786443155e-01
1.051632373400051695e-01
9.313533563528736403e-01
-1.662074498205254658e+00
-5.493909807266083023e-01
8.340788292648874114e-01
3.301861403302921993e-01
-1.534655024745470664e+00
-1.024980041385599172e+00
1.560217432608528021e-02
-2.596812046892878678e-04
3.389918233502871581e-01
8.872605867139063962e-01
-9.665117303698096407e-01
-1.853898033748246688e+00
-4.304727682433195923e-01
-4.833356551595900941e-01
6.957212575614873940e-01
-1.565328460894660045e+00
7.419567218570350953e-01
9.410920906357464477e-02
1.491696956144065389e+00
1.745943439945883524e+00
4.260719706525254447e-01
8.329793942917524951e-01
1.412535288375062370e+00
-2.973085287645165220e-01
8.414954312240530143e-01
-2.434191459217628917e-01
-1.236457546579280004e-01
-1.604975081793421909e-01
1.207601090789489628e+00
1.635637352030702707e-01
-8.038226095412870364e-01
1.373776853694636202e+00
3.236432205099494530e-02
-6.325442378465704341e-01
7.502152852762269952e-02
-1.550710854139613515e+00
1.737605361264234205e-01
1.435866538859633224e+00
-5.458694184464165655e-01
5.058318289690635350e-01
5.212777645919479674e-01
1.039704249090743993e+00
-1.262165863663475829e+00
1.096885737992329801e+00
-3.848727395966767412e-02
-1.028536186030480026e+00
5.615963843483321449e-01
-5.517140698389780828e-01
1.452514801837472502e+00
-1.666605989033909552e+00
1.553479056071431108e+00
2.428039379479702831e-01
5.071349240430482741e-01
-1.164950170383490580e+00
-9.699764507414830872e-01
2.669099712484988007e-01
2.155620276030223437e-01
-1.903186695051580335e+00
1.565164155921945577e+00
-3.607937394411950827e-01
1.655599420080376971e+00
1.278925027762197297e+00
-1.806569289473013984e-01
4.260965601022421723e-01
-7.638536898956616028e-01
-1.004266462913323776e+00
-9.825423632058657430e-01
1.935148567656010732e+00
-1.914464084683700773e-01
7.952814112125122792e-01
-4.309332724205755527e-01
-2.086960310118171902e-01
9.888325317825355509e-02
-2.335564671310537688e-01
8.298351049415844116e-01
-6.233625210100588454e-01
-1.056829944555806033e-01
1.524934597302096684e-01
3.270469661968653519e-01
-4.317303114549528864e-01
-1.341275116750313412e+00
1.236345775052421381e+00
7.146754885161229476e-01
3.181114010450062368e-01
4.333920703076698189e+00
-2.179510430243957186e-01
-1.182414422556443023e+00
-1.647003214475524002e+00
-2.825195817521590491e-02
-7.632681446307986763e-03
-9.694714357934905991e-01
9.969530019406973587e-01
1.208553658816976517e+00
-5.436546381102598247e-01
1.323321878081673564e+00
1.579903169581426070e+00
-9.747571459538063587e-01
7.109978864473970317e-01
-5.448076438044590075e-01
-4.668324218899814193e-01
-3.441325258128897224e-01
-1.013424638626268193e+00
1.916322903992456750e-01
9.029436707819791241e-01
2.105415400997880104e-01
6.982669815200057140e-02
3.584180420931218913e-01
-1.283464987413289182e-01
4.972250344225794816e-01
1.169949894189023176e+00
5.404468087524108011e-01
5.473450409786410065e-01
1.150050918079124518e+00
7.281724001075416952e-01
-8.458049417013870919e-01
8.383152802768256695e-01
3.521066141000654959e-01
2.645935214706112149e-01
7.293974692688680594e-01
3.367394265908013606e-01
8.066477732419197189e-02
-8.678055830737984033e-01
-7.183893728424189939e-01
7.629827995673534036e-02
9.193446841421397675e-01
-6.221871751597136679e-01
-6.101904828805750081e-02
1.011753282764324968e+00
6.103653498843567560e-01
-1.340036790201913630e-01
9.928543908161566178e-02
8.113491433415591647e-01
4.662499441332095818e-01
1.852267445464664819e+00
1.324177803917453211e+00
5.622923812551737788e-01
1.154923266233669199e-01
-2.167050224252007051e-01
-3.460596994030176732e-01
-2.339357050639982449e-01
6.776635171431725224e-01
-5.746664205024890060e-02
-1.596562249402491696e-01
7.738358305566912509e-01
6.425406317223425479e-01
2.487711587293317539e+00
