1.927079663969472447e-03
1.914258353162505161e-03
1.998323915926182755e-03
2.016834377577661312e-03
2.008782895460769959e-03
2.005718004418856424e-03
1.985507513831884230e-03
2.021516572925549995e-03
1.914139323888446910e-03
2.120751740514233413e-03
1.914139323888446910e-03
2.002439541987954472e-03
1.784836983285238753e-03
1.799679070566675976e-03
1.951311084136227126e-03
1.994595498730190441e-03
2.021734565716601460e-03
1.796946119133513821e-03
1.914258353162505161e-03
1.994595498730190441e-03
1.951311084136227126e-03
1.951311084136227126e-03
1.985507513831884230e-03
2.008854384982616554e-03
2.021734565716601460e-03
1.829585283784087267e-03
1.972555843576053163e-03
1.962389675856807732e-03
2.020195104830283580e-03
2.021516572925549995e-03
1.914139323888446910e-03
2.009847936732444586e-03
1.887912793938315752e-03
1.951311084136227126e-03
2.008782895460769959e-03
1.952437497489745589e-03
1.914139323888446910e-03
2.122709735161595630e-03
1.887912793938315752e-03
1.975341346112639233e-03
1.897845784883700135e-03
1.995928436053381883e-03
1.887912793938315752e-03
1.952437497489745589e-03
2.000949079185909262e-03
2.120285741355162987e-03
1.806182889141582770e-03
1.962389675856807732e-03
2.008564902669718495e-03
1.927210023418336228e-03
1.826808787169705581e-03
1.839760457425536648e-03
1.849726144675905475e-03
1.914139323888446910e-03
1.981643828474359374e-03
1.962389675856807732e-03
1.901187653632615843e-03
2.021734565716601460e-03
2.013004459016173690e-03
2.020195104830283580e-03
2.004676453921216094e-03
2.018669674674687924e-03
2.000949079185909262e-03
1.820486791976542789e-03
1.951311084136227126e-03
1.985507513831884230e-03
1.952437497489745589e-03
1.914139323888446910e-03
2.009807059083093192e-03
2.008564902669718495e-03
1.837894883825456254e-03
2.107800070258402346e-03
1.812630740822507042e-03
1.862136810901449200e-03
1.985507513831884230e-03
1.826808787169705581e-03
1.927210023418336228e-03
1.801308995753373365e-03
1.887912793938315752e-03
1.995749401586959220e-03
1.901187653632615843e-03
2.008701071842790287e-03
1.910536929894515344e-03
2.013004459016173690e-03
1.787916511263923629e-03
1.799679070566675976e-03
1.962389675856807732e-03
1.816633613528255984e-03
1.914139323888446910e-03
2.004676453921216094e-03
1.995928436053381883e-03
1.985507513831884230e-03
2.154252988891612423e-03
1.837894883825456254e-03
2.051595400278815109e-03
1.940031334225303513e-03
1.820486791976542789e-03
2.009847936732444586e-03
1.837894883825456254e-03
2.153239814893099981e-03
2.004676453921216094e-03
1.994595498730190441e-03
2.004676453921216094e-03
1.927210023418336228e-03
1.807535121720711723e-03
1.952437497489745589e-03
1.962389675856807732e-03
1.807535121720711723e-03
1.981643828474359374e-03
1.826808787169705581e-03
2.009427710895319436e-03
1.951311084136227126e-03
1.972555843576053163e-03
2.008880106309212949e-03
2.009310755193251946e-03
2.008880106309212949e-03
2.028385465394720328e-03
2.020195104830283580e-03
1.989487871732122971e-03
1.914139323888446910e-03
1.901187653632615843e-03
1.985507513831884230e-03
1.901187653632615843e-03
2.002097022504056335e-03
2.008701071842790287e-03
2.017628124177047160e-03
1.849726144675905475e-03
2.154252988891612423e-03
1.914139323888446910e-03
1.972555843576053163e-03
1.951311084136227126e-03
2.013004459016173690e-03
2.020195104830283580e-03
1.850846554081287320e-03
1.975341346112639233e-03
2.009427710895319436e-03
1.972555843576053163e-03
2.005718004418856424e-03
1.939485827233914305e-03
1.995928436053381883e-03
1.995749401586959220e-03
2.022379381151150502e-03
1.940031334225303513e-03
2.007243434574452513e-03
1.975341346112639233e-03
1.972555843576053163e-03
1.989487871732122971e-03
1.888033324199407670e-03
1.914139323888446910e-03
1.985507513831884230e-03
1.975341346112639233e-03
1.927210023418336228e-03
2.049952929361426642e-03
1.887912793938315752e-03
1.940031334225303513e-03
2.007323027639869653e-03
1.901187653632615843e-03
1.940031334225303513e-03
1.862136810901449200e-03
1.816633613528255984e-03
1.927210023418336228e-03
2.002097022504056335e-03
1.849726144675905475e-03
1.972555843576053163e-03
1.962389675856807732e-03
1.964262754392058410e-03
1.839760457425536648e-03
1.874961123682484469e-03
2.000949079185909262e-03
1.951311084136227126e-03
2.135661405417427130e-03
1.981643828474359374e-03
1.994595498730190441e-03
1.888033324199407670e-03
1.975341346112639233e-03
2.008701071842790287e-03
1.816633613528255984e-03
1.816633613528255984e-03
2.002097022504056335e-03
1.996896266476613519e-03
2.011878641283742618e-03
2.008880106309212949e-03
2.002439541987954472e-03
2.000949079185909262e-03
1.964262754392058410e-03
1.914139323888446910e-03
1.951311084136227126e-03
1.874961123682484469e-03
2.002439541987954472e-03
1.994595498730190441e-03
1.952437497489745589e-03
1.914258353162505161e-03
1.985507513831884230e-03
2.000949079185909262e-03
1.981643828474359374e-03
1.875088481157280267e-03
1.914139323888446910e-03
1.972555843576053163e-03
2.122969608867982666e-03
1.862677814931736541e-03
1.867296800858927412e-03
2.063990533250703065e-03
1.914139323888446910e-03
1.940031334225303513e-03
2.122969608867982666e-03
2.012264030543440760e-03
1.875088481157280267e-03
1.887912793938315752e-03
1.888033324199407670e-03
1.901187653632615843e-03
1.962389675856807732e-03
1.939485827233914305e-03
1.888033324199407670e-03
1.900984994455238953e-03
1.850846554081287320e-03
1.812630740822507042e-03
1.962389675856807732e-03
1.927079663969472447e-03
2.015048692759887402e-03
1.812630740822507042e-03
1.839760457425536648e-03
2.007243434574452513e-03
1.985507513831884230e-03
2.032478405992812175e-03
1.797788653541070036e-03
1.914139323888446910e-03
1.914139323888446910e-03
1.951311084136227126e-03
1.962389675856807732e-03
1.807535121720711723e-03
1.939485827233914305e-03
1.951311084136227126e-03
1.994595498730190441e-03
1.940031334225303513e-03
1.888033324199407670e-03
2.008880106309212949e-03
2.009427710895319436e-03
1.952437497489745589e-03
1.927079663969472447e-03
1.914258353162505161e-03
2.002097022504056335e-03
1.900984994455238953e-03
1.900984994455238953e-03
1.989487871732122971e-03
2.153239814893099981e-03
1.951311084136227126e-03
1.981643828474359374e-03
1.901187653632615843e-03
1.985507513831884230e-03
2.022262425449083446e-03
1.951311084136227126e-03
1.951311084136227126e-03
1.874961123682484469e-03
2.000949079185909262e-03
1.972555843576053163e-03
1.799679070566675976e-03
1.951311084136227126e-03
2.009427710895319436e-03
1.875088481157280267e-03
1.914139323888446910e-03
1.985507513831884230e-03
2.086687561896637122e-03
1.940031334225303513e-03
1.887912793938315752e-03
1.952437497489745589e-03
1.862677814931736541e-03
1.951311084136227126e-03
1.995928436053381883e-03
1.972555843576053163e-03
1.939485827233914305e-03
1.975341346112639233e-03
2.008427805247681597e-03
1.799679070566675976e-03
1.985507513831884230e-03
1.793231218885751486e-03
1.952437497489745589e-03
1.862677814931736541e-03
2.061963206035929193e-03
2.005718004418856424e-03
2.049952929361426642e-03
1.849726144675905475e-03
1.927210023418336228e-03
2.005718004418856424e-03
1.816633613528255984e-03
1.875088481157280267e-03
1.914258353162505161e-03
1.914139323888446910e-03
1.975341346112639233e-03
1.914139323888446910e-03
2.051595400278815109e-03
1.801308995753373365e-03
1.964262754392058410e-03
1.875088481157280267e-03
1.975341346112639233e-03
1.927210023418336228e-03
1.995928436053381883e-03
2.004676453921216094e-03
1.964262754392058410e-03
1.962389675856807732e-03
2.009310755193251946e-03
1.850846554081287320e-03
1.985507513831884230e-03
2.002097022504056335e-03
1.862677814931736541e-03
1.793231218885751486e-03
1.829585283784087267e-03
1.884923896370925122e-03
1.900984994455238953e-03
2.002439541987954472e-03
1.951311084136227126e-03
1.807535121720711723e-03
2.021734565716601460e-03
1.888033324199407670e-03
1.862677814931736541e-03
1.874961123682484469e-03
1.994595498730190441e-03
1.884923896370925122e-03
1.964262754392058410e-03
