4.255854954141599818e-03
4.036141493380799791e-03
3.866460277151599796e-03
3.833318610509900068e-03
3.885030736351399814e-03
3.334918063198100049e-03
3.498814737978400008e-03
3.800418577667399878e-03
3.823365772785099811e-03
3.497554818708299880e-03
3.854975347758199909e-03
3.905899616745500159e-03
3.797052420772700082e-03
3.821411584621100047e-03
3.842351542001899885e-03
3.766564588043599948e-03
3.722180916027400047e-03
3.913843349303699863e-03
3.762799095375200190e-03
3.585348886787399943e-03
3.601897175358899882e-03
3.542532543996999937e-03
3.922630849488500243e-03
3.333871142657300005e-03
3.663094473818599792e-03
3.266796628616099908e-03
3.551400252378500173e-03
3.834081703715399789e-03
3.493924139092699846e-03
4.180257675769700337e-03
4.094148329800800096e-03
4.028108116211600101e-03
3.474315882860899794e-03
3.386562351257200055e-03
3.502675033145399852e-03
3.426350747699799960e-03
3.552306543802400112e-03
3.924268538940300227e-03
3.360452031653100163e-03
3.831178326791299937e-03
3.736016618356899962e-03
3.508817305594799912e-03
3.998098967104299697e-03
3.403713425037000005e-03
3.537475465323599959e-03
3.527331944425900201e-03
3.558115772529000121e-03
3.524324404015899848e-03
3.681612796895100161e-03
3.447339597901200123e-03
3.857878464011299784e-03
3.976450996926199875e-03
3.281112377674700199e-03
3.769574708279700009e-03
3.305272597399099965e-03
3.627428659580799949e-03
3.824560871262199825e-03
3.534555544185500036e-03
3.667126155398000176e-03
3.500104012040300156e-03
3.584601810496100115e-03
3.606859304652299935e-03
3.668654215719800021e-03
3.850428315941299955e-03
3.681646655587699803e-03
3.520315324746300153e-03
3.572354346695200134e-03
3.875039152126300099e-03
3.971015209716199749e-03
3.523719120813899926e-03
3.477654822994300041e-03
3.415566373171900153e-03
3.450485359916400166e-03
3.613695976325000114e-03
3.582659931004599993e-03
3.806977063447200202e-03
3.705800678802799973e-03
4.115282773441000103e-03
3.981489050357199695e-03
3.529084527294799878e-03
3.383342408306700203e-03
3.702730660646599923e-03
3.408668483078399879e-03
3.737825593064600209e-03
3.720315665433000015e-03
3.704813545662499936e-03
3.928336360909900210e-03
3.630363405059699924e-03
3.718041255911400198e-03
3.410572403054700028e-03
3.714318567641399903e-03
3.504108182421299990e-03
3.562212967713800083e-03
3.662485295081899933e-03
3.748131426154099888e-03
3.724969245800699956e-03
3.901451533384300060e-03
3.392229188599200137e-03
3.733781843534299955e-03
4.106309437778700271e-03
4.363455073845000018e-03
3.676886333393700104e-03
3.474762944511600171e-03
4.196254026115799583e-03
3.730157665285699798e-03
3.613541739671999927e-03
4.142953275716099691e-03
4.206082662014099666e-03
3.452539933562600184e-03
3.499883389517900213e-03
3.589892161057500145e-03
4.014084869295500395e-03
3.567257922441099960e-03
3.461758194949099941e-03
4.100105253632599887e-03
3.719466682314400124e-03
3.405699824598300111e-03
3.869205067388600035e-03
4.024649828105899760e-03
3.583985497151099837e-03
3.694570653585900130e-03
3.626479908103799783e-03
3.332512133739300164e-03
3.538028274966500009e-03
3.461565709672299873e-03
3.834647580816399805e-03
3.424684567531399802e-03
3.814963873575100053e-03
3.509906597386200106e-03
3.334305925350499866e-03
3.798876041378500094e-03
3.476389242667599858e-03
3.792628435756300112e-03
3.852930315650700092e-03
3.685922244111100154e-03
3.718229931019799862e-03
3.556429147120800192e-03
3.599682725065099856e-03
3.428995512492899900e-03
3.715437581714299813e-03
3.649778670516400005e-03
3.270038688457500061e-03
3.846004471748900016e-03
3.607993974745600085e-03
3.601691531934800208e-03
3.510922140469200162e-03
3.414515516401800139e-03
3.955743314625900266e-03
3.506490478412099994e-03
3.615558079074199932e-03
3.881210362823800039e-03
3.405358342085800048e-03
3.629827898453499933e-03
3.316616191360699951e-03
3.508158352376999911e-03
3.765616554337400043e-03
3.937862558490799920e-03
3.574764789469699923e-03
3.907723645292699582e-03
3.816466590741700044e-03
4.002461785748000211e-03
3.638606283044300196e-03
3.702933189358800174e-03
3.215045684750699861e-03
3.684581132479599914e-03
3.698154672691399917e-03
3.494744285024099957e-03
3.274737731452299992e-03
3.596527293298599787e-03
3.982875827185100234e-03
3.724829846382400177e-03
3.506384305504599893e-03
4.035757937004299731e-03
3.598388329821399900e-03
3.667181039325299787e-03
3.452863985198800171e-03
3.558212473183100175e-03
3.569839435562099841e-03
3.539918384239199890e-03
3.846827232339200108e-03
3.687828480603299978e-03
3.702491647034200119e-03
3.764370259325999866e-03
3.683261991692399814e-03
3.645246066506800057e-03
3.723125398847300111e-03
3.441703186799799970e-03
3.675128592699499885e-03
3.462895234244200114e-03
3.968563874563100363e-03
3.767221957145799969e-03
3.794068623777199865e-03
3.472863317762600165e-03
3.903794040922500125e-03
3.786101768997200169e-03
3.880532936408200018e-03
3.342546557482900180e-03
3.600576234369799906e-03
3.547604689055699860e-03
3.343156340202700118e-03
3.560582900072700036e-03
4.362325752568599682e-03
3.652567999506600108e-03
3.974423414466900402e-03
3.662790198249899973e-03
3.626431629214900074e-03
3.492751564347700184e-03
4.047227685300299610e-03
3.813226137961599899e-03
3.612503486744399975e-03
4.261267495130299614e-03
3.439222814355599907e-03
3.804892689196500040e-03
3.652929672841800143e-03
3.588618538103099855e-03
3.471248036701199934e-03
3.783938490583900038e-03
3.594967776046500193e-03
3.503746112060300132e-03
3.350788033704899926e-03
3.797921597084500007e-03
3.055692551809599793e-03
3.728409025860200069e-03
3.635936694112100031e-03
3.688775466148300122e-03
3.839171398980400097e-03
3.463576496986399845e-03
3.671526894342900128e-03
3.579199727110500204e-03
3.500680860400999950e-03
4.116463808214099705e-03
3.374788620398199920e-03
4.310238628866400017e-03
3.258885230407199823e-03
3.906354003441099738e-03
3.715764984139599981e-03
3.592129063503500096e-03
3.818169107293599950e-03
3.763807438283900148e-03
3.714067026480799907e-03
3.742700688719200006e-03
3.325861362845100155e-03
4.529587956684099845e-03
3.713299471433500077e-03
3.754954079610599814e-03
3.493483922521500081e-03
3.561104418489700191e-03
3.365856159227300151e-03
3.953271108176500265e-03
4.130302293843799745e-03
3.727512664679199800e-03
3.733241288601600073e-03
4.128103835533599927e-03
3.766604819236899892e-03
3.198745765325799930e-03
3.733153225063699787e-03
3.791660073810400149e-03
3.319313538624300060e-03
4.053485345474300110e-03
3.640620582650899977e-03
3.311804798673400208e-03
3.417163902919199883e-03
3.590239082301599841e-03
3.823059260319700003e-03
3.810912566134699950e-03
3.696328227794900157e-03
3.377307246752499909e-03
3.784022137758300160e-03
3.757856373523799955e-03
4.117524568122699936e-03
3.481124212610600070e-03
3.667356430199999844e-03
4.069096101698000192e-03
3.493575408163699953e-03
3.420048873133200041e-03
3.734523116974499974e-03
3.562335479353499843e-03
3.735553781504300040e-03
3.856581846386400187e-03
3.664684753573099838e-03
4.225501261953800228e-03
3.861284005224199962e-03
3.882667977607699890e-03
3.401532928463799847e-03
3.708777575494699979e-03
3.837957986199399835e-03
4.000207064034500340e-03
3.604906452922100168e-03
3.557751614813399899e-03
3.577987781225800117e-03
3.625430229810999889e-03
3.644577716936299797e-03
3.575190655456699992e-03
3.508495041730599808e-03
3.795926410954900132e-03
3.682466784317199853e-03
3.597192069005600203e-03
3.772077478729800142e-03
3.687875549366100101e-03
3.788595036408600163e-03
3.880303426923800009e-03
4.076697788314200162e-03
3.667752590439199954e-03
4.028172355966200095e-03
3.493298597809399789e-03
3.929694252741499673e-03
3.680668560533800152e-03
4.187003864622800345e-03
3.362293495798699978e-03
3.399151058362700085e-03
3.186356508249700136e-03
3.773594670137599832e-03
3.611506874961699885e-03
3.447163858883300035e-03
3.678229669138700052e-03
4.132486762715399838e-03
3.616289953353400092e-03
3.819305739456500207e-03
3.485182464444800191e-03
3.610699802563999833e-03
3.810502530085899987e-03
3.898052261345999903e-03
3.388190396674999830e-03
3.581981499272400039e-03
3.446340735987099817e-03
3.702251903471399843e-03
3.346311758141699844e-03
3.857558476666099901e-03
3.430584759507400092e-03
3.796589670345399802e-03
3.711647241580900026e-03
3.359124723259700185e-03
3.421666591059999846e-03
3.189744611991500011e-03
3.228723954505899850e-03
3.583549495621300186e-03
3.567450497187700086e-03
3.881546592929400064e-03
3.687474812169899956e-03
3.817762307410499985e-03
3.577709778473700097e-03
3.610882878452899986e-03
3.395059931970500090e-03
3.533666663975899846e-03
3.781299474246600009e-03
3.571278292001699942e-03
3.365250410292999848e-03
3.347697692088399783e-03
3.472426289313699978e-03
3.716189048206899794e-03
3.616870666768899970e-03
3.673196539567099867e-03
3.569249947892299841e-03
3.443507414590899970e-03
4.015402483329100214e-03
3.756610740910599870e-03
3.717589351549299963e-03
3.389262309615199888e-03
3.736518038630099858e-03
3.334755372491999929e-03
4.060304538543600163e-03
3.617432071068600076e-03
3.644102495715099803e-03
3.536121043117500164e-03
3.694087675921900026e-03
3.676444812098100205e-03
3.780836079630500203e-03
3.678249499316999828e-03
3.594205262169000107e-03
4.003442422281299623e-03
3.668251184055699912e-03
3.908352194017799576e-03
3.918682669502199928e-03
4.039589302504900149e-03
3.425330974037200157e-03
3.468920544662999934e-03
3.899124823985899817e-03
3.880869839118200170e-03
3.479737070134100024e-03
3.810804311157899894e-03
3.736218114530100165e-03
3.410419038129899882e-03
3.697889127677499860e-03
3.576202006132199896e-03
3.676157318335899950e-03
3.397104657498099985e-03
3.680109495996800040e-03
3.515136157480499863e-03
3.457025206802699820e-03
3.770426732950199998e-03
3.337404888106900065e-03
3.426472668946100187e-03
3.411417533031300010e-03
3.769034904538400010e-03
3.751673784637800119e-03
3.395141369532800150e-03
3.423366583618100197e-03
3.475464827220500156e-03
3.529986387761700067e-03
3.439127886825400163e-03
3.702777334893100208e-03
3.615603682395799809e-03
3.549501914240099903e-03
3.710485645945700052e-03
3.662001411944300084e-03
4.295458672500599741e-03
3.657240350608599849e-03
3.830298082200300162e-03
3.483825653104899878e-03
3.632221854602100172e-03
3.682703083442700077e-03
3.294775003154100032e-03
3.490336419036800183e-03
3.570558520813000083e-03
4.274273153604400341e-03
3.933119631070699715e-03
3.995949562699200111e-03
3.522784580322700209e-03
3.681116985734500004e-03
3.587848094612999979e-03
3.873428528617399794e-03
3.907891013864999569e-03
3.295664264842299799e-03
3.893462924352400056e-03
3.648672854368999966e-03
3.321090334499400033e-03
3.583663319125999884e-03
3.472982303905899903e-03
3.571126212931300184e-03
3.636481939143699875e-03
3.645367312262299837e-03
3.894292894319300192e-03
3.722693297046499820e-03
3.432387491131199796e-03
3.477172089139900051e-03
3.689320252833899923e-03
3.461149260989299786e-03
4.184477854664099723e-03
3.838443664024400112e-03
3.201736128859399878e-03
3.785381985794900126e-03
3.709385622809800200e-03
3.546955352444200200e-03
4.169060281839500129e-03
3.762209175795800092e-03
3.385547477675100031e-03
3.664940340568400082e-03
3.408070720931799958e-03
3.536315940248899951e-03
3.569176304435399925e-03
3.798832288672599963e-03
3.735939444375599872e-03
3.981548605594699940e-03
3.579752991541499795e-03
3.597362014677900170e-03
3.482073687779800152e-03
3.738341194054699886e-03
3.702246422518899824e-03
3.520569912840300179e-03
3.835873353661900173e-03
3.516448778663200034e-03
3.473515671709800131e-03
3.938588041438599759e-03
3.720104035595599937e-03
3.463012916403599827e-03
3.433003010152199837e-03
4.043486201830899865e-03
3.421899102427699950e-03
3.550485395464899902e-03
3.413673785245600195e-03
3.448292959399499886e-03
3.726983279734600186e-03
3.865831713812700049e-03
3.830235959163199796e-03
3.373056410202500150e-03
3.356377843965799822e-03
3.555290911286700193e-03
3.509669476461500012e-03
3.826983948477599793e-03
3.601131351742900034e-03
3.721119777939600054e-03
3.441881090599199951e-03
3.463655676374799864e-03
4.057492580065500190e-03
3.689591179722299854e-03
4.257569831729399873e-03
3.777869982679999978e-03
3.577340504352600082e-03
3.423307238834900207e-03
3.346797516102699953e-03
3.783012260736400012e-03
4.212119428687799948e-03
3.599305050424200098e-03
3.585020584184400033e-03
3.542573535291399997e-03
3.717596661805099966e-03
3.605058885815900192e-03
3.638078778896200027e-03
3.954486185193200297e-03
3.658051501610499936e-03
3.819353997063899917e-03
3.757347874289199922e-03
3.684173844725799948e-03
3.612154601876900115e-03
4.067902568297100327e-03
4.191944483349899567e-03
3.274734530501300072e-03
3.217381711316399939e-03
3.493894239224899865e-03
3.582743855309300160e-03
3.804115473243200110e-03
3.774736599971600069e-03
3.686210442080499906e-03
3.646068184834400094e-03
3.934206327012699893e-03
2.581698438839099934e-03
3.782018372436100027e-03
3.477063590492999838e-03
3.827979493588199843e-03
4.161962928227700385e-03
3.597951692072299916e-03
3.488397305848500024e-03
4.338571582187000265e-03
3.680304909857900087e-03
3.731279484034800194e-03
3.487631271470200203e-03
3.583080939396899884e-03
3.824898797593200006e-03
3.918122051510900157e-03
3.472341794231900182e-03
3.573017206705999919e-03
3.471431759013500137e-03
3.742664147203499971e-03
3.551390261840399812e-03
3.628744459353700196e-03
3.828867302284100216e-03
3.745581046944600114e-03
3.412867376096299921e-03
3.554217621767599786e-03
3.667588475432399884e-03
3.973828345261900229e-03
3.478071516244499953e-03
4.045560338898499669e-03
3.841217569270200059e-03
3.531582842721299985e-03
3.754084168468899835e-03
3.693183159641399982e-03
3.349051800400999843e-03
3.631260741040599847e-03
3.968997391778399803e-03
3.428270839200300152e-03
3.810222328851700039e-03
3.373738855974799979e-03
3.610641303198399918e-03
3.900614220190500112e-03
3.438192389101099936e-03
3.959573898999299568e-03
3.453437432841099941e-03
3.453812592020600192e-03
3.449098777761899857e-03
3.804022617724200136e-03
3.282978768381899972e-03
3.697710959171900211e-03
3.218047091505599894e-03
3.685664850033599886e-03
4.063250939212699822e-03
3.688519563387999793e-03
3.294846265617699856e-03
3.505785328747300193e-03
3.925076622414300220e-03
3.466700902134399812e-03
3.809820490032500041e-03
3.631080438278800043e-03
3.424838370535599960e-03
3.766832194749499853e-03
3.668626315162400002e-03
3.379004831063499824e-03
3.290319892639499959e-03
3.598281469081700181e-03
3.528579151351800020e-03
3.580185941994900103e-03
3.793459280335999967e-03
3.629382494626999956e-03
3.538118208649499840e-03
3.538988821366799951e-03
3.606230352620299912e-03
4.035320647605300341e-03
3.489834762466999946e-03
3.356273723992199854e-03
3.623556283591800216e-03
3.737380123447200161e-03
3.286850451244700041e-03
3.658675113040200152e-03
4.227660605084200031e-03
3.619610919666299814e-03
3.750799735063100205e-03
4.388177912552600375e-03
3.531417990489200010e-03
3.609707746631900162e-03
3.710842543486199841e-03
3.596062463826499907e-03
3.467202300838999936e-03
3.543173228739500153e-03
3.442467883884500150e-03
3.767634478216499994e-03
3.588557761816899960e-03
3.443798011926200130e-03
3.667793719981300195e-03
3.459799376789500155e-03
3.653089760454000107e-03
3.297601556437399894e-03
4.128995442163800253e-03
4.010652957496499589e-03
3.499374265417500018e-03
3.340815858441099906e-03
3.305920995855699939e-03
3.136220210080299838e-03
3.392833612683499901e-03
3.443505326674799975e-03
3.670857354377899881e-03
3.555672461208199842e-03
3.377819541190400007e-03
4.025113585684200225e-03
3.596311549012199890e-03
3.587773842581199954e-03
3.207670780465800200e-03
3.439413424347699880e-03
3.553095100013700051e-03
3.821673440155100125e-03
3.581791956378499800e-03
3.604760459353499938e-03
3.796911122033099807e-03
3.800783651956400177e-03
3.604993320443700133e-03
3.364881225459799823e-03
3.617252774141700017e-03
3.776177421388399787e-03
3.822978118623700152e-03
3.615219490812700189e-03
3.813636270044900092e-03
3.628943191966400167e-03
3.441043801049899990e-03
3.804202943829999850e-03
3.447227905865600170e-03
3.259918893084500120e-03
3.957294673255800158e-03
3.752549896247799922e-03
3.501541458683600158e-03
3.538441382743800004e-03
3.542644785775199857e-03
3.828961658707099799e-03
4.027991071061900151e-03
3.561894526979699806e-03
3.661912206249100070e-03
4.001151031645999723e-03
4.025595411288399907e-03
3.693982638929900041e-03
3.601140320594099949e-03
3.622932827646300168e-03
3.684969938197800009e-03
3.863846000935200042e-03
3.570673322305699827e-03
3.526190274059299787e-03
3.714122118601100118e-03
3.591254305586500002e-03
3.654657275802900007e-03
3.502083115875700113e-03
3.371273524045299928e-03
3.386089311953100183e-03
3.634355850092600183e-03
3.714590093763200148e-03
3.745686643711000109e-03
3.855132714959400107e-03
3.467966415214700140e-03
3.646168831966300084e-03
3.665330000520400193e-03
3.237999965375899965e-03
3.498125024975100045e-03
3.599451841454699794e-03
3.831639505546399847e-03
3.598177748679000018e-03
3.642119570006300058e-03
3.796339200194600184e-03
3.556901176888299914e-03
3.566904848432500118e-03
3.612112831358500059e-03
3.572874872236700156e-03
3.889303096826700074e-03
3.497427317288500162e-03
3.318782966681299833e-03
3.759931249062500001e-03
3.446341752285400108e-03
3.570080202808799917e-03
3.749337795099799957e-03
3.953079470994600060e-03
3.882123195131900132e-03
3.829182688402100066e-03
3.549246934067600001e-03
3.566920831187999838e-03
3.395366861519400013e-03
3.938580387561499939e-03
3.675590468349899942e-03
3.665194769698100052e-03
4.025763561279800326e-03
3.805581404796200187e-03
3.603544269760599900e-03
3.349192193654999990e-03
3.664713776136799793e-03
3.883156750486999823e-03
4.095530829643700098e-03
3.633947959983100176e-03
3.673686566639699797e-03
3.680830848015700148e-03
3.558230421656600161e-03
3.697314714396399832e-03
3.841026554213399988e-03
4.219598370735699704e-03
3.571275532066799964e-03
3.826591194579400182e-03
3.431377966251199924e-03
3.394416596137600148e-03
4.182690242463199884e-03
3.701825390115699894e-03
3.349930231710799948e-03
3.730300146566699945e-03
3.639283670398700196e-03
3.662230460064999811e-03
3.486790801366300169e-03
3.645020516763299804e-03
3.874825457244099932e-03
3.561309437580899816e-03
3.601677014964400122e-03
3.705306427170099864e-03
3.964014450649099713e-03
3.900377962367999971e-03
3.933404382965400431e-03
3.582867590303300161e-03
3.796162168658100133e-03
3.818331003843599813e-03
3.486858881040699829e-03
3.521523116753100171e-03
3.671746704591299839e-03
3.252971913409499847e-03
3.662346084013300140e-03
3.931659762097500233e-03
4.142954253670099590e-03
3.471493280837699858e-03
3.573897416403500147e-03
3.811234844566000184e-03
3.787445539082899808e-03
3.876526049426900003e-03
3.813481057128699850e-03
3.707855752268800122e-03
3.504926520634000110e-03
3.581525996455000010e-03
3.702890953702899987e-03
3.772606627194200184e-03
3.743084255831999937e-03
3.921055036643900267e-03
3.467306039410999931e-03
3.780003313513399799e-03
3.413240657640900181e-03
3.675476727515599850e-03
3.387508697629099900e-03
4.376081695686400395e-03
3.585181435956799958e-03
3.448677554550400211e-03
3.376826458664100063e-03
3.722407929172600032e-03
3.987967677308099611e-03
3.707920084687399854e-03
3.510496491945800171e-03
3.544290340336399975e-03
3.388577174874700046e-03
3.557854811953299785e-03
3.715776963631099890e-03
3.585336226466000198e-03
3.601629561093300149e-03
3.643552126270899975e-03
3.754406172580100013e-03
3.603508684499399928e-03
4.150052080562099954e-03
3.716723141260799834e-03
3.629656532545399907e-03
3.462974483263500138e-03
4.030414329989600274e-03
3.481806025171900205e-03
3.878344729370499910e-03
3.523342180509900050e-03
3.691002363630400181e-03
3.771584740028600165e-03
3.516164029975800062e-03
3.510589703401600144e-03
3.597481272763299823e-03
3.858913413325699895e-03
3.704084035174499880e-03
3.447145672240200121e-03
4.038534001154800088e-03
3.508772304161899940e-03
4.214455966796999860e-03
3.385634889853899980e-03
3.610186162532800190e-03
3.624266881409200086e-03
3.789987508593000050e-03
3.639627455535400079e-03
3.997363874820399586e-03
3.200167479681500105e-03
3.844812778526099893e-03
3.747825575309900181e-03
3.395800703843100156e-03
3.602330037972099799e-03
3.551062537399700056e-03
3.816544975406400021e-03
3.400111301664399989e-03
3.097852203130900019e-03
3.742088351540800127e-03
3.898679557180500035e-03
3.693530006513700160e-03
3.551938004343399916e-03
3.453157581314899964e-03
3.557606980323100090e-03
3.627544280137199803e-03
3.993550449338600407e-03
3.807106467324800157e-03
3.736881252729099857e-03
3.603389415312100059e-03
3.938831118286400049e-03
3.799086450995799863e-03
3.622197749611700147e-03
3.602888336944100062e-03
4.040638330893999743e-03
3.732505718779800113e-03
3.596493612742399874e-03
3.510841805349399804e-03
3.825370048578699902e-03
3.671637843418599882e-03
3.632630315450900184e-03
3.539307041164899831e-03
3.841713727193699860e-03
3.378042145928500124e-03
4.208119902515699944e-03
3.330159616016600214e-03
3.753163612165599794e-03
3.872948198892900169e-03
3.597614728738499947e-03
3.297261892488499886e-03
3.330630662603800175e-03
3.776436829017400069e-03
3.561856392153399994e-03
3.390628468655499956e-03
3.421023578084899860e-03
3.309435155210000128e-03
3.382109694983999933e-03
3.311329702746699816e-03
3.374027669342099904e-03
3.613213229410999847e-03
3.411996270678300126e-03
4.179699753601899895e-03
3.650351188478500198e-03
3.492823690632199801e-03
3.762822379119399804e-03
3.426828826558499849e-03
3.602948055962700100e-03
3.403584619339399941e-03
3.631430919853100101e-03
3.433896621046299974e-03
3.407481626150100050e-03
3.844013290420899859e-03
3.369611466473499805e-03
3.301141104399600134e-03
3.613989438224799941e-03
4.142450834317600028e-03
3.611579670105199806e-03
3.830885215783899882e-03
3.606406872544099841e-03
3.816638533806199999e-03
3.443868307311599881e-03
3.470439146699099992e-03
3.802151458010100040e-03
3.799652388240299869e-03
3.625708358973799960e-03
3.538810509031100129e-03
3.778866893693499929e-03
3.623655842611899890e-03
3.588969071050799806e-03
3.886655878657000168e-03
3.269004216097899825e-03
3.690291289702400147e-03
3.675790996454899890e-03
3.553504012301699887e-03
3.620306629960299855e-03
3.530977769016500033e-03
3.144992637106699962e-03
3.413525702221200178e-03
3.729258581160199877e-03
3.678119048836500041e-03
4.000645347218500202e-03
3.421082813225200057e-03
3.807014545443600066e-03
4.128453255126200358e-03
4.043553931577699607e-03
3.541823718354800057e-03
3.476114727971899975e-03
3.779499538519599973e-03
3.504055390482900198e-03
3.784072263302600079e-03
3.893098446074399858e-03
3.457550869437300139e-03
3.707458020698000019e-03
3.842368150381600053e-03
3.479466774225500186e-03
3.661610498255499831e-03
3.498479615477799887e-03
3.731751097637599993e-03
3.677337474094800017e-03
3.927514897519900419e-03
4.246348398793200335e-03
3.461325052277199835e-03
3.700561889394399923e-03
3.804278612784300212e-03
3.229996250818600000e-03
3.712480284565799950e-03
3.516297507898499992e-03
3.952895336429299890e-03
3.603116942661199924e-03
3.533512931797400027e-03
3.610138335432300141e-03
3.447186553348600101e-03
4.103319879102299873e-03
3.715378094073800049e-03
3.602573708590000017e-03
3.710277835256999956e-03
3.831305045356400187e-03
3.581137797021600056e-03
3.401872472632400026e-03
3.622933621142699831e-03
3.429868859963599876e-03
3.309512936224199859e-03
3.492632480231400074e-03
3.573757338027899830e-03
3.757642498458199903e-03
3.548459675677899817e-03
3.330454162106299791e-03
3.873528422216799931e-03
3.691942347579199937e-03
3.318229497003400037e-03
3.666677088920199893e-03
3.630362342204400058e-03
4.168852197313500409e-03
3.852559955078600166e-03
3.665979934216899785e-03
3.581243376223999884e-03
3.487410281948400206e-03
3.714509629434200027e-03
3.446257123051100005e-03
3.689294794359300207e-03
3.772781094429100181e-03
3.272583185077700043e-03
3.558937563370499855e-03
3.430059137134499996e-03
3.640264337476799804e-03
4.196027346860200027e-03
3.691439358687700120e-03
4.247190059392800220e-03
3.928369501823500420e-03
3.752205430515999796e-03
3.768473495884700104e-03
3.993032850677600068e-03
3.512646572842800016e-03
3.766388531423899965e-03
3.598920036900099973e-03
4.047797757287400003e-03
3.525124917931399867e-03
3.811998594816699837e-03
3.424474768935799850e-03
3.399298522673200110e-03
3.695557277016499938e-03
3.433760593215499837e-03
3.735936810265399945e-03
3.373596932280599914e-03
3.612526202448099969e-03
3.736922635039600059e-03
3.590584436822399830e-03
3.753022164758299840e-03
3.683337067845300194e-03
3.798045088184499960e-03
3.428054371342699903e-03
3.681261170701399972e-03
3.482895499861399843e-03
3.818615776275300147e-03
3.443019669413000146e-03
3.468876278989899836e-03
4.104774595915300014e-03
3.635363846926599994e-03
3.402397578759000073e-03
4.024175320550400087e-03
3.475649627057300108e-03
3.799620772664799844e-03
3.752906146449400213e-03
3.858283186383999926e-03
3.432348438557400027e-03
3.584808442632700116e-03
3.482109403040600185e-03
3.627995089501700066e-03
3.713306028299799989e-03
3.813501218921799916e-03
3.399008838269599805e-03
3.574819325173899873e-03
3.609288864334200125e-03
3.726303724800900108e-03
3.388999752377900177e-03
3.726959536003500006e-03
3.768063032956700184e-03
3.713087637326599813e-03
3.831640331963499964e-03
3.548296835852400143e-03
3.533213995917200163e-03
3.628211274139099985e-03
3.813365477590799791e-03
3.478677022777499836e-03
3.762999638404299855e-03
3.557078163665100112e-03
3.534739876377699860e-03
4.275178694187900010e-03
3.760613074096000059e-03
3.411911136875900048e-03
3.647649901463100117e-03
