3.606059410203330939e-03
3.713887282703799090e-03
3.772542754167969650e-03
3.587562022342569504e-03
3.631950986986934131e-03
3.697559721008009375e-03
3.703435312789227392e-03
3.722833447099967771e-03
3.616710031036527925e-03
3.656555275050643421e-03
3.644987782552602286e-03
3.562135614344244441e-03
3.535828540665059572e-03
3.726806284468293148e-03
3.617296130368451591e-03
3.810247051146993871e-03
3.617296130368451591e-03
3.756434774934398670e-03
3.617296130368451591e-03
3.562135614344244441e-03
3.647606279676490152e-03
3.718535704143755265e-03
3.600874454711967734e-03
3.754334887906276511e-03
3.617296130368451591e-03
3.842887713481200895e-03
3.617296130368451591e-03
3.562135614344244441e-03
3.733880334024710854e-03
3.636388444662483430e-03
3.577888728083056073e-03
3.614289891699418427e-03
3.582537202032294327e-03
3.745263573500604189e-03
3.760622832319964175e-03
3.668170151766576847e-03
3.782001845248469420e-03
3.726806284468293148e-03
3.718535704143755265e-03
3.737033092004516700e-03
3.469900772910781972e-03
3.775437872819364504e-03
3.769861780417926248e-03
3.758520206493201447e-03
3.722833447099967771e-03
3.599506307343402611e-03
3.785736349237309693e-03
3.572461630988041630e-03
3.794274518291390966e-03
3.752193597144693089e-03
3.680539058628081155e-03
3.617296130368451591e-03
3.848353810483441315e-03
3.486322448567265829e-03
3.691107374070290263e-03
3.745263573500604189e-03
3.765010967199633376e-03
3.500977305185748369e-03
3.599506307343402611e-03
3.606059410203330939e-03
3.641569072366783889e-03
3.638888098616740487e-03
3.644464191018178742e-03
3.611725257045420630e-03
3.623361206105090750e-03
3.621219915343507328e-03
3.606059410203330939e-03
3.711914031680015134e-03
3.469900772910781972e-03
3.577888728083056073e-03
3.773238266463524795e-03
3.804457069484441876e-03
3.772542754167969650e-03
3.599506307343402611e-03
3.737033092004516700e-03
3.769861780417926248e-03
3.679273369345807676e-03
3.641569072366783889e-03
3.587562022342569504e-03
3.680539058628081155e-03
3.722833447099967771e-03
3.719036182307436725e-03
3.651028163447283658e-03
3.762775477520253261e-03
3.816492582372197663e-03
3.552955832189695629e-03
3.767362126463669626e-03
3.500977305185748369e-03
3.666802222466245768e-03
3.587562022342569504e-03
3.765010967199633376e-03
3.772542754167969650e-03
3.631801795719067499e-03
3.716594436433462434e-03
3.525581593249457659e-03
3.656555275050643421e-03
3.587562022342569504e-03
3.325937072003342255e-03
3.822956381821693804e-03
3.708862409884241835e-03
3.595832602667106952e-03
3.765010967199633376e-03
3.614289891699418427e-03
3.560133692269104502e-03
3.617296130368451591e-03
3.679273369345807676e-03
3.756434774934398670e-03
3.619011447952604800e-03
3.582913600902613328e-03
3.703435312789227392e-03
3.606059410203330939e-03
3.644464191018178742e-03
3.760622832319964175e-03
3.726806284468293148e-03
3.718535704143755265e-03
3.486322448567265829e-03
3.599506307343402611e-03
3.765010967199633376e-03
3.644464191018178742e-03
3.730479989144588372e-03
3.625461093133212909e-03
3.737033092004516700e-03
3.625461093133212909e-03
3.767362126463669626e-03
3.697559721008009375e-03
3.535828540665059572e-03
3.745263573500604189e-03
3.668170151766576847e-03
3.560133692269104502e-03
3.591859765298782009e-03
3.656555275050643421e-03
3.772542754167969650e-03
3.749985129753790562e-03
3.535828540665059572e-03
3.789816298549761840e-03
3.745263573500604189e-03
3.631950986986934131e-03
3.739964035979862888e-03
3.641569072366783889e-03
3.749985129753790562e-03
3.587562022342569504e-03
3.675877382784595825e-03
3.544903700983410063e-03
3.617296130368451591e-03
3.683929513990881390e-03
3.514014100751416091e-03
3.595832602667106952e-03
3.742698938846606392e-03
3.621219915343507328e-03
3.486322448567265829e-03
3.599506307343402611e-03
3.714194527518490784e-03
3.631801795719067499e-03
3.572461630988041630e-03
3.717380128682255553e-03
3.742698938846606392e-03
3.745263573500604189e-03
3.704399893083791962e-03
3.765010967199633376e-03
3.634037285398447614e-03
3.535828540665059572e-03
3.514014100751416091e-03
3.772542754167969650e-03
3.754334887906276511e-03
3.816492582372197663e-03
3.469900772910781972e-03
3.697559721008009375e-03
3.431161932543058679e-03
3.587562022342569504e-03
3.582913600902613328e-03
3.469900772910781972e-03
3.726806284468293148e-03
3.722833447099967771e-03
3.789816298549761840e-03
3.587562022342569504e-03
3.698373465067149746e-03
3.666802222466245768e-03
3.691982700020508042e-03
3.619011447952604800e-03
3.606059410203330939e-03
3.767362126463669626e-03
3.760622832319964175e-03
3.627546524692015686e-03
3.785736349237309693e-03
3.782001845248469420e-03
3.641569072366783889e-03
3.845168209319676546e-03
3.611725257045420630e-03
3.608990354178677126e-03
3.654762667436123932e-03
3.730479989144588372e-03
3.758520206493201447e-03
3.685518900571011901e-03
3.535828540665059572e-03
3.714194527518490784e-03
3.816492582372197663e-03
3.733880334024710854e-03
3.752193597144693089e-03
3.582913600902613328e-03
3.733880334024710854e-03
3.623361206105090750e-03
3.794274518291390966e-03
3.566586039206823613e-03
3.651028163447283658e-03
3.714194527518490784e-03
3.683929513990881390e-03
3.552955832189695629e-03
3.544903700983410063e-03
3.775437872819364504e-03
3.631950986986934131e-03
3.714194527518490784e-03
3.658842616748576079e-03
3.675877382784595825e-03
3.666802222466245768e-03
3.469900772910781972e-03
3.611725257045420630e-03
3.572461630988041630e-03
3.691107374070290263e-03
3.722833447099967771e-03
3.486322448567265829e-03
3.789816298549761840e-03
3.587562022342569504e-03
3.739964035979862888e-03
3.850009864108622486e-03
3.683929513990881390e-03
3.562135614344244441e-03
3.572461630988041630e-03
3.619011447952604800e-03
3.666802222466245768e-03
3.587562022342569504e-03
3.683929513990881390e-03
3.747683712837714121e-03
3.675877382784595825e-03
3.623361206105090750e-03
3.552955832189695629e-03
3.631950986986934131e-03
3.716594436433462434e-03
3.658842616748576079e-03
3.730479989144588372e-03
3.627546524692015686e-03
3.754334887906276511e-03
3.754334887906276511e-03
3.773238266463524795e-03
3.782001845248469420e-03
3.737033092004516700e-03
3.685518900571011901e-03
3.697559721008009375e-03
3.756434774934398670e-03
3.718535704143755265e-03
3.658842616748576079e-03
3.572461630988041630e-03
3.577888728083056073e-03
3.599506307343402611e-03
3.469900772910781972e-03
3.666802222466245768e-03
3.600874454711967734e-03
3.769861780417926248e-03
