-7.922894847997677958e-01
1.992813935116766744e-01
2.791835985704747003e-01
-4.730955009930032928e-01
-9.280913485387684014e-01
2.168541152547804440e+00
-1.230068924725080448e+00
-1.898392729958719549e+00
-8.229691070790964291e-01
-1.944075007885031958e+00
1.861472736622900581e-01
-9.839615358286950553e-01
4.830959703331194066e-01
1.659137264092098718e+00
2.693211430601969436e-01
3.837642368913833368e-01
-1.136746821204383195e+00
1.412036585738025929e+00
1.144096697271043267e-01
1.965435505741463862e+00
-6.596637515508944061e-01
-1.022182280725835168e+00
-9.571634153453860705e-01
-1.078662390785940728e+00
-7.239582074372544196e-02
-2.034564958503185750e+00
1.565510414103229719e-01
5.726351624064033308e-01
-1.166771617956037455e+00
6.544683318056269128e-01
-4.890743238538230453e-01
2.376703997701395732e+00
-1.519482032803910920e+00
-5.102754163947914590e-01
-1.656466867825474171e-02
-1.159850128684310810e+00
7.262979996975155172e-01
-6.830851288675041655e-01
1.058388435368736946e+00
5.012616094205146755e-01
-2.900955763172047286e-01
1.826497372047199752e+00
1.955998311440535709e+00
9.944479388536672237e-01
-1.281489614461742033e+00
4.260457758746463153e-01
-9.381501075893441954e-02
6.693061404768613221e-01
1.944949967011169623e+00
-6.292254704038373336e-02
8.135992879960796120e-02
1.084612916605464328e+00
-7.556540483522242724e-01
2.200462057256437287e+00
-8.680197897791047668e-01
1.414427745312430394e-02
5.902209452503134335e-01
9.047970868502286379e-01
-5.235357649020575543e-01
-1.262100824684352640e-01
-1.517151226524996455e+00
-4.493461306814072048e-02
-1.257926423322369036e+00
-1.222295902883481000e+00
6.633987427404711701e-01
-1.269106677616636203e+00
-6.169495759058022388e-01
-2.138194712878384252e+00
-1.690448004428962980e-01
1.979506668851037210e+00
9.217955352576007177e-01
8.433506796544060213e-01
-3.739025480718772831e-01
-1.318159191692889864e+00
5.843498934599655747e-02
-1.032597008903219482e+00
3.832848582758405231e-02
-2.953781806946805810e-01
-2.113563031531878744e-01
-5.340416388115225566e-01
2.196094741651198334e-01
-1.323142790286992776e+00
2.643887641539298117e-01
1.182869747813466432e+00
-8.613216302688911918e-01
3.409966611896916855e-01
3.387526509447572609e-01
9.111949411360191764e-01
4.403472843760505295e-01
1.516328622738731369e+00
2.300491671811941252e+00
-4.177507873492284363e-01
-6.778315896151471120e-01
5.530422474041447600e-01
-2.041453578398530477e-01
-1.929753232337026558e+00
-3.832937768038354176e-01
6.828775903908590461e-01
7.230585261095638927e-01
9.100507702403545229e-01
-3.996967141324304640e-01
1.628326883906481948e+00
-1.303267554967876135e-02
6.173011221958247807e-01
2.447725350386122933e+00
-5.935544820501419405e-01
2.265740189244150882e-01
1.565152772402967352e-01
1.799599604247546225e-01
2.022826880958798410e-02
-5.198102347534584444e-01
-4.977327569711468280e-01
1.851941718226251865e+00
2.064626314283751096e+00
1.426963353958993208e+00
9.344787249129039575e-01
1.026132704021014419e+00
-6.096391420718001442e-01
-1.892487236242491877e-01
8.927721318602432898e-02
1.830083194453041795e+00
1.087341872596032877e+00
-8.155639066956368310e-01
-4.548295156647008675e-01
6.090494285101202276e-01
-5.072240964008518233e-02
1.101650297836615083e-01
-1.252463088757349796e+00
7.035209924049337649e-02
-2.948548244653448336e-01
-1.097112656146033149e+00
-3.419282613271804050e-01
-7.949163535557279836e-01
6.629816946136307676e-01
7.325189509139482524e-01
-1.072909685539284119e+00
-1.029155194893743852e+00
1.134700386011879419e-01
-3.009425297454814130e-01
1.108693686695589875e+00
4.102435810444202136e-01
-5.387351699287280526e-01
1.140744602308358703e-02
1.446428661544993499e+00
-1.045975593346150312e+00
9.417305725597991950e-01
5.533317327781451800e-01
-7.863261549420970109e-01
1.058565314111365036e-01
-4.713536284664656129e-01
-3.856468466178934462e-01
4.304628347548078438e-01
-2.536007719827702567e-01
-1.002243544532892994e+00
-4.319015085902609963e-01
-2.978548541711624198e-01
-2.456802985286529462e-01
-1.114730580976471819e+00
-3.946405251441754275e-02
-1.207167440601338182e+00
-6.475204061539376887e-01
-6.100958115639403267e-01
1.446431034005849270e+00
2.201870064621247458e+00
-1.258130683395444205e+00
1.643549408967797526e-02
-1.309068298073586378e+00
1.617739458683127740e+00
4.493504511410447710e-01
-2.793828637259328507e-01
-5.658255276654816646e-01
1.803140107667647651e+00
-1.882138402290011725e-01
-6.045759764308774598e-01
1.074102109881574618e+00
7.122961360063624348e-01
1.370253983787304675e+00
-1.368459344511294473e+00
8.724431009204796084e-01
-2.434733473478188637e-02
-1.832456979087504489e-01
4.307009425469707220e-01
1.439330333227987757e-01
-1.390070173910264995e+00
1.286573763246783519e+00
-3.622002815010579857e-01
-1.106565898191600894e+00
-3.531922354130402897e-01
3.387984263649780892e-01
-1.778930260753427139e-01
-1.875525131361406028e-01
-1.330803542310120324e+00
-2.339900069739452304e-01
1.446813811053903054e-01
-1.552432886262276490e+00
-1.861405954041479849e-01
-5.409693885392991008e-01
-6.409857784882310172e-01
-9.479165576707141577e-03
-9.920962474017458455e-01
-1.739446956084195195e-01
7.701460226942162812e-01
4.152308287883968441e-01
-3.752942684687793906e-01
-4.173132056073581841e-01
-5.587291622273999891e-01
-4.926965036690963418e-01
8.416582976243583980e-01
-1.326777091975319678e-01
1.417508956945926490e-01
-1.673142708356465613e+00
1.457602173833522363e-01
2.664417664676049791e-01
1.033243907371321074e-01
4.392675684713392981e-01
-6.152239915023131056e-01
-4.692367430210623858e-01
-8.751933481790620251e-01
7.161953198085965200e-01
6.342183692250005222e-01
7.898105366924225434e-02
1.341978122165619902e-01
-1.632017665469394918e-01
-1.378557473768097785e-01
-1.174595154520196694e+00
2.701953481989230355e+00
-2.644875322898689318e-01
-3.218534635396871346e-01
3.605448706786993918e-01
1.284674431233499559e-01
6.737048303005364058e-01
-1.696359503719337747e+00
-1.799088355305130449e+00
-5.776586985402677454e-01
8.688345713879882526e-01
-1.037598193262743440e-01
-1.823053347154551806e+00
-1.051210968236346188e+00
6.416622359895374217e-01
4.717982513118377380e-02
-7.204438164959207080e-01
-1.201052054661730928e-01
1.212697464443011908e-01
-5.385937425272928625e-01
1.598218466518080971e+00
-1.624219659255015172e-02
1.138708339267737957e+00
2.706910137118738291e+00
6.441104717173738725e-02
3.069954389852639354e-01
9.816372795550196151e-02
5.455267619590322692e-01
5.011223509284536831e-02
-1.082634829071214444e+00
-6.898804838418708396e-01
-8.625135943082121726e-01
4.276335376169391744e-01
