2.762260628406748401e-03
2.754763685426762573e-03
2.881651466666294847e-03
2.832803788606931116e-03
2.838936288187545245e-03
2.864621922177650135e-03
2.756257881959448420e-03
2.818659905825273131e-03
2.711082856477265487e-03
3.053225201310456709e-03
2.711082856477265487e-03
2.770802267814448730e-03
2.693951591234031769e-03
2.698022984684115503e-03
2.777477240607724267e-03
2.763631440423664886e-03
2.802599024950909196e-03
2.656578716010744769e-03
2.754763685426762573e-03
2.763631440423664886e-03
2.777477240607724267e-03
2.777477240607724267e-03
2.756257881959448420e-03
2.852887012659615674e-03
2.802599024950909196e-03
2.668957976734546121e-03
2.792595145196084469e-03
2.785078207048527488e-03
2.796770393208323612e-03
2.818659905825273131e-03
2.711082856477265487e-03
2.849170354032445982e-03
2.697093262413289682e-03
2.777477240607724267e-03
2.838936288187545245e-03
2.733514334027130864e-03
2.711082856477265487e-03
3.066903202519136173e-03
2.697093262413289682e-03
2.748740943811891439e-03
2.746192934846060970e-03
2.814049731238887908e-03
2.697093262413289682e-03
2.733514334027130864e-03
2.820674879086696243e-03
2.955408035069115227e-03
2.659140254860981219e-03
2.785078207048527488e-03
2.854997169061909180e-03
2.718426422190126524e-03
2.709903325891565087e-03
2.673566062654929038e-03
2.720766657335565650e-03
2.711082856477265487e-03
2.799968703660300935e-03
2.785078207048527488e-03
2.747420119713901536e-03
2.802599024950909196e-03
2.841308059735187137e-03
2.796770393208323612e-03
2.827024020450032323e-03
2.828284658941014086e-03
2.820674879086696243e-03
2.664978079202031790e-03
2.777477240607724267e-03
2.756257881959448420e-03
2.733514334027130864e-03
2.711082856477265487e-03
2.863305047848077513e-03
2.854997169061909180e-03
2.715080248809724050e-03
3.089562464547092758e-03
2.661685721447479454e-03
2.726903200078997346e-03
2.756257881959448420e-03
2.709903325891565087e-03
2.718426422190126524e-03
2.657401030832630927e-03
2.697093262413289682e-03
2.896281121688001805e-03
2.747420119713901536e-03
2.859943858451365756e-03
2.755780952041512674e-03
2.841308059735187137e-03
2.696030851339201260e-03
2.698022984684115503e-03
2.785078207048527488e-03
2.705295239971182170e-03
2.711082856477265487e-03
2.827024020450032323e-03
2.814049731238887908e-03
2.756257881959448420e-03
2.948404985348857584e-03
2.715080248809724050e-03
2.884805123833321903e-03
2.725923365170112352e-03
2.664978079202031790e-03
2.849170354032445982e-03
2.715080248809724050e-03
2.991886646977906603e-03
2.827024020450032323e-03
2.763631440423664886e-03
2.827024020450032323e-03
2.718426422190126524e-03
2.701315342438667839e-03
2.733514334027130864e-03
2.785078207048527488e-03
2.701315342438667839e-03
2.799968703660300935e-03
2.709903325891565087e-03
2.844520416793854759e-03
2.777477240607724267e-03
2.792595145196084469e-03
2.777712468002251859e-03
2.849870543379954754e-03
2.777712468002251859e-03
2.918138670441075295e-03
2.796770393208323612e-03
2.807139531051084779e-03
2.711082856477265487e-03
2.747420119713901536e-03
2.756257881959448420e-03
2.747420119713901536e-03
2.906082728460139368e-03
2.859943858451365756e-03
2.790686757213396273e-03
2.720766657335565650e-03
2.948404985348857584e-03
2.711082856477265487e-03
2.792595145196084469e-03
2.777477240607724267e-03
2.841308059735187137e-03
2.796770393208323612e-03
2.678742985573088001e-03
2.748740943811891439e-03
2.844520416793854759e-03
2.792595145196084469e-03
2.864621922177650135e-03
2.769851597263766913e-03
2.814049731238887908e-03
2.896281121688001805e-03
2.808183153557218710e-03
2.725923365170112352e-03
2.833107656444959661e-03
2.748740943811891439e-03
2.792595145196084469e-03
2.807139531051084779e-03
2.740289282658258264e-03
2.711082856477265487e-03
2.756257881959448420e-03
2.748740943811891439e-03
2.718426422190126524e-03
2.924344174011052257e-03
2.697093262413289682e-03
2.725923365170112352e-03
2.859910794955786324e-03
2.747420119713901536e-03
2.725923365170112352e-03
2.726903200078997346e-03
2.705295239971182170e-03
2.718426422190126524e-03
2.906082728460139368e-03
2.720766657335565650e-03
2.792595145196084469e-03
2.785078207048527488e-03
2.741139977371088218e-03
2.673566062654929038e-03
2.733430525649925731e-03
2.820674879086696243e-03
2.777477240607724267e-03
3.030565939282500124e-03
2.799968703660300935e-03
2.763631440423664886e-03
2.740289282658258264e-03
2.748740943811891439e-03
2.859943858451365756e-03
2.705295239971182170e-03
2.705295239971182170e-03
2.906082728460139368e-03
2.885507617269082031e-03
2.866568749733434517e-03
2.777712468002251859e-03
2.770802267814448730e-03
2.820674879086696243e-03
2.741139977371088218e-03
2.711082856477265487e-03
2.777477240607724267e-03
2.733430525649925731e-03
2.770802267814448730e-03
2.763631440423664886e-03
2.733514334027130864e-03
2.754763685426762573e-03
2.756257881959448420e-03
2.820674879086696243e-03
2.799968703660300935e-03
2.690565936842361297e-03
2.711082856477265487e-03
2.792595145196084469e-03
2.911795439447469741e-03
2.684429394098929601e-03
2.728899415180263341e-03
3.142207154537814563e-03
2.711082856477265487e-03
2.725923365170112352e-03
2.911795439447469741e-03
2.912217204718673801e-03
2.690565936842361297e-03
2.697093262413289682e-03
2.740289282658258264e-03
2.747420119713901536e-03
2.785078207048527488e-03
2.769851597263766913e-03
2.740289282658258264e-03
2.703952019421622215e-03
2.678742985573088001e-03
2.661685721447479454e-03
2.785078207048527488e-03
2.762260628406748401e-03
2.869745465223503319e-03
2.661685721447479454e-03
2.673566062654929038e-03
2.833107656444959661e-03
2.756257881959448420e-03
2.878858704482635186e-03
2.657614327997395720e-03
2.711082856477265487e-03
2.711082856477265487e-03
2.777477240607724267e-03
2.785078207048527488e-03
2.701315342438667839e-03
2.769851597263766913e-03
2.777477240607724267e-03
2.763631440423664886e-03
2.725923365170112352e-03
2.740289282658258264e-03
2.777712468002251859e-03
2.844520416793854759e-03
2.733514334027130864e-03
2.762260628406748401e-03
2.754763685426762573e-03
2.906082728460139368e-03
2.703952019421622215e-03
2.703952019421622215e-03
2.807139531051084779e-03
2.991886646977906603e-03
2.777477240607724267e-03
2.799968703660300935e-03
2.747420119713901536e-03
2.756257881959448420e-03
2.813533280143318705e-03
2.777477240607724267e-03
2.777477240607724267e-03
2.733430525649925731e-03
2.820674879086696243e-03
2.792595145196084469e-03
2.698022984684115503e-03
2.777477240607724267e-03
2.844520416793854759e-03
2.690565936842361297e-03
2.711082856477265487e-03
2.756257881959448420e-03
2.936511825074578259e-03
2.725923365170112352e-03
2.697093262413289682e-03
2.733514334027130864e-03
2.684429394098929601e-03
2.777477240607724267e-03
2.814049731238887908e-03
2.792595145196084469e-03
2.769851597263766913e-03
2.748740943811891439e-03
2.856474680427233993e-03
2.698022984684115503e-03
2.756257881959448420e-03
2.695477518097617268e-03
2.733514334027130864e-03
2.684429394098929601e-03
2.927881418101055313e-03
2.864621922177650135e-03
2.924344174011052257e-03
2.720766657335565650e-03
2.718426422190126524e-03
2.864621922177650135e-03
2.705295239971182170e-03
2.690565936842361297e-03
2.754763685426762573e-03
2.711082856477265487e-03
2.748740943811891439e-03
2.711082856477265487e-03
2.884805123833321903e-03
2.657401030832630927e-03
2.741139977371088218e-03
2.690565936842361297e-03
2.748740943811891439e-03
2.718426422190126524e-03
2.814049731238887908e-03
2.827024020450032323e-03
2.741139977371088218e-03
2.785078207048527488e-03
2.849870543379954754e-03
2.678742985573088001e-03
2.756257881959448420e-03
2.906082728460139368e-03
2.684429394098929601e-03
2.695477518097617268e-03
2.668957976734546121e-03
2.738753660479584674e-03
2.703952019421622215e-03
2.770802267814448730e-03
2.777477240607724267e-03
2.701315342438667839e-03
2.802599024950909196e-03
2.740289282658258264e-03
2.684429394098929601e-03
2.733430525649925731e-03
2.763631440423664886e-03
2.738753660479584674e-03
2.741139977371088218e-03
