9.466303851712779549e-01
2.073665573622191227e-01
-6.157216844349224782e-01
1.637860992191919607e+00
-1.873351652377053256e-01
3.013946714962957518e+00
-3.179454462057372810e-01
2.453447681683416981e+00
-2.597820044582691557e-01
-3.322810310624643382e+00
8.840893036694996709e-01
1.004429188030903086e+00
-1.794966403457482762e-01
2.714793642618083536e-01
-4.237928992316124521e-01
-6.910012353045197342e-01
-1.607238248490630017e+00
1.492639740373327417e-01
2.129955979210554629e-01
-2.060243573162812425e-01
-2.534915458541305844e-01
9.860604564594974142e-02
4.540310827307462160e-01
7.328933284840454254e-01
-2.155725335530501496e+00
8.309625822210442436e-02
8.375474059452213682e-01
-8.796467557135584370e-01
-1.812853184892396552e+00
-3.442324189810386237e+00
-7.208942223349430745e-02
-2.215182958153009807e+00
-7.948050249318493465e-01
1.482291456011697317e-01
-2.220144344231075983e+00
-5.061817719047477793e-01
1.793328965616567457e-03
-3.958038425469765809e+00
-5.730104409051577363e-01
6.608572696539498359e-02
-5.414541001950612387e-01
8.339674738098495910e-01
-6.083944777731156023e-02
1.879131918968196091e+00
5.104356424091501809e-01
1.037967410158301407e+00
2.758161162014068912e-01
2.388381697929390368e-01
-4.589694593322547256e+00
-4.751285489262909723e-01
5.096716937810229497e-01
3.115446678325362040e-01
-4.843993551731716751e-01
-1.920552279715032340e-01
-3.332837594595668307e+00
-5.662811192315007069e-01
-5.352912854635613615e-02
-2.155725335530501496e+00
1.961797033194635081e-02
2.058641583945078624e-01
7.038017705091270670e-01
-3.218477237429504978e+00
-3.967141225540463112e-01
-2.066409100418333256e-01
6.442740132737185821e-01
-7.551935828487199489e-04
-3.827151691225120361e-02
-7.236865167486659089e-01
-1.559927212260513452e+00
6.170187398803509415e-01
-2.951552961373616890e-01
8.347266150622448810e-01
4.623243986812170525e-01
1.987499548026246954e-01
-9.755362804268757904e-02
4.189618218179707587e-01
-8.581238058239005762e-01
-2.130995928569551501e-01
2.327259535130566104e-01
-8.400470254790728397e-01
2.087538725156145303e-01
-7.118571796795344353e-01
1.389673955022715790e-01
3.009800365605795613e-02
-5.872104126137728253e-02
-3.781839117879142731e-01
-2.726702239643215009e+00
8.108475722223319471e-01
-3.978441275623976203e-01
-3.325870289507109057e+00
1.714546655198118996e+00
-1.128300566504160107e+00
-1.040430624202390186e+00
-8.497334453651386732e-02
1.603465977840621726e+00
4.714480341110454109e-01
2.891470697940457524e-01
-1.505449923711818183e+00
3.459581955635646078e-01
-1.330288080558767350e+00
6.622617499908396432e-01
2.640504958460547849e-02
7.078300171076125080e-01
-1.198804296092804839e-01
3.709434528687314270e-01
6.997883961071067749e-02
5.410576637296736768e-01
7.217073847017736465e-01
5.059907583536973341e-01
5.861782709709464356e-01
3.718753545246231695e-01
-2.496124808476726908e+00
8.229215290041205222e-01
5.248014492875726633e-01
7.835248091766302547e-01
-2.384315349892615732e+00
-1.623282190985438245e+00
-2.923576575216877971e-01
6.655916486758844952e-01
-8.138690426518204735e-01
-4.915142986257499125e-01
-1.006298655681754806e+00
-5.148744100008991742e-01
9.216588996644724252e-02
1.044197039011409922e+00
1.151059186164121728e-03
-2.352423996367417058e-01
3.671666096751918129e+00
2.003685496051094139e-02
1.755695239309148059e+00
6.880301923453092661e-01
-4.792981263453278129e-01
-4.340665114462183283e-01
4.637955237054011137e-01
1.791920746998079406e-01
6.211222137701974400e-02
-7.689588261011096604e-01
1.626694975798467224e-01
-5.293197787192508441e-01
1.714546655198118996e+00
2.751104573511113927e+00
4.798112765679869440e-01
-1.318839648720367130e-01
-6.054065477954834185e-01
-7.257909714393984135e-02
-4.091816568647784758e-01
2.593836566670971733e-01
-1.233376819346707065e-01
7.883526827694299632e-02
5.772924740355457329e-01
1.101737738194609406e+00
5.136334533737842850e-02
-1.158388264261255518e+00
-2.957154408133811918e-01
-1.981276928338706472e-02
2.566696989970191911e-01
-1.090451794168385113e+00
-1.789095672190406661e-01
-4.596747088899031525e-02
2.488580556418329703e-01
-8.521753896037632670e-01
2.076715049331696594e+00
2.760354266089540265e-01
6.658957225486489273e-01
1.620771983486267942e+00
-3.051117688479148549e-01
1.152748904179945605e-01
3.774928181397939064e-01
-1.185042820127949259e+00
6.480961156375066867e-01
1.079943370935159824e-01
2.863406746937750547e-01
3.776129681837345209e-02
-4.413393439599656021e-01
2.048368935217668718e-01
2.674555158680366418e+00
-4.904379782630288037e-02
2.247453054192539157e-01
8.022347581349286161e-01
2.441981020363778454e-01
-3.871710490503046942e-01
4.659241373343677717e-01
-5.498207892285794651e-01
-7.630647300038048142e-01
3.718876280728034001e-02
8.139791275560349926e-02
6.500798982768906109e-01
-2.424875253688417998e-01
1.545117584677389688e+00
-1.269751111177927494e-01
-1.349426354906713837e-02
6.566323002940466225e-01
-1.003669869226013825e-02
7.627655873319656443e-01
7.842585813293119212e-01
-3.356665032080231870e-02
2.178167622518199786e-02
6.658957225486489273e-01
2.406206773715747538e+00
-3.532376273537058964e-01
-1.073894093851755632e-01
-1.630416498180346174e+00
-8.469873392558835423e-01
9.085690827421392113e-01
2.090010622741928614e+00
-2.038068735416829647e+00
3.722669609158880677e-01
-9.416089931714609618e-01
-6.861001982981538294e-01
5.684597717114656806e-02
5.464589595858087012e-01
-1.424597437168701741e-01
-2.137326489208359048e-01
-8.455311914418238428e-02
-5.476901678501554932e-02
2.062538599128673281e-02
-2.642661327518289194e-01
-8.979588688117627615e-02
6.966884440137569579e-01
3.445368587739078836e-01
8.889372488351874324e-01
-3.249175884796930425e-01
3.655567574583561963e-01
-1.278925148845149851e+00
6.960298156973665495e-01
1.165085849226793480e-01
3.932105492222257581e-01
8.534435943327354224e-01
-1.296869341472738080e-01
-5.093074401413852925e-01
-1.566927863171599031e-02
-1.166567569549725736e+00
1.145073412100884980e+00
9.835679609072500718e-01
-2.590080140835850031e+00
-2.384315349892615732e+00
3.703441100588964474e-01
-1.992603918398969109e-01
-1.162392421543776214e-02
1.295925037494894405e-01
6.973966528433285239e-01
-2.509221764300193502e+00
-5.745526527968500830e-01
6.784016090384149544e-01
-1.707251582361771214e-01
3.300195853542316371e+00
5.297579429785134186e-01
-3.564544177920555001e-01
-3.100912169004670926e-01
-2.778121045192361027e+00
-9.179587739548962233e-01
2.297702528318300852e-01
-5.684310417268690907e-01
1.628739950545995130e-01
-7.009962652180272702e-01
3.233339996525128740e-02
1.102871899666662880e+00
-1.310207298156770728e+00
-2.116751251025186797e-01
-2.947165349021027558e-01
1.189365023847261726e+00
-1.706597936957190642e+00
2.180322965044579897e-01
-1.535494321367319448e-01
8.303005902498905577e-01
-9.097945575325711021e-01
-1.406124785583262593e-01
6.332955335011045683e-01
1.643831098013932152e-03
-3.202963978128458428e-02
-3.029513119106646557e-01
-5.907453913632000342e-01
4.393538844661876164e-01
-1.254123320006927111e-01
-2.542358909274914369e-01
-4.048721335255827669e-01
-8.722635248035462419e-02
1.825895914507937201e+00
4.983323465894998194e-01
-9.562818194942326322e-01
-3.412367269429068539e-01
1.272826482481691501e-01
-1.466743640551435357e+00
7.336628031800939143e-01
-3.208247089708114452e-01
-1.517235459310264101e-01
-5.199752988199016768e-01
1.328358739419389423e+00
3.650886101514532744e-01
3.486760183898604537e-02
7.228217009596372977e-02
-2.914025731966064514e-01
-2.903461129017365638e-01
-4.670740980606549742e-01
1.399627687547077507e-03
-9.868739154640855660e-02
6.549743025837785337e-01
1.510250075330289710e-01
5.230608450015078459e-01
1.174479793936541006e+00
-1.951213248486213470e+00
1.019521389824939450e-01
4.283099079130232023e-01
1.199791279956375079e-01
-1.800395772253653159e-01
8.005487289084520786e-01
-5.971289820967246031e-02
5.717237802604847596e-01
5.501415297185464626e-01
-1.304377080248512455e-01
7.016958417980809770e-01
8.921646833828428269e-02
8.433258652558489610e-01
-4.968347777433501644e-01
-7.828380123676234037e-01
-5.054148417613286703e-01
-5.048619618370991935e-01
8.597044460540573807e-01
