2.889942722158527156e-08
2.892082993030344914e-08
2.892279569496820049e-08
2.892372955544228638e-08
2.901167029737455630e-08
2.890741716879900142e-08
2.891319711060451884e-08
2.891390414540106613e-08
2.892462013572273999e-08
2.897611458783370612e-08
2.899772390810712008e-08
2.911640816315560391e-08
2.894442208930771933e-08
2.890677290582958922e-08
2.901734103604477954e-08
2.901578010329792371e-08
2.901734103604477954e-08
2.894372432169464867e-08
2.901734103604477954e-08
2.911640816315560391e-08
2.895216664069845770e-08
2.891905459921760951e-08
2.902153751582939131e-08
2.894192960706893273e-08
2.901734103604477954e-08
2.981340543284846431e-08
2.901734103604477954e-08
2.911640816315560391e-08
2.889348718767073318e-08
2.892020116415150583e-08
2.892091774766313945e-08
2.891402725754279493e-08
2.904278783097705624e-08
2.890378294470726970e-08
2.893290438583362314e-08
2.901197546403431182e-08
2.896719084947413750e-08
2.890677290582958922e-08
2.891905459921760951e-08
2.889043155573693467e-08
2.900394659353242603e-08
2.893456692692969527e-08
2.891594561101830535e-08
2.894012491114423201e-08
2.891390414540106613e-08
2.890697490478984126e-08
2.898386137708858810e-08
2.891416703392650544e-08
2.900733435821795284e-08
2.893526060144903618e-08
3.114833079699562207e-08
2.901734103604477954e-08
2.949573358025607493e-08
2.900216886659627615e-08
2.890618984140438512e-08
2.890378294470726970e-08
2.891777900127698849e-08
2.899877012361279204e-08
2.890697490478984126e-08
2.889942722158527156e-08
2.892668760617002082e-08
2.892076979481279416e-08
2.893756292903014720e-08
2.890565707553533841e-08
2.895197682216138886e-08
2.894557234843760315e-08
2.889942722158527156e-08
2.979454425815067471e-08
2.900394659353242603e-08
2.892091774766313945e-08
3.494844777940979717e-08
2.901341633386076922e-08
2.892279569496820049e-08
2.890697490478984126e-08
2.889043155573693467e-08
2.891594561101830535e-08
2.901624155601849000e-08
2.892668760617002082e-08
2.892372955544228638e-08
3.114833079699562207e-08
2.891390414540106613e-08
2.957989957107408154e-08
2.896861491177056259e-08
2.892462210876304511e-08
2.902718713705538282e-08
2.890959323181041315e-08
2.891443604125424344e-08
2.899877012361279204e-08
2.895130536986195269e-08
2.892372955544228638e-08
2.891777900127698849e-08
2.892279569496820049e-08
2.893218432147134367e-08
2.970549062531687630e-08
2.896735071360731120e-08
2.897611458783370612e-08
2.892372955544228638e-08
3.153919112017907940e-08
2.905733098983187540e-08
2.891863235521598605e-08
2.891348056719250472e-08
2.891777900127698849e-08
2.891402725754279493e-08
2.890429585642573864e-08
2.901734103604477954e-08
2.901624155601849000e-08
2.894372432169464867e-08
2.893578960299915269e-08
2.892435208501861052e-08
2.891319711060451884e-08
2.889942722158527156e-08
2.893756292903014720e-08
2.893290438583362314e-08
2.890677290582958922e-08
2.891905459921760951e-08
2.900216886659627615e-08
2.890697490478984126e-08
2.891777900127698849e-08
2.893756292903014720e-08
2.889939784760086338e-08
2.895335474341520989e-08
2.889043155573693467e-08
2.895335474341520989e-08
2.891443604125424344e-08
2.890741716879900142e-08
2.894442208930771933e-08
2.890378294470726970e-08
2.901197546403431182e-08
2.890429585642573864e-08
2.891964268847543894e-08
2.897611458783370612e-08
2.892279569496820049e-08
2.892536033168892528e-08
2.894442208930771933e-08
2.899779276952279448e-08
2.890378294470726970e-08
2.901167029737455630e-08
2.889109770027030622e-08
2.892668760617002082e-08
2.892536033168892528e-08
2.892372955544228638e-08
2.892879459727735276e-08
2.892367773288062419e-08
2.901734103604477954e-08
2.891304971265253796e-08
2.898695711778213785e-08
2.891348056719250472e-08
2.889570473769352166e-08
2.894557234843760315e-08
2.900216886659627615e-08
2.890697490478984126e-08
2.939641636715266222e-08
2.893218432147134367e-08
2.891416703392650544e-08
2.949596915317336011e-08
2.889570473769352166e-08
2.890378294470726970e-08
2.919400785728112822e-08
2.891777900127698849e-08
2.892446603280592133e-08
2.894442208930771933e-08
2.898695711778213785e-08
2.892279569496820049e-08
2.894192960706893273e-08
2.902718713705538282e-08
2.900394659353242603e-08
2.890741716879900142e-08
2.909350688402947400e-08
2.892372955544228638e-08
2.892435208501861052e-08
2.900394659353242603e-08
2.890677290582958922e-08
2.891390414540106613e-08
2.899779276952279448e-08
2.892372955544228638e-08
2.911448971973232148e-08
2.895130536986195269e-08
2.905916923209706285e-08
2.893578960299915269e-08
2.889942722158527156e-08
2.891443604125424344e-08
2.893290438583362314e-08
2.894918651592954802e-08
2.898386137708858810e-08
2.896719084947413750e-08
2.892668760617002082e-08
2.939451852751546151e-08
2.890565707553533841e-08
2.890063207114928560e-08
2.898466480264476128e-08
2.889939784760086338e-08
2.894012491114423201e-08
2.902828981666192885e-08
2.894442208930771933e-08
2.939641636715266222e-08
2.902718713705538282e-08
2.889348718767073318e-08
2.893526060144903618e-08
2.892435208501861052e-08
2.889348718767073318e-08
2.895197682216138886e-08
2.900733435821795284e-08
2.890699593690447019e-08
2.896861491177056259e-08
2.939641636715266222e-08
2.891304971265253796e-08
2.890959323181041315e-08
2.892367773288062419e-08
2.893456692692969527e-08
2.901167029737455630e-08
2.939641636715266222e-08
2.899812270975482224e-08
2.892879459727735276e-08
2.895130536986195269e-08
2.900394659353242603e-08
2.890565707553533841e-08
2.891416703392650544e-08
2.890618984140438512e-08
2.891390414540106613e-08
2.900216886659627615e-08
2.899779276952279448e-08
2.892372955544228638e-08
2.889109770027030622e-08
2.958237973240079701e-08
2.891304971265253796e-08
2.911640816315560391e-08
2.891416703392650544e-08
2.893578960299915269e-08
2.895130536986195269e-08
2.892372955544228638e-08
2.891304971265253796e-08
2.891421509376396555e-08
2.892879459727735276e-08
2.895197682216138886e-08
2.890959323181041315e-08
2.901167029737455630e-08
2.970549062531687630e-08
2.899812270975482224e-08
2.889939784760086338e-08
2.894918651592954802e-08
2.894192960706893273e-08
2.894192960706893273e-08
3.494844777940979717e-08
2.896719084947413750e-08
2.889043155573693467e-08
2.902828981666192885e-08
2.890741716879900142e-08
2.894372432169464867e-08
2.891905459921760951e-08
2.899812270975482224e-08
2.891416703392650544e-08
2.892091774766313945e-08
2.890697490478984126e-08
2.900394659353242603e-08
2.895130536986195269e-08
2.902153751582939131e-08
2.891594561101830535e-08
