3.965063242229984668e-05
3.965386700120573411e-05
3.988311515481042155e-05
3.981629720687416223e-05
3.968761006887429197e-05
3.976961532393828480e-05
3.964366483678317379e-05
3.973965095924995064e-05
3.964174354246681600e-05
4.197563230456510179e-05
3.964174354246681600e-05
3.965535855260791156e-05
4.015525600408769076e-05
3.979996682024687074e-05
3.965048060783470666e-05
3.964937757770688594e-05
3.969198357559957128e-05
4.003992691629155884e-05
3.965386700120573411e-05
3.964937757770688594e-05
3.965048060783470666e-05
3.965048060783470666e-05
3.964366483678317379e-05
3.996612124861800803e-05
3.969198357559957128e-05
3.974097304099014419e-05
3.965635381686876917e-05
3.965290241827360387e-05
3.968195856947564847e-05
3.973965095924995064e-05
3.964174354246681600e-05
3.993863242116924873e-05
3.965992142296517070e-05
3.965048060783470666e-05
3.968761006887429197e-05
3.963319202448841713e-05
3.964174354246681600e-05
4.124982884777324315e-05
3.965992142296517070e-05
3.963870863451982013e-05
4.141872564947755435e-05
3.966788857138090168e-05
3.965992142296517070e-05
3.963319202448841713e-05
3.967138404980477556e-05
4.108806665897594339e-05
3.983130845182792089e-05
3.965290241827360387e-05
3.972657816970348458e-05
3.963635585287089729e-05
3.973310074042866102e-05
3.972059822578693372e-05
3.970196078695961315e-05
3.964174354246681600e-05
3.966029691845091590e-05
3.965290241827360387e-05
3.965939519608446958e-05
3.969198357559957128e-05
3.987773625211209720e-05
3.968195856947564847e-05
3.967533996274227886e-05
3.978794423788713583e-05
3.967138404980477556e-05
3.976483466328448624e-05
3.965048060783470666e-05
3.964366483678317379e-05
3.963319202448841713e-05
3.964174354246681600e-05
4.002703024240902206e-05
3.972657816970348458e-05
3.971672607216778633e-05
4.193660082433937702e-05
3.979401134486693922e-05
3.968868301839361708e-05
3.964366483678317379e-05
3.973310074042866102e-05
3.963635585287089729e-05
3.988075265317500497e-05
3.965992142296517070e-05
3.998457842285770881e-05
3.965939519608446958e-05
4.001071252344299596e-05
4.214499147706357151e-05
3.987773625211209720e-05
4.032350437721672306e-05
3.979996682024687074e-05
3.965290241827360387e-05
3.975159370712331953e-05
3.964174354246681600e-05
3.967533996274227886e-05
3.966788857138090168e-05
3.964366483678317379e-05
4.105572123321075370e-05
3.971672607216778633e-05
4.019774128853325761e-05
3.963353998826070815e-05
3.976483466328448624e-05
3.993863242116924873e-05
3.971672607216778633e-05
4.085489528294669441e-05
3.967533996274227886e-05
3.964937757770688594e-05
3.967533996274227886e-05
3.963635585287089729e-05
3.977327387455303448e-05
3.963319202448841713e-05
3.965290241827360387e-05
3.977327387455303448e-05
3.966029691845091590e-05
3.973310074042866102e-05
3.969735064869121122e-05
3.965048060783470666e-05
3.965635381686876917e-05
3.966129130702885161e-05
3.971023719758265180e-05
3.966129130702885161e-05
4.013634505360826158e-05
3.968195856947564847e-05
3.966424609300489996e-05
3.964174354246681600e-05
3.965939519608446958e-05
3.964366483678317379e-05
3.965939519608446958e-05
4.003030193260963255e-05
4.001071252344299596e-05
3.967396771278162987e-05
3.970196078695961315e-05
4.105572123321075370e-05
3.964174354246681600e-05
3.965635381686876917e-05
3.965048060783470666e-05
3.987773625211209720e-05
3.968195856947564847e-05
3.970263864070570166e-05
3.963870863451982013e-05
3.969735064869121122e-05
3.965635381686876917e-05
3.976961532393828480e-05
3.964959020988687672e-05
3.966788857138090168e-05
3.998457842285770881e-05
3.970466434868990261e-05
3.963353998826070815e-05
3.968049744119415197e-05
3.963870863451982013e-05
3.965635381686876917e-05
3.966424609300489996e-05
3.966716643520729583e-05
3.964174354246681600e-05
3.964366483678317379e-05
3.963870863451982013e-05
3.963635585287089729e-05
4.029841377565549588e-05
3.965992142296517070e-05
3.963353998826070815e-05
3.974643690796681827e-05
3.965939519608446958e-05
3.963353998826070815e-05
3.968868301839361708e-05
3.975159370712331953e-05
3.963635585287089729e-05
4.003030193260963255e-05
3.970196078695961315e-05
3.965635381686876917e-05
3.965290241827360387e-05
3.963504953075399896e-05
3.972059822578693372e-05
3.967700876143823673e-05
3.967138404980477556e-05
3.965048060783470666e-05
4.126485649348278240e-05
3.966029691845091590e-05
3.964937757770688594e-05
3.966716643520729583e-05
3.963870863451982013e-05
4.001071252344299596e-05
3.975159370712331953e-05
3.975159370712331953e-05
4.003030193260963255e-05
3.991205090075524299e-05
4.003977709955811081e-05
3.966129130702885161e-05
3.965535855260791156e-05
3.967138404980477556e-05
3.963504953075399896e-05
3.964174354246681600e-05
3.965048060783470666e-05
3.967700876143823673e-05
3.965535855260791156e-05
3.964937757770688594e-05
3.963319202448841713e-05
3.965386700120573411e-05
3.964366483678317379e-05
3.967138404980477556e-05
3.966029691845091590e-05
3.967230584968376393e-05
3.964174354246681600e-05
3.965635381686876917e-05
4.094170207956370904e-05
3.968658269569745123e-05
4.574716848828037609e-05
4.530371023792479756e-05
3.964174354246681600e-05
3.963353998826070815e-05
4.094170207956370904e-05
4.006305644834402471e-05
3.967230584968376393e-05
3.965992142296517070e-05
3.966716643520729583e-05
3.965939519608446958e-05
3.965290241827360387e-05
3.964959020988687672e-05
3.966716643520729583e-05
3.964965515998759437e-05
3.970263864070570166e-05
3.979401134486693922e-05
3.965290241827360387e-05
3.965063242229984668e-05
4.005025025830950906e-05
3.979401134486693922e-05
3.972059822578693372e-05
3.968049744119415197e-05
3.964366483678317379e-05
4.009805838167989001e-05
4.016634703688717748e-05
3.964174354246681600e-05
3.964174354246681600e-05
3.965048060783470666e-05
3.965290241827360387e-05
3.977327387455303448e-05
3.964959020988687672e-05
3.965048060783470666e-05
3.964937757770688594e-05
3.963353998826070815e-05
3.966716643520729583e-05
3.966129130702885161e-05
3.969735064869121122e-05
3.963319202448841713e-05
3.965063242229984668e-05
3.965386700120573411e-05
4.003030193260963255e-05
3.964965515998759437e-05
3.964965515998759437e-05
3.966424609300489996e-05
4.085489528294669441e-05
3.965048060783470666e-05
3.966029691845091590e-05
3.965939519608446958e-05
3.964366483678317379e-05
3.972046772031240361e-05
3.965048060783470666e-05
3.965048060783470666e-05
3.967700876143823673e-05
3.967138404980477556e-05
3.965635381686876917e-05
3.979996682024687074e-05
3.965048060783470666e-05
3.969735064869121122e-05
3.967230584968376393e-05
3.964174354246681600e-05
3.964366483678317379e-05
4.070752936795005058e-05
3.963353998826070815e-05
3.965992142296517070e-05
3.963319202448841713e-05
3.968658269569745123e-05
3.965048060783470666e-05
3.966788857138090168e-05
3.965635381686876917e-05
3.964959020988687672e-05
3.963870863451982013e-05
3.999035489804372097e-05
3.979996682024687074e-05
3.964366483678317379e-05
3.983447523562735199e-05
3.963319202448841713e-05
3.968658269569745123e-05
4.041783849450155660e-05
3.976961532393828480e-05
4.029841377565549588e-05
3.970196078695961315e-05
3.963635585287089729e-05
3.976961532393828480e-05
3.975159370712331953e-05
3.967230584968376393e-05
3.965386700120573411e-05
3.964174354246681600e-05
3.963870863451982013e-05
3.964174354246681600e-05
4.019774128853325761e-05
3.988075265317500497e-05
3.963504953075399896e-05
3.967230584968376393e-05
3.963870863451982013e-05
3.963635585287089729e-05
3.966788857138090168e-05
3.967533996274227886e-05
3.963504953075399896e-05
3.965290241827360387e-05
3.971023719758265180e-05
3.970263864070570166e-05
3.964366483678317379e-05
4.003030193260963255e-05
3.968658269569745123e-05
3.983447523562735199e-05
3.974097304099014419e-05
4.283793060613235961e-05
3.964965515998759437e-05
3.965535855260791156e-05
3.965048060783470666e-05
3.977327387455303448e-05
3.969198357559957128e-05
3.966716643520729583e-05
3.968658269569745123e-05
3.967700876143823673e-05
3.964937757770688594e-05
4.283793060613235961e-05
3.963504953075399896e-05
