2.856010007228859844e-03
2.921888908305518995e-03
3.007580697004837676e-03
2.852601192703336109e-03
2.818591126574879549e-03
2.897239766062767279e-03
2.907616257398907330e-03
2.928873467650415161e-03
2.853316512481613842e-03
2.834989127425730556e-03
2.825468140625900931e-03
2.831816447341290767e-03
2.772882593200303499e-03
2.930303690086730802e-03
2.815072767746786778e-03
3.049943735607037795e-03
2.815072767746786778e-03
2.937969997156163107e-03
2.815072767746786778e-03
2.831816447341290767e-03
2.955115283757486170e-03
2.926158004003279363e-03
2.815627746615744290e-03
2.932963632611772665e-03
2.815072767746786778e-03
2.946933515228527915e-03
2.815072767746786778e-03
2.831816447341290767e-03
2.930381974686120140e-03
2.911214708791326055e-03
2.842240978417386391e-03
2.853368035006513103e-03
2.820970745655871584e-03
2.926924846306456357e-03
2.953249153311782345e-03
2.982591794506615594e-03
3.037729022160116921e-03
2.930303690086730802e-03
2.926158004003279363e-03
2.929566818528803098e-03
2.742070935315801036e-03
3.018510039358903579e-03
2.996221909935526968e-03
2.944810771770704598e-03
2.928873467650415161e-03
2.857160250852087881e-03
3.045342978726670816e-03
2.834059446098964076e-03
3.054890612490188551e-03
2.929624326094410619e-03
2.911843740877635180e-03
2.815072767746786778e-03
2.966045112082137027e-03
2.741515956446843524e-03
2.885219152630710653e-03
2.926924846306456357e-03
2.973567369412361688e-03
2.745034315274936295e-03
2.857160250852087881e-03
2.856010007228859844e-03
2.934023885704894422e-03
2.922665098635583714e-03
2.944953228058960325e-03
2.854013052199222671e-03
2.859406821311829411e-03
2.856067514794467799e-03
2.856010007228859844e-03
2.873376703928584661e-03
2.742070935315801036e-03
2.842240978417386391e-03
3.048139696065821792e-03
3.054612260825607158e-03
3.007580697004837676e-03
2.857160250852087881e-03
2.929566818528803098e-03
2.996221909935526968e-03
2.976386924307094541e-03
2.934023885704894422e-03
2.852601192703336109e-03
2.911843740877635180e-03
2.928873467650415161e-03
2.882557688612934037e-03
2.964172210860174100e-03
2.962947299839100226e-03
3.041994286818842669e-03
2.798712288276914567e-03
2.984771520091269309e-03
2.745034315274936295e-03
2.846439404500246753e-03
2.852601192703336109e-03
2.973567369412361688e-03
3.007580697004837676e-03
2.889390488539156972e-03
2.872205140476688946e-03
2.761432316125787302e-03
2.834989127425730556e-03
2.852601192703336109e-03
2.870963118718353538e-03
3.031371565562173201e-03
2.915797789717329645e-03
2.856746878786787548e-03
2.973567369412361688e-03
2.853368035006513103e-03
2.811662341330767399e-03
2.815072767746786778e-03
2.976386924307094541e-03
2.937969997156163107e-03
2.854126875464330169e-03
2.848332097005575742e-03
2.907616257398907330e-03
2.856010007228859844e-03
2.944953228058960325e-03
2.953249153311782345e-03
2.930303690086730802e-03
2.926158004003279363e-03
2.741515956446843524e-03
2.857160250852087881e-03
2.973567369412361688e-03
2.944953228058960325e-03
2.930717062152031135e-03
2.864413185856219853e-03
2.929566818528803098e-03
2.864413185856219853e-03
2.984771520091269309e-03
2.897239766062767279e-03
2.772882593200303499e-03
2.926924846306456357e-03
2.982591794506615594e-03
2.811662341330767399e-03
2.855316656350471907e-03
2.834989127425730556e-03
3.007580697004837676e-03
2.927683686764273423e-03
2.772882593200303499e-03
3.051176122816793689e-03
2.926924846306456357e-03
2.818591126574879549e-03
2.928539984519883555e-03
2.934023885704894422e-03
2.927683686764273423e-03
2.852601192703336109e-03
2.859104289375329587e-03
2.785547478075386333e-03
2.815072767746786778e-03
2.872269099576857821e-03
2.751911329325957677e-03
2.856746878786787548e-03
2.927569863499165925e-03
2.856067514794467799e-03
2.741515956446843524e-03
2.857160250852087881e-03
2.904526138739623679e-03
2.889390488539156972e-03
2.834059446098964076e-03
2.892488300782193773e-03
2.927569863499165925e-03
2.926924846306456357e-03
2.931736493181230988e-03
2.973567369412361688e-03
2.900010558112418434e-03
2.772882593200303499e-03
2.751911329325957677e-03
3.007580697004837676e-03
2.932963632611772665e-03
3.041994286818842669e-03
2.742070935315801036e-03
2.897239766062767279e-03
2.758259636041347513e-03
2.852601192703336109e-03
2.848332097005575742e-03
2.742070935315801036e-03
2.930303690086730802e-03
2.928873467650415161e-03
3.051176122816793689e-03
2.852601192703336109e-03
2.945315510246526453e-03
2.846439404500246753e-03
2.957814754262229947e-03
2.854126875464330169e-03
2.856010007228859844e-03
2.984771520091269309e-03
2.953249153311782345e-03
2.871253960470761344e-03
3.045342978726670816e-03
3.037729022160116921e-03
2.934023885704894422e-03
2.978082950039566933e-03
2.854013052199222671e-03
2.854983173219940301e-03
2.971786167426727562e-03
2.930717062152031135e-03
2.944810771770704598e-03
2.968437475518899415e-03
2.772882593200303499e-03
2.904526138739623679e-03
3.041994286818842669e-03
2.930381974686120140e-03
2.929624326094410619e-03
2.848332097005575742e-03
2.930381974686120140e-03
2.859406821311829411e-03
3.054890612490188551e-03
2.823682954762824025e-03
2.964172210860174100e-03
2.904526138739623679e-03
2.872269099576857821e-03
2.798712288276914567e-03
2.785547478075386333e-03
3.018510039358903579e-03
2.818591126574879549e-03
2.904526138739623679e-03
2.977619311516850435e-03
2.859104289375329587e-03
2.846439404500246753e-03
2.742070935315801036e-03
2.854013052199222671e-03
2.834059446098964076e-03
2.885219152630710653e-03
2.928873467650415161e-03
2.741515956446843524e-03
3.051176122816793689e-03
2.852601192703336109e-03
2.928539984519883555e-03
2.956114499912877291e-03
2.872269099576857821e-03
2.831816447341290767e-03
2.834059446098964076e-03
2.854126875464330169e-03
2.846439404500246753e-03
2.852601192703336109e-03
2.872269099576857821e-03
2.926873323781557096e-03
2.859104289375329587e-03
2.859406821311829411e-03
2.798712288276914567e-03
2.818591126574879549e-03
2.872205140476688946e-03
2.977619311516850435e-03
2.930717062152031135e-03
2.871253960470761344e-03
2.932963632611772665e-03
2.932963632611772665e-03
3.048139696065821792e-03
3.037729022160116921e-03
2.929566818528803098e-03
2.968437475518899415e-03
2.897239766062767279e-03
2.937969997156163107e-03
2.926158004003279363e-03
2.977619311516850435e-03
2.834059446098964076e-03
2.842240978417386391e-03
2.857160250852087881e-03
2.742070935315801036e-03
2.846439404500246753e-03
2.815627746615744290e-03
2.996221909935526968e-03
