-1.879998069645396397e+00
-3.381870076704518099e-03
7.146079941973320082e-01
8.186382483278196176e-01
-5.281200847690301070e-02
-1.673515701697619873e+00
1.059222186813041588e+00
1.172058984756578104e+00
3.810255055992836093e-01
2.886171313288963813e-01
5.763413868207629687e-01
-5.034609359585828781e-01
2.202649490439869240e+00
-7.167515167924468633e-01
-4.863573752882695556e-01
2.229128068690786404e-02
-1.362347380123639373e-01
-2.002826141968391482e+00
3.762053349021071136e-01
-5.830465049912915143e-01
4.549534630458095252e-01
3.542087245647748683e-02
-1.398475999425842220e+00
4.075489768196581264e-01
1.583115865984933979e-01
-8.690147905814228357e-01
7.965793485933184703e-01
-3.672815679740027983e-01
9.452626745006531550e-01
-4.037478186169644601e-01
1.232248960510276881e+00
-6.865323417636646219e-01
3.029220604651284843e-01
-3.096990537569455082e-01
2.784518362026426330e-01
-1.564880725620096946e-01
-1.832236372866042143e-02
1.884331475527059041e-01
6.280510323586234733e-01
-3.943831111490490038e-01
2.467553856575416815e-01
-7.830519661713973845e-01
-8.586104620531853637e-01
4.303412501136152923e-02
1.880895367545654118e+00
-1.181889120577775121e-01
3.159708536224907771e-01
3.099028495169108277e-01
2.611351458670643777e-01
6.591673550211469834e-01
7.500640483179485951e-01
2.631026757980586828e-01
6.008468639712556403e-01
4.822858799474528113e-01
3.253194550693223608e-01
1.088271963606762371e+00
-6.591025484612380581e-01
-2.098361892531456885e+00
2.149464155351850370e-01
6.888928550924803274e-01
8.341632256172303028e-02
9.334714585210075466e-01
1.905605243110736480e-01
-4.686486893836062650e-01
-4.627471571417215435e-01
-3.162629620794473184e-01
8.094576423838203971e-02
-1.008172467976527820e+00
1.555808585808492239e+00
-1.303818509315652907e+00
4.482902347840675428e-01
-2.406518511096089052e-01
-1.032931976477264868e+00
1.716762123093104719e+00
3.932822907035111309e-02
1.484475594986860214e+00
1.313572876281086543e+00
2.610121221970538308e-01
6.450227649723057066e-01
1.624341342970654287e-02
1.531456668688094602e+00
-2.250182398209750190e+00
4.602248699675217103e-01
8.192383868810559910e-01
2.506898847800310692e-01
-1.071095209584600694e+00
5.948607675853737620e-01
3.356576456513175044e-01
-6.886200216158501197e-01
-8.053327083213267512e-01
-7.249745006115021484e-01
6.654483996493847364e-01
1.605671054578813872e-01
-1.162978711301473123e+00
4.638447309569652122e-01
-8.909878897094289929e-01
6.302144045583375487e-01
-8.446140261164546414e-01
-1.758924008430462038e+00
-8.019756622508654731e-01
2.165756024837860172e-01
-1.097068069204609975e+00
4.810379224869921755e-01
-1.878610558820303367e-01
4.914193572271927102e-02
-8.350317045524607851e-01
5.903824146504991210e-01
-1.998896918449991622e-01
1.211064679207245032e+00
-9.292384983521826403e-01
4.066881754280131100e-01
-5.596187914799306551e-01
-9.966958756383984541e-01
-1.443778456006986621e+00
-1.191465263746812830e+00
-8.657216723266016045e-02
-2.366743287641143723e-01
8.884880796265166580e-01
1.230552591191844680e+00
2.795239659496505658e-01
-2.520127809276754505e+00
-1.017675867372771492e+00
7.372764006571075335e-01
9.387403381252141799e-01
1.484576809808658471e+00
9.746245572705425353e-01
3.315617898706630928e-01
4.569429537730553270e-01
8.016351006335084572e-02
-5.274749713412315577e-01
2.781331837820825714e-01
1.118510478074176362e+00
8.441970762576376242e-01
-3.869121151115359480e-01
-1.054403327180611472e+00
1.310561281715098225e+00
1.668500132240296585e+00
-9.890170787562290178e-01
6.136660236716413586e-01
9.749124056308542396e-01
5.094523738182383382e-02
1.686712419900684212e+00
2.451714547858890592e-01
-9.342092098491941998e-01
-1.406462374117645187e-01
4.334903845249237983e-03
-1.168894032419118378e+00
1.063029985242720521e+00
9.351476273113388249e-01
2.282917599118811314e+00
2.888628962405332540e-02
2.319375588236603086e-02
8.342006368080501222e-01
5.355276781853921531e-01
1.501125495090595563e-01
1.049900813889497631e+00
1.142121549859103496e-01
7.523768370923608062e-01
3.456973758667004626e-01
-1.987653690082332281e+00
1.680533256811306497e+00
3.582223930323352179e-01
-1.116627936666150678e+00
-7.790492465855374249e-01
1.014181684265495598e+00
1.693723778525083823e+00
3.383736845939754045e-02
6.699756630375938160e-01
-2.509433927927451347e-02
-1.480464778713840301e+00
6.651549400399200396e-01
-3.196423738180602103e-01
1.287038716427878482e+00
6.864885774359303916e-01
8.458494021704165977e-01
8.025606753538769844e-01
6.306495461358894161e-01
-5.253929818852678402e-01
1.054553345292473132e+00
1.575050682849568728e+00
-8.380032166568841534e-01
1.070698891408459863e+00
3.069256766803169612e+00
-6.194029516608512420e-01
-1.668693300279937564e+00
5.430033011618885519e-01
7.329735762837492619e-01
1.289611417446774544e+00
9.391114503697767235e-01
1.545173906402029784e-01
-4.274327128662410158e-01
1.072760205052479154e+00
5.602408619157933645e-01
1.402869012262019932e-01
5.426879742642635174e-01
-2.295460881239962170e+00
4.262038263737654709e-01
1.246921701333878696e+00
-2.491739278354052178e+00
4.238475383190314916e-01
-4.610987448970710889e-01
9.653370907514438048e-01
1.231228172724549763e+00
1.566110801217820425e+00
-2.226692315434177505e-01
4.869452386391480148e-01
5.073669571446169924e-01
-1.864062388431910300e+00
5.808190983814801034e-02
3.669894601743549645e-01
-1.242091762596894133e+00
9.198188743655898447e-01
8.074895793248313414e-01
-1.533338689260687338e-01
-1.588959996633010630e-01
2.910857468557724315e-01
3.886012035146640398e-01
-1.103704698967634013e+00
3.119939474367878218e-01
-6.302665701114648078e-01
-2.363885673868897808e+00
6.057628488123560917e-01
3.457111966781610812e-01
3.982710873202366941e-01
2.776153789055911814e-01
-8.002414721954712040e-02
-3.113671569395810024e-01
9.000761290290099081e-01
1.464986296356802331e+00
-8.677801351568316113e-01
-2.487772026496513966e+00
6.406570924356803642e-01
-1.285084053312712526e-01
-5.943182798879204781e-02
9.888142758092756113e-01
-3.900806360041806364e-01
-1.708052909104624262e-01
-1.171108499511442691e+00
2.020088945002636471e+00
1.201341589815471567e+00
9.572063105825897589e-01
2.099716796635405225e-01
-6.953251244105604911e-01
-1.930575209317789254e+00
-7.130431029996100456e-01
5.753382498276181645e-01
-2.562515954948569430e+00
-2.747002411180738513e+00
1.040890984191263691e+00
6.132084435122464594e-02
9.306336510612437871e-03
8.998533934289569824e-01
6.875813539123544205e-01
3.763566653366422488e-01
-2.294913806353771069e-01
1.056556328677123346e+00
6.104652505865381107e-01
