6.396232283963859330e-03
6.077185533949182317e-03
5.865660087358973325e-03
6.399681784310201800e-03
6.064459291999037271e-03
6.082405227453706840e-03
6.079929031626797077e-03
6.076329532974593384e-03
6.379344623130529281e-03
6.083137958312704978e-03
6.075878888781140533e-03
5.962672872227368914e-03
6.410010935381326921e-03
6.076054887973483809e-03
6.048154029959501923e-03
5.776943993051468842e-03
6.048154029959501923e-03
6.011472482571944553e-03
6.048154029959501923e-03
5.962672872227368914e-03
6.148423919153685538e-03
6.076632487529498756e-03
6.026237964655640350e-03
6.026073355005894319e-03
6.048154029959501923e-03
5.727086521925996501e-03
6.048154029959501923e-03
5.962672872227368914e-03
6.074703397388745048e-03
6.233088408141772459e-03
6.401259751325325160e-03
6.385631005962465884e-03
5.997985958080561016e-03
6.062581709181761973e-03
5.975141900689469841e-03
6.093043086873997823e-03
5.808072855915303104e-03
6.076054887973483809e-03
6.076632487529498756e-03
6.073182987183156287e-03
6.349287261436344261e-03
5.844744483708108965e-03
5.887599080763863783e-03
5.994362554438826922e-03
6.076329532974593384e-03
6.398636066995897625e-03
5.793361536896784320e-03
6.402978328407500988e-03
5.773799651424069666e-03
6.038262931572870029e-03
5.767394863116964525e-03
6.048154029959501923e-03
5.851965087676231497e-03
6.371203326740205834e-03
6.085071724071438280e-03
6.062581709181761973e-03
5.932457826588879296e-03
6.387508588779740315e-03
6.398636066995897625e-03
6.396232283963859330e-03
6.188709384139676369e-03
6.210648377544566827e-03
6.167793780488812008e-03
6.390393222171346713e-03
6.349122651786597363e-03
6.361312228353573940e-03
6.396232283963859330e-03
6.050135818706700412e-03
6.349287261436344261e-03
6.401259751325325160e-03
5.132438880647714058e-03
5.770867786448524196e-03
5.865660087358973325e-03
6.398636066995897625e-03
6.073182987183156287e-03
5.887599080763863783e-03
6.099993289832171886e-03
6.188709384139676369e-03
6.399681784310201800e-03
5.767394863116964525e-03
6.076329532974593384e-03
6.164131731216742315e-03
6.131122152696006147e-03
5.954332873885584236e-03
5.788286885339302863e-03
6.410252680253800302e-03
5.910039111361069415e-03
6.387508588779740315e-03
6.086961638600623878e-03
6.399681784310201800e-03
5.932457826588879296e-03
5.865660087358973325e-03
6.277382170666287280e-03
6.103917358527125026e-03
6.406187255093408889e-03
6.083137958312704978e-03
6.399681784310201800e-03
6.059356272676312202e-03
5.803129430251062829e-03
6.078210454544621250e-03
6.399104184754186853e-03
5.932457826588879296e-03
6.385631005962465884e-03
6.408121020852142191e-03
6.048154029959501923e-03
6.099993289832171886e-03
6.011472482571944553e-03
6.371312291364557984e-03
6.400234830729885360e-03
6.079929031626797077e-03
6.396232283963859330e-03
6.167793780488812008e-03
5.975141900689469841e-03
6.076054887973483809e-03
6.076632487529498756e-03
6.371203326740205834e-03
6.398636066995897625e-03
5.932457826588879296e-03
6.167793780488812008e-03
6.075586770215194582e-03
6.334521779352648464e-03
6.073182987183156287e-03
6.334521779352648464e-03
5.910039111361069415e-03
6.082405227453706840e-03
6.410010935381326921e-03
6.062581709181761973e-03
6.093043086873997823e-03
6.408121020852142191e-03
6.399378829755296427e-03
6.083137958312704978e-03
5.865660087358973325e-03
6.048262994583854940e-03
6.410010935381326921e-03
5.781763017879136199e-03
6.062581709181761973e-03
6.064459291999037271e-03
6.070803757287448511e-03
6.188709384139676369e-03
6.048262994583854940e-03
6.399681784310201800e-03
6.088075067651789636e-03
6.411124364432493547e-03
6.048154029959501923e-03
6.087203383473097258e-03
6.398928185561843576e-03
6.399104184754186853e-03
6.067343925390643669e-03
6.361312228353573940e-03
6.371203326740205834e-03
6.398636066995897625e-03
6.176047229208053192e-03
6.277382170666287280e-03
6.402978328407500988e-03
6.175014384456934541e-03
6.067343925390643669e-03
6.062581709181761973e-03
6.157463133985061066e-03
5.932457826588879296e-03
6.255507123369583207e-03
6.410010935381326921e-03
6.398928185561843576e-03
5.865660087358973325e-03
6.026073355005894319e-03
5.788286885339302863e-03
6.349287261436344261e-03
6.082405227453706840e-03
6.285722169008071958e-03
6.399681784310201800e-03
6.400234830729885360e-03
6.349287261436344261e-03
6.076054887973483809e-03
6.076329532974593384e-03
5.781763017879136199e-03
6.399681784310201800e-03
6.142296014381950706e-03
6.086961638600623878e-03
6.126178727031765872e-03
6.371312291364557984e-03
6.396232283963859330e-03
5.910039111361069415e-03
5.975141900689469841e-03
6.317411851219529965e-03
5.793361536896784320e-03
5.808072855915303104e-03
6.188709384139676369e-03
5.852997932427350149e-03
6.390393222171346713e-03
6.393853054068151555e-03
6.116410833677488230e-03
6.075586770215194582e-03
5.994362554438826922e-03
6.111336182120005907e-03
6.410010935381326921e-03
6.176047229208053192e-03
5.788286885339302863e-03
6.074703397388745048e-03
6.038262931572870029e-03
6.400234830729885360e-03
6.074703397388745048e-03
6.349122651786597363e-03
5.773799651424069666e-03
6.405454524234410751e-03
6.131122152696006147e-03
6.176047229208053192e-03
6.087203383473097258e-03
6.410252680253800302e-03
6.411124364432493547e-03
5.844744483708108965e-03
6.064459291999037271e-03
6.176047229208053192e-03
6.104812314659839242e-03
6.088075067651789636e-03
6.086961638600623878e-03
6.349287261436344261e-03
6.390393222171346713e-03
6.402978328407500988e-03
6.085071724071438280e-03
6.076329532974593384e-03
6.371203326740205834e-03
5.781763017879136199e-03
6.399681784310201800e-03
6.070803757287448511e-03
5.841082434436038404e-03
6.087203383473097258e-03
5.962672872227368914e-03
6.402978328407500988e-03
6.371312291364557984e-03
6.086961638600623878e-03
6.399681784310201800e-03
6.087203383473097258e-03
6.056295326349825370e-03
6.088075067651789636e-03
6.349122651786597363e-03
6.410252680253800302e-03
6.064459291999037271e-03
6.103917358527125026e-03
6.104812314659839242e-03
6.075586770215194582e-03
6.317411851219529965e-03
6.026073355005894319e-03
6.026073355005894319e-03
5.132438880647714058e-03
5.808072855915303104e-03
6.073182987183156287e-03
6.111336182120005907e-03
6.082405227453706840e-03
6.011472482571944553e-03
6.076632487529498756e-03
6.104812314659839242e-03
6.402978328407500988e-03
6.401259751325325160e-03
6.398636066995897625e-03
6.349287261436344261e-03
6.086961638600623878e-03
6.026237964655640350e-03
5.887599080763863783e-03
