2.191574534275803288e+00
-1.837356632742481288e+00
-5.266171862517984303e-01
-1.012721248325905155e+00
-5.783318974763861364e-01
8.007446049817257272e-01
-1.351393193240390200e+00
-8.230776460061997035e-01
7.428694052702630168e-01
5.089847490591394852e-01
-4.217040140465385112e-01
1.296692681442928041e+00
-5.896701307431019279e-01
2.728022838668145433e-01
2.120115538207496542e+00
8.991020173315588115e-01
2.669220641218578161e-03
-9.066873337657668230e-01
-1.334999061740688830e+00
1.180736567506724066e+00
-1.344747129196290469e+00
7.464198812621990475e-01
3.988116791139365014e-02
-1.843293136562685897e+00
4.211307889680122041e-01
4.857838122156101640e-02
-6.284097070286315256e-01
5.991769497745631501e-01
-1.066753731941779915e+00
-2.163340336367277406e+00
-7.439640321758647090e-01
1.131273511051447800e+00
4.663528016304797630e-01
-3.979092887797646694e-01
-7.407942107863644265e-01
-8.902990021525850617e-01
4.283768820964313218e-01
-6.992888665226014433e-02
3.271430636560840322e-01
3.632357428989155812e-01
-1.972881234121055261e-01
1.019777576811837339e+00
3.176537779833624175e-01
-2.088681152280490672e+00
6.711134883064038270e-01
-1.110568425821551429e-02
-8.618830586821740747e-01
3.159003207999853124e-01
-4.926948672361183279e-01
-8.752281704160467246e-01
4.784172977342620592e-01
-1.128740023130289760e+00
-7.978968869711409173e-01
-1.779463851567032906e+00
-5.362500833120554811e-01
9.640179803224586674e-01
5.949734049544898040e-01
1.432660959188719385e+00
-5.933688931744975914e-01
-5.851849736741062680e-01
2.021535167839079994e-01
7.519820940311235935e-01
-4.112821191422010858e-01
4.138392427653441730e-01
5.624909251964254064e-01
-2.720917018851588542e-01
-1.854321713143433914e-01
3.374854102424313940e-01
-1.213637718141563182e+00
-5.661534996040732404e-01
1.797330555771451843e+00
1.222541046448481911e-01
4.796247003723821956e-01
-1.793712134720165219e+00
-1.179246787252293260e-01
-1.440036895716658938e+00
8.706388651685322000e-02
-3.238932955582596307e-02
6.754070046586246878e-01
4.292149388141002775e-01
9.756695439665075131e-01
1.623957853520739958e-01
-1.185996760713054349e-01
-7.643967798860262786e-01
6.761095164520133372e-01
-1.743492217717863335e+00
1.410990596986682277e+00
-2.871639797666151184e-01
-1.535281902450874147e+00
4.799789596198264507e-01
-1.534600468786298633e+00
1.008778029137047616e+00
-4.398145227241079813e-01
-6.356853134960948060e-01
1.237708986714155524e+00
-1.135311233495244654e+00
-7.399244386829595399e-01
-8.888403799912071301e-01
2.061244817350304515e-01
-1.675828509572968139e+00
2.386158416635312529e-01
1.539085164658599236e+00
-1.300192597452865417e+00
-5.791246946253914701e-02
5.884407667548451765e-02
1.185876812300203920e+00
-9.408316692337845843e-01
-3.517719065809128964e-01
-4.471281729027757890e-01
2.431825519533507562e-01
-7.111410236210294888e-01
-9.124282341228775461e-01
3.730721106831255129e-01
1.506754363607882174e+00
2.427989284996107389e-01
-1.264080977711388720e-01
1.085659052744147424e+00
-1.656962745208099719e+00
-9.461361224954832616e-02
7.824663032411739438e-01
6.894708226723892386e-01
3.802164179253273435e-01
-8.956433283134556111e-01
-4.070431406688345688e-01
6.046199468177725356e-01
9.531885799854054042e-01
8.566690383830790623e-01
2.186661386349237138e-02
-4.185198695618067566e-01
5.515023211719293217e-01
-1.191365319952229607e+00
-1.008644180829704862e+00
-4.409684220768259610e-01
4.587551890713258834e-02
3.088767803375906396e-01
3.279013747023708930e-02
-1.281738123602806645e-01
-5.053049605540412825e-01
5.807760663749501617e-01
-1.486792347223152566e-01
-3.101668559631823863e-01
3.300445305069792390e-01
-5.975545765413488031e-01
8.896392695205962431e-01
4.771580235440045503e-01
4.220410197877175196e-01
-1.423836579811965930e-01
1.313263970085247756e-01
1.563239388285681541e-01
1.979323448747661029e-01
1.104021443327907193e+00
1.536309017954292200e+00
-3.754766851975710473e-02
1.059574452916765219e+00
7.688430227889085922e-01
-2.092697393555541741e+00
-1.047674916394354172e+00
-1.877928623666674346e+00
-4.980999629923634209e-01
1.018077852223583379e+00
3.531158802666173879e-01
-1.773766052559699880e-01
6.942240672802608703e-01
-4.264886994143529120e-01
-8.983354026037173590e-01
-2.526026410394910382e-01
6.751975611693823431e-01
-3.098867255710937574e-01
-4.648075166244763912e-01
2.532698003145354426e-01
-1.287686733287561891e+00
2.048569032423121217e-02
-1.573640169044462078e-01
-1.101516691061972253e+00
-4.294819831101774898e-01
1.099424626344704725e+00
9.400882057508042067e-01
-2.727017762337419216e-01
-6.378283448233135200e-01
-5.134497511072388942e-01
2.817566010044569857e-01
-9.688856585783872655e-01
-5.488258326334786164e-01
9.116077306731963370e-01
1.561043124830649997e-01
-6.748893057228435577e-01
1.379243058856170601e+00
1.791915155511148161e-01
1.623599221455012787e+00
1.103181884477835606e+00
7.278531399515192346e-01
-3.797637402470827594e-01
-3.738980787794490279e-01
-1.876018300395510652e+00
-1.307854247245541224e-01
4.798951426317266677e-01
1.712666145619491598e+00
3.530910198778454689e-01
9.047074903094592946e-01
-5.917198318827041406e-03
9.091248581711994792e-01
-5.562583722082803384e-01
7.383037901678694004e-01
-1.390304962152314250e+00
2.529244837659981870e-01
-2.304275859016648109e+00
-6.365979554002537677e-01
1.946752194801249392e+00
4.178209087790997756e-01
-1.076104250235141224e+00
9.538158624573378486e-02
-9.144381265063522557e-01
2.323153318604487261e+00
2.429192458628435247e+00
2.640700066130512863e-02
-1.707413160473796876e-01
-7.241020385600934750e-01
-5.394761090346809063e-01
1.031775466520611806e+00
1.006017621229284176e+00
-5.691529845744036642e-01
-2.326558005682026753e-01
3.961437437970120046e-01
-1.281024084646053218e+00
-1.278488860069778799e+00
1.175397246856834249e-01
-5.684427025736089600e-01
7.921686119075399546e-01
-1.795475858989700413e+00
-1.598082060912331126e-01
8.914525427102183430e-01
-6.644520069909832793e-01
-1.745544857520478221e-01
-2.071626088983108627e+00
-7.405103074507340954e-01
8.110533632224249667e-02
-2.984867780940261839e-01
9.728341941654780611e-02
-1.192168992046263476e+00
5.102154989910238081e-01
5.447459632618747438e-01
-5.057084353697114398e-01
2.059477354699231988e+00
-8.188784941085845981e-01
-2.305672212227309337e-01
-4.564591031992065034e-02
1.628218756335154449e+00
1.928968065154956113e+00
-3.854677821791351322e-01
-6.302865742964744999e-01
-4.535326607748214056e-01
2.748697537887906162e+00
-1.532668909904201016e+00
-1.692419435203911693e+00
-1.022594357869883730e+00
-7.915154928648019395e-01
-1.076185168050002305e+00
