2.283441106618687780e-02
2.491368792010764666e-02
2.558188258597753062e-02
3.230962777416533649e-02
2.328867985298073082e-02
3.254543848862923028e-02
2.455117026585885640e-02
2.373180505630224923e-02
3.241472235527156909e-02
2.466644953310880017e-02
2.396269806285456286e-02
3.025002902255815446e-02
2.322708734340975939e-02
2.581769330044142788e-02
2.463224810540763643e-02
2.491368792010764666e-02
2.550216012311194019e-02
3.277881048728163021e-02
2.489536813889641625e-02
2.443658221502795561e-02
2.452743867344771983e-02
2.585882120176869955e-02
2.558188258597753062e-02
3.215430230325012212e-02
2.541477332623423915e-02
2.441867848544510347e-02
3.168360233455762981e-02
2.430689593589212272e-02
2.522072030841192997e-02
2.482630112322994562e-02
2.452743867344771983e-02
2.530588223434829601e-02
3.198855015770659532e-02
2.373514157210415351e-02
2.489536813889641625e-02
2.550216012311194019e-02
2.341523786273748756e-02
3.209098746092463317e-02
3.140007795470230179e-02
2.478149162228544117e-02
3.214251851442204155e-02
2.532065058983678715e-02
2.331803181138705425e-02
2.489536813889641625e-02
2.478149162228544117e-02
3.189565688373417057e-02
2.511591087645201684e-02
2.410624930597301402e-02
2.489536813889641625e-02
2.306769673554399588e-02
2.478149162228544117e-02
2.538660785776691159e-02
2.558188258597753062e-02
2.463224810540763643e-02
2.466644953310880017e-02
2.550216012311194019e-02
3.172754251751746385e-02
2.362472113758838643e-02
2.400371006574178109e-02
2.532065058983678715e-02
3.198855015770659532e-02
2.390650401439134778e-02
2.452743867344771983e-02
2.532065058983678715e-02
2.341523786273748756e-02
3.194846549659972890e-02
2.489536813889641625e-02
2.522072030841192997e-02
3.274277450625441566e-02
2.532065058983678715e-02
2.365616893854828942e-02
2.532065058983678715e-02
2.466644953310880017e-02
3.179232067605561318e-02
2.522072030841192997e-02
2.322708734340975939e-02
2.463224810540763643e-02
2.432361377510844705e-02
3.086313680519541663e-02
2.536324227273682730e-02
2.533659019530153100e-02
2.430689593589212272e-02
3.223772774040365580e-02
2.500715068844939701e-02
2.530588223434829601e-02
3.272608604978765462e-02
2.522922109743713434e-02
2.550216012311194019e-02
3.227529093313429021e-02
2.500715068844939701e-02
2.511591087645201684e-02
2.390650401439134778e-02
2.554754574494649128e-02
3.076901406879796463e-02
2.577020134225805476e-02
2.419301941928114763e-02
2.554754574494649128e-02
3.066908378737311092e-02
2.443658221502795561e-02
3.258656638995650195e-02
2.489536813889641625e-02
2.540745634150450363e-02
3.095052360207312114e-02
2.342446865960955832e-02
3.161871826794300511e-02
2.430689593589212272e-02
2.329348666475611687e-02
3.241472235527156909e-02
2.511591087645201684e-02
2.362472113758838643e-02
3.249120638621315338e-02
2.532065058983678715e-02
2.522072030841192997e-02
2.533659019530153100e-02
2.421319334059267997e-02
2.381555954641405293e-02
2.463224810540763643e-02
3.238079287905990672e-02
2.315375022888436010e-02
2.432361377510844705e-02
2.407797733010450664e-02
2.530588223434829601e-02
2.384811001202366207e-02
2.441867848544510347e-02
2.396269806285456286e-02
2.550216012311194019e-02
2.478149162228544117e-02
2.419301941928114763e-02
2.506457548786781078e-02
2.571557593610585349e-02
2.314333285329795570e-02
2.396269806285456286e-02
3.212617881472010217e-02
2.482630112322994562e-02
2.410624930597301402e-02
2.432361377510844705e-02
2.443658221502795561e-02
2.341523786273748756e-02
2.499341038297323708e-02
3.213520152969230603e-02
2.400371006574178109e-02
2.558188258597753062e-02
3.199809418695220842e-02
2.419301941928114763e-02
2.558188258597753062e-02
2.441867848544510347e-02
2.441867848544510347e-02
2.443658221502795561e-02
2.410624930597301402e-02
3.126605677940260536e-02
2.421319334059267997e-02
2.589435443735258954e-02
2.430689593589212272e-02
2.373514157210415351e-02
2.463224810540763643e-02
2.557595549840213645e-02
2.616442770140642998e-02
2.306769673554399588e-02
2.441867848544510347e-02
2.441867848544510347e-02
2.571557593610585349e-02
2.522922109743713434e-02
3.281708832094243355e-02
2.432361377510844705e-02
2.491368792010764666e-02
2.463224810540763643e-02
2.410624930597301402e-02
2.592506239830582454e-02
2.478149162228544117e-02
2.491368792010764666e-02
2.506457548786781078e-02
2.430689593589212272e-02
2.419301941928114763e-02
2.432361377510844705e-02
2.585882120176869955e-02
2.606953928878866927e-02
2.455117026585885640e-02
2.432361377510844705e-02
2.550216012311194019e-02
2.466644953310880017e-02
3.184365606463981924e-02
3.190273418320885984e-02
3.223408055554954910e-02
2.518172913925376122e-02
3.264893901004068538e-02
3.146339279702779074e-02
3.155960970106560376e-02
3.214251851442204155e-02
2.522922109743713434e-02
2.443658221502795561e-02
2.478149162228544117e-02
2.341523786273748756e-02
2.532065058983678715e-02
2.500715068844939701e-02
2.466644953310880017e-02
2.552277401910012927e-02
3.265280758649362347e-02
2.430689593589212272e-02
2.407797733010450664e-02
3.222861611793814002e-02
3.092076460746895003e-02
2.443658221502795561e-02
2.322708734340975939e-02
2.511591087645201684e-02
3.153899580507741468e-02
2.441867848544510347e-02
2.430689593589212272e-02
2.500715068844939701e-02
2.473217838683249362e-02
2.466644953310880017e-02
2.400371006574178109e-02
2.473217838683249362e-02
2.530588223434829601e-02
2.407797733010450664e-02
2.500715068844939701e-02
2.452743867344771983e-02
3.199809418695220842e-02
2.478149162228544117e-02
2.441867848544510347e-02
2.466644953310880017e-02
2.499341038297323708e-02
3.214251851442204155e-02
2.322708734340975939e-02
2.432361377510844705e-02
2.443658221502795561e-02
2.478149162228544117e-02
2.463224810540763643e-02
2.541477332623423915e-02
2.589435443735258954e-02
2.532065058983678715e-02
2.489536813889641625e-02
2.358957958764451926e-02
2.331803181138705425e-02
2.455117026585885640e-02
2.473217838683249362e-02
2.500715068844939701e-02
3.130718468072987704e-02
2.421319334059267997e-02
2.452743867344771983e-02
2.325829200342018760e-02
2.550216012311194019e-02
3.179232067605561318e-02
2.421319334059267997e-02
3.214789287115892708e-02
2.331803181138705425e-02
2.390650401439134778e-02
2.331803181138705425e-02
3.231601472052175739e-02
2.571557593610585349e-02
3.256639713578736439e-02
2.522072030841192997e-02
3.257124139436596427e-02
2.331803181138705425e-02
2.358957958764451926e-02
2.571557593610585349e-02
2.532065058983678715e-02
2.365616893854828942e-02
3.252724855695268008e-02
2.511591087645201684e-02
2.550216012311194019e-02
2.500715068844939701e-02
3.162311332708421519e-02
2.489536813889641625e-02
2.489536813889641625e-02
2.478149162228544117e-02
2.473217838683249362e-02
2.522072030841192997e-02
3.190947432744156709e-02
2.373180505630224923e-02
2.373180505630224923e-02
2.466644953310880017e-02
2.482630112322994562e-02
2.390650401439134778e-02
3.173489587663719941e-02
3.220881227397218161e-02
2.522072030841192997e-02
2.463224810540763643e-02
2.541477332623423915e-02
3.153899580507741468e-02
2.532065058983678715e-02
2.511591087645201684e-02
2.441867848544510347e-02
2.463224810540763643e-02
3.135999329359544230e-02
3.092076460746895003e-02
3.222861611793814002e-02
3.333467151384929966e-02
3.115274655841748785e-02
2.478149162228544117e-02
2.455117026585885640e-02
2.407797733010450664e-02
2.455117026585885640e-02
2.330614428682678194e-02
2.390650401439134778e-02
2.532065058983678715e-02
2.489536813889641625e-02
3.212617881472010217e-02
2.463224810540763643e-02
2.463224810540763643e-02
3.262209962554039194e-02
3.194846549659972890e-02
2.452743867344771983e-02
2.341523786273748756e-02
2.532065058983678715e-02
3.173489587663719941e-02
2.473217838683249362e-02
3.252724855695268008e-02
2.512710373310155995e-02
2.473217838683249362e-02
2.532065058983678715e-02
2.581769330044142788e-02
3.179232067605561318e-02
3.173489587663719941e-02
2.343210464734678602e-02
2.443658221502795561e-02
3.214251851442204155e-02
2.373514157210415351e-02
2.384811001202366207e-02
