6.301099629412708267e-06
6.199323229878542964e-06
6.198815265741322017e-06
6.238422517859167229e-06
6.480243089143106368e-06
6.231522955257404753e-06
6.193592786720549080e-06
6.214495618468375710e-06
6.332798557242787928e-06
6.192613541408901452e-06
6.195875831201074970e-06
6.300603207246010302e-06
6.211112474585812920e-06
6.206439756736962070e-06
6.195786037190231846e-06
6.199323229878542964e-06
6.197318415385898401e-06
6.246810411466548103e-06
6.191856274094505533e-06
6.194954627576955464e-06
6.194977250226576482e-06
6.209328381419837312e-06
6.198815265741322017e-06
6.235213932880233425e-06
6.195903204397965324e-06
6.194452102442742261e-06
6.274239359737345724e-06
6.194257424740024588e-06
6.193497103119414968e-06
6.198018219593828449e-06
6.194977250226576482e-06
6.213920423257835974e-06
6.265742244618213273e-06
6.198720657016642837e-06
6.191856274094505533e-06
6.197318415385898401e-06
6.205181056816638229e-06
6.227778786810612041e-06
6.260597421138063511e-06
6.192033879726936316e-06
6.241490719382262774e-06
6.194609945957013319e-06
6.207934891079000153e-06
6.191856274094505533e-06
6.192033879726936316e-06
6.268312416045290766e-06
6.192628925371895331e-06
6.201083584826408087e-06
6.191856274094505533e-06
6.219559400701298205e-06
6.192033879726936316e-06
6.228593464578998658e-06
6.198815265741322017e-06
6.195786037190231846e-06
6.192613541408901452e-06
6.197318415385898401e-06
6.273364206777398274e-06
6.200597903233758322e-06
6.203765355143382782e-06
6.194609945957013319e-06
6.265742244618213273e-06
6.206812706092449992e-06
6.194977250226576482e-06
6.194609945957013319e-06
6.205181056816638229e-06
6.244180571493253762e-06
6.191856274094505533e-06
6.193497103119414968e-06
6.238483143310854330e-06
6.194609945957013319e-06
6.219596808516184408e-06
6.194609945957013319e-06
6.192613541408901452e-06
6.234311133187244480e-06
6.193497103119414968e-06
6.211112474585812920e-06
6.195786037190231846e-06
6.196673156309510849e-06
6.277702710036629869e-06
6.222932617459767163e-06
6.218042174999184103e-06
6.194257424740024588e-06
6.300545678787755001e-06
6.192065650831848282e-06
6.213920423257835974e-06
6.382780304081041387e-06
6.207766415312688908e-06
6.197318415385898401e-06
6.264295075671684765e-06
6.192065650831848282e-06
6.192628925371895331e-06
6.206812706092449992e-06
6.288507578213533806e-06
6.279127845505493854e-06
6.204072557603843758e-06
6.194424137991558931e-06
6.288507578213533806e-06
6.280441748833683996e-06
6.194954627576955464e-06
6.230427879894005697e-06
6.191856274094505533e-06
6.234981271273274800e-06
6.276095380583199661e-06
6.336149500278197577e-06
6.278405223666163347e-06
6.194257424740024588e-06
6.475857794614918086e-06
6.332798557242787928e-06
6.192628925371895331e-06
6.200597903233758322e-06
6.271553552875406308e-06
6.194609945957013319e-06
6.193497103119414968e-06
6.218042174999184103e-06
6.198721707394145302e-06
6.210328870946898530e-06
6.195786037190231846e-06
6.236654478387017165e-06
7.405638253952290808e-06
6.196673156309510849e-06
6.194965152183170651e-06
6.213920423257835974e-06
6.197137023266414385e-06
6.194452102442742261e-06
6.195875831201074970e-06
6.197318415385898401e-06
6.192033879726936316e-06
6.194424137991558931e-06
6.202136406562743717e-06
6.202099543986177610e-06
6.214893412404789233e-06
6.195875831201074970e-06
6.275408672789183346e-06
6.198018219593828449e-06
6.201083584826408087e-06
6.196673156309510849e-06
6.194954627576955464e-06
6.205181056816638229e-06
6.200697270278832480e-06
6.231943022402922556e-06
6.203765355143382782e-06
6.198815265741322017e-06
6.227530047265529931e-06
6.194424137991558931e-06
6.198815265741322017e-06
6.194452102442742261e-06
6.194452102442742261e-06
6.194954627576955464e-06
6.201083584826408087e-06
6.265381706964264530e-06
6.198721707394145302e-06
6.212846292655179818e-06
6.194257424740024588e-06
6.198720657016642837e-06
6.195786037190231846e-06
6.295236195238862864e-06
6.292915278482847818e-06
6.219559400701298205e-06
6.194452102442742261e-06
6.194452102442742261e-06
6.202099543986177610e-06
6.207766415312688908e-06
6.256575013828629721e-06
6.196673156309510849e-06
6.199323229878542964e-06
6.195786037190231846e-06
6.201083584826408087e-06
6.217071290716017264e-06
6.192033879726936316e-06
6.199323229878542964e-06
6.202136406562743717e-06
6.194257424740024588e-06
6.194424137991558931e-06
6.196673156309510849e-06
6.209328381419837312e-06
6.264342040783331336e-06
6.193592786720549080e-06
6.196673156309510849e-06
6.197318415385898401e-06
6.192613541408901452e-06
6.245548376510617616e-06
6.271960868513075146e-06
6.277912835727382488e-06
6.205538933127714582e-06
6.276975155700451331e-06
6.262906857916371478e-06
6.272443118247686196e-06
6.241490719382262774e-06
6.207766415312688908e-06
6.194954627576955464e-06
6.192033879726936316e-06
6.205181056816638229e-06
6.194609945957013319e-06
6.192065650831848282e-06
6.192613541408901452e-06
6.281199713600356850e-06
6.230058538777289122e-06
6.194257424740024588e-06
6.194965152183170651e-06
6.253811473344225465e-06
6.248805599120822347e-06
6.194954627576955464e-06
6.211112474585812920e-06
6.192628925371895331e-06
6.280124749116035160e-06
6.194452102442742261e-06
6.194257424740024588e-06
6.192065650831848282e-06
6.196820388910245702e-06
6.192613541408901452e-06
6.203765355143382782e-06
6.196820388910245702e-06
6.213920423257835974e-06
6.194965152183170651e-06
6.192065650831848282e-06
6.194977250226576482e-06
6.227530047265529931e-06
6.192033879726936316e-06
6.194452102442742261e-06
6.192613541408901452e-06
6.200697270278832480e-06
6.241490719382262774e-06
6.211112474585812920e-06
6.196673156309510849e-06
6.194954627576955464e-06
6.192033879726936316e-06
6.195786037190231846e-06
6.195903204397965324e-06
6.212846292655179818e-06
6.194609945957013319e-06
6.191856274094505533e-06
6.226044513303424338e-06
6.207934891079000153e-06
6.193592786720549080e-06
6.196820388910245702e-06
6.192065650831848282e-06
6.263472549170893653e-06
6.198721707394145302e-06
6.194977250226576482e-06
6.642991656305509518e-06
6.197318415385898401e-06
6.234311133187244480e-06
6.198721707394145302e-06
6.288246352389522287e-06
6.207934891079000153e-06
6.206812706092449992e-06
6.207934891079000153e-06
6.275416217431996063e-06
6.202099543986177610e-06
6.272825213552397812e-06
6.193497103119414968e-06
7.018422226312039690e-06
6.207934891079000153e-06
6.226044513303424338e-06
6.202099543986177610e-06
6.194609945957013319e-06
6.219596808516184408e-06
6.294338800288194657e-06
6.192628925371895331e-06
6.197318415385898401e-06
6.192065650831848282e-06
6.248662947151137300e-06
6.191856274094505533e-06
6.191856274094505533e-06
6.192033879726936316e-06
6.196820388910245702e-06
6.193497103119414968e-06
6.230412319184257616e-06
6.214495618468375710e-06
6.214495618468375710e-06
6.192613541408901452e-06
6.198018219593828449e-06
6.206812706092449992e-06
6.247023553914975010e-06
6.248627584218578428e-06
6.193497103119414968e-06
6.195786037190231846e-06
6.195903204397965324e-06
6.280124749116035160e-06
6.194609945957013319e-06
6.192628925371895331e-06
6.194452102442742261e-06
6.195786037190231846e-06
6.242377356784512772e-06
6.248805599120822347e-06
6.253811473344225465e-06
6.359266905801233826e-06
6.285407026466244062e-06
6.192033879726936316e-06
6.193592786720549080e-06
6.194965152183170651e-06
6.193592786720549080e-06
6.409686443384261438e-06
6.206812706092449992e-06
6.194609945957013319e-06
6.191856274094505533e-06
6.275408672789183346e-06
6.195786037190231846e-06
6.195786037190231846e-06
6.229900537570331844e-06
6.244180571493253762e-06
6.194977250226576482e-06
6.205181056816638229e-06
6.194609945957013319e-06
6.247023553914975010e-06
6.196820388910245702e-06
6.294338800288194657e-06
6.203708228628973831e-06
6.196820388910245702e-06
6.194609945957013319e-06
6.206439756736962070e-06
6.234311133187244480e-06
6.247023553914975010e-06
6.279657301302015739e-06
6.194954627576955464e-06
6.241490719382262774e-06
6.198720657016642837e-06
6.197137023266414385e-06
