4.384052326421297163e-01
-3.761972442066726652e-01
6.150661483151207420e-01
2.162687256354065835e-01
1.662875772355103254e-02
1.267731169943394409e+00
-5.856893364523517720e-01
2.051062635237558940e+00
6.526507154423799584e-02
2.036534674175727311e-01
1.630818665332576467e+00
-7.442316849038415061e-01
8.181527508167485419e-01
-6.107841905356999890e-01
-7.281423210283956005e-01
8.288683280247318708e-01
-1.399720386794068405e+00
6.457088603974074914e-01
2.094099660828730780e+00
-1.611515935318023285e+00
-3.430131560354887088e-01
-1.038397487689445287e+00
1.078020876906471859e+00
-1.452031574237056810e-01
3.488724305050375230e-01
-3.430948235839947347e-01
1.855882001898637723e+00
3.275307958445442535e-01
8.931498427814594798e-01
-8.997110062307466238e-01
-2.300755295352129304e-01
-6.411186944914950558e-01
1.234247970819001505e+00
3.305823108687489520e-01
-5.166276449069584498e-01
3.415955414805208479e-01
-5.901045012344560137e-01
-1.430419821048279250e+00
4.315278024776471599e-01
1.111704684113410169e+00
1.142507022612403583e-01
-1.632382856448309216e-01
-3.819917653602559748e-01
2.480800525049880467e-01
1.139878790778528828e+00
2.512334802630829533e-01
-3.406192602448585710e-02
5.561809098502286108e-01
-5.472994705621297973e-01
1.294915305391318994e-01
3.942889524130842038e-01
-1.024746499979649617e+00
7.772767432370707441e-01
8.944053291498373914e-01
-1.308032028906711108e+00
1.200145849192225445e+00
-8.432024847366427212e-01
-5.131634588752084225e-01
-6.359321234533382716e-02
-1.045354136900118025e+00
-2.894404813797238352e-01
6.867961645057044651e-01
-6.017082046224140335e-01
2.583183067808551003e-01
-4.231991329805045443e-01
-1.839098061678491047e-01
-2.194084273664015927e-01
-1.311759067609041263e-01
4.353706704776163505e-01
-1.950597505015875255e-01
-4.532404514537323736e-01
3.124456701429393357e-01
-9.340908087838571960e-01
-4.201879394755498875e-01
6.052478096731670476e-01
3.856452871145722994e-01
-3.826781746661004346e-01
-4.139843586801963959e-01
-1.068985795207972211e+00
-3.828303851432545146e-01
7.548706053111763348e-01
-3.047997810378022532e-01
3.609939462412130040e-01
-3.193048018666402310e-01
2.697342147187812511e+00
4.881243256977021994e-01
-5.780374290782979152e-01
6.574863132437571700e-01
-5.709338461918780361e-01
8.393394401278739814e-01
-5.192347272347344056e-01
2.045057939777652004e-02
-1.700930747048729375e+00
1.715266766792969411e-01
-1.515024292118361648e+00
-6.831451958431836724e-01
-1.934054894349453324e+00
-5.698317809762205588e-01
4.974669147921076950e-01
-2.195658041668702154e+00
7.607679708110612893e-01
-1.777809096729615179e+00
-1.234923812822640299e+00
1.403811395608446366e+00
-1.400448499265317004e+00
3.615554564674967608e-01
1.524289955846613309e-01
5.494831976880355517e-01
7.330832663926090120e-01
-1.366473070610911611e+00
9.087941087803507179e-01
-6.471310429971921518e-01
5.285987654292793048e-01
6.732038805399503945e-02
4.506372040402937262e-01
1.254978212752640987e+00
-9.124515941661720531e-01
-3.858312081353783007e-01
-1.063465899581989837e-01
-5.733008918603391679e-01
2.258197809121985422e+00
6.973942469065079752e-01
-5.158079334606462396e-01
-4.674876179818557853e-01
-1.607591957650540693e-01
-1.399902419521856345e+00
-5.618929511507030350e-01
-3.980450469210620734e-01
1.970245086179267302e+00
2.080437664580282675e+00
-4.596631089369587198e-01
8.576576718139711231e-01
-1.725885414335567303e-01
7.433258792791248570e-01
-8.622881433383088323e-01
-9.279302956611898967e-01
-4.729567581767792905e-01
-2.940985069191280887e-01
1.591048908997483857e-01
-3.638546984444422927e-01
2.305632973250155426e-01
7.765740708321916541e-01
-1.580570545370111546e+00
2.132473482296485257e-01
-3.626658357358984452e-01
4.712365133512196880e-01
-2.472601902070637736e-01
1.425253782484925624e+00
-9.509790511284874626e-01
4.865053123790849532e-01
1.444483825040359382e-01
2.671718693537481482e-01
-1.337051483517222028e+00
1.211995772072825828e-01
-1.103436121733798680e+00
2.842020049687949412e-01
2.621552599469756939e-01
1.567889204089883415e-01
-3.546425310565603506e-01
1.041786839453995306e+00
1.489483895200741870e+00
9.930171996215396701e-01
-1.079284688263693504e+00
6.501175801597544046e-01
-1.911910873159560209e-01
9.185484021776828545e-01
-9.910877082063546117e-01
4.868908683710100882e-01
1.564843512260356118e+00
4.503743987776306912e-01
2.056025689045439808e+00
-3.016112491139616089e-02
-8.677322995033899256e-01
-1.425274551899080588e-02
-4.547445084032993301e-01
-7.358739259401947397e-02
-5.008996577198457922e-01
-1.433118482565746810e+00
2.109713609969690595e-01
-1.672327896220403010e-01
-1.353194156516258906e-01
-1.637470474019773470e-01
-1.181257830198002290e-01
6.539424252676646898e-02
-2.651434593494307324e-01
8.805597994892673253e-01
7.689177971276715817e-02
3.237226282117475207e-01
1.226436778905217878e-01
-1.025321024735651454e+00
-1.305351411606776590e+00
1.302812274308695617e-01
2.489397836737404501e-01
-2.146555680634768759e+00
-1.571400113737743798e+00
-1.914350716635929928e+00
1.291724628337757919e+00
-1.878051448771922871e+00
-6.751251281882947319e-01
4.583426571568509078e-01
1.012073758625573437e-02
-3.698157941871703103e-01
-8.290181734788143464e-02
1.301426515539403639e-01
5.144410218675903312e-01
1.959670226709628427e+00
-7.230458840926776709e-01
2.771185630220681650e-01
-1.164204439784835426e-01
-1.316018941478905635e+00
8.003633707531736252e-02
-1.504806690332608221e-01
2.280570824896322346e+00
-9.797803504096327942e-02
-1.109627999750351091e+00
-1.230915613031838163e+00
1.435700139865612623e+00
-1.917262610653057420e-01
-4.362948109599720098e-02
-8.662524106460691709e-01
-5.485663667505265295e-02
-4.178585962787489949e-01
3.203103434769525304e-01
-1.810301794640545026e-01
-4.967748988696152890e-01
1.011363577436405814e+00
3.394476644078749938e-01
6.491957747402792300e-01
2.398817854176213960e+00
-4.767202382421922846e-01
2.053520480243000157e-01
8.155344609763914843e-01
7.606815505255354326e-02
-6.553412868443088124e-01
7.399887616762000908e-01
4.780227879032762917e-01
-1.008399251373201633e+00
1.393419399799303120e-02
-9.544685074068401942e-01
-2.032349320290352535e-01
-5.887055975443010736e-01
5.755813368352283854e-01
-3.477298887186293652e-01
7.994182837943130115e-01
-1.201794830231589728e+00
-1.722453862697437554e-01
6.218036851669616061e-01
6.297412685250295405e-01
-9.489374119361059304e-03
-2.634321503702341527e-01
-1.845536972515631480e-01
-1.064697302919413113e+00
-4.235468323288018033e-01
7.294566894260312573e-01
-3.214673797245902187e-01
-3.618334956584199485e-02
-3.607501549268926078e-01
2.060141665191694837e-01
1.978407401606296023e+00
4.704072011853985824e-01
1.235445959142696282e+00
-1.664153610900215741e+00
-7.736743163341452956e-01
-2.192257298185350756e+00
9.583666276696128916e-01
-9.213312577896932698e-01
9.618860044268208453e-02
-2.633517909643749544e+00
-3.007578235145462187e-01
1.059593013162631048e-01
-2.949964130249969063e-01
-5.436665030315432912e-01
7.467641722442741603e-01
-1.731937510519302004e+00
-4.402430317813099125e-01
-1.257245125192335333e+00
1.644032195160224363e+00
-7.578375000452237664e-01
-4.779141712920426111e-01
1.024607086961789315e-01
-1.765712455418710636e-01
1.998711105653264930e+00
-2.625877364611335363e-01
1.168264004343932960e+00
-3.079260057766694536e-01
2.822243915215673637e-01
9.458138858306951446e-01
-2.741342464275005053e+00
-5.319054277602088820e-01
-8.780746869902947283e-03
1.890501055139984121e+00
-2.142014844604571255e+00
7.293966214936425940e-01
1.935959533743120478e-02
1.097323463921629980e-02
-1.380189702186527922e+00
7.660640405172494116e-01
-2.196277650119237979e-01
1.538883557605626118e+00
-1.312916648785774187e+00
-1.839098061678491047e-01
-9.681409272540243416e-01
6.153926999765156891e-01
1.179738051171369095e+00
1.633048033912604335e+00
-1.037890688565149988e+00
2.060141665191694837e-01
-1.286678946446637273e+00
2.358872934392360232e+00
-5.166839872816241241e-01
-6.840913105107034875e-01
-4.201879394755498875e-01
9.021151307579748924e-01
5.333784850115381726e-01
-1.065759141467706561e+00
-4.178585962787489949e-01
4.025720839489453917e-01
-3.049383165230592496e-01
