8.839654967642684991e-02
-1.516612738566802010e+00
-4.705030003675667594e-01
-1.550071654066732529e+00
-7.014749798811403814e-01
5.112122088462050379e-02
7.711781091921121600e-02
-8.271954732542718958e-01
-9.844005771145705186e-01
-4.089401150558930609e-01
-1.858591453535242355e+00
1.570761011589273837e+00
6.501607627355723285e-01
3.485772082735832389e-01
-5.139005019153738418e-01
8.088260791190361454e-01
-6.695083881905677936e-01
4.035168771821779909e-01
-1.522971549387575063e+00
1.128872394583323863e-01
-7.863380493575523600e-01
1.897707081071203228e-01
4.496799084630940246e-01
1.574287650930057181e+00
6.316451095887353206e-01
4.115467264806580427e-01
1.679022024912844469e+00
1.011680584166764429e+00
-1.436527336737375427e-01
-1.698989567192299432e+00
1.462280354179852915e-01
1.026550310562815538e+00
-1.131102927227577437e+00
9.629386790868073309e-02
4.507125949241186369e-01
5.586966124987990945e-02
3.497713044165808305e-01
4.993851436345599915e-01
1.686457935872856417e+00
-8.013800868956506562e-01
-7.434087043268543527e-01
-4.569770686375722313e-02
-4.579622847970389599e-02
8.291518555342859698e-02
-6.032007033035192700e-01
-1.135061139255250096e+00
-4.733309562526277214e-01
-8.724640578456203110e-01
-1.221128405367227776e+00
9.320271871883739623e-01
-1.141034001773115314e+00
4.928928881121987238e-01
1.521085044223278615e+00
5.942379127830580421e-01
-3.382848470827796716e-01
1.759042212913427550e+00
8.586630618664776726e-01
3.000890064338501140e-01
8.941245331116737249e-01
-8.024270737985199631e-01
-8.801557987088181045e-01
-8.424206574353600985e-01
-3.469040827411217220e-01
4.853421523145391991e-01
-4.516972882319928440e-01
-1.063354629974204935e+00
1.680573502488800663e+00
-1.071201781391147856e+00
-2.912451174414011357e-01
1.621316146574932837e+00
6.452181888259267417e-01
1.832486166616558387e+00
9.081000268216469218e-01
-4.035775278756238704e-02
5.797036927139940371e-02
1.632215043566109108e-02
-5.338083029868283536e-01
1.576711922157921553e+00
4.741372259215406171e-01
8.861387601402611613e-01
5.345953301971348992e-01
-1.727005318715310045e-01
-1.218122952614300258e+00
1.190038411908174165e-01
-3.940322062390249486e-02
2.355780223760709724e+00
-1.029885007251934326e+00
3.604916455420582866e-02
-1.336631990558017069e-01
-2.627384504821573596e+00
-9.107536076651695511e-01
1.470033998345438686e+00
-6.273590776013316939e-01
-8.252680114403274647e-01
7.187268336271687152e-01
1.942174358911274767e+00
-5.203100183551493396e-01
1.218730437819037782e+00
2.856073054841841152e-01
2.529605808937410161e-01
-7.657822666684346302e-01
1.236064074938903579e+00
2.892730328322526412e-01
4.600750965553938032e-01
5.455321399559125845e-02
-8.856167099266097908e-01
-5.496282892154957800e-01
3.918692553345214380e-01
1.289200623300602588e+00
-1.483804095222440056e+00
-1.652873887104881812e+00
-2.129896490198361636e-01
-5.509392525247379657e-01
-1.127418941153068177e+00
-8.341610270327629584e-01
-3.951571494461906253e-01
-2.031442201449334128e-01
-8.396964362249000891e-01
1.358543274948914581e+00
1.073221078245276239e+00
-1.674172672123536154e+00
9.784393169878899954e-01
1.468905333583317152e-01
-9.310889589652674436e-01
-5.736688297196156361e-01
-2.374497373596952121e-01
-9.936280881443081414e-01
7.415317978006703559e-01
2.002267176914800384e+00
5.495195317303873672e-01
-9.979336090748341936e-01
-9.986641202045414278e-01
-1.300566671056353263e+00
5.483616853114305911e-01
2.660114002917589038e-01
-5.682355297741845668e-01
5.160384780860793885e-01
-1.923596071106007110e-01
1.350967206845381761e-02
1.085666188212951688e+00
1.269712371096013870e+00
1.413374066873606116e+00
-1.333981360016507134e+00
-5.306684041229929871e-01
-3.262824744608652794e-01
-6.406955796560804828e-01
-3.663272751144223682e-01
-5.031949361492623618e-01
4.411516264377543517e-01
-7.281502241277932885e-01
-6.136457175326753832e-01
1.094771571899258333e+00
9.846052382643792900e-01
9.628312161836417860e-02
-5.210735811557198893e-01
-9.922605993193349683e-01
-1.305324568987089817e+00
-1.679539792737372750e+00
-6.791517798684801877e-01
-8.952408292769558074e-01
7.024010560616110732e-01
-1.586627632703217605e+00
-1.406319575666066246e+00
1.186622840134225365e+00
-1.328705937908236656e+00
5.496115794526967857e-01
-2.739161653021496279e-01
1.097089457629482956e+00
-8.920600159276749208e-01
1.506103484016578120e+00
2.017365798354449069e+00
1.358336637798212898e+00
2.108770248757096510e+00
9.558427437102929858e-01
9.285236859272772980e-01
-1.582667954292340973e+00
-2.610102520508535417e-01
4.147427587051761844e-01
-3.874237763572635235e-03
-2.230914163980254328e-01
6.105352075495728004e-01
-1.652993765895933276e+00
-1.095758987145137864e+00
4.300744260226627702e-01
1.901525008374348014e+00
-5.810651699198178533e-03
-1.809116948379684509e+00
-2.424549194419037157e+00
6.849268921959366097e-01
1.297471329665048356e-01
3.823970330018869879e-01
2.050813924726671011e+00
1.178638331084455926e+00
-1.806195280573859252e+00
1.388489512859358010e-01
-4.261290558972767595e-02
1.099591669356889817e-02
6.344675783935723734e-01
2.124691585665304583e+00
7.409175789410193946e-02
1.425021032660150233e+00
-3.272724250414708047e-01
9.886762624511843400e-01
1.064746792395782959e+00
-9.875292187494255636e-01
1.842760577351465201e-01
-1.246546711623373466e-01
-8.714177302406990178e-01
-6.586400661130593637e-01
-2.620178880559867474e-01
7.987776539400550657e-01
3.503135947480902068e-01
-5.400431964855213485e-01
7.277088182209594525e-01
3.976467291810835691e-01
9.086227438448458704e-01
1.010267699223349025e+00
-1.459012321848534466e+00
8.897414979797283463e-01
3.695865336072639562e-01
-5.982992435667973119e-01
-1.935409003802582628e+00
3.154561022294752326e-02
9.418645655388269144e-01
-2.810423621095283209e-01
7.188363290015146179e-01
3.101417079175797925e-02
4.854092573550718992e-01
1.561300128787066255e+00
-9.345412296810481356e-01
9.418888851006255170e-01
-4.178931609837078787e-01
3.159090552543593611e-01
9.476741363038212462e-01
9.351660357098348086e-01
-3.470414773606497749e-01
-3.783151317721705209e-01
1.253198667400246658e+00
4.992597002107454496e-02
1.912119995591334554e-01
-1.578504388968571037e+00
3.450908136013586258e-01
-6.014599306853386507e-01
-2.947695420909984265e-01
9.039166360028656477e-01
2.115491845555499406e+00
1.220738911673175386e-01
7.593836043091443111e-01
1.616436714292891930e+00
-8.811092588579917395e-01
1.217952353815763500e+00
-1.057223027008684202e+00
-4.087419674448385942e-01
3.073745036398307651e-01
-1.291799495221935823e-01
1.559412379162566920e+00
1.897799162773521897e-01
9.406205185817910763e-01
-1.559354823758760000e+00
-4.367647086384783828e-01
1.305524908729206457e+00
3.838887705636047643e-01
5.010413530582463748e-01
1.025340575531273668e+00
-8.081099606153463802e-03
-9.508119699621842003e-01
1.051958538838549062e+00
1.257101316672406544e+00
7.893657248271677140e-01
4.961314562074640167e-01
4.823178951310430063e-01
2.336977367650275583e-01
-7.852085718670334114e-01
1.276834011164405813e-01
-2.316226185647471070e+00
-2.274458292256882896e-01
-1.987223670873601300e-01
5.426591175644361886e-01
-3.068203679690260643e-01
8.646331114983217825e-01
1.411889125921047317e+00
-2.240576680995081116e-01
-8.202074077018445264e-01
2.307454688786537034e+00
1.718808927610457893e+00
-1.601336094405324817e-01
9.129299773949133279e-01
-1.000177433924038128e+00
7.843379625423161361e-01
-6.710868443790135585e-01
4.943367860192217633e-01
-2.150331788743300887e+00
8.468636172351249325e-01
-1.079823674386984900e+00
1.392317222892252904e+00
-1.565181293458560052e+00
-4.606174139505434528e-01
4.758757738491459222e-01
5.566905203151540915e-01
-3.493540368743947577e-01
-1.063354629974204935e+00
1.255826971931621738e+00
-8.121855985724305005e-02
2.798999813246344504e-01
-1.332503782528382752e+00
4.388203882496991559e-01
9.406205185817910763e-01
-7.387326670617712088e-01
-9.447595769421623935e-01
-1.525713499555873542e-01
1.738859964602148811e-01
-4.035775278756238704e-02
9.975384880198947535e-01
-9.143941545509338686e-01
8.797392311049262448e-01
-1.935409003802582628e+00
-6.950334617753719524e-01
5.179761353762803999e-01
