1.825564301909799944e-02
1.572070500774050070e-02
3.864804786287400103e-03
3.833884902360599947e-03
3.204560189443800017e-03
1.638111217814420054e-02
1.690943619924119984e-02
1.979175895585489828e-02
1.695368154163659838e-02
1.658883136725679969e-02
1.692142791121859988e-02
3.267867701611800162e-03
1.819673186068620011e-02
1.847871213667640067e-02
2.051527126376280138e-02
1.594975691184509839e-02
1.728225694860080139e-02
1.733418163665690140e-02
1.881076332334859907e-02
1.662364948853079991e-02
2.030216608383859922e-02
2.111838457949409900e-02
1.644059783462339941e-02
3.177804155435799867e-03
1.753388392284959893e-02
1.715008474393379945e-02
2.054624996813830123e-02
1.608344532967129897e-02
1.764094598857909868e-02
3.392508848928599968e-03
1.725617046253110146e-02
1.676835679435680071e-02
1.881480273386090113e-02
1.745041853138989962e-02
1.661249034701510127e-02
1.694373984614709963e-02
1.692216793323509869e-02
3.436220973892600058e-03
3.452218591165200079e-03
1.900241540570590110e-02
3.464827766638900117e-03
1.957043480896199922e-02
1.610339876263310044e-02
3.538421787216799921e-03
1.784603618997189847e-02
1.807262010486360149e-02
2.036843814369000000e-02
1.671636124850070168e-02
1.661444196930679865e-02
1.618381007203480160e-02
1.710285352805330020e-02
1.738910584933439987e-02
1.864297765939140067e-02
1.976594514218819876e-02
3.831031591512100085e-03
1.807773393816640081e-02
3.574146490904599790e-03
1.779042520229389898e-02
3.368225619860899887e-03
1.587592333040909950e-02
1.606693605716559906e-02
1.874689258244020135e-02
1.880515209029250123e-02
1.782828386250250030e-02
1.809817682574639888e-02
1.721197515665010003e-02
3.481078641214900050e-03
1.682334119555370031e-02
1.762238049768929948e-02
1.764119059040410165e-02
1.793200181024329903e-02
1.754369784844260136e-02
1.999562895548239946e-02
3.427144112530799806e-03
1.917515722774279854e-02
3.384233667481700066e-03
1.804586197307750037e-02
3.680131400282199861e-03
1.594002928040829867e-02
1.976401387192560158e-02
1.954249490965790162e-02
1.844675989796380061e-02
1.861047649820880140e-02
1.719737623431169884e-02
3.477585756454000185e-03
1.696044435828489988e-02
1.750014765620879972e-02
3.489985631281299940e-03
1.824991866507180011e-02
3.489189722945300158e-03
1.701303976807390025e-02
1.712669464105130018e-02
1.682711520749409842e-02
3.842042615581500210e-03
1.903362358310820013e-02
1.899148706197779923e-02
1.450994253955520050e-02
1.901519201859009842e-02
1.824103951702340035e-02
1.870904723917669876e-02
1.621572163963300173e-02
1.731549544251689832e-02
3.574146490904599790e-03
1.708817686337819886e-02
1.728443135310420153e-02
1.861601937466720105e-02
3.782175130873600185e-03
1.491004717616000071e-02
3.490914044219899787e-03
1.810060471159299911e-02
1.762030194293109919e-02
3.462077897040199970e-03
1.790804974882330078e-02
1.722646902924750145e-02
3.497126950688600033e-03
1.900694682911370156e-02
1.786486029438530063e-02
1.703495265800350142e-02
1.589651158171699954e-02
1.811581097667850151e-02
1.962552587849330024e-02
1.929031721433999841e-02
1.812548419713879908e-02
1.724108262207989933e-02
1.861613177048400056e-02
1.785111819893020133e-02
3.344420856803399789e-03
1.741903279748449954e-02
1.718527506760480009e-02
1.829386255142029932e-02
1.633652088118330015e-02
2.019594580099999884e-02
1.882554083817319923e-02
1.740903588618759879e-02
1.880787667134540056e-02
1.647834792055890077e-02
1.856862379185680173e-02
1.786486453857880075e-02
1.796800347822730126e-02
1.523635758206090020e-02
1.794204869594179935e-02
1.702103332330839880e-02
1.762976939096410137e-02
3.557204208522000023e-03
1.806339686129590158e-02
3.697542182081800001e-03
1.784819817757109933e-02
1.821229857833429888e-02
1.925510174201100141e-02
1.908849797484230004e-02
3.543499948596900116e-03
3.597682513022199859e-03
1.748368484662159855e-02
3.811376906177700152e-03
1.949316083066220118e-02
3.302304535086200005e-03
1.613877795574879953e-02
1.649435112701170061e-02
1.583222598882369839e-02
1.586335492190949978e-02
1.734152929400739965e-02
1.594732554105540018e-02
1.669395241424270065e-02
3.532691700546400099e-03
2.050731537500479970e-02
1.833383687598839906e-02
1.817101700120760110e-02
1.654378275500829887e-02
3.560975752916599804e-03
3.609478851494000041e-03
3.698951738221400044e-03
1.679940584408860099e-02
1.792524054977229914e-02
4.242289546764700138e-03
3.594909290173899964e-03
1.601231152608389996e-02
1.790109499664779835e-02
1.624487487817469905e-02
1.589321699437429986e-02
1.488783579094330074e-02
1.825560930989819988e-02
1.754502125912280053e-02
1.830450935377520016e-02
1.849833518518170100e-02
1.927394869117430090e-02
1.799635241399310040e-02
1.631605590859220092e-02
1.658367387707690085e-02
1.818339895597400127e-02
1.676548176076579980e-02
1.817008012396269939e-02
1.636468124645079972e-02
3.391225392916800106e-03
3.404508817711599921e-03
1.852360693095679925e-02
1.756589535602580063e-02
1.697802999277499975e-02
1.852458835746240151e-02
1.725793106329849905e-02
1.732992520301079864e-02
1.770498027917990005e-02
1.840568270616869950e-02
1.704052976458749966e-02
1.649124992350139984e-02
1.700144683866760056e-02
3.400373093642699868e-03
1.939538510767490134e-02
1.772000756211549941e-02
1.732568671664840021e-02
1.686448242625659955e-02
1.964458022453840005e-02
1.833057906514819896e-02
1.586715170265839969e-02
1.851588602886140161e-02
3.446377691501999792e-03
1.571420489133739870e-02
3.680986398423099874e-03
3.543233864442800127e-03
3.027431921006899784e-03
1.751659776113989944e-02
1.656112838543519900e-02
1.876221634017680162e-02
1.818472244459790055e-02
1.856849021421810159e-02
1.901733940441679982e-02
1.828519432551019980e-02
1.811465008033329854e-02
3.395001907419000105e-03
1.642714014779380130e-02
3.669811068114499971e-03
1.640488481709770005e-02
1.798496745589740070e-02
1.717919655371509882e-02
3.879298077862899929e-03
1.729001331486949844e-02
1.751029420190779867e-02
1.950526607327519868e-02
1.859061787156749898e-02
3.637864790219099993e-03
1.849141859693989934e-02
3.418970074047400064e-03
1.872153535927850027e-02
1.663566522455019875e-02
3.479119038985600040e-03
1.625279430825679952e-02
1.850944927202100021e-02
1.901180862378989977e-02
1.728602443573550029e-02
1.717368577798340096e-02
1.812801212061230030e-02
1.705654952954520007e-02
1.630117780189650062e-02
4.045105221982500318e-03
2.206647694173409849e-02
1.870058421407790050e-02
1.853443524785049895e-02
1.780593460699600103e-02
1.704663490646600096e-02
1.755335578507110153e-02
1.662977829145050046e-02
3.302304535086200005e-03
1.816519138653049925e-02
1.749895798837609873e-02
3.404508817711599921e-03
1.670620684113929832e-02
3.607798161466300134e-03
1.792845492654440015e-02
3.440299374383699784e-03
1.712242769342180171e-02
1.863172640028419938e-02
3.331470785027800148e-03
3.778277126851200141e-03
1.525525646176499953e-02
1.795337832243770054e-02
1.961728780912750172e-02
1.789612554047800147e-02
1.621671397865430062e-02
3.427144112530799806e-03
1.791469982340099937e-02
3.453774717635299876e-03
1.802587773847710156e-02
3.528451476792200062e-03
1.684329219105340156e-02
3.527326116480199950e-03
3.465719050863999996e-03
1.719642692798439843e-02
1.358208970886080023e-02
3.495023547374200099e-03
1.684037758443649932e-02
1.679446709122000073e-02
1.946252804168410039e-02
3.681386240138700191e-03
3.386008856703100200e-03
1.869317970826420150e-02
1.885752516153259978e-02
2.109728233847769918e-02
1.657925202938340115e-02
3.758118750806099979e-03
1.729193827506030068e-02
1.729844754799310033e-02
1.777984261002740068e-02
1.785774521623920141e-02
1.794073970477499946e-02
1.869573767235119949e-02
1.794150331978059884e-02
1.588031487323840127e-02
1.851156711436939897e-02
3.544424194591100190e-03
3.540896762546299949e-03
1.808347890223490143e-02
1.726220144434539860e-02
1.913073653799339871e-02
1.841000265217589832e-02
3.556433437123599807e-03
2.064450452834979896e-02
1.539866162700130083e-02
1.731299823990080020e-02
1.679445260851670021e-02
1.914656078166630110e-02
1.641997869614110137e-02
3.939966391004899940e-03
1.662795309790869938e-02
1.586502039774000117e-02
1.859098666969780100e-02
3.226231733144300021e-03
1.589511356656949856e-02
3.866930271586800118e-03
1.721358004177530113e-02
1.484207135734359924e-02
1.741473838655439865e-02
3.477585756454000185e-03
1.610185482149149860e-02
1.688062189840899840e-02
3.646775731199800030e-03
1.796858909336429902e-02
1.817157026707140119e-02
3.616661757236200141e-03
1.656997365037260125e-02
1.740253542308210083e-02
1.553462041719320084e-02
1.659725487879280120e-02
1.709682160548950045e-02
1.928461474752789923e-02
1.759520492666849859e-02
1.783734663842979906e-02
1.731771957398950054e-02
3.645533738888299784e-03
1.686359051811460105e-02
3.378155012440900180e-03
1.558176893738279917e-02
1.641378480034910020e-02
1.726607112887729861e-02
2.107349600112910087e-02
1.797552923009549872e-02
1.832891146049290057e-02
1.903731058670700069e-02
1.660108322338179829e-02
3.431755822462999924e-03
1.617079143717979964e-02
1.902095374269949929e-02
1.549971921783730062e-02
1.702464729538509872e-02
2.165997510950840033e-02
1.899673333690860000e-02
1.742195746215120106e-02
1.526015093489379963e-02
1.914393667836510049e-02
1.720853177639599871e-02
1.786964169453299917e-02
1.889381946427690084e-02
3.578156389121800191e-03
1.809072726783210114e-02
1.815279289895349937e-02
1.794361135618609965e-02
1.798712742518979862e-02
1.760235785735930064e-02
1.818618205738590024e-02
3.810545388523000048e-03
1.854867258878009975e-02
1.647612541445949916e-02
1.702360451234349870e-02
1.934096054742229925e-02
3.225073001818499954e-03
2.099474639432260051e-02
1.730087518652599979e-02
3.344420856803399789e-03
1.937087256131190052e-02
3.857918023146600199e-03
1.584761367781009969e-02
1.700482173105320044e-02
1.678017550119159998e-02
1.704535741244090144e-02
3.698951738221400044e-03
1.821635976370960044e-02
1.647014506648269982e-02
2.073587054260329909e-02
1.882894365192079936e-02
3.591772748839100124e-03
1.890280435587619878e-02
1.542227400645290042e-02
1.970991866581639843e-02
1.827284060101610000e-02
1.833228220311190065e-02
1.741123410213379907e-02
1.766286454446380078e-02
1.894891860595900035e-02
1.908330257799940172e-02
3.486357633047599842e-03
1.729203351446510079e-02
1.859619514914390148e-02
1.780630189096910065e-02
1.676748062535310044e-02
3.358380568134099881e-03
1.581125080788349860e-02
1.750717610008490147e-02
3.814162666967900028e-03
1.825029172354479881e-02
1.902215013236630003e-02
1.754267634446289928e-02
1.587387462435959837e-02
1.766385974305249851e-02
2.029753846340499879e-02
3.808150917057300053e-03
1.746953823571209888e-02
1.782161819277270146e-02
3.680131400282199861e-03
2.146323112109079986e-02
3.792999251348599943e-03
1.822578954651789956e-02
1.789343591394459976e-02
1.841273876365169884e-02
1.867258800804190086e-02
3.426349722287700111e-03
1.834982532885949882e-02
1.930399652182299836e-02
3.551630563769400152e-03
3.263961137035799927e-03
1.726688717831219994e-02
1.764552283968030127e-02
3.415532966317500179e-03
1.993756696741719875e-02
1.922256630753069878e-02
1.715232981106060151e-02
3.859692665688300127e-03
2.009086145020999928e-02
1.623007788754399910e-02
1.836653910179009835e-02
1.798152246785320041e-02
1.651090574763660127e-02
1.836840830933169841e-02
1.612916649767609859e-02
1.766785839726070159e-02
1.662107633590469841e-02
1.893780834725130105e-02
1.659021985484410155e-02
1.784430646335900122e-02
1.646048943409710030e-02
1.873536790463459917e-02
3.923875099608099826e-03
2.138277870128589900e-02
1.758712967521229922e-02
1.891799264430510039e-02
1.828877563556079860e-02
3.833884902360599947e-03
1.830770194380899885e-02
1.884059966525499993e-02
3.264529480039699786e-03
1.808083891882400138e-02
1.969655666249330028e-02
3.724271371000299844e-03
1.725192793385720014e-02
1.673139840402999845e-02
1.822550065496079952e-02
3.081280181863499997e-03
1.672863907761990010e-02
1.627681582293840148e-02
1.742302631413419900e-02
1.896351564244620064e-02
1.928790796669129989e-02
3.781931273557899952e-03
1.371731157863149975e-02
1.639383774051090051e-02
1.780971089001679927e-02
3.747246219622199850e-03
1.776590017753550133e-02
1.882209898503709941e-02
1.693156058236619868e-02
3.230414637137100052e-03
1.604722507976579990e-02
3.709379279101200112e-03
3.567082017418100014e-03
1.825568044157640027e-02
1.670748344165659885e-02
3.836351779149799798e-03
3.465719050863999996e-03
1.840725802785159876e-02
3.430019362197799827e-03
1.847803583650770021e-02
1.595469715649619827e-02
1.589578956988050087e-02
1.767302397420850157e-02
1.799665859260080047e-02
1.582708135128000140e-02
1.664404807424429977e-02
1.631787891757669959e-02
1.855791929267179910e-02
3.610597510194599787e-03
1.628851627183959885e-02
1.835367198497810104e-02
3.374958413114500025e-03
1.829841633654440136e-02
1.666461668347889863e-02
1.864809212198019830e-02
1.632731520346639847e-02
1.828780589417750013e-02
1.751264478116600076e-02
1.966950801180309891e-02
1.799642745310610012e-02
1.629287546876539983e-02
1.861249819105580128e-02
2.015367000139819953e-02
3.682943553411300013e-03
1.794027859309029957e-02
3.460335238429099961e-03
1.635199375573569841e-02
1.594085583348809829e-02
1.630116977588169994e-02
1.862135804768209890e-02
1.593615982359899985e-02
2.111580306297599838e-02
1.951196526208889837e-02
1.763895765166189830e-02
1.605935513391279837e-02
2.042336168291099957e-02
1.636583718369929996e-02
1.732704071223839862e-02
3.810545388523000048e-03
3.497079278744900151e-03
3.677835234212599794e-03
1.877688890760330007e-02
3.633184022466700181e-03
1.790005390930839851e-02
1.687243246978880132e-02
1.833333399931559929e-02
3.857918023146600199e-03
1.848365528161610011e-02
3.663517941792599885e-03
1.747741834872499830e-02
1.924322361420539862e-02
1.710430849255559910e-02
3.578670933743300069e-03
1.771379836471759922e-02
1.909806105033939883e-02
1.550847850474769939e-02
1.639127132560570105e-02
1.608103812065310098e-02
1.767249970357459912e-02
1.539059045976320060e-02
1.912806089486089947e-02
1.534901984486449975e-02
1.725473219269560085e-02
1.815163666039759996e-02
1.839662337937770023e-02
1.859113755954289876e-02
1.573200224139960010e-02
1.960783376524890056e-02
1.881368115875409891e-02
1.641181580313659863e-02
1.611687398296279827e-02
1.661616550187059935e-02
1.920942240384939867e-02
1.833091837146250125e-02
1.693721149375750079e-02
1.776057299742520024e-02
3.979765607110499585e-03
3.493426542962800151e-03
1.596756076342159894e-02
1.778425786275170117e-02
1.688720274513899958e-02
1.730283250467270009e-02
1.824555009287949850e-02
1.887018191649780102e-02
1.776332970050229984e-02
1.876734250227099846e-02
1.685955537554929828e-02
1.878725581823920132e-02
1.781027775986950001e-02
1.821206812660279908e-02
1.687575267980799890e-02
1.697480817181139939e-02
1.604258121190060143e-02
1.761769086766749870e-02
1.807009300300699978e-02
1.888115514089730093e-02
2.065930057989059931e-02
1.643503963284790106e-02
1.954605197942309996e-02
1.685309637597559931e-02
3.502618512845299958e-03
1.676842233863050022e-02
3.205719807083899815e-03
3.280508968795200000e-03
3.509105061420300046e-03
3.353422368611700191e-03
1.763775852924499843e-02
1.822640508832419973e-02
1.816120076874859837e-02
1.752146392448079848e-02
1.821370305680549903e-02
3.696069050683200002e-03
1.845583345189090105e-02
1.967412083001529935e-02
1.905075450736850098e-02
1.610080050883079886e-02
1.768386671777009977e-02
1.674663373882689932e-02
1.969010442349680007e-02
1.960518989480580093e-02
1.831185930194769926e-02
1.886609904308119909e-02
1.754532095141279890e-02
1.583895279322980118e-02
1.646459001911899922e-02
1.841249603463330012e-02
1.578412284978510105e-02
3.497126950688600033e-03
1.705097257459270085e-02
1.834835260679869989e-02
1.758088375560550032e-02
1.852793231579080019e-02
1.576387712545729985e-02
3.697542182081800001e-03
3.585628701033699833e-03
1.977057301519960161e-02
1.645576436073289961e-02
1.662619969860189978e-02
1.743624432623550047e-02
1.704323284995019894e-02
1.762595676329059904e-02
1.544942118838190000e-02
3.453614671944900145e-03
1.637961541405049889e-02
1.649080817193290111e-02
1.981825869123019987e-02
3.685929498035500108e-03
1.887950106097269903e-02
3.605117727568999970e-03
1.799840151330170043e-02
1.707903085931949949e-02
1.714884418095309962e-02
1.757715990101589923e-02
1.625365355537539830e-02
1.793161359713010133e-02
1.859970598922449855e-02
1.619141617409940170e-02
3.487982338807699926e-03
1.969793327651229997e-02
1.953794856258130042e-02
1.706531516370140070e-02
1.594222737177800053e-02
4.242289546764700138e-03
1.661842219773379883e-02
1.602166819326040006e-02
1.679649334321309945e-02
1.975023137412360019e-02
1.642575090167050153e-02
3.435066930566700160e-03
3.736975584302199959e-03
1.874552647717029827e-02
1.770440670572930031e-02
3.668540047677199944e-03
3.658595576918099827e-03
1.855137951944150002e-02
1.836226954983799856e-02
3.631846536863500043e-03
1.942332014087960051e-02
1.683728238161109891e-02
1.706688392772650123e-02
1.675566061357150124e-02
1.643445727723930050e-02
3.463070246089100003e-03
1.669708958066299861e-02
1.816015540979900103e-02
1.739025559280219999e-02
1.848166662803000029e-02
1.898928443877380065e-02
1.779552460281120033e-02
1.830605635897970124e-02
1.693458029537549953e-02
1.800632786627410012e-02
1.654911155713630067e-02
1.882266306978469875e-02
1.761415338525459950e-02
1.926067591585610070e-02
2.082364299263509896e-02
1.734486387859519863e-02
1.777541686660469994e-02
1.857192921539030026e-02
1.601852870334709994e-02
3.487982338807699926e-03
1.695196129861190060e-02
1.848335404269359911e-02
3.453614671944900145e-03
1.920265657214759863e-02
1.756029510763049833e-02
1.708491983822369928e-02
1.836449243766790154e-02
1.635202418657430087e-02
1.962178014137829982e-02
3.415532966317500179e-03
1.774602312689600031e-02
3.747246219622199850e-03
1.660484302066380161e-02
1.775336954928419947e-02
1.742715740510350150e-02
2.014382877047209836e-02
1.642624860701219838e-02
1.744402176911239929e-02
1.442390015945720083e-02
1.813976972264379900e-02
1.602126974588680142e-02
1.636343886283010002e-02
3.464388691582300211e-03
1.762603517312519991e-02
1.788793835871030011e-02
3.560975752916599804e-03
3.715261534445700019e-03
1.706578015932129835e-02
3.576217437192300182e-03
1.533320286611359988e-02
3.569528598052899935e-03
3.493807510298699813e-03
3.524968596903399823e-03
1.831315457951910100e-02
3.526412906859100003e-03
3.890037583992899881e-03
1.908203648770959854e-02
1.719587435504230100e-02
1.897027156710140092e-02
1.686935671766729913e-02
1.612875715005400099e-02
3.225600037683699819e-03
1.645307243906399958e-02
1.739401712821779869e-02
1.627073648573459930e-02
1.784587464711840168e-02
3.486871098077699935e-03
1.724521047388380066e-02
1.646670695223529865e-02
3.879298077862899929e-03
2.089483101159909928e-02
3.833265101598799882e-03
1.927953903304930119e-02
3.399056038147699969e-03
1.863224580811539965e-02
3.772537422545299817e-03
1.865928456413500081e-02
1.647519148316019949e-02
1.649137054422630116e-02
3.532691700546400099e-03
1.744214493462059937e-02
3.598608398600699858e-03
3.587788781759400011e-03
1.670029593750979938e-02
1.728090073292079878e-02
3.270392558181900011e-03
1.878881559248860023e-02
1.750727407909409908e-02
3.315448039903899982e-03
3.630953310674500147e-03
1.861274200495479855e-02
3.478241842253800096e-03
3.577546670079700085e-03
1.634876930461219915e-02
1.635093398407699850e-02
1.596703906629319894e-02
1.850775924479070023e-02
1.914848298290109871e-02
1.604197529170970152e-02
1.712588953518289978e-02
1.591883712745960008e-02
1.728526521140729896e-02
1.798842776403829918e-02
1.773621023768439872e-02
3.702830317561899790e-03
1.868252661612020138e-02
1.677110296587869948e-02
1.735656688694610025e-02
1.720706363592990062e-02
3.285786702261699922e-03
1.829929926787119895e-02
1.800885892098779903e-02
1.753465346045380083e-02
3.733835983443999865e-03
1.941635965931240090e-02
1.784829304136010056e-02
1.664732820194169891e-02
1.583243681561430014e-02
1.643993083753890125e-02
1.818644883164350148e-02
1.729895756382249933e-02
1.752603271386379835e-02
1.692341926387419884e-02
1.672611046392009915e-02
3.112202951401499794e-03
3.403361474220299894e-03
3.781931273557899952e-03
1.781989881905250012e-02
1.741046716700800009e-02
1.674553186876040142e-02
1.703948585657339906e-02
1.805813433253170008e-02
1.734165994205920033e-02
1.816350917063829992e-02
3.376986520111399919e-03
1.896724538066910104e-02
2.132584224864820036e-02
1.803012552937700158e-02
1.632989859154109977e-02
1.765660869945270134e-02
3.576217437192300182e-03
1.575858114306799909e-02
3.866930271586800118e-03
1.937584989698429988e-02
3.633184022466700181e-03
1.621640512587720073e-02
1.702158025871990110e-02
3.464388691582300211e-03
1.715157288532179886e-02
3.709379279101200112e-03
1.726804057212949842e-02
1.735388198994970016e-02
1.907201758494269858e-02
1.682316274344779899e-02
1.779624668304369967e-02
1.774062144161099933e-02
3.530398131357800201e-03
1.710148670825760095e-02
1.695295692893589862e-02
1.796889633938459838e-02
1.514059262809470084e-02
3.997769206025499587e-03
1.897200891866560046e-02
3.731990784852800072e-03
1.661832681302249926e-02
1.816311686703039885e-02
1.627876802103080112e-02
1.858869880559419971e-02
1.766527162031180168e-02
1.784620530312639938e-02
1.573480849034379972e-02
3.277408470004500047e-03
3.267867701611800162e-03
1.916597679784319899e-02
1.726258706318129985e-02
1.970820309176109925e-02
3.603401177267099870e-03
3.658595576918099827e-03
1.990001935486020168e-02
3.112202951401499794e-03
1.811945846854499942e-02
1.672172068270399992e-02
1.948540666458490125e-02
2.022163097360910045e-02
1.629926481801319965e-02
2.064128938571140048e-02
1.529481638018940007e-02
3.750971459292499945e-03
1.654927255447739831e-02
1.812204341038409910e-02
3.302597244309899999e-03
1.959008010015540063e-02
1.800849031227309827e-02
1.646883580210600079e-02
1.775019530714639845e-02
3.479119038985600040e-03
1.813015037508420094e-02
1.900044406806740069e-02
3.275547826652099818e-03
1.870282296475930112e-02
1.826883526962709905e-02
1.756717484368160165e-02
3.517997897869299881e-03
1.837164078601289871e-02
1.750173181425039928e-02
3.481078641214900050e-03
1.724418352297070120e-02
2.007809207796940054e-02
3.540896762546299949e-03
1.689003009524020146e-02
3.031509802389799942e-03
1.681116754680860026e-02
2.013471789829340136e-02
1.639573180821279896e-02
1.814189062815270079e-02
1.640972509588229863e-02
1.706604612032110169e-02
1.708683943085730073e-02
1.839476057788120081e-02
3.478241842253800096e-03
1.726994095003420160e-02
1.827257413117660059e-02
2.121465816202720150e-02
1.767716071998690075e-02
3.493426542962800151e-03
1.783438241136630145e-02
1.783117885044289974e-02
1.889381946427690084e-02
3.441951118546999859e-03
1.525315098840870041e-02
1.782950438110280159e-02
1.795702261072019967e-02
1.927891470384529918e-02
1.657933370976839849e-02
1.714426107466830024e-02
1.881551643806030072e-02
1.847002851798840162e-02
1.899337426134129966e-02
1.683712482212679912e-02
3.489278047277099941e-03
3.519593696026800111e-03
1.876764802709579918e-02
1.921704063123740036e-02
1.535906243253330056e-02
1.796132352696239859e-02
3.321001647542799837e-03
3.476295647861600210e-03
1.808885044389460170e-02
3.760311370908700143e-03
3.892105952846400176e-03
1.797544497945549949e-02
1.771535574380209838e-02
1.697423584974500077e-02
1.745260711188369868e-02
1.865125423097700047e-02
3.833792020421800031e-03
3.391709228066999877e-03
3.331470785027800148e-03
1.870625829411049976e-02
1.592036743380840016e-02
3.198089704179099893e-03
1.918060314490020041e-02
1.734952330912540100e-02
3.666997961773299855e-03
2.021872282503699852e-02
1.794982485853949955e-02
1.580663462700740082e-02
1.932711867577899950e-02
4.045105221982500318e-03
1.773621177510169983e-02
1.701956605791509966e-02
3.621979779554999977e-03
1.791629464237300129e-02
1.779380859013699953e-02
3.486357633047599842e-03
1.891530476976010025e-02
1.638185032410130124e-02
3.833265101598799882e-03
1.979689376309470145e-02
3.763035276205800063e-03
3.573862288852200104e-03
3.493807510298699813e-03
1.790356541012460070e-02
1.689916655769650028e-02
1.677512855317410054e-02
1.680227941885679976e-02
1.735832269435429870e-02
1.852379502680519957e-02
1.830071124862630086e-02
1.851909265217710140e-02
1.641851817102700159e-02
1.955722773419400068e-02
1.890569990791299976e-02
1.590411098963150083e-02
3.238258107192000003e-03
1.814774080920419919e-02
1.699653985808939963e-02
1.925186588166110171e-02
1.896783363314540061e-02
1.811714348565909849e-02
3.470892926915099957e-03
1.569037286485129926e-02
1.866312978700450029e-02
1.703104096513790092e-02
1.878836513522580062e-02
1.904077874112850011e-02
1.822767397066109990e-02
1.728783327179669871e-02
1.749718210405819957e-02
1.716043338268710000e-02
1.638436912079930044e-02
3.585628701033699833e-03
1.964895215405519993e-02
1.738171417793329954e-02
1.529028931843869933e-02
1.722602262475909918e-02
3.448325928253800129e-03
1.628606821293230103e-02
1.753245439410030040e-02
1.862150013456660008e-02
1.911354468416150143e-02
3.704483080376299968e-03
1.432920643587760022e-02
3.693135817527299931e-03
1.875692172547490169e-02
1.917616595219329839e-02
1.654005296347560092e-02
1.625018760001650103e-02
3.421088362562100214e-03
1.723452188786369840e-02
1.559332934607430068e-02
1.699837468256529954e-02
1.815597000072769959e-02
1.860240011941029920e-02
1.871197639246899996e-02
1.896796744245980021e-02
1.727651654381789914e-02
1.888086456228079899e-02
1.629677278680129876e-02
1.675909792561530026e-02
1.725602664627829894e-02
1.778185371528250014e-02
3.569156088222300103e-03
3.570480647882200154e-03
2.059418259397129830e-02
1.927391226693410051e-02
3.440299374383699784e-03
3.595467298936699807e-03
1.588090898089949965e-02
3.446377691501999792e-03
3.270392558181900011e-03
1.717861153956029910e-02
1.867874830602739983e-02
2.005825367280060154e-02
3.374958413114500025e-03
1.647680275007069872e-02
1.875684674663029988e-02
1.687916017420159828e-02
1.809840739606239854e-02
1.892915864828439987e-02
2.218665676449900134e-02
1.873231176874190149e-02
1.697735614149269850e-02
1.816668714139429985e-02
3.262888228526899907e-03
1.741532557333599907e-02
1.895627637730859863e-02
1.832449467328969850e-02
3.353422368611700191e-03
3.432105064706000071e-03
1.796628914597839938e-02
3.266388672632200216e-03
1.781070118386119880e-02
3.365200571255199877e-03
1.669143563504960071e-02
1.605595820847249833e-02
3.718399225223299916e-03
1.722274453145439949e-02
3.656738810186199902e-03
1.624695394101620047e-02
1.632034859537440097e-02
3.201324462585600217e-03
1.829579483745959884e-02
1.862293488107370082e-02
1.800161252356019884e-02
1.916479538322289969e-02
1.793857350420269975e-02
1.819086704134549939e-02
1.718694086195950155e-02
1.619047504309739996e-02
1.627014767263930059e-02
1.649286343312090022e-02
1.877675877389929984e-02
1.734043120307390135e-02
1.728721441083149943e-02
1.833328056065689979e-02
1.584099313828509978e-02
1.710036659483839955e-02
1.623421619367059962e-02
1.952816172805910133e-02
1.723910655944260045e-02
1.646653433712740033e-02
1.925620960651569860e-02
1.660706990812770012e-02
1.786423518668450033e-02
1.692841782334160092e-02
3.605117727568999970e-03
1.711196769626080125e-02
1.907308623264740086e-02
3.271655049048200013e-03
3.671596974884899865e-03
1.797015013708390049e-02
1.723441304177230141e-02
1.946562872655020066e-02
1.842840408697679969e-02
1.708854067961640064e-02
1.666013115665929828e-02
1.964635520885779987e-02
1.637444144832689991e-02
3.277408470004500047e-03
1.733640791052299887e-02
4.569888628243899860e-03
3.509558098894399909e-03
1.762804917144589895e-02
1.624922638959670068e-02
1.802355703787869926e-02
1.861034524985370059e-02
3.756300140988700059e-03
1.686245061922430136e-02
1.736838302383160101e-02
3.489189722945300158e-03
1.938267301704529877e-02
1.821600830874479937e-02
1.665120573746309979e-02
1.926641088336489976e-02
1.833923494372680096e-02
3.350690970917300036e-03
1.863027047833629851e-02
3.906353469174700388e-03
1.590875831702339913e-02
1.773343522215399884e-02
1.600174137224519982e-02
1.766434882937669912e-02
1.443902022026240066e-02
3.429764682900300187e-03
1.643798150479129985e-02
1.756722425679480004e-02
3.367110101256700055e-03
1.792071319524339915e-02
1.585594261268770053e-02
1.992212474209719905e-02
1.893274008300250069e-02
1.885285691359930155e-02
1.822927351851119995e-02
2.020804943899799991e-02
3.697781802174700174e-03
2.049744362968530104e-02
3.594481593121699823e-03
1.817857265516609894e-02
1.578171458513890138e-02
3.233255207724900198e-03
3.315448039903899982e-03
1.819806580403289867e-02
1.837744282617179842e-02
1.928622341869999993e-02
1.650288372932659856e-02
1.878025426214889951e-02
1.729233344969120095e-02
1.516342199518549982e-02
1.792093897347630041e-02
1.818896164625629849e-02
1.521981004180360079e-02
2.051266331759310155e-02
1.777415529269989886e-02
3.637864790219099993e-03
2.059458659305569983e-02
1.621709578797470019e-02
1.905697811373700118e-02
1.819753071237269898e-02
1.729681490737200109e-02
3.801001040500300195e-03
1.621425222783389949e-02
1.629248124447170085e-02
3.624653624672299814e-03
1.815101328529879904e-02
1.806738434576269856e-02
1.676959972087299980e-02
1.765707569188739931e-02
1.747134290995050118e-02
3.276069438319300069e-03
1.723162750177429856e-02
1.908652033886929986e-02
1.488849644556759950e-02
1.892830553394770146e-02
2.091988048745660120e-02
1.835310611196620117e-02
1.701471329441070143e-02
3.587788781759400011e-03
1.811128612066350077e-02
1.889599016626649849e-02
3.556433437123599807e-03
1.760401978300259879e-02
3.302597244309899999e-03
1.695286424281990112e-02
1.690464824785140041e-02
1.541858798588170015e-02
1.539173424553309973e-02
3.577546670079700085e-03
3.447185755297599817e-03
3.051459120318299884e-03
1.936938805778560049e-02
4.009545091049999781e-03
1.613451680574450042e-02
1.754705268000340129e-02
1.783891545876530038e-02
1.680030211887960021e-02
3.816066025431700051e-03
1.843691188905699843e-02
1.659448520448009862e-02
3.808150917057300053e-03
3.609478851494000041e-03
1.825069601081660137e-02
3.526162856424399934e-03
1.789588209823770107e-02
3.441951118546999859e-03
2.054707237535560033e-02
1.668757266164010156e-02
1.884936122006389964e-02
1.887389422500379901e-02
1.733308040805269998e-02
3.489985631281299940e-03
1.676954212394579993e-02
1.782431314549709836e-02
1.697599613122460077e-02
1.723588555445540113e-02
1.862541913045129977e-02
1.598155451365509960e-02
1.535831000083819932e-02
3.691160431275200202e-03
1.727773670257479882e-02
1.710792118699799857e-02
3.425785482123500179e-03
1.669157155626579958e-02
1.826781091366809842e-02
1.702425932426690144e-02
1.829508148691259828e-02
1.773347076158239902e-02
1.718264929635199972e-02
1.626335824089829990e-02
1.825663748351069940e-02
1.665538933632569954e-02
1.727914702858280097e-02
3.509980463988799856e-03
1.689628316711790090e-02
2.045824571646040133e-02
1.854926871875550026e-02
1.599607969929139895e-02
1.701206684352760123e-02
1.665288466128799980e-02
1.963925040096620167e-02
3.338825451322299971e-03
1.883265915583870118e-02
1.697993964976729844e-02
2.103004396598689985e-02
1.796019422537389887e-02
4.033849236402899802e-03
1.952970230085850079e-02
3.668540047677199944e-03
1.838632795580200097e-02
3.945019875683199694e-03
1.787938057129320052e-02
1.683782430969730029e-02
3.785574475167799956e-03
3.453531447158100180e-03
1.772976555141360031e-02
1.887677011161230031e-02
1.532581884873149974e-02
3.889443278103800212e-03
1.842824014887909853e-02
1.665260099485199943e-02
1.803428271878889863e-02
1.681845726861160017e-02
1.680130173662639989e-02
1.579418801737189973e-02
3.851007577582800205e-03
1.736245293915299887e-02
1.696818614195779937e-02
3.351276103914800197e-03
3.467436908186299991e-03
3.225600037683699819e-03
3.733565946823799806e-03
1.787462436908469898e-02
