1.036519169722259591e-08
1.037194405976761142e-08
1.037323878278824551e-08
1.037303400801433679e-08
1.040195667976184563e-08
1.036798446324798053e-08
1.036986020889493583e-08
1.036935923306931977e-08
1.037367465180118128e-08
1.038836555040285020e-08
1.039604185031546537e-08
1.043083074317740343e-08
1.037745128138155984e-08
1.036698694880216581e-08
1.040555752268656342e-08
1.040594806804062700e-08
1.040555752268656342e-08
1.037979592569726778e-08
1.040555752268656342e-08
1.043083074317740343e-08
1.038307467703922318e-08
1.037116737303792662e-08
1.040808336666267884e-08
1.037919071648783156e-08
1.040555752268656342e-08
1.067115121288634761e-08
1.040555752268656342e-08
1.043083074317740343e-08
1.036276952426135546e-08
1.037245300255392574e-08
1.037239765755150589e-08
1.037019338812239281e-08
1.041369878399635115e-08
1.036660232018682841e-08
1.037635041380834163e-08
1.040382579996392081e-08
1.038787914937991114e-08
1.036698694880216581e-08
1.037116737303792662e-08
1.036189392412334912e-08
1.040184490488960485e-08
1.037710182758179679e-08
1.037098557664608509e-08
1.037865709196169178e-08
1.036935923306931977e-08
1.036748179209357694e-08
1.039347393383255858e-08
1.037026328520315409e-08
1.040171715378229768e-08
1.037700179333295218e-08
1.109317555746383034e-08
1.040555752268656342e-08
1.056327328241069360e-08
1.039993178584158149e-08
1.036731940139680732e-08
1.036660232018682841e-08
1.037151932615201565e-08
1.039698251779133953e-08
1.036748179209357694e-08
1.036519169722259591e-08
1.037465677960840479e-08
1.037268580000793472e-08
1.037824809615230158e-08
1.036740649105532215e-08
1.038256348197361941e-08
1.038049173089463063e-08
1.036519169722259591e-08
1.066439670086898744e-08
1.040184490488960485e-08
1.037239765755150589e-08
1.228161491667621432e-08
1.040464977641996799e-08
1.037323878278824551e-08
1.036748179209357694e-08
1.036189392412334912e-08
1.037098557664608509e-08
1.040615278176041081e-08
1.037465677960840479e-08
1.037303400801433679e-08
1.109317555746383034e-08
1.036935923306931977e-08
1.059081293137837549e-08
1.038854193408166018e-08
1.037370231403598462e-08
1.041012151297572511e-08
1.036753284629022043e-08
1.037046717379695596e-08
1.039698251779133953e-08
1.038034044894924352e-08
1.037303400801433679e-08
1.037151932615201565e-08
1.037323878278824551e-08
1.037624101238903687e-08
1.063428376718855480e-08
1.038476995606088500e-08
1.038836555040285020e-08
1.037303400801433679e-08
1.101561490985842672e-08
1.042023527716338019e-08
1.037145422798995713e-08
1.036957277073120733e-08
1.037151932615201565e-08
1.037019338812239281e-08
1.036649469011332938e-08
1.040555752268656342e-08
1.040615278176041081e-08
1.037979592569726778e-08
1.037731732874348349e-08
1.037337504306888251e-08
1.036986020889493583e-08
1.036519169722259591e-08
1.037824809615230158e-08
1.037635041380834163e-08
1.036698694880216581e-08
1.037116737303792662e-08
1.039993178584158149e-08
1.036748179209357694e-08
1.037151932615201565e-08
1.037824809615230158e-08
1.036461063998899499e-08
1.038301128387990888e-08
1.036189392412334912e-08
1.038301128387990888e-08
1.037046717379695596e-08
1.036798446324798053e-08
1.037745128138155984e-08
1.036660232018682841e-08
1.040382579996392081e-08
1.036649469011332938e-08
1.037161051510531234e-08
1.038836555040285020e-08
1.037323878278824551e-08
1.037375135178219547e-08
1.037745128138155984e-08
1.039826217488477405e-08
1.036660232018682841e-08
1.040195667976184563e-08
1.036224299387180938e-08
1.037465677960840479e-08
1.037375135178219547e-08
1.037303400801433679e-08
1.037351074733698747e-08
1.037132572453040531e-08
1.040555752268656342e-08
1.036902628933877036e-08
1.039174783017592960e-08
1.036957277073120733e-08
1.036386816644314076e-08
1.038049173089463063e-08
1.039993178584158149e-08
1.036748179209357694e-08
1.053012130329902586e-08
1.037624101238903687e-08
1.037026328520315409e-08
1.056278490715449616e-08
1.036386816644314076e-08
1.036660232018682841e-08
1.046447709408211512e-08
1.037151932615201565e-08
1.037378701971892276e-08
1.037745128138155984e-08
1.039174783017592960e-08
1.037323878278824551e-08
1.037919071648783156e-08
1.041012151297572511e-08
1.040184490488960485e-08
1.036798446324798053e-08
1.042352451334685717e-08
1.037303400801433679e-08
1.037337504306888251e-08
1.040184490488960485e-08
1.036698694880216581e-08
1.036935923306931977e-08
1.039826217488477405e-08
1.037303400801433679e-08
1.043874020591215922e-08
1.038034044894924352e-08
1.042072258758057005e-08
1.037731732874348349e-08
1.036519169722259591e-08
1.037046717379695596e-08
1.037635041380834163e-08
1.038167674206122038e-08
1.039347393383255858e-08
1.038787914937991114e-08
1.037465677960840479e-08
1.052999469568843914e-08
1.036740649105532215e-08
1.036568385268822544e-08
1.039393920179242505e-08
1.036461063998899499e-08
1.037865709196169178e-08
1.041045868803500702e-08
1.037745128138155984e-08
1.053012130329902586e-08
1.041012151297572511e-08
1.036276952426135546e-08
1.037700179333295218e-08
1.037337504306888251e-08
1.036276952426135546e-08
1.038256348197361941e-08
1.040171715378229768e-08
1.036779535274672176e-08
1.038854193408166018e-08
1.053012130329902586e-08
1.036902628933877036e-08
1.036753284629022043e-08
1.037132572453040531e-08
1.037710182758179679e-08
1.040195667976184563e-08
1.053012130329902586e-08
1.039856890214923285e-08
1.037351074733698747e-08
1.038034044894924352e-08
1.040184490488960485e-08
1.036740649105532215e-08
1.037026328520315409e-08
1.036731940139680732e-08
1.036935923306931977e-08
1.039993178584158149e-08
1.039826217488477405e-08
1.037303400801433679e-08
1.036224299387180938e-08
1.059224001080964610e-08
1.036902628933877036e-08
1.043083074317740343e-08
1.037026328520315409e-08
1.037731732874348349e-08
1.038034044894924352e-08
1.037303400801433679e-08
1.036902628933877036e-08
1.037007466556558800e-08
1.037351074733698747e-08
1.038256348197361941e-08
1.036753284629022043e-08
1.040195667976184563e-08
1.063428376718855480e-08
1.039856890214923285e-08
1.036461063998899499e-08
1.038167674206122038e-08
1.037919071648783156e-08
1.037919071648783156e-08
1.228161491667621432e-08
1.038787914937991114e-08
1.036189392412334912e-08
1.041045868803500702e-08
1.036798446324798053e-08
1.037979592569726778e-08
1.037116737303792662e-08
1.039856890214923285e-08
1.037026328520315409e-08
1.037239765755150589e-08
1.036748179209357694e-08
1.040184490488960485e-08
1.038034044894924352e-08
1.040808336666267884e-08
1.037098557664608509e-08
