1.130585065902683754e-02
1.127585994458667022e-02
1.121038223607837697e-02
1.124410533345172880e-02
1.142744837126425002e-02
1.131693811657356365e-02
1.136617001551591503e-02
1.132174876125486944e-02
1.120038275975532814e-02
1.093230392464164535e-02
1.120038275975532814e-02
1.139829256630762663e-02
1.139238739483663075e-02
1.115181114314590591e-02
1.136354904077044661e-02
1.138474326653004381e-02
1.138150493500694228e-02
1.127366413573063948e-02
1.127585994458667022e-02
1.138474326653004381e-02
1.136354904077044661e-02
1.136354904077044661e-02
1.136617001551591503e-02
1.111803797698956639e-02
1.138150493500694228e-02
1.108317440342626928e-02
1.141211345177322277e-02
1.138942973570632872e-02
1.139470676270147587e-02
1.132174876125486944e-02
1.120038275975532814e-02
1.114017566108287983e-02
1.114634010494077419e-02
1.136354904077044661e-02
1.142744837126425002e-02
1.128944141689204941e-02
1.120038275975532814e-02
1.110310500205767027e-02
1.114634010494077419e-02
1.134348629944902098e-02
1.136537769172138619e-02
1.145187913673946165e-02
1.114634010494077419e-02
1.128944141689204941e-02
1.145345314274170447e-02
1.140893099386731425e-02
1.113114535708376734e-02
1.138942973570632872e-02
1.136769219751217717e-02
1.122991650832936249e-02
1.112987521404885764e-02
1.108393177779154991e-02
1.115103058405340908e-02
1.120038275975532814e-02
1.143068670278735155e-02
1.138942973570632872e-02
1.124632619601263588e-02
1.138150493500694228e-02
1.119023983215881868e-02
1.139470676270147587e-02
1.144951430979970590e-02
1.127099468031625591e-02
1.145345314274170447e-02
1.109018188439735847e-02
1.136354904077044661e-02
1.136617001551591503e-02
1.128944141689204941e-02
1.120038275975532814e-02
1.107025326303205139e-02
1.136769219751217717e-02
1.113748395756672914e-02
1.097824736089895309e-02
1.110586770688859817e-02
1.116960160732511850e-02
1.136617001551591503e-02
1.112987521404885764e-02
1.122991650832936249e-02
1.116692832116664147e-02
1.114634010494077419e-02
1.112843265317614225e-02
1.124632619601263588e-02
1.108248921691883451e-02
1.226567865504040247e-02
1.119023983215881868e-02
1.147932647630814026e-02
1.115181114314590591e-02
1.138942973570632872e-02
1.112911783968357701e-02
1.120038275975532814e-02
1.144951430979970590e-02
1.145187913673946165e-02
1.136617001551591503e-02
1.136478890749522894e-02
1.113748395756672914e-02
1.114063856346733140e-02
1.125990722276952981e-02
1.109018188439735847e-02
1.114017566108287983e-02
1.113748395756672914e-02
1.123796543059998529e-02
1.144951430979970590e-02
1.138474326653004381e-02
1.144951430979970590e-02
1.122991650832936249e-02
1.113612532065466620e-02
1.128944141689204941e-02
1.138942973570632872e-02
1.113612532065466620e-02
1.143068670278735155e-02
1.112987521404885764e-02
1.141049638776142974e-02
1.136354904077044661e-02
1.141211345177322277e-02
1.140593570048215391e-02
1.139038180949563175e-02
1.140593570048215391e-02
1.115716321147013079e-02
1.139470676270147587e-02
1.144423600256493437e-02
1.120038275975532814e-02
1.124632619601263588e-02
1.136617001551591503e-02
1.124632619601263588e-02
1.110573944903953461e-02
1.108248921691883451e-02
1.140357087354239816e-02
1.115103058405340908e-02
1.136478890749522894e-02
1.120038275975532814e-02
1.141211345177322277e-02
1.136354904077044661e-02
1.119023983215881868e-02
1.139470676270147587e-02
1.109154052130942140e-02
1.134348629944902098e-02
1.141049638776142974e-02
1.141211345177322277e-02
1.131693811657356365e-02
1.133538485314935715e-02
1.145187913673946165e-02
1.112843265317614225e-02
1.136455295150412201e-02
1.125990722276952981e-02
1.144065019895878360e-02
1.134348629944902098e-02
1.141211345177322277e-02
1.144423600256493437e-02
1.121816289948851346e-02
1.120038275975532814e-02
1.136617001551591503e-02
1.134348629944902098e-02
1.122991650832936249e-02
1.122030662288599559e-02
1.114634010494077419e-02
1.125990722276952981e-02
1.134301511285638192e-02
1.124632619601263588e-02
1.125990722276952981e-02
1.116960160732511850e-02
1.112911783968357701e-02
1.122991650832936249e-02
1.110573944903953461e-02
1.115103058405340908e-02
1.141211345177322277e-02
1.138942973570632872e-02
1.131760560451313888e-02
1.108393177779154991e-02
1.119228354119808193e-02
1.145345314274170447e-02
1.136354904077044661e-02
1.105716156580036254e-02
1.143068670278735155e-02
1.138474326653004381e-02
1.121816289948851346e-02
1.134348629944902098e-02
1.108248921691883451e-02
1.112911783968357701e-02
1.112911783968357701e-02
1.110573944903953461e-02
1.118611909734018757e-02
1.106249300797140789e-02
1.140593570048215391e-02
1.139829256630762663e-02
1.145345314274170447e-02
1.131760560451313888e-02
1.120038275975532814e-02
1.136354904077044661e-02
1.119228354119808193e-02
1.139829256630762663e-02
1.138474326653004381e-02
1.128944141689204941e-02
1.127585994458667022e-02
1.136617001551591503e-02
1.145345314274170447e-02
1.143068670278735155e-02
1.112365817106781077e-02
1.120038275975532814e-02
1.141211345177322277e-02
1.134248263789404930e-02
1.110508714779610134e-02
1.052308169658722030e-02
1.065032191990025051e-02
1.120038275975532814e-02
1.125990722276952981e-02
1.134248263789404930e-02
1.111788548245681851e-02
1.112365817106781077e-02
1.114634010494077419e-02
1.121816289948851346e-02
1.124632619601263588e-02
1.138942973570632872e-02
1.133538485314935715e-02
1.121816289948851346e-02
1.117221946323120572e-02
1.109154052130942140e-02
1.110586770688859817e-02
1.138942973570632872e-02
1.130585065902683754e-02
1.105979601278222688e-02
1.110586770688859817e-02
1.108393177779154991e-02
1.144065019895878360e-02
1.136617001551591503e-02
1.108796019689660753e-02
1.134644395857932302e-02
1.120038275975532814e-02
1.120038275975532814e-02
1.136354904077044661e-02
1.138942973570632872e-02
1.113612532065466620e-02
1.133538485314935715e-02
1.136354904077044661e-02
1.138474326653004381e-02
1.125990722276952981e-02
1.121816289948851346e-02
1.140593570048215391e-02
1.141049638776142974e-02
1.128944141689204941e-02
1.130585065902683754e-02
1.127585994458667022e-02
1.110573944903953461e-02
1.117221946323120572e-02
1.117221946323120572e-02
1.144423600256493437e-02
1.123796543059998529e-02
1.136354904077044661e-02
1.143068670278735155e-02
1.124632619601263588e-02
1.136617001551591503e-02
1.134443837323832402e-02
1.136354904077044661e-02
1.136354904077044661e-02
1.119228354119808193e-02
1.145345314274170447e-02
1.141211345177322277e-02
1.115181114314590591e-02
1.136354904077044661e-02
1.141049638776142974e-02
1.112365817106781077e-02
1.120038275975532814e-02
1.136617001551591503e-02
1.132871801948425773e-02
1.125990722276952981e-02
1.114634010494077419e-02
1.128944141689204941e-02
1.110508714779610134e-02
1.136354904077044661e-02
1.145187913673946165e-02
1.141211345177322277e-02
1.133538485314935715e-02
1.134348629944902098e-02
1.109861330858644482e-02
1.115181114314590591e-02
1.136617001551591503e-02
1.117708879334107508e-02
1.128944141689204941e-02
1.110508714779610134e-02
1.125647733272151091e-02
1.131693811657356365e-02
1.122030662288599559e-02
1.115103058405340908e-02
1.122991650832936249e-02
1.131693811657356365e-02
1.112911783968357701e-02
1.112365817106781077e-02
1.127585994458667022e-02
1.120038275975532814e-02
1.134348629944902098e-02
1.120038275975532814e-02
1.114063856346733140e-02
1.116692832116664147e-02
1.131760560451313888e-02
1.112365817106781077e-02
1.134348629944902098e-02
1.122991650832936249e-02
1.145187913673946165e-02
1.144951430979970590e-02
1.131760560451313888e-02
1.138942973570632872e-02
1.139038180949563175e-02
1.109154052130942140e-02
1.136617001551591503e-02
1.110573944903953461e-02
1.110508714779610134e-02
1.117708879334107508e-02
1.108317440342626928e-02
1.098108769429782978e-02
1.117221946323120572e-02
1.139829256630762663e-02
1.136354904077044661e-02
1.113612532065466620e-02
1.138150493500694228e-02
1.121816289948851346e-02
1.110508714779610134e-02
1.119228354119808193e-02
1.138474326653004381e-02
1.098108769429782978e-02
1.131760560451313888e-02
