-6.909459130597720433e-01
-1.397454757696681371e+00
-1.681063859261992199e+00
2.388112896128044005e-01
-2.497557749302478647e-01
-4.004070434817393748e-02
1.917498178168466794e+00
2.733665519870354110e-01
3.932197900108103106e-01
-9.806341475631878968e-01
-9.873567718784964642e-01
-1.198631153826521079e+00
-3.400037467589941964e-01
-6.830675874583349572e-01
2.360798745748001748e-01
1.679169412983729348e+00
7.645531540246592872e-01
-2.088105220693632913e-01
4.250396705374088202e-01
-1.615141357370780684e-01
8.826676137445191861e-01
6.003931573964823576e-01
3.731308233596208890e-01
4.513346466979182847e-01
2.122262653266986376e-01
-1.124841587624859418e+00
1.217531843646469519e-01
3.042582971956396154e+00
-8.697889299090559856e-01
6.779493941084401287e-01
6.328142429660529311e-01
1.135028724362267649e+00
8.777975583861542530e-01
-4.391761794211346825e-01
-7.011103289177321729e-01
1.437549612387849729e+00
2.551062768836104500e+00
-2.382170240288483398e-01
-1.894695428540133231e-01
-1.398232354160937163e+00
1.577643849456860980e+00
-3.376287436196421243e-01
1.214823423659470825e+00
-1.007548575868357554e+00
-9.044288216132219116e-01
4.953644098041217747e-01
1.585891604510321351e-01
-1.415137955408944714e+00
3.345630998526530342e-01
2.331793941626061212e-02
1.048927573339048624e+00
-4.437488434743927512e-01
8.108219856218659150e-01
1.614050377095411104e+00
9.442384017579573685e-01
4.795005077850893471e-01
-5.876476396418673330e-03
2.122262653266986376e-01
1.997293097260530947e+00
1.666886105408353025e+00
-6.281129169649412036e-01
1.379808172335147409e+00
6.487470313809499123e-01
1.990748911148077227e-01
-1.161170484223378457e-01
-2.148630689158789853e+00
2.612594579381923854e+00
1.756423202555668084e+00
8.292236247492626444e-02
-5.369626092788687410e-01
-6.012693240994354538e-01
1.088307197701931517e-01
1.657448282762514991e+00
2.216203735794808338e-01
-7.365730575147710901e-01
-1.428132312571022355e+00
1.937084708758885387e+00
-2.750235908089885273e-01
9.103000352392136563e-01
-2.105410573283480191e-01
1.130800209887201868e+00
-3.348650857101848621e-01
-9.410814341165332220e-01
1.452098503029084942e+00
-6.022160366465678649e-01
-2.161192340224415087e+00
7.379538137756614935e-01
-1.118012913332061986e+00
1.016250383058109608e-01
7.990466028410248001e-01
-9.665103143953169829e-01
9.487233336188397037e-02
-3.857293851997248835e-01
-2.315162287106334649e+00
3.442377482456584481e-01
-4.192777493294654878e-01
-5.141844598197720106e-01
8.488420634548276000e-01
-1.301719382151059756e+00
8.818258671009043814e-01
-6.905862821248506256e-01
-1.102250174436903762e+00
-4.150889441534493240e-01
1.501554669610805970e+00
-5.611201606139989417e-01
1.450753460558369679e-01
-1.208191372407574904e-01
-1.816140791989965697e+00
5.960414623233407649e-01
-2.987870653483239991e-01
5.331797827683110169e-01
-6.579118549696499896e-01
-6.014041741868139113e-01
-1.249677475909569645e-02
-2.669800898443885351e-01
2.301522820094286381e-01
1.212925231443060525e-01
5.718462616730730641e-01
7.090694015005957196e-01
-1.375487280235385690e+00
-3.842918215885990918e-01
-1.623897078320361564e-01
2.369931719757757682e-01
-1.191178440824317120e+00
4.031006433271192568e-01
8.614650558090150012e-01
4.801219947934034504e-01
-1.119536705934575993e+00
1.208685743652111899e+00
1.015732803033703835e+00
-1.594468558618059584e-01
2.387876133693574987e-01
1.780386796971512309e-01
-2.318066489812677100e-01
3.629657532539657949e-01
5.106023246781264957e-01
4.496637212998190747e-01
1.392597625703548614e+00
-6.595703495168045993e-01
-9.665103143953169829e-01
1.091598234641345117e-02
1.999389456791378639e-01
-3.836277577182433118e-01
1.675466287322653125e+00
1.020479042264633929e+00
-1.253882335101010215e+00
-3.054749124824424622e-01
1.313952391559748634e+00
1.737699862582254562e-01
-1.207785659229347192e-01
-1.129987775731551958e+00
1.268970742710826771e+00
3.342063794090026074e-01
2.355454364600143347e+00
-7.791285314669915696e-01
1.226117345969420125e+00
-6.553695871635314418e-01
3.838282252233873759e+00
-9.765208623977326141e-01
1.570681164915011807e-01
-8.835248847391515836e-01
6.768106550261204779e-01
-4.382229749320663559e-01
-1.113887933391120161e-01
9.851187706671757915e-01
-1.801892645229072887e+00
-2.432648994407145826e-01
-4.117893388441398739e-01
2.386663066981823400e-01
-1.258093686129006517e-01
1.375834587416657984e+00
5.457655660697786626e-01
-5.086410370240568302e-01
1.485918274641072401e+00
5.569691942154929576e-01
-2.013427606339346643e-01
-2.185087068362946139e-01
-1.180412080728990010e-01
9.899572062590743238e-02
3.513172650507466188e-01
4.875199579913750414e-01
1.024777773318546192e-01
-4.964526197445600086e-01
8.479116037823599683e-01
-1.160964465438313775e+00
7.298741951479861267e-01
-9.221507299067394081e-01
-3.113499512543617120e-01
-6.762572417693284432e-01
3.253303349227499863e-01
-3.120037622630137397e-01
-8.767530740477180728e-02
2.375293663740853101e-01
-9.655626314664981225e-01
7.130143506627856231e-01
4.576759418361491805e-01
3.072529889393793567e+00
-1.113887933391120161e-01
6.180013977540005365e-01
-2.707915746862885609e-01
1.884985122819685222e+00
4.147373844099208617e-01
-5.085043653185947754e-01
-1.583742777041294403e+00
3.456218297556548635e-01
5.254160539602792390e-01
-1.462151094440752086e+00
-8.766791289341495375e-02
1.987884969159691373e+00
-6.561146150192932458e-01
-9.574845364066586484e-01
2.197570366396582209e+00
8.953880591923238930e-01
1.436664736392121444e+00
-5.310408565326063535e-01
-1.305015296065857311e-01
-1.238449738389561849e+00
-2.796388636227914448e-01
-4.674313071464703540e-01
-9.678416419908322244e-01
-1.849735908252210015e+00
8.772278175858131410e-01
1.475331494049356262e+00
1.367301450804413898e+00
-2.189184120268638178e+00
1.622513105400306577e+00
-2.154121199305419343e-01
-1.471414360759521589e+00
5.901644029854907769e-01
-6.237973182549162443e-01
5.295643651608090696e-01
-3.680020085181244238e-01
-1.311648455093836985e+00
-9.970636433746548066e-01
-4.648872537272069061e-01
2.301522820094286381e-01
1.046208499203055142e+00
-1.952395771843377315e+00
-4.054133920042637396e-01
-4.497015568566720134e-01
1.951585530408507518e-01
3.055859684665583262e-02
-1.440218438573281912e+00
-1.367176715805105802e+00
-2.967389090899465176e-02
-1.873843212113734114e-01
3.064066095774841889e-02
-2.042807053718724564e-02
-4.252560285209002616e-02
1.130372743439256533e+00
5.927723908470029501e-01
1.421447166145551055e-01
-1.180898582132426794e-01
-7.347902048078517323e-01
1.739092278358479737e-01
-1.138544699897409695e-01
-8.029920808429023005e-01
6.105110914479201512e-01
-1.262204811716290287e+00
-1.695703011190821563e+00
5.322368909994086295e-01
1.393973672157062804e-01
1.074727833622090678e+00
-8.246662295453585090e-01
-1.634160199545437564e+00
7.553281474014004182e-01
9.673528547413368095e-01
2.652332836733535815e-01
-1.192499223724347690e+00
2.156574107248178773e+00
-7.654959065825194253e-01
6.135842554995309950e-01
2.588871379593068456e-01
-8.072937664047704631e-01
2.679833088995319024e+00
1.285771919186488921e+00
-1.931301749122102396e-01
3.711157353099489020e-01
-8.820145878784678706e-01
8.253363269477051456e-02
1.006944526375232130e+00
1.726318525196957498e+00
-4.615617804339128827e-01
-2.147938845670465557e+00
6.542889567548375584e-01
8.875588060245208633e-01
-1.081120114597780985e-01
-9.597479033321461017e-01
-5.593824740186855715e-01
-1.761042091356402051e-01
1.537723900951661893e+00
-6.222343032759551917e-01
1.310361006867770239e+00
2.145042564622388348e-01
3.380403971380338546e-01
4.746712105981328866e-01
-6.514738141577296471e-01
-1.603349090577382174e+00
-1.100948798088958069e+00
5.346632361764831476e-01
-1.891688847582363164e-01
-1.408628317137652797e+00
5.159474964402545050e-01
5.684602038462632789e-01
3.900701137671689356e-01
-1.688579571599165385e+00
1.750434765367516521e+00
-1.968598442666435577e+00
-6.398259866983023736e-01
-3.465658719558415979e-01
-1.291590072034290992e+00
-9.039199966563692401e-01
-1.435730937224764414e+00
-3.183095682470439280e-01
8.601692269758178799e-01
3.306001755636629902e+00
1.066336598652979806e+00
-1.228663002265901971e+00
