1.755545851814000044e-03
1.819505663731199900e-03
1.761896722813400054e-03
1.961372271751399884e-03
1.637836608293800032e-03
1.635747829252100043e-03
2.264268027013599961e-03
2.089521829442699853e-03
1.910182312775300087e-03
1.833491155501999975e-03
1.890097102976599991e-03
1.814474407155799909e-03
1.944056126242599920e-03
2.221631835730699875e-03
1.811323207919899930e-03
2.244052566865000105e-03
2.262736078792499869e-03
2.038115073206899809e-03
2.047514852598400145e-03
1.997787730961300169e-03
1.757124321481900011e-03
2.071102758298300033e-03
1.909050538189999971e-03
1.863253482758199997e-03
1.983107548788699825e-03
2.018264401564500050e-03
2.182308992866400198e-03
1.951257702098899930e-03
1.760089226318199912e-03
1.665309643579000005e-03
1.622385181363599979e-03
1.649695020404699916e-03
1.752363230190999996e-03
1.783820690937999937e-03
1.972585779433500171e-03
1.414135338688599910e-03
1.669797246249100095e-03
1.745048234788499969e-03
1.981462221008100082e-03
1.890886948175700107e-03
2.012078693515499846e-03
1.655954182245599968e-03
1.618442171321299913e-03
1.961331508043599996e-03
1.730771377298299897e-03
1.913417230666200055e-03
1.807780002952499940e-03
1.855217532323899954e-03
2.295047841719000201e-03
2.135438844334799913e-03
1.692398993511599935e-03
1.780780777241999964e-03
1.930312468513499915e-03
1.906742876381899892e-03
2.023873874384300026e-03
2.023451993973200084e-03
2.066918453062600077e-03
1.743118632011500090e-03
1.844189959083700030e-03
1.788482927738899901e-03
2.134482125756400131e-03
1.665251379914699931e-03
1.632743772424700025e-03
2.060000004738099869e-03
2.051711015109800029e-03
1.960065072769800153e-03
1.862090745213000088e-03
1.477860067408200010e-03
1.611166310502799934e-03
1.899404307500699969e-03
1.828438326053399929e-03
2.097603442750400112e-03
1.773850249326400013e-03
2.081272462295499955e-03
1.878876398997800104e-03
2.009579343774499805e-03
2.087489804210199834e-03
1.869249690972500048e-03
1.683276372072199916e-03
1.655589260351699897e-03
1.720915345823200099e-03
1.763490716237500018e-03
1.815966660779800039e-03
1.922175413139400003e-03
1.939274070877099925e-03
1.743746612065199967e-03
1.881229197781899903e-03
2.099646626780699975e-03
2.016729369884400110e-03
1.722583968997099977e-03
2.033199809331000078e-03
1.974017702821300076e-03
2.060886594318600031e-03
1.982453151591899963e-03
1.890958585973199959e-03
1.523028421110099971e-03
1.723225964152800020e-03
1.926114570803400027e-03
2.099149062969099793e-03
1.753515465878500035e-03
1.735654237133500005e-03
1.692964897804700086e-03
1.737487019852199978e-03
1.606054225488799930e-03
1.689098796649000011e-03
1.625823207139200088e-03
1.554617551693799910e-03
1.741161914234100067e-03
2.026791118251299820e-03
1.563408921347100031e-03
1.739744806010099908e-03
1.596942559404799893e-03
1.941888411019300096e-03
1.803347682696199985e-03
1.509180720328499913e-03
2.142016418274200057e-03
1.702843827596800010e-03
1.850257611495499969e-03
1.762217869509900012e-03
1.857542662958599914e-03
1.897691909956299942e-03
2.086860084584099984e-03
1.868189991913400076e-03
2.044178021246300086e-03
2.038896112967300122e-03
1.760518620608700043e-03
1.832015329767599935e-03
1.714031792361200065e-03
1.684809894296800028e-03
2.037324032692099975e-03
1.962564751141199996e-03
1.768582019756299991e-03
1.886683747910700062e-03
1.946889123037200044e-03
2.046706117551199810e-03
2.024034197314900172e-03
1.782378849511000000e-03
2.044409976018199925e-03
1.957552515135999819e-03
1.935324137805500069e-03
1.932577061627499971e-03
2.076138262988700203e-03
1.774542024933800080e-03
1.987753816333300092e-03
1.812831657167700023e-03
1.993569828234700164e-03
1.956094750658800112e-03
2.207508515947199847e-03
1.963124527660500048e-03
1.992221431935200029e-03
1.990884914892600104e-03
2.007588195946200058e-03
1.933130080574200008e-03
1.840194668485100032e-03
1.993783340985500092e-03
1.967612576791300145e-03
1.617043410557800079e-03
1.967629945404200057e-03
1.891303493252799927e-03
2.096377292951999861e-03
2.217861184090899867e-03
2.106834378498399860e-03
1.960264766324399961e-03
1.814301915180000077e-03
1.877749556489299908e-03
2.041680126993599808e-03
1.789644062129500069e-03
1.751389307070800108e-03
1.943739456577700010e-03
1.651360476069599912e-03
1.768547235199300011e-03
1.870092636972099914e-03
1.768384128719899988e-03
2.131130829154100157e-03
2.046292494512299935e-03
1.701166930781000067e-03
1.832664619118199974e-03
1.656666130314100004e-03
1.645741343160400097e-03
1.897105754885399908e-03
1.658949358321000099e-03
2.025317261328099788e-03
1.869801763640100084e-03
1.558709006197800005e-03
1.744030831763199911e-03
2.096475623987799786e-03
1.931652502598699920e-03
2.061041347064899824e-03
1.895080794071999936e-03
1.970296841075800005e-03
2.058833518937599853e-03
1.766939960686200002e-03
2.091559918746899952e-03
1.887137084185199929e-03
1.970177315388099790e-03
1.883044229512700028e-03
2.054532826958499914e-03
1.708138008786299917e-03
1.674482104006599914e-03
1.767866888868700097e-03
2.228051649542199964e-03
1.744434767824800054e-03
2.373111560187199810e-03
1.610961710946499969e-03
1.856062208871100006e-03
1.840849451377499918e-03
2.198968917360199886e-03
1.873451419790500040e-03
1.831122697962900064e-03
1.879471669721900079e-03
1.870876907556899907e-03
2.020343210180000106e-03
2.092157604572800114e-03
1.945292236432699965e-03
1.956940058715599985e-03
1.929780330293600060e-03
2.163710735919899784e-03
1.921289516582900007e-03
1.861974639578200044e-03
2.005655602938900047e-03
1.890251887317900056e-03
1.921297236569799970e-03
2.007822313721399805e-03
2.013599164889000055e-03
1.913773248543600104e-03
1.823316662663599947e-03
2.087366600135099823e-03
2.079996370017699828e-03
1.832759242773399902e-03
1.884976540970999996e-03
1.762022520507300046e-03
1.923616127148300090e-03
1.614794328776899927e-03
1.469804342577700051e-03
1.786731110131500010e-03
2.055654454830099873e-03
1.844812042508700047e-03
2.136437503779600212e-03
2.060190280334299982e-03
1.932297406989699892e-03
1.890528108756499943e-03
2.163542057964399842e-03
1.566150756641099913e-03
1.688669435585799915e-03
2.242063425738600058e-03
1.763748397084600105e-03
1.680267693437100104e-03
2.292446383898600042e-03
1.598501965794700075e-03
1.814712430290899925e-03
1.990224408404800069e-03
2.194255217505500146e-03
1.887531253004999998e-03
1.884308237023999940e-03
1.731802241766400036e-03
2.058662106801000067e-03
1.984337591702300084e-03
1.803739476993499987e-03
1.656183520407100099e-03
1.944884273914000011e-03
1.908390758839100107e-03
2.136934135464199809e-03
1.945871394532500045e-03
1.663494098773400003e-03
2.144404524957200034e-03
2.113928716290099877e-03
2.089408310717600151e-03
1.950955075447600084e-03
1.997633414944799835e-03
1.497435207559400091e-03
2.024198962693100207e-03
1.847355302832800030e-03
1.956259369110599847e-03
1.916363165218299899e-03
1.719079172195200032e-03
2.028853192619999978e-03
1.418518580176099993e-03
2.080561494175799976e-03
1.619426080291599956e-03
1.796936271014800074e-03
1.765922293399699999e-03
1.869339257589199997e-03
1.941336505542200002e-03
1.907368850984299952e-03
1.755839427895200099e-03
2.197638570862000054e-03
1.583067736774499985e-03
1.998482480007300176e-03
1.729819975003000056e-03
1.993018543167900027e-03
1.956069077652099978e-03
1.812379524770999905e-03
1.775910490123899918e-03
2.010537785046099916e-03
1.951061348065699988e-03
2.033804834459699857e-03
2.123295150237600008e-03
1.719120135363700046e-03
1.698771324637300077e-03
1.996053965833999820e-03
1.966396171256400149e-03
1.777869874440200001e-03
1.833951976884299912e-03
1.638877213939099898e-03
1.579571989728300067e-03
1.930120978218100069e-03
1.832277112196899985e-03
1.814938529830000067e-03
1.993259652829600104e-03
2.248114913356099795e-03
1.917831261635200100e-03
2.325557150632900048e-03
1.839492775799500025e-03
1.909425844493500054e-03
2.232156007714300016e-03
1.573140419347500082e-03
1.897039780919200069e-03
1.669717271474699958e-03
1.906403514592800103e-03
2.050414218263399944e-03
1.801279843777800049e-03
1.990591021768700012e-03
2.028062579464199894e-03
1.765602044673100085e-03
1.653365320431199976e-03
1.853440679824100044e-03
1.881904447984900043e-03
1.560000064756500047e-03
2.077428937855999979e-03
2.224671180884299840e-03
1.955490422433999939e-03
1.685715525593399922e-03
2.049191125410400067e-03
1.969063626521800215e-03
1.952091763254499950e-03
2.290316944079599792e-03
1.996063685913000187e-03
1.933730125270599924e-03
2.096014412796299957e-03
1.846476207177999906e-03
1.822359277193999916e-03
1.874875768727999898e-03
1.925604168445300057e-03
2.005236638386800104e-03
2.008650765237199841e-03
1.775641131715499947e-03
1.911637608184899896e-03
1.813596773561099943e-03
1.687047666583399918e-03
2.113804677880999974e-03
1.745041349537300055e-03
1.834454512356500011e-03
2.177305688168000054e-03
2.082351489469900022e-03
1.600353069460599921e-03
2.014679916329700175e-03
1.554655767469100046e-03
1.529910673699299900e-03
1.984690198178300051e-03
2.113455499996500127e-03
1.651791935406699907e-03
1.932648637623499924e-03
1.894718766526700066e-03
2.051596127383700091e-03
1.954765008012099899e-03
2.050418433362300070e-03
1.848547567155999979e-03
1.915967728956300027e-03
2.050380399483799857e-03
1.630566540119399903e-03
1.696052158449199918e-03
1.716613819835499915e-03
1.784115564303499941e-03
1.557319787878599969e-03
1.750577487793999977e-03
2.020003193114600082e-03
1.685195704146300088e-03
1.946117687221599968e-03
1.601475846113199894e-03
1.715265334614299916e-03
2.302732421547099787e-03
1.668138292437900067e-03
1.817628887288099933e-03
1.767214935279499922e-03
1.875873908192099990e-03
1.840505014046399986e-03
1.990055563625500127e-03
1.943741091401599962e-03
1.969558430711800152e-03
2.221449463834200121e-03
1.836286583842399898e-03
1.777680248429299933e-03
2.176780150552400095e-03
1.761460535901200001e-03
1.684473111704499950e-03
1.878521709307500072e-03
1.962470709184999801e-03
1.760712704559599896e-03
1.838709032190400088e-03
1.952813126958499994e-03
1.845272202643399905e-03
1.966949147244699894e-03
2.021700083442099991e-03
2.043660226390799865e-03
1.649994507398099995e-03
1.582378205398799918e-03
1.960193816664200072e-03
2.076694280790999849e-03
2.082521596127299805e-03
1.955236013212300131e-03
2.025109580738500021e-03
1.696409540460800097e-03
2.355059877489400211e-03
1.844628167917099996e-03
1.806935139910799924e-03
2.307000317582900105e-03
1.663441439481600078e-03
1.959373427872899802e-03
1.648214357384899945e-03
1.722580250027799928e-03
1.859203461802299987e-03
1.902248666305900041e-03
1.905277413339700066e-03
1.793882477434099966e-03
2.094707067111200183e-03
1.901267408558799960e-03
1.957831039688199930e-03
1.821140803597399950e-03
1.933908523895100070e-03
1.815638582603599973e-03
1.970259492339299784e-03
1.751924491080400059e-03
1.970629205235600000e-03
1.719890299482900028e-03
1.912843257822000086e-03
1.518284803597000094e-03
1.923330042292300092e-03
1.635656705012000041e-03
2.131643200149599925e-03
2.021399036909499874e-03
1.853085901466999981e-03
2.237309757759699865e-03
2.298999847080200176e-03
1.919817625377000063e-03
1.822204256979599937e-03
2.106770190831100051e-03
1.816933235399900053e-03
2.366556977657099936e-03
2.128806187583100109e-03
1.896493297262200062e-03
1.975782341194200209e-03
1.972092350617799927e-03
1.750811447982100104e-03
1.918459403576000056e-03
1.289974962527800023e-03
1.661413846530799925e-03
1.443855834625400007e-03
1.987533135699299982e-03
1.595839721816300029e-03
2.070184252150200112e-03
1.779551289342999956e-03
2.215606609804000003e-03
1.908784169531800015e-03
1.733308440206200078e-03
2.011312932032399952e-03
2.082137411803599864e-03
1.530732063075299900e-03
1.903634338899599975e-03
1.634895291280000044e-03
1.931432560106000063e-03
1.840873076110600059e-03
1.711454273483900080e-03
1.534307135410400069e-03
1.983260589717900091e-03
2.082398068787199956e-03
1.615560557643499996e-03
1.718138215946100108e-03
1.812054792856199973e-03
1.753678831518300013e-03
2.234479144417900100e-03
1.960638495774900091e-03
1.827933720823400002e-03
2.070324680123200069e-03
1.618529235310799987e-03
2.005854880613099859e-03
1.668865237571000044e-03
1.888942137920499899e-03
2.275620403345599875e-03
2.074184425014400160e-03
2.277852578793100168e-03
1.470754118225699961e-03
1.795771194054999976e-03
1.681307814216999970e-03
1.720456991472799893e-03
1.893262353236899957e-03
1.807008037582499968e-03
1.917276257964600078e-03
1.791959504420500031e-03
1.929320308037300088e-03
1.977908495689600053e-03
2.277422595356199970e-03
2.158996756144500144e-03
2.069176532208000154e-03
2.014103386339599795e-03
1.619969551504199913e-03
1.670464761702100025e-03
1.847782078218199999e-03
1.411059123443999912e-03
1.913440391627900007e-03
2.132720697807600173e-03
1.720378376096600099e-03
2.132820174988300007e-03
2.427870865607500116e-03
1.949522362861399972e-03
1.891142929103000001e-03
1.349394155426999900e-03
2.164523151537400044e-03
2.265354214519399879e-03
2.001547398261999990e-03
1.809961799757499930e-03
1.738806875251799932e-03
1.886041689471699978e-03
2.043247117210299831e-03
1.796548870787000041e-03
1.867811803292699973e-03
1.498310649342300075e-03
1.990524340390899954e-03
1.774262226835900081e-03
1.652188257044400052e-03
2.134662928787499879e-03
1.860878643609800058e-03
1.952631992505800013e-03
1.753255810136400026e-03
1.908154767443500039e-03
1.790079699333200049e-03
1.904638186799500078e-03
1.860817442487400089e-03
1.864530343598400043e-03
2.042422310226299845e-03
1.802199770918300106e-03
1.869364139847300068e-03
1.800501415607999979e-03
1.586853675556700038e-03
1.986184236478299829e-03
1.618778492610199998e-03
2.081934876576799990e-03
1.889370291011100008e-03
2.066707318339599999e-03
2.022975339137399794e-03
1.813853270901199946e-03
2.013526848779899955e-03
1.633652970020500099e-03
1.946314819109099979e-03
2.026192250168899929e-03
1.897962316133699947e-03
1.693454042743400018e-03
2.045195475345500027e-03
1.717630359423699942e-03
2.002666317615500041e-03
2.094137469511900100e-03
1.853237556871899921e-03
2.222426906368499787e-03
2.062562468273700187e-03
1.948555965037900104e-03
2.024196758405300174e-03
1.933230223405599984e-03
2.034876329203899950e-03
1.638375646306800036e-03
1.892946216866499970e-03
1.831391900650199958e-03
1.921293199038500007e-03
1.665526440487099993e-03
1.784724406758000015e-03
1.799160421465400075e-03
1.837966746968800087e-03
2.133928591179899952e-03
1.913126060543200030e-03
1.557611866450500085e-03
1.879532324270399976e-03
2.372133931837599932e-03
1.756998421724400043e-03
1.715336953366600106e-03
2.124088808451200187e-03
1.721830765786100045e-03
1.693560776100899896e-03
1.917608664171199925e-03
1.655152340241700061e-03
2.207592721001400051e-03
1.472652853929700030e-03
1.743292712130099916e-03
1.893882061945299962e-03
1.829230231346300022e-03
1.977037028253400119e-03
1.806607373200599985e-03
2.204327726546800002e-03
1.694182483486200100e-03
1.704761266393999908e-03
1.953071371777500079e-03
2.205097244754799807e-03
2.283617623250999793e-03
1.678909294500000038e-03
2.247273253675699956e-03
1.788180852267800061e-03
1.785021957894699892e-03
2.128775939728900016e-03
1.966252319337800057e-03
1.868197346884499900e-03
1.729099979774500031e-03
1.754906967299100064e-03
1.786594854231600025e-03
1.862345719634000019e-03
1.733341677547700025e-03
2.123208875045200054e-03
1.724502081195499912e-03
2.266429420625800176e-03
2.013182750124999955e-03
1.913941992762800085e-03
2.071503773863299976e-03
1.995847905169899784e-03
1.833852665903199950e-03
1.468627596931599980e-03
1.760424064988799948e-03
2.109485861098000115e-03
1.771173382665500000e-03
1.971023728346300071e-03
1.799008984610899918e-03
1.965245492157500096e-03
2.200791674135599892e-03
1.779179136501299937e-03
1.778108214601199907e-03
1.700647307646100011e-03
1.961626032771500092e-03
1.770741531170100030e-03
1.899225274929199894e-03
1.950903739025300083e-03
1.889731132153899982e-03
2.240012906617000216e-03
2.026855614982800077e-03
2.107322168524199818e-03
1.705207239483499905e-03
2.193437246243299960e-03
2.030439491994800137e-03
1.913496698791399952e-03
1.990052831499299936e-03
2.076046164336300005e-03
1.684202691855199961e-03
2.092252974728499911e-03
1.737863215453200067e-03
1.738115753230799927e-03
1.972032243330200038e-03
2.109042026910000044e-03
1.776723443205000062e-03
1.927112369418600016e-03
1.825961380469499950e-03
1.738454693012900058e-03
1.666219636290999957e-03
1.998409063547700124e-03
1.966869937573799843e-03
2.070111281337300158e-03
2.122679445454999855e-03
1.753072499663100008e-03
2.062961731472000033e-03
2.107467292582800023e-03
2.170956911245899845e-03
1.901088235116600014e-03
1.616589251161799998e-03
1.965299177351899872e-03
1.775379238509799907e-03
1.988937451290799952e-03
1.778625752586199997e-03
1.837070550790200017e-03
1.996448177156199925e-03
1.908567664814799902e-03
2.053257835758400159e-03
1.859633228415600095e-03
1.981203573660500136e-03
1.901517091485399906e-03
1.984979168112500046e-03
1.593166347543000048e-03
1.609790833793599968e-03
2.152851179115300179e-03
2.089245588312600016e-03
2.131546826396699991e-03
1.697021936235399917e-03
1.661814885046799910e-03
1.901941379029800042e-03
1.734158830847700068e-03
2.309935932887400081e-03
1.964601405969500052e-03
1.833453213220499929e-03
2.014677430503199803e-03
2.032501098989200009e-03
2.156225592771700110e-03
1.976419644931200117e-03
1.706737049475299996e-03
1.894101241833600052e-03
1.676057573538300080e-03
1.965192507380700108e-03
2.012635175543299980e-03
1.803183080944799994e-03
1.587479508317900072e-03
1.555283332107899961e-03
2.107504712882000020e-03
1.475494165616699979e-03
1.752196061680799926e-03
1.979025601221900098e-03
1.976089650614599839e-03
1.587509428491699990e-03
1.906129067554399904e-03
1.890056199434900002e-03
1.912271332804499997e-03
1.770148479538500089e-03
2.186981896578800086e-03
1.718185650574699909e-03
2.024966347041399963e-03
1.599290011186900104e-03
1.890166654596099963e-03
2.084778040583299980e-03
1.738999095549200033e-03
2.095057154410300080e-03
1.898547124300799900e-03
2.045915378336999896e-03
1.591087769060899959e-03
1.676593534969300072e-03
2.144185186893399903e-03
2.142025532241000063e-03
1.971629417811299797e-03
1.765349743726200024e-03
1.843128973134599896e-03
1.786047911026999958e-03
1.859106619644399936e-03
1.701336790393800013e-03
1.643011900430899975e-03
1.868436826013599979e-03
2.038289231202600020e-03
1.942199748785799996e-03
1.920046151999100061e-03
1.645776099019200011e-03
2.081202734238500173e-03
2.202939910754200033e-03
1.686763531318900096e-03
1.659913061657899980e-03
2.158693032198300173e-03
1.721884944374800063e-03
1.543504276861999919e-03
1.604718564565699949e-03
1.818725006720500010e-03
1.942229651564900085e-03
2.015711925310499988e-03
1.964501141741000021e-03
2.060603030842400075e-03
2.045037127484699863e-03
2.221137779586399973e-03
1.940443944220499994e-03
1.933110480152299901e-03
1.653979575071400088e-03
2.318055534199699955e-03
1.920666253496800067e-03
2.189684452047699955e-03
2.072427971273400199e-03
1.967078240405800010e-03
2.022879600874199785e-03
2.348895157476699799e-03
1.881388726183700092e-03
1.752812170719599992e-03
2.026058350769000069e-03
1.846714370310899951e-03
2.134501082333499847e-03
1.967695882025099867e-03
1.821730532827000107e-03
2.040892274102599872e-03
1.696620188992500064e-03
2.082818367032300121e-03
2.221634797636199820e-03
1.670658649989399972e-03
2.249263670084300157e-03
2.174739119077000182e-03
1.455030376170999900e-03
1.858186498035399982e-03
1.632767973738699944e-03
1.614014250137299966e-03
1.673149671146499998e-03
1.776222226883899949e-03
2.039656803359300025e-03
1.692163799610499992e-03
1.671269527583700001e-03
1.481018359516199975e-03
1.815696308441500095e-03
2.242064611842599798e-03
1.923621129950999972e-03
2.038531339069899872e-03
1.995533283629999984e-03
2.205006883951699838e-03
1.988245885224300142e-03
1.785932639347100059e-03
1.683945027782000068e-03
2.074013093964400048e-03
1.919914950986600010e-03
1.977661058389099894e-03
1.969278645907400135e-03
1.974195457567500152e-03
1.813166017215799919e-03
2.219738153085299825e-03
1.960561153783599991e-03
1.883945884019200007e-03
1.645543809475199940e-03
1.888471350803000003e-03
2.070574338524599784e-03
1.859411449869200102e-03
2.052873405413900131e-03
2.036287284659600051e-03
1.977828483448399854e-03
2.128823556749199868e-03
1.829557123432300073e-03
1.869482724913700033e-03
1.915808262741700106e-03
1.753904115944599981e-03
1.660453760395999958e-03
2.047477916359799911e-03
2.300164772599400196e-03
2.005967655272799990e-03
1.920546266466500096e-03
1.815853763072099950e-03
1.910889994321100099e-03
1.995021264217999944e-03
1.766519529854300007e-03
1.675468449555899937e-03
2.173342388926600109e-03
1.943680677191600035e-03
2.099529337364000169e-03
1.715356174656100042e-03
1.764737478940600016e-03
2.154891076645099914e-03
2.001466912385600153e-03
1.851124837753599997e-03
1.861122709628400089e-03
1.783696086233000104e-03
2.200392545912400154e-03
1.712851802121999941e-03
1.842529012047300092e-03
1.687314141072899978e-03
1.652931602434600097e-03
2.006713028212600038e-03
1.668440454926700027e-03
1.625007719722400094e-03
1.796242793484899942e-03
1.870221780565100005e-03
1.605128472078999960e-03
2.024416900279699984e-03
2.070549195849699826e-03
1.855442777680499974e-03
1.799784162470900034e-03
1.932215910161700061e-03
1.786727235314599944e-03
2.267695400304200071e-03
1.824312054442300086e-03
1.933201141211300092e-03
1.592572881373500006e-03
1.864745971661500076e-03
1.960328860639599848e-03
1.452559999515099995e-03
2.075795653173200059e-03
1.743672088444299991e-03
1.959617556574499899e-03
1.886500043275899947e-03
1.872014036866000023e-03
1.757321301472500015e-03
1.895066602801899914e-03
1.971280688202999964e-03
1.989964830167299803e-03
1.991033362243099791e-03
1.833955729541700014e-03
1.835023931376600055e-03
2.141165492197700127e-03
2.209994404011999918e-03
1.816415425091900092e-03
2.008269541507600071e-03
1.566055733919199944e-03
1.755556566655200107e-03
1.991852278277599867e-03
1.704922158106899959e-03
1.697785107196599953e-03
1.861927120376699911e-03
2.006311483378099905e-03
2.029377383643800065e-03
1.735813886072800098e-03
1.996345974497300193e-03
2.083357827758400109e-03
1.825446994743700055e-03
1.717899670068699907e-03
2.038416961990599952e-03
2.130808639367199903e-03
1.897151168217100104e-03
1.510724283651000005e-03
1.948039360555700030e-03
1.909723350753600099e-03
1.631475330975200007e-03
1.751158386497500075e-03
1.750759570979499961e-03
1.839144432856300087e-03
1.765093518275800012e-03
2.226643546136200004e-03
2.046208461895399847e-03
1.656156404944699942e-03
1.560378153088299918e-03
2.212009126500200096e-03
1.840424433665900075e-03
2.170817169716299840e-03
1.912224975734099983e-03
1.780208674818699972e-03
1.652651790184299927e-03
1.883319055206699941e-03
1.900850452402800053e-03
1.800450965467799988e-03
1.895647998128500078e-03
2.081499706113999846e-03
1.876766168896400102e-03
1.886838273150899959e-03
1.766961939653599991e-03
2.273938826831899910e-03
1.991659426919399796e-03
1.854766913335499992e-03
1.898904387584900025e-03
2.020370405957699813e-03
2.228955205778000020e-03
2.079567547666699798e-03
1.565243839010699908e-03
2.063964723792300129e-03
1.744743033135699901e-03
1.689334706515699912e-03
1.605898547180199939e-03
2.091299801681400106e-03
1.984679389161300017e-03
2.313455646142000000e-03
1.636338800494199991e-03
2.193472779622899788e-03
1.997137516173599914e-03
2.046293523115199839e-03
2.013647564921500124e-03
1.746251002503999925e-03
1.869269282904699892e-03
1.945346726888799943e-03
1.793350458044500094e-03
1.717038943094099934e-03
1.762890748330300100e-03
2.015131267847200015e-03
1.560799285300600069e-03
2.064460301143000026e-03
1.770420225377600026e-03
1.601421474050699961e-03
1.964189715409099882e-03
1.648356128280000030e-03
1.694778999514700039e-03
2.268414328168300107e-03
2.007307567270199839e-03
1.495273828761699980e-03
2.105304841402900161e-03
1.863996700397700049e-03
2.010491763569600011e-03
1.782320268172299903e-03
2.082972475581799845e-03
1.847019767449799982e-03
2.243515689747400000e-03
1.701960165805300020e-03
2.030030145039799991e-03
2.020357997380900061e-03
1.850340478446600061e-03
2.284698689745400055e-03
1.985602260120299806e-03
1.889682128656499900e-03
1.900159620401300001e-03
1.982143448130900022e-03
1.914550836530800031e-03
1.928139122972300033e-03
2.348951881519699848e-03
1.952778837874799989e-03
1.946910975303100047e-03
1.840453524463499897e-03
1.826279806013400000e-03
1.511050239518599942e-03
1.843916404825799967e-03
1.819384477725400099e-03
2.201666063959299788e-03
1.698625159618100035e-03
1.926592983263100039e-03
1.597276094965699922e-03
1.644186483846499930e-03
1.928781535503100051e-03
2.214842312325600131e-03
1.578968581407299947e-03
2.022066608211500142e-03
1.903040112780399976e-03
1.615008598899999931e-03
1.798113173035600009e-03
2.141848531904800169e-03
1.959867920249199879e-03
1.986661200942600042e-03
1.875981000438500020e-03
1.701394091386500100e-03
1.836362339053299996e-03
2.000668834344199783e-03
1.777317154101000019e-03
1.742853434284500009e-03
1.828579521632199990e-03
2.090962170808400005e-03
1.941681757875599957e-03
2.096759739437800175e-03
2.045939633529599965e-03
1.921920019768800017e-03
2.271516236138900000e-03
1.845432179883499954e-03
1.542674479881599907e-03
1.779684841569400015e-03
2.126734210323600032e-03
1.987396087941500217e-03
1.886896657409400024e-03
2.097344750761999995e-03
1.928686019472599950e-03
2.092560995256499863e-03
1.978307283906999801e-03
2.162114346829200045e-03
1.637603939406999951e-03
1.836637329298500048e-03
1.758640420995999896e-03
2.019274135161000169e-03
2.164448258095899927e-03
1.942120192549299943e-03
