5.742911907472000171e-03
2.660922164724399946e-03
3.360519049022999815e-03
5.391001888354200397e-03
6.035951567361200025e-03
2.535830424175300121e-03
1.045592022153470080e-02
6.585022999785600066e-03
2.796063635959699940e-03
5.257935591970499568e-03
7.536420047996600022e-03
5.168560623350600298e-03
5.482487815510600319e-03
3.666563663484099980e-03
9.565014908627399171e-03
5.147804888002699766e-03
2.438156893315599795e-03
4.595711941147899784e-03
4.356916495811100250e-03
3.904432545220899893e-03
5.416351974473499961e-03
2.335632111308899844e-03
4.024208518432399913e-03
3.127200350245400075e-03
4.213410878018000218e-03
4.071585915851399888e-03
2.694102778331999848e-03
5.183831344425699622e-03
5.306351107462400039e-03
4.805988132881300334e-03
3.693494696959699879e-03
4.371389407254899773e-03
2.677303287704500215e-03
2.531159497799599992e-03
5.303811239146600381e-03
2.304639909194499889e-03
5.815672111744999567e-03
3.995002509395400095e-03
6.108028113706600280e-03
5.006631021530399961e-03
5.104959785321099876e-03
5.042577609934899806e-03
2.143432257392999946e-03
1.012572812810040059e-02
1.361135657796580002e-02
2.622897230682299987e-03
5.744233673261800108e-03
5.448455675301100247e-03
4.273691194793799615e-03
5.937697504385400227e-03
4.506431258362799883e-03
3.475007360852099946e-03
7.496618969964699737e-03
2.632911937305599821e-03
4.636165735350600108e-03
3.239261502033000031e-03
2.810663125671299892e-03
9.984895528372500842e-03
4.811704601329500064e-03
8.641831337070599722e-03
8.256646886980099909e-03
2.867492777398100018e-03
3.409710079916100037e-03
3.033944266373699798e-03
5.358566957444199814e-03
4.221912124360499736e-03
3.135216090374899969e-03
2.394376385516600123e-03
4.373904770133199907e-03
2.541465245941100081e-03
4.198754584109500206e-03
6.655612685800000108e-03
5.894307069393800273e-03
7.645848470223100268e-03
4.133911954299500195e-03
2.729366127930300031e-03
6.965350353301200288e-03
7.027066237302700275e-03
5.082776047501000316e-03
3.978762121881499955e-03
8.307604409987500230e-03
6.591138694103200121e-03
7.574691511150400368e-03
2.303889508204500121e-03
4.597936288996400112e-03
3.206335018172900078e-03
5.465427416709099651e-03
3.994009173840499909e-03
6.814199467257700364e-03
6.115787902527400170e-03
9.610831691661100157e-03
6.526993975068100078e-03
4.783262767666899597e-03
4.597060054970699902e-03
3.263948735410799988e-03
4.351058367463500262e-03
5.207435321425199666e-03
5.601646471728800175e-03
4.218191714748099723e-03
6.897168384730399844e-03
5.139326538822299763e-03
4.447361890904400102e-03
1.021482503150610011e-02
2.547440722743299878e-03
5.113171698394700267e-03
2.835042632670699975e-03
6.106834215111000413e-03
5.325910523985099773e-03
2.892974984171600098e-03
5.227441281831399569e-03
2.861326187053099979e-03
3.692615307990700004e-03
9.241811874389899845e-03
2.879426627856600078e-03
7.424716664523400324e-03
4.832815573920099667e-03
3.656183355607800067e-03
8.950203951116300627e-03
3.015521069480000052e-03
5.302367822862000431e-03
4.244342102367099946e-03
3.410678253053900204e-03
4.450879035753600201e-03
5.215175156473400055e-03
4.044799387940400254e-03
2.787710821758400143e-03
4.852383325604599749e-03
6.095336577840299724e-03
6.158399066328800256e-03
2.508418159071600182e-03
2.703333343691400031e-03
4.148359821326899621e-03
8.736715495595299974e-03
1.424446104397759927e-02
4.649649409164399901e-03
6.681680415758699774e-03
9.706684350327100808e-03
4.902829572737700189e-03
3.926164309125899574e-03
5.310320173226800410e-03
1.362464759316110025e-02
4.780746044535500068e-03
2.947375310564499806e-03
3.899104614361000032e-03
1.289239815413970036e-02
4.758790983425799717e-03
2.872747836384600181e-03
4.312720521592700376e-03
3.228472648697400076e-03
3.238017545903099786e-03
2.476811368974600209e-03
4.612478954964200316e-03
5.933472586363499821e-03
4.811640955415500027e-03
9.653949537091999558e-03
3.281458367161899960e-03
3.351720117904799946e-03
3.700412833744599981e-03
3.370821211173500101e-03
7.232185869237100183e-03
4.190311154086400272e-03
3.407664710540199947e-03
4.150088147891700316e-03
3.268141424951000185e-03
6.864338756508699645e-03
4.003597844838499738e-03
5.873216112745100262e-03
4.315692317798799742e-03
4.252688138681300078e-03
1.986728685364899921e-03
3.377766856837599932e-03
4.503413421166200387e-03
4.168305351367100099e-03
6.310708631779299825e-03
2.644778316528199891e-03
6.706164766812500351e-03
1.703695132254379879e-02
5.060882511169899865e-03
3.886961258379899916e-03
4.578988441386100394e-03
2.390266656067199964e-03
5.257190843938499940e-03
6.881819257485000292e-03
6.383671865666800012e-03
3.418898001346799918e-03
3.467575353726600178e-03
3.895067320861899871e-03
2.365005865631899813e-03
6.998652401859099988e-03
5.154899758189000411e-03
6.268902016404800069e-03
7.726471506391200186e-03
4.373489884254000253e-03
4.983674428007600285e-03
3.785649351385800103e-03
6.365089593319900145e-03
3.166534608495199903e-03
5.970435953008899725e-03
8.494352558112899798e-03
2.816753300197500070e-03
2.634580234431100048e-03
3.285305759178000062e-03
3.172467271634399864e-03
3.774724181204799998e-03
3.599444570467900169e-03
1.141445821916150030e-02
4.481378213095099997e-03
9.293423823498800709e-03
5.346881536675300063e-03
2.655992466072999887e-03
8.191165757088399169e-03
3.029649638650499816e-03
3.402074917476600058e-03
3.695102941991199909e-03
3.257511597102099796e-03
6.697954919610699977e-03
3.922565242757100265e-03
4.774058527784600173e-03
4.795691176681499655e-03
3.424522170271700108e-03
5.910967429084999780e-03
4.634104817200999579e-03
7.879788372151899992e-03
3.484763157509900185e-03
4.438011864381499923e-03
4.495681538129899651e-03
9.184720242039499938e-03
5.287492435948100075e-03
5.491505479127799759e-03
4.675192920225199750e-03
2.808115108483699805e-03
8.915227940643999718e-03
3.389895590663400109e-03
4.596511144100199828e-03
3.096496566557400184e-03
3.297180875928700048e-03
4.695985462799599601e-03
2.868676211295900173e-03
5.452690672664100256e-03
9.684456208909600697e-03
8.302657045384300230e-03
3.045608419773999844e-03
3.271057536875099890e-03
5.141120023762900393e-03
2.847567038345600200e-03
5.018733039587700354e-03
6.158676254796899806e-03
3.856806706615800110e-03
3.145194414313200095e-03
3.331777064487799825e-03
8.084039157619000646e-03
3.353020252297099837e-03
2.785944390257299834e-03
3.601544669947599926e-03
6.410136826501799598e-03
1.480542852485309917e-02
6.509718486270300343e-03
5.403137202087400330e-03
5.903983363746700096e-03
9.075733503941000799e-03
6.066947946070399590e-03
4.244588855801799746e-03
3.010578762354799813e-03
5.324140357514699912e-03
4.582496703666500207e-03
3.123202114465799956e-03
4.578277818734899710e-03
4.811373345257600152e-03
5.243297304500799637e-03
5.613399671898900052e-03
5.985310979703399765e-03
2.968731899834199835e-03
2.850129091220999795e-03
8.691145567103899378e-03
5.833111087977099762e-03
4.606776920502600285e-03
6.818198442798500264e-03
7.325643474957400404e-03
3.597386707166399817e-03
3.000295289157599819e-03
3.458113851935700010e-03
7.769069175606199695e-03
8.327748970444200094e-03
4.448524041757599690e-03
5.365304178935399911e-03
2.796190765221400181e-03
4.849251842670800061e-03
2.548780969492999825e-03
1.172437817790640026e-02
2.239735966375599845e-03
3.337311090978700191e-03
2.030705820282130078e-02
9.240246822460300088e-03
2.505775308555399997e-03
7.799266467633200403e-03
5.767400078357400213e-03
2.804510945238899815e-03
3.003149313061100143e-03
1.062613178754539915e-02
6.059324836196600290e-03
7.068870083734899758e-03
2.904276055843299943e-03
3.078169357113799860e-03
3.918864541790700179e-03
6.672607805276200427e-03
7.421222946735400033e-03
5.996449523299200030e-03
2.400500279501499926e-03
5.250099011400300233e-03
4.156749448906299667e-03
5.732359201988499950e-03
2.768623508830400128e-03
4.512244596701299806e-03
4.352398539571700198e-03
3.467786233712600100e-03
2.978803449514299834e-03
6.405577746439600206e-03
2.956413714618300048e-03
2.040146485348900019e-03
5.893246062168499937e-03
4.315257541825799799e-03
6.550344310222500077e-03
7.320906156528000051e-03
4.348585878535899708e-03
5.490313994884300081e-03
1.045739801782719948e-02
8.069883302227999489e-03
4.287837271416600204e-03
4.206993955189799669e-03
3.805328865181899830e-03
3.583528962399099970e-03
2.928970587132500095e-03
7.497050614565499947e-03
2.496500839972899850e-03
7.915904352857799919e-03
1.024943380699270060e-02
5.336643310926599860e-03
5.194161647596899807e-03
5.625204013446199851e-03
7.346410094414599669e-03
3.158992460569999897e-03
1.041805294620450073e-02
3.253557022308800010e-03
6.153175386055900233e-03
4.504219773488800198e-03
2.953690001572000044e-03
3.486845405284099818e-03
6.265995963555199937e-03
3.621660851787499979e-03
6.011544168368900161e-03
3.718361829781600091e-03
4.728691408362599956e-03
2.899948190128300105e-03
4.141507765292600125e-03
3.707311422783399896e-03
4.934074435729600069e-03
6.623329288126599684e-03
5.162199640062799764e-03
6.003455104803099782e-03
3.112972422794700166e-03
3.067748490514600208e-03
1.179649316427370045e-02
5.767867992371600132e-03
3.119452476679099827e-03
5.268216856612199621e-03
7.595797538079700206e-03
3.781355990655100186e-03
6.421868497462499860e-03
3.608687814913200034e-03
4.420551972769099641e-03
3.321712780634299925e-03
5.854205500793499897e-03
2.678419173237100038e-03
1.193620782626209943e-02
1.025140542628829969e-02
3.100008584894699964e-03
3.405312930864900101e-03
3.475094546561700165e-03
5.595561591685400092e-03
3.876563848209500004e-03
3.355280657163799921e-03
5.493362313782599628e-03
3.841209502765700109e-03
5.570848292438800378e-03
7.656679297483400329e-03
5.154990098167400343e-03
2.708256398982999882e-03
5.164559330195200165e-03
3.515210218597299933e-03
4.675265185338399639e-03
3.254540288946299823e-03
4.317445511902700400e-03
4.171322092880599790e-03
4.892534391063000157e-03
3.019104227640800192e-03
3.058235456080199942e-03
3.575448508368099954e-03
2.443599193351399853e-03
4.421132540385300236e-03
3.031183686110599986e-03
3.541397193452000026e-03
2.867802468790400187e-03
2.824262283411500124e-03
3.111594794743799929e-03
4.418213621498999662e-03
3.442617127686599821e-03
4.518768644318799967e-03
4.111034988371600231e-03
2.735097391560699798e-03
2.822808560641400059e-03
4.813442862799000022e-03
3.320991440070099852e-03
8.406794652159399819e-03
2.955206270159300031e-03
3.904218716960500182e-03
7.331662274915800269e-03
3.690549829777700110e-03
4.251748775763199845e-03
3.527297837722600041e-03
7.770061827052500252e-03
5.577336722474100089e-03
3.490890514604800144e-03
4.892052404749900295e-03
1.701926791128649877e-02
4.904607742836099987e-03
2.185065813852800180e-03
1.009330361835649933e-02
1.044405138476179988e-02
7.591721725237699815e-03
6.378135408793800080e-03
2.220689913336099976e-03
7.649971977206700309e-03
5.845880500337800184e-03
3.781466405015200018e-03
2.815577673588900032e-03
2.928127560923999943e-03
5.375258248478499874e-03
2.390027004544699983e-03
3.283599488698600143e-03
6.380335994176300311e-03
2.904200115947900163e-03
2.730144901920199870e-03
1.985393646433600019e-03
5.148237049747099621e-03
7.348722676080499984e-03
5.756305714868999689e-03
6.104351540952100003e-03
1.459436557016089916e-02
4.339544515264900058e-03
2.905285517126399934e-03
5.633973981600100267e-03
3.832076087681299953e-03
3.525887465173199991e-03
5.317421468000600206e-03
8.797162863312000744e-03
3.703572330204000021e-03
6.421182469257100296e-03
2.959579282838699886e-03
8.716596272675599180e-03
1.121887059252540085e-02
4.341251724201700309e-03
3.321879731590700151e-03
3.742382097302099798e-03
4.569143790582499975e-03
2.726806324308500215e-03
3.011697475873200032e-03
2.862095094605699840e-03
5.423379477486499865e-03
3.695809235729300216e-03
7.463718227972399900e-03
8.695118637333800263e-03
6.140905991888399862e-03
1.557224886318439930e-02
7.079093559522299864e-03
8.375698780793300671e-03
3.422234186564099799e-03
1.371440417477210079e-02
2.432999773546900071e-03
3.096956212069099795e-03
5.992059105678700266e-03
4.902783341550799763e-03
3.320659631121700150e-03
3.811488829170099797e-03
7.745762001269499916e-03
4.329209470371599838e-03
2.850416182836300067e-03
4.182062082765799702e-03
3.235545399617499943e-03
4.402843967778499734e-03
2.783816850011899997e-03
2.925949397362700207e-03
4.047044833018900029e-03
3.889686936862900030e-03
2.557009836756499871e-02
6.873430979972099814e-03
3.095965692522299924e-03
1.120779491964049926e-02
3.222236152638500214e-03
3.307214633287400112e-03
3.228535371154400008e-03
3.784783397452599809e-03
7.952660749228800813e-03
2.239455460129599791e-03
4.148514750519000094e-03
7.503504411421500417e-03
4.846264407632699597e-03
2.748469187386299965e-03
5.940019704352900165e-03
3.147007338300900157e-03
7.563232476701400170e-03
6.667298824744600193e-03
3.421164911273900065e-03
1.121049520873240030e-02
2.740677926876399807e-03
7.114205561553700423e-03
3.284854102391500039e-03
4.088865103582199796e-03
7.043575423798099748e-03
3.339597020062899831e-03
2.752064414301000003e-03
3.641349045222399931e-03
2.022683946409299834e-03
4.904892791065799777e-03
5.041818573740399802e-03
2.647659733863800147e-03
6.686868286231799872e-03
3.735107707816699880e-03
4.852760598119500342e-03
6.050787326278199950e-03
5.311017481497200092e-03
3.768130774307700166e-03
9.487187764298700074e-03
9.395529989980999641e-03
3.167475772569899872e-03
5.203744241700000023e-03
1.153647367546840018e-02
2.685382097827399873e-03
5.219057351289800237e-03
5.494149987251600170e-03
8.498129166788999378e-03
5.224938080593499908e-03
9.718737182332999255e-03
3.258183682705500205e-03
5.668370626303699707e-03
4.129691968267000003e-03
5.803816567417599721e-03
4.011918798083599809e-03
2.303293581284200121e-03
2.446496861712799901e-03
6.329077006540099852e-03
4.504130262317300112e-03
7.073432057997999789e-03
6.393189847506600132e-03
4.127100657274200210e-03
7.457880385712699692e-03
6.959923344474100090e-03
3.255051020896100079e-03
5.587239834879200416e-03
2.812521208996299985e-03
4.231900481693600183e-03
6.277367328889000078e-03
9.574777997393800824e-03
5.050829240835199609e-03
6.761746926672899775e-03
5.987644087857599967e-03
4.642061250956099928e-03
4.453973913381700095e-03
9.080202731477400244e-03
4.261250240869599720e-03
7.995488684415099495e-03
4.284514365458499952e-03
4.548835132864499989e-03
2.516869023758300152e-03
5.007251967363299597e-03
7.027345257204099978e-03
3.149913267935800128e-03
4.174806374041300193e-03
6.022222683355200369e-03
2.485692124237299985e-03
8.344646720994400302e-03
2.969353268409500018e-03
7.479441164834299723e-03
2.266804737476900162e-03
4.116589168372200222e-03
3.731085386992800089e-03
1.124015598549290076e-02
5.794247299168099781e-03
2.615124488910500113e-03
5.207726173759100186e-03
3.897623511008000037e-03
4.127687982926200178e-03
1.284308278207980068e-02
3.980290657155900053e-03
3.559750113434100201e-03
4.124582320587800131e-03
6.432462891084799600e-03
3.669043165616600165e-03
9.691697458707099200e-03
1.031167763705599996e-02
6.447511380696599632e-03
9.170373210082200660e-03
3.979885967939999700e-03
1.696218566026199900e-02
4.651763844029799776e-03
3.302682478613699815e-03
6.596576316831400354e-03
4.450554195553299910e-03
1.527528097859390081e-02
4.032673796122800136e-03
2.163947269079900121e-03
3.587235231989800016e-03
2.771676007296399857e-03
1.073650350225809937e-02
1.202990393795579961e-02
2.714674174537299797e-03
7.076863466550900421e-03
5.320633407413200358e-03
2.950644613811399808e-03
6.891231007560299875e-03
7.176870709854899812e-03
3.407620952085800049e-03
3.137881513412800038e-03
3.005485058994400091e-03
3.610488633407499866e-03
5.162748630551100039e-03
7.613926188154099967e-03
2.688975121237500206e-03
5.291828294863800200e-03
6.538128863613400232e-03
3.439997538229900079e-03
6.076139445959300237e-03
7.312285803821099925e-03
7.221014248344800011e-03
4.664260288162799979e-03
4.243668039390099608e-03
4.956806595223500062e-03
5.000641887776299636e-03
4.781158244241800158e-03
4.391696803778800083e-03
2.610534275986100151e-03
3.800831044935899794e-03
9.612392616774299153e-03
2.983503521182799805e-03
3.728185807126300003e-03
7.879968668027500719e-03
2.344408150490299991e-03
3.839263811060799995e-03
6.264197701415099608e-03
5.361279650474300336e-03
4.745932409793100076e-03
4.086927408130900351e-03
3.548088664075100054e-03
5.902273476844599812e-03
3.128742105607599817e-03
2.397425532848199928e-03
4.120040450720299785e-03
7.075992922216800020e-03
6.571216595430300067e-03
3.632420427613099797e-03
2.003866804072199862e-03
3.277397718386599809e-03
4.114663082717600305e-03
4.179668650082400336e-03
3.023204185783300024e-03
9.134872385732200131e-03
4.448133196922100102e-03
7.980347222064400337e-03
3.898001123906699901e-03
2.599266656525500013e-03
3.503640861345200166e-03
4.468321133671700369e-03
8.020581993828700476e-03
5.414152892861200106e-03
8.298734061318400329e-03
8.273167088684599269e-03
6.563783490786299739e-03
4.630303434386300043e-03
5.065516413580300158e-03
6.605058287976300381e-03
5.702474132016599820e-03
7.377286755556099716e-03
6.181536155397599798e-03
4.226687606806499818e-03
3.508873480247700141e-03
6.413490691912300014e-03
3.043259251225399840e-03
4.102090188708800399e-03
3.406726233982799827e-03
6.722243710410200426e-03
5.185655949188399706e-03
4.870056457196200381e-03
5.874906668162200099e-03
7.933978497972700786e-03
3.334389865069000043e-03
5.721618833389299774e-03
3.423995824025000134e-03
8.621633968375199547e-03
9.566609161334799910e-03
2.607225952840100131e-03
4.181284359558199576e-03
5.724593372038199769e-03
3.188703446957100000e-03
5.837740196780299637e-03
3.056402174056900133e-03
2.531593265128200161e-03
4.227306607881699957e-03
3.029776874126399819e-03
5.436778828166099684e-03
3.050424284834700028e-03
8.301371308630300233e-03
7.971692441064600482e-03
2.278096701813899817e-03
5.702409900328600165e-03
3.159334890626999855e-03
4.336714698899699592e-03
4.931792822277300016e-03
3.165160116918200144e-03
1.389706423273620074e-02
4.692912062073099737e-03
1.619360946162570064e-02
1.719273328787269961e-02
5.388615745946800234e-03
3.059114326777499955e-03
2.741037376173999923e-03
4.392802271402300278e-03
5.103598930893099572e-03
8.065874732528999919e-03
5.082174835001900155e-03
3.342007124333900084e-03
4.567634021252000263e-03
5.981602274339899682e-03
2.877335551471899792e-03
2.973117876089899792e-03
2.791496535881799954e-03
4.150617612420299911e-03
2.468003669685300133e-03
7.659096162754700128e-03
4.897614560285599820e-03
2.136293865122500159e-03
2.610993548290800170e-03
4.049460289984900194e-03
3.704368698978199956e-03
8.017234913014700121e-03
7.375564624487800265e-03
4.518611076964900233e-03
3.409045453691000004e-03
3.569449626286499803e-03
3.413155375109000033e-03
6.106184891030400248e-03
3.659189460787100074e-03
3.117193767938800097e-03
3.320015467745700190e-03
4.681793836725399970e-03
8.344049867024099301e-03
7.095617713002599913e-03
3.590748839820899832e-03
4.031278565753199615e-03
8.003737360940300569e-03
2.291588291512099834e-03
4.558656856096600200e-03
1.075895968097690010e-02
2.912471812783000002e-03
3.244113268994000109e-03
2.567956529253200004e-03
3.681583071289100048e-03
2.429278073737199933e-03
6.727439437769500326e-03
2.521054952049100149e-03
6.422816357567699870e-03
3.579984602540399984e-03
6.932841166738599840e-03
3.746505135442900185e-03
4.137541871538299651e-03
3.507677260355399843e-03
3.753259760589999945e-03
6.836342074591899957e-03
4.818425587284899843e-03
2.671000296370999987e-03
6.816822240014099900e-03
2.646878367121699872e-03
4.030757400201199700e-03
2.761342904884299832e-03
3.373620383997699874e-03
3.488248200800799816e-03
6.853172340079900261e-03
4.622513307074999946e-03
4.532920447112400233e-03
5.725302935848599825e-03
6.014844246396300158e-03
7.486114267553000030e-03
3.196887925520400155e-03
3.334829532672300024e-03
3.841638847531199819e-03
3.997095907985100290e-03
8.635904542822399679e-03
3.084699754544500006e-03
2.462749637689699844e-03
5.564095914192800259e-03
3.625429340625499919e-03
5.211706977330900215e-03
3.947659294716399786e-03
1.137400460034869963e-02
2.699299355214499797e-03
3.820516314408399852e-03
2.660817545804999937e-03
4.245188771006799637e-03
2.920137132697600037e-03
3.551463733342999970e-03
9.467497057357299531e-03
4.786444477456699986e-03
6.323249320780400043e-03
4.342742967597000049e-03
4.498311217352800317e-03
3.020882139117800087e-03
7.139025297816599738e-03
1.097428250957989924e-02
9.335808828693200126e-03
9.679812290029000260e-03
4.712609778124999746e-03
5.603622286666300016e-03
6.817609270782399623e-03
2.826120797773900000e-03
4.149047339237200288e-03
9.844820242879600766e-03
3.927110403241999836e-03
8.223905456835500088e-03
7.071864340752899609e-03
3.966784889852199847e-03
3.011945265718100114e-03
4.732880657730099624e-03
3.117486651881299850e-03
2.360015571446499958e-03
3.790292558210000152e-03
5.793055118661999577e-03
4.527654393018799676e-03
3.754619827452800127e-03
3.374485835220300024e-03
1.217916228630640078e-02
3.496646526077399914e-03
2.611504174355200152e-03
1.048576152492190078e-02
8.794458497488000237e-03
3.187941605114900153e-03
4.908399683252399892e-03
5.882532331290499586e-03
3.723959313498400193e-03
3.985254963994200143e-03
1.029990649984099949e-02
4.149823503388099834e-03
2.973973224196100034e-03
5.118542384434199982e-03
3.146869097228500046e-03
3.724510086136799836e-03
6.468465735104999940e-03
4.416922435936300288e-03
6.899179872061999945e-03
6.183600047688599631e-03
2.697006191841599954e-03
3.683395530620099841e-03
2.534983680515500055e-03
5.391207843193900409e-03
1.968835724479799879e-03
3.047644079082899912e-03
3.066117602182500193e-03
5.474864097804199928e-03
3.868312439253100091e-03
4.984180914208100228e-03
1.123912525697749916e-02
4.013545381861399579e-03
4.349948546454599635e-03
5.324239560225399633e-03
2.647160076654199879e-03
4.906029846178400038e-03
3.519887965554999859e-03
5.143657549933100190e-03
9.114906475285799309e-03
3.740253006103999925e-03
1.021153811080260064e-02
4.111224971982000223e-03
4.060990502140499753e-03
4.739129240177399581e-03
8.763327607424899884e-03
5.475946750683799609e-03
3.540796833560799946e-03
4.081695546127799869e-03
2.475446016629699857e-03
3.151908715097300091e-03
7.354423733158300253e-03
3.132355926121000063e-03
3.569991164451499950e-03
2.680108598110899840e-03
3.134349553341399860e-03
5.616457098164199906e-03
4.592043469720400242e-03
2.910854890387299960e-03
3.021201992688700173e-03
3.891530531915000143e-03
7.507261727637899902e-03
3.243879884426200105e-03
7.174839756860100330e-03
5.480091211137400400e-03
2.545235264567299784e-03
1.503472825976160006e-02
8.618744427814000603e-03
3.337532526901099833e-03
3.368929706806099867e-03
3.572953220229299880e-03
4.154986341232899845e-03
3.495558970262900144e-03
7.742909045709300137e-03
3.449494581324700181e-03
3.024688338704600160e-03
7.837050715062099729e-03
3.164263008773099926e-03
5.306796034599800364e-03
7.940630781964899687e-03
1.081726890600080010e-02
3.095170296949399918e-03
3.012988594681300161e-03
3.131972629978299789e-03
1.343448413687260007e-02
6.027504498529900022e-03
3.502783734594300084e-03
8.265194075868100010e-03
3.653210306995999853e-03
5.369609391040799581e-03
6.923447051323999846e-03
7.164491584921200279e-03
2.547807988323499886e-03
4.574302930921699678e-03
3.314927288635300187e-03
2.921524678731799926e-03
6.954399810703599735e-03
4.057112544988099659e-03
2.409419109160399787e-03
4.805771439919600228e-03
6.082555539443699685e-03
1.091667222585900043e-02
1.471251193088410000e-02
2.541067505144000132e-03
8.468074852176699779e-03
7.745551948805100284e-03
3.610579556628200175e-03
2.773125061350799857e-03
3.292358229337699876e-03
4.043811562191600151e-03
3.643160209011600016e-03
4.059999311397600313e-03
3.940702190246800005e-03
3.700577255249400208e-03
3.314546234055899907e-03
5.643288195920599833e-03
3.303851761544000180e-03
4.091544119015900344e-03
4.897515251252399816e-03
3.362550075046600185e-03
4.340143500329999952e-03
8.038068833701400226e-03
2.789070057404200147e-03
8.679393068180600579e-03
9.579637323857800174e-03
7.969484686926899680e-03
3.427351456086099799e-03
4.088575071963800045e-03
6.566286649763599867e-03
2.799589557488099852e-03
3.345249510861800137e-03
1.752718256649640066e-02
9.774105438696799319e-03
6.314179614415899727e-03
6.505108756875000071e-03
6.120094515959099632e-03
1.107904775210200032e-02
2.507335859278500209e-03
5.035230889698199576e-03
8.578389999181200085e-03
7.064113056257899717e-03
3.086185130709199944e-03
5.459192744163099929e-03
8.985865198436800844e-03
4.421908992489199768e-03
6.333508131987600383e-03
8.868621742140800346e-03
4.202288045985699827e-03
3.568674715444899916e-03
2.834177482586599812e-03
1.003233433446219965e-02
1.384615789371180031e-02
5.024046779370099601e-03
4.165111394790799865e-03
8.109344489813799864e-03
9.752094946523799657e-03
3.127747930976599797e-03
6.928008324475700037e-03
3.471974891115899887e-03
4.076965618555099605e-03
7.267507129049700053e-03
3.094627868347900063e-03
3.199590722962900036e-03
3.383395379207100161e-03
4.111157639883599932e-03
4.237341325870299866e-03
6.834668006557399929e-03
3.022166956485499920e-03
2.829417034111600133e-03
7.351577096208999733e-03
4.810382378032000000e-03
3.256691359961200096e-03
5.134352039856700418e-03
3.664558178909200006e-03
7.641730481876599611e-03
6.355362434087800244e-03
3.113680922895900073e-03
2.919478148669699905e-03
3.380687045590699893e-03
4.468885046416499682e-03
5.264446446631599642e-03
1.012553281447339977e-02
5.753344612103099623e-03
3.243691764758800059e-03
2.911882985820300144e-03
8.526274297194800372e-03
3.210628813499599808e-03
4.043931813277499773e-03
6.307689686074299806e-03
3.059589725720100045e-03
4.701564309989299945e-03
