5.251150160600138658e-03
4.122176862268359977e-03
5.575319130266222743e-03
4.916484167693136766e-03
3.923231187712809820e-03
3.994446310479871434e-03
4.030498308126450983e-03
4.236168495366888359e-03
5.556392453891055225e-03
3.912370315735532421e-03
3.914793942827008918e-03
4.014836423321071698e-03
4.655866596099246177e-03
4.299990065634211669e-03
3.937568054299026878e-03
6.445807630992141796e-03
3.937568054299026878e-03
5.112429112438404005e-03
3.937568054299026878e-03
4.014836423321071698e-03
6.462940712185365720e-03
4.176691874126182633e-03
3.957690546491748375e-03
5.041512686392078321e-03
3.937568054299026878e-03
7.866733975665358286e-03
3.937568054299026878e-03
4.014836423321071698e-03
4.438201411823629143e-03
6.180186269775898508e-03
4.813032413716647820e-03
5.479422730412961302e-03
3.983484668197066932e-03
4.739630436846007169e-03
5.246498974870123476e-03
6.936077086773638316e-03
5.804145330591647077e-03
4.299990065634211669e-03
4.176691874126182633e-03
4.511357867033184525e-03
4.697482840058703375e-03
5.647172114168143471e-03
5.506692179938030285e-03
5.180542887791261299e-03
4.236168495366888359e-03
5.107332218138836005e-03
5.891060137062472529e-03
4.770290601693405116e-03
6.086232581395369795e-03
4.968157945453405624e-03
8.637410024198773073e-03
3.937568054299026878e-03
7.476919124265705638e-03
4.677360347865981011e-03
3.965091907191075314e-03
4.739630436846007169e-03
5.375527232104344161e-03
4.663023481279763953e-03
5.107332218138836005e-03
5.251150160600138658e-03
6.315111423833176876e-03
6.246484473504985285e-03
6.386964407735097604e-03
5.402481333467597929e-03
5.781304979959032454e-03
5.707950239020360625e-03
5.251150160600138658e-03
8.606526269232311552e-03
4.697482840058703375e-03
4.813032413716647820e-03
7.742781670378118264e-03
6.315844047414066742e-03
5.575319130266222743e-03
5.107332218138836005e-03
4.511357867033184525e-03
5.506692179938030285e-03
7.185599924559095929e-03
6.315111423833176876e-03
4.916484167693136766e-03
8.637410024198773073e-03
4.236168495366888359e-03
8.341336604537084864e-03
6.543937624158601210e-03
5.311194660649610523e-03
6.586357592081648615e-03
4.682113395733107641e-03
5.440393976208944375e-03
4.663023481279763953e-03
3.916074302532291176e-03
4.916484167693136766e-03
5.375527232104344161e-03
5.575319130266222743e-03
6.050986954216564656e-03
8.539638176265561612e-03
4.652162609302486554e-03
3.912370315735532421e-03
4.916484167693136766e-03
4.933332149692710826e-03
6.734815023487814890e-03
4.073240120149693687e-03
5.039782359201166670e-03
5.375527232104344161e-03
5.479422730412961302e-03
4.704884200758029447e-03
3.937568054299026878e-03
7.185599924559095929e-03
5.112429112438404005e-03
5.632773843545612474e-03
4.861969155835314978e-03
4.030498308126450983e-03
5.251150160600138658e-03
6.386964407735097604e-03
5.246498974870123476e-03
4.299990065634211669e-03
4.176691874126182633e-03
4.677360347865981011e-03
5.107332218138836005e-03
5.375527232104344161e-03
6.386964407735097604e-03
4.367539924571881005e-03
5.852221406005358138e-03
4.511357867033184525e-03
5.852221406005358138e-03
5.440393976208944375e-03
3.994446310479871434e-03
4.655866596099246177e-03
4.739630436846007169e-03
6.936077086773638316e-03
4.704884200758029447e-03
4.975960788933843360e-03
3.912370315735532421e-03
5.575319130266222743e-03
4.892981549978657474e-03
4.655866596099246177e-03
5.984790125005506195e-03
4.739630436846007169e-03
3.923231187712809820e-03
4.586392629844279062e-03
6.315111423833176876e-03
4.892981549978657474e-03
4.916484167693136766e-03
3.926019899311195167e-03
4.665812192878149300e-03
3.937568054299026878e-03
3.942321102166152641e-03
4.654586236393963052e-03
5.039782359201166670e-03
4.662689039900643796e-03
5.707950239020360625e-03
4.677360347865981011e-03
5.107332218138836005e-03
8.079628825272982054e-03
6.050986954216564656e-03
4.770290601693405116e-03
8.216711417832658904e-03
4.662689039900643796e-03
4.739630436846007169e-03
7.781668006702470441e-03
5.375527232104344161e-03
6.115319525671299161e-03
4.655866596099246177e-03
4.654586236393963052e-03
5.575319130266222743e-03
5.041512686392078321e-03
6.586357592081648615e-03
4.697482840058703375e-03
3.994446310479871434e-03
4.754628716888025831e-03
4.916484167693136766e-03
4.861969155835314978e-03
4.697482840058703375e-03
4.299990065634211669e-03
4.236168495366888359e-03
5.984790125005506195e-03
4.916484167693136766e-03
7.627578072748942596e-03
3.916074302532291176e-03
7.474607317054769023e-03
5.632773843545612474e-03
5.251150160600138658e-03
5.440393976208944375e-03
5.246498974870123476e-03
5.920335181358215432e-03
5.891060137062472529e-03
5.804145330591647077e-03
6.315111423833176876e-03
7.339836531706027054e-03
5.402481333467597929e-03
5.326184923411234062e-03
6.630852430629426662e-03
4.367539924571881005e-03
5.180542887791261299e-03
7.326149885648602748e-03
4.655866596099246177e-03
8.079628825272982054e-03
6.586357592081648615e-03
4.438201411823629143e-03
4.968157945453405624e-03
4.861969155835314978e-03
4.438201411823629143e-03
5.781304979959032454e-03
6.086232581395369795e-03
4.734238604046825567e-03
6.543937624158601210e-03
8.079628825272982054e-03
3.942321102166152641e-03
4.682113395733107641e-03
4.665812192878149300e-03
5.647172114168143471e-03
3.923231187712809820e-03
8.079628825272982054e-03
6.724582418572460328e-03
3.926019899311195167e-03
3.916074302532291176e-03
4.697482840058703375e-03
5.402481333467597929e-03
4.770290601693405116e-03
3.965091907191075314e-03
4.236168495366888359e-03
4.677360347865981011e-03
5.984790125005506195e-03
4.916484167693136766e-03
4.586392629844279062e-03
7.601544310970129864e-03
3.942321102166152641e-03
4.014836423321071698e-03
4.770290601693405116e-03
5.632773843545612474e-03
3.916074302532291176e-03
4.916484167693136766e-03
3.942321102166152641e-03
4.816600160324101092e-03
3.926019899311195167e-03
5.781304979959032454e-03
4.682113395733107641e-03
3.923231187712809820e-03
8.539638176265561612e-03
6.724582418572460328e-03
4.367539924571881005e-03
5.920335181358215432e-03
5.041512686392078321e-03
5.041512686392078321e-03
7.742781670378118264e-03
5.804145330591647077e-03
4.511357867033184525e-03
7.326149885648602748e-03
3.994446310479871434e-03
5.112429112438404005e-03
4.176691874126182633e-03
6.724582418572460328e-03
4.770290601693405116e-03
4.813032413716647820e-03
5.107332218138836005e-03
4.697482840058703375e-03
3.916074302532291176e-03
3.957690546491748375e-03
5.506692179938030285e-03
