6.079494296464548065e-06
6.083323559231173364e-06
6.084149008835112458e-06
6.083971127984545870e-06
6.100615237666939115e-06
6.081107123923669738e-06
6.082177787785056365e-06
6.081808258497659851e-06
6.084372044508702104e-06
6.092576580939011488e-06
6.097057098086740884e-06
6.116494250861927927e-06
6.086238156261142995e-06
6.080445598778556973e-06
6.102890938959806488e-06
6.103223829613415549e-06
6.102890938959806488e-06
6.087864010260589132e-06
6.102890938959806488e-06
6.116494250861927927e-06
6.089802728036378648e-06
6.082857084718900148e-06
6.104474792192504960e-06
6.087510015522095189e-06
6.102890938959806488e-06
6.255507419809669891e-06
6.102890938959806488e-06
6.116494250861927927e-06
6.078043936125177288e-06
6.083725075562898595e-06
6.083634651099759403e-06
6.082377953480740702e-06
6.107524800339207619e-06
6.080283967966942331e-06
6.085913852760890858e-06
6.101860889765577894e-06
6.092530904948296569e-06
6.080445598778556973e-06
6.082857084718900148e-06
6.077555031078264238e-06
6.100833274205303311e-06
6.086355810127214477e-06
6.082863362119336462e-06
6.087222539376797155e-06
6.081808258497659851e-06
6.080787183075889139e-06
6.095752995520090087e-06
6.082419118521600020e-06
6.100561860166424834e-06
6.086251970246987727e-06
6.494188224162260242e-06
6.102890938959806488e-06
6.193172806709471497e-06
6.099577765066113179e-06
6.080699308434481843e-06
6.080283967966942331e-06
6.083166718712266851e-06
6.097663889002837409e-06
6.080787183075889139e-06
6.079494296464548065e-06
6.084986037844061806e-06
6.083859600871321070e-06
6.087039366564937293e-06
6.080778508794851317e-06
6.089460448194402941e-06
6.088273240613534898e-06
6.079494296464548065e-06
6.251581916920036641e-06
6.100833274205303311e-06
6.083634651099759403e-06
7.163958406475915238e-06
6.102396252927776118e-06
6.084149008835112458e-06
6.080787183075889139e-06
6.077555031078264238e-06
6.082863362119336462e-06
6.103345303713699146e-06
6.084986037844061806e-06
6.083971127984545870e-06
6.494188224162260242e-06
6.081808258497659851e-06
6.208940233582112919e-06
6.092940033093899099e-06
6.084408708077300615e-06
6.105678778669784247e-06
6.080715597919299052e-06
6.082567716229798553e-06
6.097663889002837409e-06
6.087978746031229014e-06
6.083971127984545870e-06
6.083166718712266851e-06
6.084149008835112458e-06
6.085878735751962905e-06
6.234204276567215837e-06
6.090419084697839466e-06
6.092576580939011488e-06
6.083971127984545870e-06
6.426576137071964510e-06
6.111495855733772524e-06
6.083068980318614792e-06
6.081979902284835692e-06
6.083166718712266851e-06
6.082377953480740702e-06
6.080198634782637007e-06
6.102890938959806488e-06
6.103345303713699146e-06
6.087864010260589132e-06
6.086456726219059684e-06
6.084179852627231592e-06
6.082177787785056365e-06
6.079494296464548065e-06
6.087039366564937293e-06
6.085913852760890858e-06
6.080445598778556973e-06
6.082857084718900148e-06
6.099577765066113179e-06
6.080787183075889139e-06
6.083166718712266851e-06
6.087039366564937293e-06
6.079088679829841640e-06
6.089721713390013566e-06
6.077555031078264238e-06
6.089721713390013566e-06
6.082567716229798553e-06
6.081107123923669738e-06
6.086238156261142995e-06
6.080283967966942331e-06
6.101860889765577894e-06
6.080198634782637007e-06
6.083148023571924767e-06
6.092576580939011488e-06
6.084149008835112458e-06
6.084387354691277359e-06
6.086238156261142995e-06
6.098529800457864326e-06
6.080283967966942331e-06
6.100615237666939115e-06
6.077767790363832743e-06
6.084986037844061806e-06
6.084387354691277359e-06
6.083971127984545870e-06
6.084119110340052370e-06
6.082798666732633152e-06
6.102890938959806488e-06
6.081620216033595863e-06
6.094493495427188004e-06
6.081979902284835692e-06
6.078709699824991940e-06
6.088273240613534898e-06
6.099577765066113179e-06
6.080787183075889139e-06
6.174124485266760834e-06
6.085878735751962905e-06
6.082419118521600020e-06
6.192815977012106708e-06
6.078709699824991940e-06
6.080283967966942331e-06
6.136697644049383261e-06
6.083166718712266851e-06
6.084483283130834790e-06
6.086238156261142995e-06
6.094493495427188004e-06
6.084149008835112458e-06
6.087510015522095189e-06
6.105678778669784247e-06
6.100833274205303311e-06
6.081107123923669738e-06
6.112326729540460158e-06
6.083971127984545870e-06
6.084179852627231592e-06
6.100833274205303311e-06
6.080445598778556973e-06
6.081808258497659851e-06
6.098529800457864326e-06
6.083971127984545870e-06
6.122036040471803573e-06
6.087978746031229014e-06
6.111754708524186448e-06
6.086456726219059684e-06
6.079494296464548065e-06
6.082567716229798553e-06
6.085913852760890858e-06
6.088966962740614976e-06
6.095752995520090087e-06
6.092530904948296569e-06
6.084986037844061806e-06
6.174121921620743966e-06
6.080778508794851317e-06
6.079785307519307394e-06
6.096048820612253431e-06
6.079088679829841640e-06
6.087222539376797155e-06
6.105864685287283047e-06
6.086238156261142995e-06
6.174124485266760834e-06
6.105678778669784247e-06
6.078043936125177288e-06
6.086251970246987727e-06
6.084179852627231592e-06
6.078043936125177288e-06
6.089460448194402941e-06
6.100561860166424834e-06
6.080990953342479556e-06
6.092940033093899099e-06
6.174124485266760834e-06
6.081620216033595863e-06
6.080715597919299052e-06
6.082798666732633152e-06
6.086355810127214477e-06
6.100615237666939115e-06
6.174124485266760834e-06
6.098733365003306349e-06
6.084119110340052370e-06
6.087978746031229014e-06
6.100833274205303311e-06
6.080778508794851317e-06
6.082419118521600020e-06
6.080699308434481843e-06
6.081808258497659851e-06
6.099577765066113179e-06
6.098529800457864326e-06
6.083971127984545870e-06
6.077767790363832743e-06
6.209837906085080541e-06
6.081620216033595863e-06
6.116494250861927927e-06
6.082419118521600020e-06
6.086456726219059684e-06
6.087978746031229014e-06
6.083971127984545870e-06
6.081620216033595863e-06
6.082278153037049257e-06
6.084119110340052370e-06
6.089460448194402941e-06
6.080715597919299052e-06
6.100615237666939115e-06
6.234204276567215837e-06
6.098733365003306349e-06
6.079088679829841640e-06
6.088966962740614976e-06
6.087510015522095189e-06
6.087510015522095189e-06
7.163958406475915238e-06
6.092530904948296569e-06
6.077555031078264238e-06
6.105864685287283047e-06
6.081107123923669738e-06
6.087864010260589132e-06
6.082857084718900148e-06
6.098733365003306349e-06
6.082419118521600020e-06
6.083634651099759403e-06
6.080787183075889139e-06
6.100833274205303311e-06
6.087978746031229014e-06
6.104474792192504960e-06
6.082863362119336462e-06
