2.526915466854169710e-03
2.520460984218792378e-03
2.626301153854553819e-03
2.636851177857469156e-03
2.592177545113692229e-03
2.612621149884223389e-03
2.573904533584232910e-03
2.625648732322973921e-03
2.534840576980142927e-03
2.731772223863397370e-03
2.534840576980142927e-03
2.586434332485018119e-03
2.484734080177537514e-03
2.477640107589502982e-03
2.540119354082194959e-03
2.580280026690076264e-03
2.612822029011333154e-03
2.501800545049446753e-03
2.520460984218792378e-03
2.580280026690076264e-03
2.540119354082194959e-03
2.540119354082194959e-03
2.573904533584232910e-03
2.653314679308005179e-03
2.612822029011333154e-03
2.502045804340395120e-03
2.553260049686591551e-03
2.546731832404845568e-03
2.608096282846812230e-03
2.625648732322973921e-03
2.534840576980142927e-03
2.650153470907318926e-03
2.523153421744815921e-03
2.540119354082194959e-03
2.592177545113692229e-03
2.554135561751278219e-03
2.534840576980142927e-03
2.710452319919747291e-03
2.523153421744815921e-03
2.567376316302486926e-03
2.489493689388421090e-03
2.571656328609862267e-03
2.523153421744815921e-03
2.554135561751278219e-03
2.577210311887529609e-03
2.691814816104786887e-03
2.497681087766622388e-03
2.546731832404845568e-03
2.605004248425332562e-03
2.541105468116433303e-03
2.484422103305486147e-03
2.505066587203127505e-03
2.492401706228175324e-03
2.534840576980142927e-03
2.559635542792434906e-03
2.546731832404845568e-03
2.514196093082501568e-03
2.612822029011333154e-03
2.643672058652361302e-03
2.608096282846812230e-03
2.582469094937207832e-03
2.633265633781864748e-03
2.577210311887529609e-03
2.499762318056735020e-03
2.540119354082194959e-03
2.573904533584232910e-03
2.554135561751278219e-03
2.534840576980142927e-03
2.662709767886172699e-03
2.605004248425332562e-03
2.488111719612292379e-03
2.711127739965756012e-03
2.498284591487144341e-03
2.497223600018135675e-03
2.573904533584232910e-03
2.484422103305486147e-03
2.541105468116433303e-03
2.498020270030167165e-03
2.523153421744815921e-03
2.638929222709517422e-03
2.514196093082501568e-03
2.659573706607158781e-03
2.546397499055792508e-03
2.643672058652361302e-03
2.489528637727327944e-03
2.477640107589502982e-03
2.546731832404845568e-03
2.481401320442753761e-03
2.534840576980142927e-03
2.582469094937207832e-03
2.571656328609862267e-03
2.573904533584232910e-03
2.721687471120848040e-03
2.488111719612292379e-03
2.686521137536416158e-03
2.547559950751811068e-03
2.499762318056735020e-03
2.650153470907318926e-03
2.488111719612292379e-03
2.728435916026013264e-03
2.582469094937207832e-03
2.580280026690076264e-03
2.582469094937207832e-03
2.541105468116433303e-03
2.479117834159093661e-03
2.554135561751278219e-03
2.546731832404845568e-03
2.479117834159093661e-03
2.559635542792434906e-03
2.484422103305486147e-03
2.596665454621043673e-03
2.540119354082194959e-03
2.553260049686591551e-03
2.592300812507503625e-03
2.600934648661499572e-03
2.592300812507503625e-03
2.662174180849981916e-03
2.608096282846812230e-03
2.565789848587376760e-03
2.534840576980142927e-03
2.514196093082501568e-03
2.573904533584232910e-03
2.514196093082501568e-03
2.648446107756798323e-03
2.659573706607158781e-03
2.603113578834849191e-03
2.492401706228175324e-03
2.721687471120848040e-03
2.534840576980142927e-03
2.553260049686591551e-03
2.540119354082194959e-03
2.643672058652361302e-03
2.608096282846812230e-03
2.508756203509933738e-03
2.567376316302486926e-03
2.596665454621043673e-03
2.553260049686591551e-03
2.612621149884223389e-03
2.533491077853636860e-03
2.571656328609862267e-03
2.638929222709517422e-03
2.617309938518684598e-03
2.547559950751811068e-03
2.587451798949170871e-03
2.567376316302486926e-03
2.553260049686591551e-03
2.565789848587376760e-03
2.508189256580296584e-03
2.534840576980142927e-03
2.573904533584232910e-03
2.567376316302486926e-03
2.541105468116433303e-03
2.669648938646289327e-03
2.523153421744815921e-03
2.547559950751811068e-03
2.608893375102816579e-03
2.514196093082501568e-03
2.547559950751811068e-03
2.497223600018135675e-03
2.481401320442753761e-03
2.541105468116433303e-03
2.648446107756798323e-03
2.492401706228175324e-03
2.553260049686591551e-03
2.546731832404845568e-03
2.560763837979836317e-03
2.505066587203127505e-03
2.502508937847174562e-03
2.577210311887529609e-03
2.540119354082194959e-03
2.731096803817388216e-03
2.559635542792434906e-03
2.580280026690076264e-03
2.508189256580296584e-03
2.567376316302486926e-03
2.659573706607158781e-03
2.481401320442753761e-03
2.481401320442753761e-03
2.648446107756798323e-03
2.629508987009677567e-03
2.665875689171842266e-03
2.592300812507503625e-03
2.586434332485018119e-03
2.577210311887529609e-03
2.560763837979836317e-03
2.534840576980142927e-03
2.540119354082194959e-03
2.502508937847174562e-03
2.586434332485018119e-03
2.580280026690076264e-03
2.554135561751278219e-03
2.520460984218792378e-03
2.573904533584232910e-03
2.577210311887529609e-03
2.559635542792434906e-03
2.517868083915776600e-03
2.534840576980142927e-03
2.553260049686591551e-03
2.708993350124989149e-03
2.513046190125816683e-03
2.434308487050158062e-03
2.710995863681651703e-03
2.534840576980142927e-03
2.547559950751811068e-03
2.708993350124989149e-03
2.655099341073872878e-03
2.517868083915776600e-03
2.523153421744815921e-03
2.508189256580296584e-03
2.514196093082501568e-03
2.546731832404845568e-03
2.533491077853636860e-03
2.508189256580296584e-03
2.528833740477937943e-03
2.508756203509933738e-03
2.498284591487144341e-03
2.546731832404845568e-03
2.526915466854169710e-03
2.669090591654439681e-03
2.498284591487144341e-03
2.505066587203127505e-03
2.587451798949170871e-03
2.573904533584232910e-03
2.679220398186536647e-03
2.505378564075178872e-03
2.534840576980142927e-03
2.534840576980142927e-03
2.540119354082194959e-03
2.546731832404845568e-03
2.479117834159093661e-03
2.533491077853636860e-03
2.540119354082194959e-03
2.580280026690076264e-03
2.547559950751811068e-03
2.508189256580296584e-03
2.592300812507503625e-03
2.596665454621043673e-03
2.554135561751278219e-03
2.526915466854169710e-03
2.520460984218792378e-03
2.648446107756798323e-03
2.528833740477937943e-03
2.528833740477937943e-03
2.565789848587376760e-03
2.728435916026013264e-03
2.540119354082194959e-03
2.559635542792434906e-03
2.514196093082501568e-03
2.573904533584232910e-03
2.621579132559140931e-03
2.540119354082194959e-03
2.540119354082194959e-03
2.502508937847174562e-03
2.577210311887529609e-03
2.553260049686591551e-03
2.477640107589502982e-03
2.540119354082194959e-03
2.596665454621043673e-03
2.517868083915776600e-03
2.534840576980142927e-03
2.573904533584232910e-03
2.681039329627639065e-03
2.547559950751811068e-03
2.523153421744815921e-03
2.554135561751278219e-03
2.513046190125816683e-03
2.540119354082194959e-03
2.571656328609862267e-03
2.553260049686591551e-03
2.533491077853636860e-03
2.567376316302486926e-03
2.656448384144527441e-03
2.477640107589502982e-03
2.573904533584232910e-03
2.477036603868981030e-03
2.554135561751278219e-03
2.513046190125816683e-03
2.673456502137173691e-03
2.612621149884223389e-03
2.669648938646289327e-03
2.492401706228175324e-03
2.541105468116433303e-03
2.612621149884223389e-03
2.481401320442753761e-03
2.517868083915776600e-03
2.520460984218792378e-03
2.534840576980142927e-03
2.567376316302486926e-03
2.534840576980142927e-03
2.686521137536416158e-03
2.498020270030167165e-03
2.560763837979836317e-03
2.517868083915776600e-03
2.567376316302486926e-03
2.541105468116433303e-03
2.571656328609862267e-03
2.582469094937207832e-03
2.560763837979836317e-03
2.546731832404845568e-03
2.600934648661499572e-03
2.508756203509933738e-03
2.573904533584232910e-03
2.648446107756798323e-03
2.513046190125816683e-03
2.477036603868981030e-03
2.502045804340395120e-03
2.464427187727757755e-03
2.528833740477937943e-03
2.586434332485018119e-03
2.540119354082194959e-03
2.479117834159093661e-03
2.612822029011333154e-03
2.508189256580296584e-03
2.513046190125816683e-03
2.502508937847174562e-03
2.580280026690076264e-03
2.464427187727757755e-03
2.560763837979836317e-03
