2.294324606472637144e-08
2.294511252119709789e-08
2.307757647457912405e-08
2.303893901431497835e-08
2.296463341305307197e-08
2.301199958274459658e-08
2.293922272487837442e-08
2.299467345486985156e-08
2.293809390280349226e-08
2.427291287276750237e-08
2.293809390280349226e-08
2.294598146312069322e-08
2.323437387936538061e-08
2.302960656327949922e-08
2.294316253069961355e-08
2.294252462637927251e-08
2.296714574165444817e-08
2.316797407723972782e-08
2.294511252119709789e-08
2.294252462637927251e-08
2.294316253069961355e-08
2.294316253069961355e-08
2.293922272487837442e-08
2.312553943572013725e-08
2.296714574165444817e-08
2.299548258331015885e-08
2.294655825250901010e-08
2.294456312299987540e-08
2.296135466436186151e-08
2.299467345486985156e-08
2.293809390280349226e-08
2.310963856854909467e-08
2.294859497576717071e-08
2.294316253069961355e-08
2.296463341305307197e-08
2.293316458223761369e-08
2.293809390280349226e-08
2.386112487735871618e-08
2.294859497576717071e-08
2.293635751277869723e-08
2.396483539026569917e-08
2.295322784196404735e-08
2.294859497576717071e-08
2.293316458223761369e-08
2.295525064353175606e-08
2.377118962510648913e-08
2.304769191996867769e-08
2.294456312299987540e-08
2.298714311110223977e-08
2.293498459438447757e-08
2.299093508490985793e-08
2.298369292188375686e-08
2.297291404132338148e-08
2.293809390280349226e-08
2.294883753581897396e-08
2.294456312299987540e-08
2.294830474087959436e-08
2.296714574165444817e-08
2.307443552282363384e-08
2.296135466436186151e-08
2.295753962002747364e-08
2.302256270625484696e-08
2.295525064353175606e-08
2.300928487676108291e-08
2.294316253069961355e-08
2.293922272487837442e-08
2.293316458223761369e-08
2.293809390280349226e-08
2.316081031120808437e-08
2.298714311110223977e-08
2.298145808635641471e-08
2.425077497260272691e-08
2.302615045230209626e-08
2.296523335590175329e-08
2.293922272487837442e-08
2.299093508490985793e-08
2.293498459438447757e-08
2.307622438235603541e-08
2.294859497576717071e-08
2.313626338290853686e-08
2.294830474087959436e-08
2.315135467939008918e-08
2.438037285416126889e-08
2.307443552282363384e-08
2.333123204028356028e-08
2.302960656327949922e-08
2.294456312299987540e-08
2.300163703643161484e-08
2.293809390280349226e-08
2.295753962002747364e-08
2.295322784196404735e-08
2.293922272487837442e-08
2.375425727885847101e-08
2.298145808635641471e-08
2.325884494043572688e-08
2.293336174921932310e-08
2.300928487676108291e-08
2.310963856854909467e-08
2.298145808635641471e-08
2.363860247223712679e-08
2.295753962002747364e-08
2.294252462637927251e-08
2.295753962002747364e-08
2.293498459438447757e-08
2.301417785682908213e-08
2.293316458223761369e-08
2.294456312299987540e-08
2.301417785682908213e-08
2.294883753581897396e-08
2.299093508490985793e-08
2.297026129796610064e-08
2.294316253069961355e-08
2.294655825250901010e-08
2.294941066489894750e-08
2.297770507268640616e-08
2.294941066489894750e-08
2.322354951542370932e-08
2.296135466436186151e-08
2.295112085165740309e-08
2.293809390280349226e-08
2.294830474087959436e-08
2.293922272487837442e-08
2.294830474087959436e-08
2.316270955498494399e-08
2.315135467939008918e-08
2.295673747470153038e-08
2.297291404132338148e-08
2.375425727885847101e-08
2.293809390280349226e-08
2.294655825250901010e-08
2.294316253069961355e-08
2.307443552282363384e-08
2.296135466436186151e-08
2.297330034368612932e-08
2.293635751277869723e-08
2.297026129796610064e-08
2.294655825250901010e-08
2.301199958274459658e-08
2.294264621928533755e-08
2.295322784196404735e-08
2.313626338290853686e-08
2.297446956151918924e-08
2.293336174921932310e-08
2.296052228443116172e-08
2.293635751277869723e-08
2.294655825250901010e-08
2.295112085165740309e-08
2.295279436765599837e-08
2.293809390280349226e-08
2.293922272487837442e-08
2.293635751277869723e-08
2.293498459438447757e-08
2.331651794137671223e-08
2.294859497576717071e-08
2.293336174921932310e-08
2.299861249965100942e-08
2.294830474087959436e-08
2.293336174921932310e-08
2.296523335590175329e-08
2.300163703643161484e-08
2.293498459438447757e-08
2.316270955498494399e-08
2.297291404132338148e-08
2.294655825250901010e-08
2.294456312299987540e-08
2.293424100637662564e-08
2.298369292188375686e-08
2.295848300469061166e-08
2.295525064353175606e-08
2.294316253069961355e-08
2.386953075841495781e-08
2.294883753581897396e-08
2.294252462637927251e-08
2.295279436765599837e-08
2.293635751277869723e-08
2.315135467939008918e-08
2.300163703643161484e-08
2.300163703643161484e-08
2.316270955498494399e-08
2.309430463472938252e-08
2.316819750275612394e-08
2.294941066489894750e-08
2.294598146312069322e-08
2.295525064353175606e-08
2.293424100637662564e-08
2.293809390280349226e-08
2.294316253069961355e-08
2.295848300469061166e-08
2.294598146312069322e-08
2.294252462637927251e-08
2.293316458223761369e-08
2.294511252119709789e-08
2.293922272487837442e-08
2.295525064353175606e-08
2.294883753581897396e-08
2.295575431317113732e-08
2.293809390280349226e-08
2.294655825250901010e-08
2.368672876757667581e-08
2.296401121638103482e-08
2.645727494547399929e-08
2.616665695987867493e-08
2.293809390280349226e-08
2.293336174921932310e-08
2.368672876757667581e-08
2.318153695940401375e-08
2.295575431317113732e-08
2.294859497576717071e-08
2.295279436765599837e-08
2.294830474087959436e-08
2.294456312299987540e-08
2.294264621928533755e-08
2.295279436765599837e-08
2.294266295124684239e-08
2.297330034368612932e-08
2.302615045230209626e-08
2.294456312299987540e-08
2.294324606472637144e-08
2.317425794609637414e-08
2.302615045230209626e-08
2.298369292188375686e-08
2.296052228443116172e-08
2.293922272487837442e-08
2.320170651325677599e-08
2.324079020548998987e-08
2.293809390280349226e-08
2.293809390280349226e-08
2.294316253069961355e-08
2.294456312299987540e-08
2.301417785682908213e-08
2.294264621928533755e-08
2.294316253069961355e-08
2.294252462637927251e-08
2.293336174921932310e-08
2.295279436765599837e-08
2.294941066489894750e-08
2.297026129796610064e-08
2.293316458223761369e-08
2.294324606472637144e-08
2.294511252119709789e-08
2.316270955498494399e-08
2.294266295124684239e-08
2.294266295124684239e-08
2.295112085165740309e-08
2.363860247223712679e-08
2.294316253069961355e-08
2.294883753581897396e-08
2.294830474087959436e-08
2.293922272487837442e-08
2.298359582033924239e-08
2.294316253069961355e-08
2.294316253069961355e-08
2.295848300469061166e-08
2.295525064353175606e-08
2.294655825250901010e-08
2.302960656327949922e-08
2.294316253069961355e-08
2.297026129796610064e-08
2.295575431317113732e-08
2.293809390280349226e-08
2.293922272487837442e-08
2.355162309483051030e-08
2.293336174921932310e-08
2.294859497576717071e-08
2.293316458223761369e-08
2.296401121638103482e-08
2.294316253069961355e-08
2.295322784196404735e-08
2.294655825250901010e-08
2.294264621928533755e-08
2.293635751277869723e-08
2.313956500727605707e-08
2.302960656327949922e-08
2.293922272487837442e-08
2.304953413293000061e-08
2.293316458223761369e-08
2.296401121638103482e-08
2.338508749039979845e-08
2.301199958274459658e-08
2.331651794137671223e-08
2.297291404132338148e-08
2.293498459438447757e-08
2.301199958274459658e-08
2.300163703643161484e-08
2.295575431317113732e-08
2.294511252119709789e-08
2.293809390280349226e-08
2.293635751277869723e-08
2.293809390280349226e-08
2.325884494043572688e-08
2.307622438235603541e-08
2.293424100637662564e-08
2.295575431317113732e-08
2.293635751277869723e-08
2.293498459438447757e-08
2.295322784196404735e-08
2.295753962002747364e-08
2.293424100637662564e-08
2.294456312299987540e-08
2.297770507268640616e-08
2.297330034368612932e-08
2.293922272487837442e-08
2.316270955498494399e-08
2.296401121638103482e-08
2.304953413293000061e-08
2.299548258331015885e-08
2.478231952764741424e-08
2.294266295124684239e-08
2.294598146312069322e-08
2.294316253069961355e-08
2.301417785682908213e-08
2.296714574165444817e-08
2.295279436765599837e-08
2.296401121638103482e-08
2.295848300469061166e-08
2.294252462637927251e-08
2.478231952764741424e-08
2.293424100637662564e-08
