6.494125768003329937e-08
6.498845348836813656e-08
6.499353201750898088e-08
6.499500974334249602e-08
6.518982879562977497e-08
6.495921257326890194e-08
6.497201560901730701e-08
6.497272022930612469e-08
6.499742821441130321e-08
6.510887597219921837e-08
6.515741356158133031e-08
6.541589854939823091e-08
6.503810814241383099e-08
6.495686416693898419e-08
6.520436870246811784e-08
6.520193052988120791e-08
6.520436870246811784e-08
6.503961681604585036e-08
6.520436870246811784e-08
6.541589854939823091e-08
6.505893460267945251e-08
6.498428526663354055e-08
6.521498891015447920e-08
6.503564418588419253e-08
6.520436870246811784e-08
6.697533083961421762e-08
6.520436870246811784e-08
6.541589854939823091e-08
6.492757003254890796e-08
6.498775859694944241e-08
6.498913020031709368e-08
6.497392051499580460e-08
6.526059555585301468e-08
6.495097765584160314e-08
6.501568030526303291e-08
6.519270614768621533e-08
6.509216498109377574e-08
6.495686416693898419e-08
6.498428526663354055e-08
6.492094998359033152e-08
6.517549808010804127e-08
6.501967641084620921e-08
6.497830033658768346e-08
6.503165137322560053e-08
6.497272022930612469e-08
6.495776859985597205e-08
6.512927542083059043e-08
6.497426100399536556e-08
6.518184990783305405e-08
6.502087079616244001e-08
6.992418324151748219e-08
6.520436870246811784e-08
6.626718151276468430e-08
6.517004096169605549e-08
6.495616935196800461e-08
6.495097765584160314e-08
6.498225832884929410e-08
6.516043391008664055e-08
6.495776859985597205e-08
6.494125768003329937e-08
6.500228735909649206e-08
6.498909541409453008e-08
6.502647160299479171e-08
6.495529778131874850e-08
6.505797590988082120e-08
6.504382352675205825e-08
6.494125768003329937e-08
6.693279923802248519e-08
6.517549808010804127e-08
6.498913020031709368e-08
7.830796615876830354e-08
6.519619687471479780e-08
6.499353201750898088e-08
6.495776859985597205e-08
6.492094998359033152e-08
6.497830033658768346e-08
6.520302574059677528e-08
6.500228735909649206e-08
6.499500974334249602e-08
6.992418324151748219e-08
6.497272022930612469e-08
6.645377076337979487e-08
6.509551583716516259e-08
6.499737091447950915e-08
6.522766425922984655e-08
6.496267737724661435e-08
6.497490349788274039e-08
6.516043391008664055e-08
6.505404704451574357e-08
6.499500974334249602e-08
6.498225832884929410e-08
6.499353201750898088e-08
6.501416971022804049e-08
6.673439277437420934e-08
6.508867162378843319e-08
6.510887597219921837e-08
6.499500974334249602e-08
7.054901908680643260e-08
6.529480582251238642e-08
6.498385146510961315e-08
6.497214803938220321e-08
6.498225832884929410e-08
6.497392051499580460e-08
6.495175408619606377e-08
6.520436870246811784e-08
6.520302574059677528e-08
6.503961681604585036e-08
6.502217572795362541e-08
6.499656150551045932e-08
6.497201560901730701e-08
6.494125768003329937e-08
6.502647160299479171e-08
6.501568030526303291e-08
6.495686416693898419e-08
6.498428526663354055e-08
6.517004096169605549e-08
6.495776859985597205e-08
6.498225832884929410e-08
6.502647160299479171e-08
6.494055931939235522e-08
6.506100077812442418e-08
6.492094998359033152e-08
6.506100077812442418e-08
6.497490349788274039e-08
6.495921257326890194e-08
6.503810814241383099e-08
6.495097765584160314e-08
6.519270614768621533e-08
6.495175408619606377e-08
6.498583957913991334e-08
6.510887597219921837e-08
6.499353201750898088e-08
6.499891998202249286e-08
6.503810814241383099e-08
6.516038601541882507e-08
6.495097765584160314e-08
6.518982879562977497e-08
6.492259097483482689e-08
6.500228735909649206e-08
6.499891998202249286e-08
6.499500974334249602e-08
6.500481664033337615e-08
6.499292847930575135e-08
6.520436870246811784e-08
6.497072562023181716e-08
6.513272517942438193e-08
6.497214803938220321e-08
6.493295329613577267e-08
6.504382352675205825e-08
6.517004096169605549e-08
6.495776859985597205e-08
6.604620051476821200e-08
6.501416971022804049e-08
6.497426100399536556e-08
6.626711365143625130e-08
6.493295329613577267e-08
6.495097765584160314e-08
6.559766296140843572e-08
6.498225832884929410e-08
6.499713443427651114e-08
6.503810814241383099e-08
6.513272517942438193e-08
6.499353201750898088e-08
6.503564418588419253e-08
6.522766425922984655e-08
6.517549808010804127e-08
6.495921257326890194e-08
6.536537530985576983e-08
6.499500974334249602e-08
6.499656150551045932e-08
6.517549808010804127e-08
6.495686416693898419e-08
6.497272022930612469e-08
6.516038601541882507e-08
6.499500974334249602e-08
6.542147373759840395e-08
6.505404704451574357e-08
6.529878539270286643e-08
6.502217572795362541e-08
6.494125768003329937e-08
6.497490349788274039e-08
6.501568030526303291e-08
6.505176339813969045e-08
6.512927542083059043e-08
6.509216498109377574e-08
6.500228735909649206e-08
6.604249672055845037e-08
6.495529778131874850e-08
6.494405415108950171e-08
6.513126069194344421e-08
6.494055931939235522e-08
6.503165137322560053e-08
6.523010444052890787e-08
6.503810814241383099e-08
6.604620051476821200e-08
6.522766425922984655e-08
6.492757003254890796e-08
6.502087079616244001e-08
6.499656150551045932e-08
6.492757003254890796e-08
6.505797590988082120e-08
6.518184990783305405e-08
6.495822722608382178e-08
6.509551583716516259e-08
6.604620051476821200e-08
6.497072562023181716e-08
6.496267737724661435e-08
6.499292847930575135e-08
6.501967641084620921e-08
6.518982879562977497e-08
6.604620051476821200e-08
6.516132249141300715e-08
6.500481664033337615e-08
6.505404704451574357e-08
6.517549808010804127e-08
6.495529778131874850e-08
6.497426100399536556e-08
6.495616935196800461e-08
6.497272022930612469e-08
6.517004096169605549e-08
6.516038601541882507e-08
6.499500974334249602e-08
6.492259097483482689e-08
6.645992911632617933e-08
6.497072562023181716e-08
6.541589854939823091e-08
6.497426100399536556e-08
6.502217572795362541e-08
6.505404704451574357e-08
6.499500974334249602e-08
6.497072562023181716e-08
6.497417868031650185e-08
6.500481664033337615e-08
6.505797590988082120e-08
6.496267737724661435e-08
6.518982879562977497e-08
6.673439277437420934e-08
6.516132249141300715e-08
6.494055931939235522e-08
6.505176339813969045e-08
6.503564418588419253e-08
6.503564418588419253e-08
7.830796615876830354e-08
6.509216498109377574e-08
6.492094998359033152e-08
6.523010444052890787e-08
6.495921257326890194e-08
6.503961681604585036e-08
6.498428526663354055e-08
6.516132249141300715e-08
6.497426100399536556e-08
6.498913020031709368e-08
6.495776859985597205e-08
6.517549808010804127e-08
6.505404704451574357e-08
6.521498891015447920e-08
6.497830033658768346e-08
