-1.845917132183383824e+00
1.181474332587503451e+00
8.553291946063733553e-01
-4.927765009451452460e-01
9.217341400828175935e-02
2.165215529149560614e-01
-1.270240250213598321e+00
-1.340201457507182115e+00
2.544030792220681736e-01
9.350580758129276582e-01
8.849914118697740362e-01
-7.163818874180507557e-01
-3.115704781021263470e-01
-1.633749554180523367e+00
-5.455662626009039062e-01
-6.182635001951582998e-01
-6.916104871683177446e-01
-1.930494463956821338e+00
1.038633407337404418e-01
5.295054986359495341e-01
4.361808100925469445e-01
-1.324573625376142649e+00
-5.301117485103687965e-01
1.459700854656129421e+00
6.595019821466346910e-01
-3.347337416120359233e-02
8.823919478940535077e-01
9.014740642752151478e-01
1.443846992862434821e-02
-5.139131928430828999e-01
8.436517210189887761e-01
-8.909200095260582097e-01
-1.102161243722644679e+00
2.572444023630282017e-01
1.398489656546658244e+00
-1.360829220549137020e+00
4.672197531063337905e-01
4.853193423872478318e-01
1.448575466830241298e+00
-1.851240929087657194e-01
1.449705252470221417e-01
-1.246772641998192599e+00
-1.219950005366550627e+00
6.745934768869812359e-01
-5.192669056872369904e-01
-1.406928094660252482e+00
6.284465401300537435e-01
-5.704377269777138881e-01
-4.515306833181373936e-01
4.282213336921013025e-01
-8.315875805349416394e-01
1.051456763909404790e+00
-2.840032155222991239e-01
-3.459175188718582872e-01
-1.159695212073127424e+00
-1.179450079878425622e-01
1.104733974569238608e+00
-1.993422290449454737e+00
1.088338262056256944e+00
1.441437214009299916e+00
-4.972732193503647258e-01
-1.575297371161857418e+00
-6.501608384509397487e-01
-1.883660771780135912e+00
-1.330495578922547828e-01
3.974386969444019813e-01
1.474920574899395431e+00
-2.272991303216846504e+00
1.440381071639954547e+00
-1.064047743309798122e+00
1.591750841058011456e+00
3.139207479964797876e-01
-6.534386116768468866e-02
-8.954863198985318906e-01
8.592158612226480363e-01
-7.117825546083573762e-01
-3.890112918793127705e-01
1.255477036395276969e+00
7.083178234898181991e-01
-8.455140354501015088e-01
4.480746217940917431e-01
-2.210792283132199554e+00
-7.073297646411897954e-01
8.380223080635609278e-01
-4.545044007191894053e-01
-1.481068795637142665e+00
-4.303300303967473317e-01
1.442142898236700374e-02
1.533375903616741809e+00
-1.755337979780779101e+00
-9.867713172847414338e-01
6.619361967966016502e-01
-9.515646461153285385e-01
-2.342363287197160582e-01
-7.515920749204084428e-02
-2.119154172039589223e+00
3.367846232999482048e+00
2.822406739929437247e-01
2.685215042202717672e-01
-1.084021479914255570e+00
-2.369205923961621441e-01
-5.884144046052801336e-02
4.220175338085140337e-01
-7.552947349750808170e-01
1.347357321146868681e-01
-9.163964549638248247e-01
3.727969826816650567e-01
1.026780555397009520e+00
4.418849155075570412e-01
-1.727149806764230466e-02
-4.042315601501141886e-01
-8.979387427089039475e-01
3.475844874967123355e-01
-1.288090017033804713e-01
3.788869563774444754e-02
-5.196560273309868139e-01
6.300310057532114427e-02
-2.562865413533748082e-01
2.192057928939575295e-02
2.269312766839042816e-01
8.177388647577444880e-01
-1.164716005841444524e+00
-1.468956182702675584e+00
-6.271142773653065605e-01
3.403169768803148698e-01
1.783992210135490586e+00
2.777004239492028015e-01
-1.457154681543484376e+00
-9.273136490009588062e-01
1.110392676596448025e+00
-9.949569023041185956e-01
2.446943561245519538e-02
-6.795484485182891055e-01
5.375513802013485165e-01
1.958398900930390651e-01
-7.977749464018131231e-01
-1.250424208727440867e+00
-4.635845218614330077e-01
2.407084974645870290e-01
2.647054925164489259e+00
1.328290547363038254e-01
-4.313414260001920408e-01
1.754726413649433381e-01
-1.748922104049960735e+00
-1.362053605400555423e+00
-7.499521475338879473e-01
-7.682022497192452226e-01
-7.291097934873765896e-01
5.989652257108760702e-01
-6.429686925645164974e-01
-1.994653667509301287e-01
-8.615840990989984682e-01
7.268904920207773790e-01
-3.187276084267784415e-01
-1.520647270860727707e-01
4.622454970153010434e-01
-2.385179837079405285e-01
-1.134263837367414984e+00
-2.883911747554252503e-01
3.401367221870429391e-01
9.222505520130477308e-01
2.703399130912623877e-02
5.850858282641885344e-01
2.827898625040110026e-01
-1.688511824071156631e-01
1.087817081050200585e+00
-2.264090733468458998e-03
1.057792154370745363e+00
1.144268715966553662e+00
-6.759407862389648081e-01
-1.110096562828849276e+00
-2.574823631660525969e+00
1.084858476624003289e-02
-6.314645510596866851e-01
4.012810356503475340e-02
3.713959239979488288e-03
1.289738663309460520e+00
-8.373646978194779766e-01
9.296574293026274027e-01
2.331561664794675470e-01
-1.316028037287317320e-01
8.332657557441917884e-02
1.786286508793842043e-01
-3.137341370225725234e-01
-3.035970816490362462e-02
1.469070455130964611e-02
-1.704858957140246989e-01
-9.914891949686446826e-02
-1.439955106965817855e+00
6.444444543843317330e-01
-9.067425385198304433e-01
8.285451625062763004e-01
-3.297811242357949757e-01
1.991682026770511538e+00
-4.301433243573232201e-01
-4.754847464555246594e-02
-9.221967700779644117e-01
-8.179064305396580581e-01
-8.341087048118591696e-01
-4.055217202645492458e-01
2.183485474939911075e+00
1.367670335373035062e+00
9.716333527110355694e-01
-2.297192789271432500e-01
8.754625254185152694e-02
-3.117075220250001832e-01
1.420702892058095301e+00
-1.075554731053339763e+00
1.524319351662589250e+00
2.420550518567742004e-01
-5.488942633911577662e-01
-1.005400016495038018e-01
1.505152145671968533e+00
-1.011563485670312401e+00
-1.689405028691217669e+00
-1.045027332101447076e-01
1.204489715126560556e+00
-4.287068784850774777e-02
1.364045118071221419e+00
-6.637739209299089449e-01
-1.342108078268001048e+00
4.607220634419617600e-01
-7.557258950074633441e-01
4.812283698954288869e-01
-8.422172508478067421e-01
7.686703577234200724e-01
-7.315519669051808727e-01
-7.256485126969860477e-01
6.181586349603924724e-01
1.812486629736409949e+00
-1.838799913482296877e-01
1.447234871938511414e-01
-5.846090714606275718e-01
1.712525598742308530e-01
1.016675069911109119e+00
1.718401125639862081e-01
-2.247322025444607740e-01
2.330280869484268047e-01
6.245816975208579036e-01
2.793927012523443887e-01
1.518209909909474242e-01
2.067288578492824769e+00
8.294818392042395683e-01
7.462615014985085615e-01
1.379837819542588440e+00
-1.627090032366897088e+00
-9.289039595336031629e-01
7.626462365704462787e-01
5.947040727987260578e-01
-8.732302810068629517e-01
2.447778529256459390e-01
5.565102047715489997e-01
2.697258486823362333e-01
1.373634534609328828e+00
4.024523992368644332e-01
4.522104901518614328e-01
1.136168632374015663e+00
