6.865080907311582169e-04
6.329034190921100636e-04
8.206378074445241488e-04
1.222523876007416879e-03
6.201963339791704329e-04
1.229640192261977766e-03
8.224431992469756481e-04
8.429274075420399798e-04
1.051731704837580422e-03
8.210273606851990454e-04
6.358038430542593215e-04
1.210569699479618639e-03
6.528685354661220965e-04
8.277541236990850360e-04
6.313593563580187883e-04
6.329034190921100636e-04
8.195427752848264986e-04
1.253277994638917359e-03
8.189957245069265541e-04
8.241212434618004493e-04
6.314138267065413793e-04
8.300745438754871626e-04
8.206378074445241488e-04
1.061302953218761381e-03
8.187401527469852919e-04
6.317472826907833197e-04
1.060687458490069089e-03
6.323563683142102276e-04
8.179987125507351148e-04
6.321007965542689653e-04
6.314138267065413793e-04
6.459075524012509702e-04
1.220137313761585985e-03
6.394187811404225237e-04
8.189957245069265541e-04
8.195427752848264986e-04
6.467490007281779998e-04
1.053064851516600543e-03
1.033497957568869658e-03
8.198770837730045896e-04
1.220626221309877805e-03
8.182265838344662551e-04
6.496877332602289321e-04
8.189957245069265541e-04
8.198770837730045896e-04
1.212393718490648899e-03
8.180531828992577059e-04
8.306950500592201166e-04
8.189957245069265541e-04
6.599429249132988951e-04
8.198770837730045896e-04
6.539129825323159069e-04
8.206378074445241488e-04
6.313593563580187883e-04
8.210273606851990454e-04
8.195427752848264986e-04
1.061559016017592314e-03
6.416111686717405763e-04
8.333883569208944348e-04
8.182265838344662551e-04
1.220137313761585985e-03
8.363270894529452586e-04
6.314138267065413793e-04
8.182265838344662551e-04
6.467490007281779998e-04
1.219884781113627845e-03
8.189957245069265541e-04
8.179987125507351148e-04
1.247942309411477924e-03
8.182265838344662551e-04
8.465822811060153301e-04
8.182265838344662551e-04
8.210273606851990454e-04
1.037274574069367485e-03
8.179987125507351148e-04
6.528685354661220965e-04
6.313593563580187883e-04
8.260581373331388503e-04
1.014419971169430810e-03
6.511787829537078135e-04
6.484995285341248585e-04
6.323563683142102276e-04
1.056353827842902845e-03
8.183866388834996463e-04
6.459075524012509702e-04
1.038007069365649371e-03
6.411147675063687094e-04
8.195427752848264986e-04
1.075770698126839956e-03
8.183866388834996463e-04
8.180531828992577059e-04
8.363270894529452586e-04
6.738846295639473348e-04
1.013906402256911556e-03
8.256179811924454961e-04
6.332377275802881546e-04
6.738846295639473348e-04
1.013678530973180416e-03
8.241212434618004493e-04
1.231960612438379784e-03
8.189957245069265541e-04
6.566697941422642345e-04
1.015222593707271800e-03
8.780140859606604510e-04
1.202956982059685993e-03
6.323563683142102276e-04
6.810790519858782918e-04
1.051731704837580422e-03
8.180531828992577059e-04
6.416111686717405763e-04
1.248491399276907988e-03
8.182265838344662551e-04
8.179987125507351148e-04
6.484995285341248585e-04
8.282505248644569029e-04
8.395078916588384231e-04
6.313593563580187883e-04
1.223913930262083595e-03
5.476248565383045035e-04
8.260581373331388503e-04
6.343880044924827188e-04
6.459075524012509702e-04
6.374818872690840143e-04
6.317472826907833197e-04
6.358038430542593215e-04
8.195427752848264986e-04
8.198770837730045896e-04
6.332377275802881546e-04
6.353885055064747555e-04
8.236984494832526879e-04
6.562880513493235448e-04
6.358038430542593215e-04
1.238619904001037920e-03
6.321007965542689653e-04
8.306950500592201166e-04
8.260581373331388503e-04
8.241212434618004493e-04
6.467490007281779998e-04
6.339984512518077138e-04
1.058555862705156964e-03
8.333883569208944348e-04
8.206378074445241488e-04
1.045321256245663240e-03
6.332377275802881546e-04
8.206378074445241488e-04
6.317472826907833197e-04
6.317472826907833197e-04
8.241212434618004493e-04
8.306950500592201166e-04
1.023433942121530337e-03
8.282505248644569029e-04
8.325469085939674052e-04
6.323563683142102276e-04
6.394187811404225237e-04
6.313593563580187883e-04
6.756583448279811525e-04
8.622977010206975875e-04
6.599429249132988951e-04
6.317472826907833197e-04
6.317472826907833197e-04
8.236984494832526879e-04
6.411147675063687094e-04
1.258186797948768806e-03
8.260581373331388503e-04
6.329034190921100636e-04
6.313593563580187883e-04
8.306950500592201166e-04
8.351388847268411851e-04
8.198770837730045896e-04
6.329034190921100636e-04
6.353885055064747555e-04
6.323563683142102276e-04
6.332377275802881546e-04
8.260581373331388503e-04
8.300745438754871626e-04
8.539158545344912492e-04
8.224431992469756481e-04
8.260581373331388503e-04
8.195427752848264986e-04
8.210273606851990454e-04
1.219939251462150327e-03
1.061852043084191444e-03
1.246122204782074225e-03
6.389786249997291695e-04
1.246503448973579602e-03
1.041736059271030496e-03
1.054194035924940374e-03
1.220626221309877805e-03
6.411147675063687094e-04
8.241212434618004493e-04
8.198770837730045896e-04
6.467490007281779998e-04
8.182265838344662551e-04
8.183866388834996463e-04
8.210273606851990454e-04
6.718748613097786379e-04
1.237024953289733806e-03
6.323563683142102276e-04
6.343880044924827188e-04
1.071547441756052262e-03
1.035123796143180668e-03
8.241212434618004493e-04
6.528685354661220965e-04
8.180531828992577059e-04
1.201861949899988343e-03
6.317472826907833197e-04
6.323563683142102276e-04
8.183866388834996463e-04
6.315872276417498201e-04
8.210273606851990454e-04
8.333883569208944348e-04
6.315872276417498201e-04
6.459075524012509702e-04
6.343880044924827188e-04
8.183866388834996463e-04
6.314138267065413793e-04
1.045321256245663240e-03
8.198770837730045896e-04
6.317472826907833197e-04
8.210273606851990454e-04
6.339984512518077138e-04
1.220626221309877805e-03
6.528685354661220965e-04
8.260581373331388503e-04
8.241212434618004493e-04
8.198770837730045896e-04
6.313593563580187883e-04
8.187401527469852919e-04
8.325469085939674052e-04
8.182265838344662551e-04
8.189957245069265541e-04
8.504691563542302003e-04
6.496877332602289321e-04
8.224431992469756481e-04
6.315872276417498201e-04
8.183866388834996463e-04
1.025754362297932355e-03
8.282505248644569029e-04
6.314138267065413793e-04
5.987956282607010067e-04
8.195427752848264986e-04
1.037274574069367485e-03
8.282505248644569029e-04
1.058273609723504090e-03
6.496877332602289321e-04
8.363270894529452586e-04
6.496877332602289321e-04
1.248198372210308858e-03
8.236984494832526879e-04
1.247713298901294895e-03
8.179987125507351148e-04
1.209380828008783850e-03
6.496877332602289321e-04
8.504691563542302003e-04
8.236984494832526879e-04
8.182265838344662551e-04
8.465822811060153301e-04
1.081740535390068956e-03
8.180531828992577059e-04
8.195427752848264986e-04
8.183866388834996463e-04
1.220881793069819067e-03
8.189957245069265541e-04
8.189957245069265541e-04
8.198770837730045896e-04
6.315872276417498201e-04
8.179987125507351148e-04
1.040864693562621682e-03
8.429274075420399798e-04
8.429274075420399798e-04
8.210273606851990454e-04
6.321007965542689653e-04
8.363270894529452586e-04
1.220272707446392376e-03
1.069162566904667544e-03
8.179987125507351148e-04
6.313593563580187883e-04
8.187401527469852919e-04
1.201861949899988343e-03
8.182265838344662551e-04
8.180531828992577059e-04
6.317472826907833197e-04
6.313593563580187883e-04
1.033245424920911301e-03
1.035123796143180668e-03
1.071547441756052262e-03
1.219366860620577347e-03
1.200372357514419442e-03
8.198770837730045896e-04
8.224431992469756481e-04
6.343880044924827188e-04
8.224431992469756481e-04
6.389888393787362779e-04
8.363270894529452586e-04
8.182265838344662551e-04
8.189957245069265541e-04
1.238619904001037920e-03
6.313593563580187883e-04
6.313593563580187883e-04
1.234432977156859918e-03
1.219884781113627845e-03
6.314138267065413793e-04
6.467490007281779998e-04
8.182265838344662551e-04
1.220272707446392376e-03
6.315872276417498201e-04
1.081740535390068956e-03
6.370590932905362529e-04
6.315872276417498201e-04
8.182265838344662551e-04
8.277541236990850360e-04
1.037274574069367485e-03
1.220272707446392376e-03
8.682602143797312367e-04
8.241212434618004493e-04
1.220626221309877805e-03
6.394187811404225237e-04
6.374818872690840143e-04
