3.988961181829705271e+00
-7.147158624295896212e-01
-1.112170680625154784e+00
6.826133057070593591e-01
-7.765296723253978239e-01
-4.680057000971786785e-01
-1.094137270099456938e+00
1.720434476398456647e-02
3.437699645475069676e-01
4.707216307439532343e-01
-2.380035883528659746e-01
-8.049951971619145885e-01
-5.485031882312112472e-01
-7.140027752722910570e-01
2.829543147886813825e-01
-9.142654059990909521e-02
1.835973628599955887e-01
-3.086045879104556966e-01
-1.990679214053737711e-01
-1.603238364529979143e-01
-4.727439324834458168e-01
5.896998614133657640e-03
-6.821221566988164842e-01
-1.235318220801474159e-01
2.360503155163953259e+00
1.877599002040111875e+00
2.400735036582801463e-01
-8.981341340000544848e-01
1.992840995592043640e+00
-1.364368642002258714e+00
-3.610556108072125459e-01
-1.176763608013909751e-01
-1.252168075578310669e+00
2.218037180008780584e+00
-1.036454963166532295e+00
2.851712287538803903e+00
-1.400537883982484744e-01
6.140667934132993527e-02
-2.951013691444793197e-01
8.838477380181848642e-03
-7.097432901012662443e-02
8.369256222525695010e-01
1.273961690209296505e+00
-4.543104767472758154e-01
5.472155272340800680e-01
-2.689873745699023280e-02
1.370572991497702509e+00
-1.121908178404230849e+00
1.075063589586561452e+00
-1.031338517060126581e+00
1.380368711965242468e-01
1.495090570336091162e-01
1.424992746524486709e+00
1.128376389047690137e-01
1.583728346814486931e+00
1.346451729096116878e+00
1.724600637060565433e-01
2.151139859654775055e+00
-8.860542681002829546e-02
-1.099394531023079047e+00
-3.619126310424340409e-01
1.209202863942559769e-01
3.761892405362619596e-01
-2.035480674116432742e-01
-1.005923710856165609e+00
-2.975353608917188364e-01
-3.887807515181008755e-01
-1.265252361673112391e+00
-2.343931345880059525e-01
-3.292939103277495727e-01
-1.726511633399941736e+00
-7.277723707747507653e-01
-1.275344694582909000e+00
1.939320544601461083e-01
2.531251192971580188e+00
-5.469808944961323388e-02
8.803414367883034553e-01
3.341492325019654430e+00
2.740811238021245710e-01
8.094530414676074370e-01
-1.309746963717740298e-01
-8.098438932225860976e-01
6.320973076291941384e-01
1.573673829792517909e-01
-3.833919217901791132e-01
3.096341205197979951e-01
-8.921894576107591845e-01
-1.138872238271672277e+00
1.062881187393025645e-01
1.026756137607009595e-01
-7.868672767894875353e-01
6.582497959547822797e-01
8.923448556277586985e-02
-1.230153417750914392e-02
7.063027770247285453e-01
-6.794491287508401534e-02
-1.245012112235560110e-02
-5.667155408478801587e-02
1.019968873601686088e+00
-1.069146707848938338e-01
1.881786980065643045e+00
4.036769249772825807e-02
-1.390597987855762829e-01
-1.098354026207007728e+00
3.018578755030391636e-01
-1.230428268391072111e+00
-9.855459326179516477e-01
7.834895588259810362e-01
-4.334052542861261959e-01
-9.773191499011653072e-01
-7.138823185295558593e-01
-3.593148761482063414e-01
1.179836934155738815e-01
7.620288813727450483e-01
4.791989423916276913e-01
-1.670941568827219115e+00
-2.114678968357469602e-01
7.864882072596998674e-02
3.315015697887001345e+00
-3.261349814021514693e-01
-1.103344600320806390e-01
2.109701179104638280e-01
-9.611214558127892937e-01
5.365144925665727982e-01
-7.063688953838708207e-01
-1.088979401259754898e+00
6.542693358727983410e-01
-8.465051574596186290e-01
3.592162719822004080e-01
-8.469449776392599105e-01
2.281973105396799956e-02
8.681078045825178779e-02
-2.748836899853461246e-01
-7.096324954021442089e-02
-4.524591592671470819e-01
-7.739313212362577410e-01
-6.756986856124672647e-01
-1.193060660846668730e+00
-9.308409773059120873e-01
-7.272461359230411072e-03
-3.813535548424614730e-01
-6.538181928704055457e-01
1.703282558696501414e-01
-7.836806620065083218e-01
-6.549644877616360716e-01
-9.349860181783291591e-01
-6.633665928229947051e-01
-2.112471032075844413e-01
-5.123299525932137888e-01
2.690892559511432469e-01
-6.558489455037843641e-01
1.259296893171277576e+00
3.479145505252774218e-01
-3.108409777655716244e-01
-6.624570089187491462e-01
3.831512653891852027e-01
-2.825291683517351382e-01
1.595395061862003860e-01
2.000105484246574306e-01
-8.771963688420862937e-01
1.353958012782280118e+00
-8.470747066721808771e-01
-4.167947356231387901e-01
-1.121001238776647480e+00
3.619517184903738721e-02
8.134409564457968644e-02
-1.436226432302979417e+00
8.179581376834131889e-01
-4.099667880480002413e-01
1.616902969881930108e-01
5.099592198979504554e-01
7.428986816192596765e-02
-5.983664792630187523e-02
-8.010599508203336550e-01
-2.786978997760788945e-01
-4.792929218382036560e-01
-2.334981401577944093e-01
-7.654973032610107309e-01
1.953159221102933163e+00
-7.693407554717749397e-01
-4.229142606864181864e-01
4.079755358900055695e-02
2.280412662923476108e-01
4.909367475134948089e-01
-1.855571244162960154e-01
2.059515788329648045e-01
1.004411931980860317e-01
-1.266859733250075837e-01
5.256954136715838999e-01
-1.488657481587016385e+00
3.593406182117887537e-01
1.573731684966897526e-01
-1.014534729061575380e+00
-6.389862285884860826e-01
-3.430343036955412761e-01
-1.275667723565049316e-01
3.209649665838517490e-02
1.530622178077155393e+00
-5.938569261514920622e-02
1.371988861896174250e-01
3.034021138839436138e-01
-2.448056325113107667e-01
-5.711033093832309504e-01
-1.185462126948635619e+00
2.163000127372900414e-02
6.590563426245084344e-02
-1.435453093934628277e-01
8.305636166366953121e-02
2.699769668972511916e+00
-1.066271063716923040e+00
-3.302662060732329263e-01
-2.451982006755434873e-01
-1.427430034544121817e-01
-3.429012134524032640e-01
-9.628897699413145883e-01
1.184308156416708391e+00
4.995092401939040805e-01
-1.104582881861807309e+00
-2.405577227032440757e-01
-7.809302203216535176e-02
6.058227354041372248e-01
-1.302842805729016451e-01
-9.780788220748276585e-01
-1.036594646910714568e+00
-7.244159406120235234e-01
-6.085945413537100501e-01
-4.477748233777725795e-01
6.056650804327830429e+00
-3.387191786073595612e-01
-1.111928017905547961e+00
-6.828193440747507559e-01
1.247288161005764229e+00
2.624178320558494537e-01
-6.439599306205896490e-01
1.222221765151740719e-01
-5.753551675852133090e-02
2.219783297307419412e-01
-1.234638064444332439e+00
-1.274341351677481526e-01
5.356902495622294369e-01
-1.217853319181208649e+00
1.750511727411021845e-01
-2.629552768192066625e-01
8.880074245499833818e-01
-9.025512911546096362e-01
-1.194150944643697088e-01
-7.721516118547444574e-01
-5.897495208512093523e-01
-7.248811466016467919e-02
-3.479650115413471800e-01
7.122653991837013532e-02
7.296930723118463802e-02
-1.151266433708177717e+00
-6.000906737272747593e-01
-6.973341258554358602e-01
-1.593922498479517502e-01
-1.034283287022525588e+00
1.327807905029466384e-01
-7.096113590793347026e-01
-8.272259890766005264e-02
-9.449992373586504346e-01
-4.385290699828757188e-01
1.938672247951280514e-01
-5.463379582770224729e-01
7.466421284596067021e-02
-6.478939120405790009e-01
-2.258506548387777813e-01
-2.324039128723231484e-01
5.236445622163413693e-01
-1.441077893443163616e+00
2.681956000785051586e+00
-2.759139912670984796e-01
-3.595218333877243100e-01
-2.058283734973734846e-01
-1.259525229814741076e-01
1.866479090294080878e-01
-5.763869077376354566e-01
1.890038860866281922e+00
-4.691846062755222202e-01
-4.020871406335690956e-01
-2.166255986609560424e-01
-1.345066867667704669e+00
-6.607244301029203681e-01
2.585366947236398399e-02
3.161319933896855616e-01
2.711163535281278514e-01
-3.966594395775421703e-04
-5.850528413947888584e-01
-2.054837396216199416e-02
-6.263484947508347611e-01
-3.437571377994395605e-01
5.938820153065713647e-01
-5.406615669377199396e-01
-1.019982032380436276e+00
1.090376318081244245e+00
7.449141726641018701e-01
-2.424599295866387005e-01
3.024774592601763845e-01
4.816813331254966024e-01
-3.925006750342780459e-01
-2.975353608917188364e-01
-1.472131859870285664e-01
-5.271365146040525307e-01
-4.589589650759894890e-01
-8.261255301923922656e-02
-1.714256678102297343e-02
1.327807905029466384e-01
-8.054235087925751616e-03
1.158822753524164084e-01
-7.329373673001567946e-01
-9.108298290464231783e-01
1.939320544601461083e-01
-1.253631135764850524e-01
2.344391674385077451e+00
-5.423784329800650506e-01
-1.302842805729016451e-01
-6.216171019549884269e-01
5.537720346717546205e-01
