8.878541354645376347e-08
8.885066901353915631e-08
8.885708010361879631e-08
8.885959906733310157e-08
8.912820743451785558e-08
8.880996490081660219e-08
8.882761981708297467e-08
8.882929293007725646e-08
8.886257295771854313e-08
8.901837445848799261e-08
8.908475390342054993e-08
8.944478604076957097e-08
8.892125815705360867e-08
8.880747708996960851e-08
8.914664110996445643e-08
8.914244682895547247e-08
8.914664110996445643e-08
8.892085236184371202e-08
8.914664110996445643e-08
8.944478604076957097e-08
8.894698764407048733e-08
8.884511315242300853e-08
8.916020478100744155e-08
8.891537349661884702e-08
8.914664110996445643e-08
9.158248354894250275e-08
8.914664110996445643e-08
8.944478604076957097e-08
8.876697294331099457e-08
8.884913533958812511e-08
8.885120850799733564e-08
8.883019253122150754e-08
8.922428959904623273e-08
8.879876250379669151e-08
8.888781742198132517e-08
8.913038841338782171e-08
8.899285335760217392e-08
8.880747708996960851e-08
8.884511315242300853e-08
8.875772387144050021e-08
8.910618135949019159e-08
8.889307629581554820e-08
8.883612226658525810e-08
8.890986073982494179e-08
8.882929293007725646e-08
8.880834966215885355e-08
8.904387594873204707e-08
8.883063676802126354e-08
8.911589397090269906e-08
8.889500376636039171e-08
9.565573139129231945e-08
8.914664110996445643e-08
9.060968483814628182e-08
8.909989631981089839e-08
8.880603225284120571e-08
8.879876250379669151e-08
8.884166245351503269e-08
8.908834619380188728e-08
8.880834966215885355e-08
8.878541354645376347e-08
8.886904147895102435e-08
8.885091694802122366e-08
8.890231492641150015e-08
8.880457929324245057e-08
8.894610334205798769e-08
8.892656132165368949e-08
8.878541354645376347e-08
9.152444682029517047e-08
8.910618135949019159e-08
8.885120850799733564e-08
1.072452247399928879e-07
8.913495223004270858e-08
8.885708010361879631e-08
8.880834966215885355e-08
8.875772387144050021e-08
8.883612226658525810e-08
8.914389801347568004e-08
8.886904147895102435e-08
8.885959906733310157e-08
9.565573139129231945e-08
8.882929293007725646e-08
9.086685268392125003e-08
8.899731199291417861e-08
8.886253913065509846e-08
8.917754861620684180e-08
8.881584697289073059e-08
8.883148024320251250e-08
8.908834619380188728e-08
8.894266984555563722e-08
8.885959906733310157e-08
8.884166245351503269e-08
8.885708010361879631e-08
8.888566257339156603e-08
9.125180044727200685e-08
8.899116282905202394e-08
8.901837445848799261e-08
8.885959906733310157e-08
9.671356634233515740e-08
8.926983212933586023e-08
8.884410669469854380e-08
8.882820336723257846e-08
8.884166245351503269e-08
8.883019253122150754e-08
8.880012420286616523e-08
8.914664110996445643e-08
8.914389801347568004e-08
8.892085236184371202e-08
8.889669310800464497e-08
8.886159862691748911e-08
8.882761981708297467e-08
8.878541354645376347e-08
8.890231492641150015e-08
8.888781742198132517e-08
8.880747708996960851e-08
8.884511315242300853e-08
8.909989631981089839e-08
8.880834966215885355e-08
8.884166245351503269e-08
8.890231492641150015e-08
8.878496819660841760e-08
8.895029532741215232e-08
8.875772387144050021e-08
8.895029532741215232e-08
8.883148024320251250e-08
8.880996490081660219e-08
8.892125815705360867e-08
8.879876250379669151e-08
8.913038841338782171e-08
8.880012420286616523e-08
8.884704921170449704e-08
8.901837445848799261e-08
8.885708010361879631e-08
8.886475257660688812e-08
8.892125815705360867e-08
8.908656838229741870e-08
8.879876250379669151e-08
8.912820743451785558e-08
8.875985250111104552e-08
8.886904147895102435e-08
8.886475257660688812e-08
8.885959906733310157e-08
8.887427114348349944e-08
8.885833207217243550e-08
8.914664110996445643e-08
8.882662381120806017e-08
8.905139806976184094e-08
8.882820336723257846e-08
8.877401387336135727e-08
8.892656132165368949e-08
8.909989631981089839e-08
8.880834966215885355e-08
9.030576776374568313e-08
8.888566257339156603e-08
8.883063676802126354e-08
9.061007573039318464e-08
8.877401387336135727e-08
8.879876250379669151e-08
8.968738849499841018e-08
8.884166245351503269e-08
8.886212162117466326e-08
8.892125815705360867e-08
8.905139806976184094e-08
8.885708010361879631e-08
8.891537349661884702e-08
8.917754861620684180e-08
8.910618135949019159e-08
8.880996490081660219e-08
8.937495235256354368e-08
8.885959906733310157e-08
8.886159862691748911e-08
8.910618135949019159e-08
8.880747708996960851e-08
8.882929293007725646e-08
8.908656838229741870e-08
8.885959906733310157e-08
8.944446296484657306e-08
8.894266984555563722e-08
8.927539694027979103e-08
8.889669310800464497e-08
8.878541354645376347e-08
8.883148024320251250e-08
8.888781742198132517e-08
8.893755953403735948e-08
8.904387594873204707e-08
8.899285335760217392e-08
8.886904147895102435e-08
9.030024886429535389e-08
8.880457929324245057e-08
8.878916632476600616e-08
8.904644423853944463e-08
8.878496819660841760e-08
8.890986073982494179e-08
8.918091662148755119e-08
8.892125815705360867e-08
9.030576776374568313e-08
8.917754861620684180e-08
8.876697294331099457e-08
8.889500376636039171e-08
8.886159862691748911e-08
8.876697294331099457e-08
8.894610334205798769e-08
8.911589397090269906e-08
8.880864913407817728e-08
8.899731199291417861e-08
9.030576776374568313e-08
8.882662381120806017e-08
8.881584697289073059e-08
8.885833207217243550e-08
8.889307629581554820e-08
8.912820743451785558e-08
9.030576776374568313e-08
8.908769069805387802e-08
8.887427114348349944e-08
8.894266984555563722e-08
8.910618135949019159e-08
8.880457929324245057e-08
8.883063676802126354e-08
8.880603225284120571e-08
8.882929293007725646e-08
8.909989631981089839e-08
8.908656838229741870e-08
8.885959906733310157e-08
8.875985250111104552e-08
9.087479970892714705e-08
8.882662381120806017e-08
8.944478604076957097e-08
8.883063676802126354e-08
8.889669310800464497e-08
8.894266984555563722e-08
8.885959906733310157e-08
8.882662381120806017e-08
8.883067974769923300e-08
8.887427114348349944e-08
8.894610334205798769e-08
8.881584697289073059e-08
8.912820743451785558e-08
9.125180044727200685e-08
8.908769069805387802e-08
8.878496819660841760e-08
8.893755953403735948e-08
8.891537349661884702e-08
8.891537349661884702e-08
1.072452247399928879e-07
8.899285335760217392e-08
8.875772387144050021e-08
8.918091662148755119e-08
8.880996490081660219e-08
8.892085236184371202e-08
8.884511315242300853e-08
8.908769069805387802e-08
8.883063676802126354e-08
8.885120850799733564e-08
8.880834966215885355e-08
8.910618135949019159e-08
8.894266984555563722e-08
8.916020478100744155e-08
8.883612226658525810e-08
