9.896473828837890618e-01
9.448242402974097454e-01
1.070788062166055266e+00
1.110049961276097785e-01
2.453677787620086453e-02
-2.981239314341816993e-01
3.770408724211271045e-01
4.374301905348579322e-01
-1.623667744434938442e-01
-4.561761298003396137e-01
-8.614686358376119069e-01
5.083815657797974286e-01
-8.229405591330075653e-01
1.404739566208716539e+00
6.063660420410271756e-01
2.415241330389953159e-02
1.021570499523249520e+00
-7.632120670328429446e-01
1.133057155406768546e+00
1.445423076871004575e+00
1.608374195267732842e+00
1.372672064847688389e-01
2.671555266124771566e-01
2.544244137477221224e-01
1.033591289286126091e+00
6.130237972933946233e-01
1.217416460268862632e+00
-1.020259746958756819e-01
-1.842869147616706282e+00
6.515727871128348392e-01
2.525971375407840003e-01
8.147717676714092416e-01
-1.529305626725933731e+00
4.468302758705618438e-01
-5.308039171089549146e-01
2.501034041199083346e-01
1.989086796500087573e+00
-5.510027598763070911e-01
-7.333287113686864922e-01
1.115785566680112945e-01
-8.803512967674752554e-01
-2.281176860142308804e-01
7.054062496868648280e-01
1.362227289841732025e+00
-6.297948083016939869e-01
9.250676660335184487e-02
-1.231121112224486724e+00
9.530358845445473515e-01
1.707499621717427640e-01
-1.557696121459944294e+00
1.316268236982715001e+00
1.241797596141896332e+00
-3.936479267703847373e-01
2.091320387652854329e+00
-9.951165936921138044e-01
2.079962115387655464e-01
-5.705448185778700942e-01
3.517870948229151473e-01
3.738003993937685232e-01
-1.088835797232546199e+00
2.884272335370236529e-01
5.695690865460136809e-01
1.347893604779136334e+00
8.402083750238017457e-01
1.704069340502537555e+00
1.784312389614886585e-01
1.139237771990867509e-01
6.221134838303252756e-01
2.198502151797440352e+00
1.014082900263103104e+00
2.615353807804493003e-01
-2.385839689986775092e+00
-7.052034953446396914e-02
-1.224631435503079402e+00
-7.045567415423321656e-01
1.709522865184802398e-01
-4.837443559503550317e-01
1.199823274288217334e+00
1.255354365778462045e+00
8.942738964600827067e-01
1.291220968408304803e-01
4.043514775182157489e-02
-1.703928598281122808e-01
-5.888889420784189088e-01
-6.857540317433909183e-02
7.835508345189873269e-02
3.296146412458685754e-02
-7.934411081699296320e-01
1.708558723362276099e+00
-4.474306682228489374e-01
4.202444829369910706e-01
-2.437548980752874961e+00
2.005064773517092891e-01
-1.809077095413429148e-01
6.760437298637577141e-01
-4.958011270278102067e-01
1.340509650780943973e+00
-2.341584977841083326e+00
8.750953273023045487e-01
-2.159603078029294299e+00
-6.659753618335341185e-01
-2.507853907921365755e-01
3.036447872488389765e-01
-2.174133633095781448e+00
6.097065650660375979e-01
-4.114044745764163791e-01
8.334624395773571059e-01
5.635012997706886351e-01
4.228034045988928180e-01
6.158508279990790313e-02
2.137905848648687102e-01
-1.569038739328968202e+00
-1.585295897044508129e+00
1.712167881912967982e+00
-1.652881928340311224e-01
-6.244718982217659642e-01
-1.244860837488750809e-02
-1.552761326949870790e+00
-9.255102958673420144e-01
1.496708358188275981e-02
-1.744979003643804205e+00
9.119985203438910615e-01
1.069091903012479472e+00
9.284049959792143314e-01
-5.299422423024479079e-01
2.054155199600050441e+00
2.039646058528310935e+00
1.872176081877128695e+00
-3.936558692566115986e-02
-1.719157222381730854e+00
-8.121947778318331368e-01
1.096772593972513699e+00
1.668292096463188656e+00
-3.238468309300953640e-01
7.588329539098411791e-01
-1.612999479036034467e+00
2.024388742942597297e+00
1.135061910090387816e+00
5.077868660865423323e-01
-4.098913921191345011e-01
6.667508051225059518e-01
1.290368395858815687e+00
-3.946799025369019387e-01
5.619821277493744494e-02
5.349427520191705199e-01
1.714367845681357694e-01
4.606715910828173555e-01
-8.161406898875370186e-02
2.820356220988350593e+00
1.859877931091308556e-01
-9.862300690166084793e-01
4.783276064637393410e-01
2.148967255764838435e-01
1.048183270249990695e+00
6.770454569175126114e-01
-2.092429167069898011e+00
6.226028793777673709e-01
1.012237794627919740e+00
-3.746592762979803481e-01
-7.023470402450713301e-01
7.839134446509909981e-01
9.628477810594378017e-01
-4.366090259150116615e-01
1.206429339697593139e+00
-2.354853161398078321e+00
-5.341677126584158941e-01
1.670627271985235307e+00
9.635252052017062585e-01
3.499431031732943564e-01
-5.321132382823240414e-01
3.692044888067011477e-02
1.386706969763319697e-01
3.970022415145743055e-01
3.806124312616474548e-01
2.176592517829537332e+00
-1.680743466621452686e+00
1.222723824029946504e+00
1.492360444253267859e-01
5.822299387001630411e-01
1.340204133095123318e+00
1.045899939806355233e-01
-1.397619801485575353e-01
6.786512244442602926e-01
-1.365403136762908476e+00
2.789530275686995520e-01
5.486285325537095803e-01
3.989335550289162535e-01
5.434255352775251291e-01
-7.641131081579607409e-01
4.554778023116383689e-01
1.936173974796706609e-01
-3.628256024008997827e-01
9.216011436109722288e-01
-3.096503323439223423e-02
6.950906948424709908e-01
-3.182830807789954197e-01
-8.559899673844441059e-01
-6.383240969207545357e-01
-2.560896232147761437e-02
9.351647501128094175e-01
5.623980889667272720e-01
-5.549932641526444249e-02
1.186339536919070126e+00
-9.991404422019876247e-04
-1.929651275994564097e+00
1.616725639512952839e-01
1.127537556229809779e+00
-1.756756814241441589e+00
8.135940291621615028e-01
-2.182908273218044648e-01
-2.011631415052448801e+00
1.373435855662904936e+00
1.077436342485494247e+00
-2.036123460536612750e+00
1.629067210553321043e+00
1.482737980526029675e+00
7.108629627296624287e-01
1.245465115514025722e+00
7.589021150185687459e-01
-1.991272722812613971e-01
6.224105450771054704e-01
7.514162115308103962e-02
6.257567237711390007e-01
3.552770065429344259e-01
-5.931275992933309621e-02
7.744688045230733175e-01
2.994414803481951215e-01
-3.176726449134620545e+00
-3.640889978541158450e-02
3.928044599365544398e-01
2.473055638987450566e-01
-7.478489929955731697e-01
1.517453941531138550e+00
-6.161776152431134301e-01
-1.483386803423176158e-02
-6.971770453266389334e-01
2.162419822228821786e+00
-9.096816848688820123e-01
1.658320989510621901e+00
-3.987286431976297951e-01
-5.568165921243777294e-01
4.832956388781171619e-01
3.472214629383444523e-02
-1.301269814978532890e+00
-9.613109100506006532e-01
-3.778976095826869774e-01
2.259909130675613331e-01
-7.253538524515088515e-01
1.683982691211737492e+00
9.218322409295862663e-01
4.587216213920349284e-01
1.078066057920298970e+00
7.822420808289805016e-01
1.248032398382582508e+00
-1.723480005874889753e-01
-2.199570035595949935e-01
-1.022262149920674990e+00
