2.335920306934247126e-03
2.356077292542314849e-03
2.405497807534515316e-03
2.330068641680701873e-03
2.318872344108239333e-03
2.345123451926445224e-03
2.349480239994069901e-03
2.360268269076644648e-03
2.338854529968097638e-03
2.322510305908951668e-03
2.319994682790825751e-03
2.334523968651137839e-03
2.297748419031764647e-03
2.361684033566376854e-03
2.319453696607084916e-03
2.436860151399539501e-03
2.319453696607084916e-03
2.374768339209492717e-03
2.319453696607084916e-03
2.334523968651137839e-03
2.386974992535361231e-03
2.358429029365662240e-03
2.322049147033255004e-03
2.372135357339992274e-03
2.319453696607084916e-03
2.431845688223026498e-03
2.319453696607084916e-03
2.334523968651137839e-03
2.363601224446544146e-03
2.367110868836150989e-03
2.324763649030528196e-03
2.337910479075927701e-03
2.326969102132641666e-03
2.366270866760888068e-03
2.381807175771804338e-03
2.405551903661514238e-03
2.419936145385370111e-03
2.361684033566376854e-03
2.358429029365662240e-03
2.364280694619207927e-03
2.293688759348294637e-03
2.410489647029369787e-03
2.400458723457761425e-03
2.378014794615590684e-03
2.360268269076644648e-03
2.334404957041011103e-03
2.424193080802512518e-03
2.321119852309109534e-03
2.431280015505066922e-03
2.370058141051495978e-03
2.417974127158587297e-03
2.319453696607084916e-03
2.429731094097727518e-03
2.291093308922124549e-03
2.340297507819005893e-03
2.366270866760888068e-03
2.390634268446567047e-03
2.290511956423278532e-03
2.334404957041011103e-03
2.335920306934247126e-03
2.377137419849554949e-03
2.372098335772801058e-03
2.382129259344408986e-03
2.337166106200305390e-03
2.343774969655031907e-03
2.341697753366535611e-03
2.335920306934247126e-03
2.403485300538065698e-03
2.293688759348294637e-03
2.324763649030528196e-03
2.465183682436410031e-03
2.435805290551966255e-03
2.405497807534515316e-03
2.334404957041011103e-03
2.364280694619207927e-03
2.400458723457761425e-03
2.408499763714579134e-03
2.377137419849554949e-03
2.330068641680701873e-03
2.417974127158587297e-03
2.360268269076644648e-03
2.400665230383130719e-03
2.391575757700409310e-03
2.386046620956130439e-03
2.437028330462920854e-03
2.306952426732684046e-03
2.395471256521111356e-03
2.290511956423278532e-03
2.326108806716725014e-03
2.330068641680701873e-03
2.390634268446567047e-03
2.405497807534515316e-03
2.357686233271169638e-03
2.401519479393407746e-03
2.294149918223991301e-03
2.322510305908951668e-03
2.330068641680701873e-03
2.368940296149100403e-03
2.436462557498754108e-03
2.353124036715488563e-03
2.333323645881416053e-03
2.390634268446567047e-03
2.337910479075927701e-03
2.311937120134045526e-03
2.319453696607084916e-03
2.408499763714579134e-03
2.374768339209492717e-03
2.340087280767928681e-03
2.327716904857354049e-03
2.349480239994069901e-03
2.335920306934247126e-03
2.382129259344408986e-03
2.381807175771804338e-03
2.361684033566376854e-03
2.358429029365662240e-03
2.291093308922124549e-03
2.334404957041011103e-03
2.390634268446567047e-03
2.382129259344408986e-03
2.362765344725971470e-03
2.346407951524531917e-03
2.364280694619207927e-03
2.346407951524531917e-03
2.395471256521111356e-03
2.345123451926445224e-03
2.297748419031764647e-03
2.366270866760888068e-03
2.405551903661514238e-03
2.311937120134045526e-03
2.331907881391684281e-03
2.322510305908951668e-03
2.405497807534515316e-03
2.368447668452889048e-03
2.297748419031764647e-03
2.428007324749745146e-03
2.366270866760888068e-03
2.318872344108239333e-03
2.364892777135077159e-03
2.377137419849554949e-03
2.368447668452889048e-03
2.330068641680701873e-03
2.330479778468253719e-03
2.302119390783293352e-03
2.319453696607084916e-03
2.335312814417644413e-03
2.291634295105865384e-03
2.333323645881416053e-03
2.365526493885266191e-03
2.341697753366535611e-03
2.291093308922124549e-03
2.334404957041011103e-03
2.402560518729089396e-03
2.357686233271169638e-03
2.321119852309109534e-03
2.401370706412767151e-03
2.365526493885266191e-03
2.366270866760888068e-03
2.405580960012303638e-03
2.390634268446567047e-03
2.362273880761606246e-03
2.297748419031764647e-03
2.291634295105865384e-03
2.405497807534515316e-03
2.372135357339992274e-03
2.437028330462920854e-03
2.293688759348294637e-03
2.345123451926445224e-03
2.306163580966177473e-03
2.330068641680701873e-03
2.327716904857354049e-03
2.293688759348294637e-03
2.361684033566376854e-03
2.360268269076644648e-03
2.428007324749745146e-03
2.330068641680701873e-03
2.407005492874450710e-03
2.326108806716725014e-03
2.408102169813793741e-03
2.340087280767928681e-03
2.335920306934247126e-03
2.395471256521111356e-03
2.381807175771804338e-03
2.349654406930630317e-03
2.424193080802512518e-03
2.419936145385370111e-03
2.377137419849554949e-03
2.430920906414050196e-03
2.337166106200305390e-03
2.336532389450116792e-03
2.395832693117551718e-03
2.362765344725971470e-03
2.378014794615590684e-03
2.408667942777960487e-03
2.297748419031764647e-03
2.402560518729089396e-03
2.437028330462920854e-03
2.363601224446544146e-03
2.370058141051495978e-03
2.327716904857354049e-03
2.363601224446544146e-03
2.343774969655031907e-03
2.431280015505066922e-03
2.316763064241484857e-03
2.391575757700409310e-03
2.402560518729089396e-03
2.335312814417644413e-03
2.306952426732684046e-03
2.302119390783293352e-03
2.410489647029369787e-03
2.318872344108239333e-03
2.402560518729089396e-03
2.399646937064784779e-03
2.330479778468253719e-03
2.326108806716725014e-03
2.293688759348294637e-03
2.337166106200305390e-03
2.321119852309109534e-03
2.340297507819005893e-03
2.360268269076644648e-03
2.291093308922124549e-03
2.428007324749745146e-03
2.330068641680701873e-03
2.364892777135077159e-03
2.429025618068091086e-03
2.335312814417644413e-03
2.334523968651137839e-03
2.321119852309109534e-03
2.340087280767928681e-03
2.326108806716725014e-03
2.330068641680701873e-03
2.335312814417644413e-03
2.367214917653058439e-03
2.330479778468253719e-03
2.343774969655031907e-03
2.306952426732684046e-03
2.318872344108239333e-03
2.401519479393407746e-03
2.399646937064784779e-03
2.362765344725971470e-03
2.349654406930630317e-03
2.372135357339992274e-03
2.372135357339992274e-03
2.465183682436410031e-03
2.419936145385370111e-03
2.364280694619207927e-03
2.408667942777960487e-03
2.345123451926445224e-03
2.374768339209492717e-03
2.358429029365662240e-03
2.399646937064784779e-03
2.321119852309109534e-03
2.324763649030528196e-03
2.334404957041011103e-03
2.293688759348294637e-03
2.326108806716725014e-03
2.322049147033255004e-03
2.400458723457761425e-03
