1.964179748785658264e-01
1.343457103598694191e+00
-2.274447068481764145e+00
1.020297311365178095e+00
-4.278029263395309312e-01
-3.195929312008028433e-01
1.651299917333375777e+00
2.223140763952111965e-01
3.518075773716280996e-02
1.002313461159314523e+00
1.113694217984823487e+00
7.047500695022609341e-01
7.245035578232891793e-02
-9.659087960598559119e-01
2.612706822655281869e-01
-8.743290945337442999e-01
-8.446560455984284399e-01
7.068369102835988516e-01
-5.320279136328621705e-01
-1.888993047494301969e+00
-1.005523139591944171e+00
5.713350296575597786e-01
4.233150212505730758e-01
-6.202727474085857340e-01
2.465367159030953381e-01
5.288717857603436601e-01
-2.630217818000485288e-03
-1.535705856534368419e+00
-1.685411547032499291e+00
-2.137040537241544857e+00
-4.770029101485246947e-01
4.612465427260417083e-01
1.009037268168130774e+00
5.312455995234999229e-01
3.812386291764943702e-02
-3.299575781301903876e-01
2.158937417168351747e-01
-2.504813445008759534e-02
-2.126767160815962843e+00
1.724356896013905294e+00
-6.691289092994182619e-01
-5.476681680117676532e-01
2.972177469137886607e-01
5.938655817358695632e-01
9.268236672929579256e-02
-5.053750980797055981e-01
-8.839172607343206978e-02
2.630954593575788800e-02
8.627371457545260913e-01
-1.037524700094829777e+00
2.522142955492676197e+00
4.685592211396793355e-02
-1.033123278609995449e-01
2.906805286020155976e-01
-2.376394088631308410e-01
8.568921994360369221e-02
-1.028913479072269821e+00
-4.162062304923869749e-01
8.154255743542617729e-01
4.002580188678250273e-01
8.780929526844682975e-01
-1.900423566176163259e+00
-5.172858653910419324e-01
4.081532443972268331e-01
-2.499761172044170365e+00
-3.246296987979078175e-01
1.348350472892043017e+00
6.539481180121622939e-02
-6.630332095053181884e-02
6.408386695469615590e-01
5.326493944487308702e-02
2.179591466987792492e-01
-5.710417403832364069e-01
-5.757293094228700392e-01
-7.985334934750402125e-01
9.483269098638589245e-01
9.749126960161268174e-02
1.869965299965479000e+00
1.361087083933512076e+00
3.495679046940081691e-01
-1.014632512199293179e+00
-9.913658832293941181e-01
-6.479391107634767666e-01
1.545813039829318170e+00
-7.852366762438174608e-02
-6.425299186634562121e-01
3.356043753237454852e-01
-6.499259829683928791e-01
8.516565244061857776e-01
7.171575589146741425e-01
1.515747625360582551e-01
7.115603403416568273e-01
-1.159038007304315387e+00
3.377286199392320332e-01
5.213902421402160092e-01
-1.219215711093571519e+00
-2.954561946781614767e-01
2.980939447109725915e+00
-9.201601229200089271e-01
-5.872180697788053072e-01
1.018004421253626779e+00
-1.052342838164564753e+00
1.268031141485987279e+00
-4.323409786273259003e-01
3.716302230605932899e-01
-5.531213209610669201e-01
-3.793203269636128971e-01
2.452011255761871844e+00
-9.175599206179207989e-01
2.500471153337131547e-01
-5.476547217342835339e-01
-1.077509185718188878e+00
4.887792811022808048e-01
-2.268367216544452669e-01
-1.328367371450636769e+00
-1.989137310679972792e+00
1.617480781117896227e-01
2.131232486112636937e-01
5.998178635365584294e-02
4.437396093694580546e-01
-2.720087843562121188e-01
-3.980664321026589070e-01
-9.806358463269133630e-01
-1.028114548390575811e+00
-3.386262044926993675e-01
1.197150594496080162e-01
-2.345655143614160387e-01
1.258094738803053003e+00
-5.970035486322564644e-01
1.103693183320155063e-01
8.682577573068801513e-01
2.739726585919604052e-01
2.054499747804424015e+00
-1.901304695534349776e+00
-8.175926862739015810e-01
1.613467899176247666e+00
1.561017690112535439e+00
-6.244562002446931714e-01
1.812946991129582797e+00
1.813290030983358170e+00
2.531346574765272472e-01
9.425788841675033503e-01
-1.330393626223040249e+00
-1.114781147724373422e+00
-1.123320217116397179e+00
3.066917025400313079e-01
-2.255010906544648031e-01
6.077472215033580955e-02
-4.758616345278240400e-01
-2.581682796313723993e-01
1.176067167425392107e-01
-2.531993999882684032e-01
1.936581745188809878e+00
-4.286082653381554919e-01
-9.028369606979059769e-01
3.487514728545082487e-01
8.991355132591222210e-01
1.450513394250238619e+00
1.216277556211933786e-02
1.797653579296726090e+00
-5.697654350603837958e-01
9.747808285637105108e-01
-8.045983011328432521e-01
-2.434415149429610958e-01
-1.624705909323323594e+00
-1.824575417066065297e+00
-1.722565584702975938e+00
9.888220889166118299e-01
-7.869011280412228082e-01
-7.975280742951336155e-01
7.045485255108826506e-01
-3.775616273686025533e-03
-8.799646323949069648e-01
-1.580513471685345728e+00
1.885567181855192231e+00
-1.434774598957780020e-02
-1.007394576723201318e+00
-1.848887844368010347e+00
-2.504855273625170020e-02
6.193234738518159643e-01
-6.215875167962162662e-01
-1.806103656866805851e+00
9.569952411023205929e-01
-2.175324783024804864e-01
9.587370389146829819e-01
-1.192086544619956612e-01
-7.621591863651691057e-01
2.132473193578731663e-01
-1.202563627742074814e+00
1.063050506462192679e+00
2.721698283016376063e-01
2.736830096234215692e-01
-2.257380000401828513e-01
-1.857580157093475570e+00
-5.944561983039121644e-01
-4.900956928145375202e-01
6.903526186659213471e-01
-4.608489458703804442e-01
-1.351016893242206418e+00
-3.814706270464097715e-01
6.642307732876977233e-02
-6.972825085283229640e-01
5.492598592481912068e-01
9.733845063303667722e-01
-2.088295578830990928e-01
9.557592535345303952e-01
1.023534055530957776e+00
-3.083572166426193917e-01
-6.036771963746463410e-01
1.098057313124414680e+00
-1.368399471491224206e+00
3.743514568963163258e-01
-3.907363112169987551e-01
-1.790329204707949762e+00
-4.082508792640039963e-01
1.379891624409161022e+00
-1.361881030468859721e-01
-9.816202262873027218e-01
-1.090929688774800121e+00
-2.092389113335901274e-01
-1.588665089365163541e-01
8.234007764955260378e-02
-1.875713999767424922e-01
2.162962409426902044e-01
1.133096561668508917e+00
-2.724239677004557381e-01
-8.899633413495026957e-02
-4.634872712114485038e-01
3.833077727741664442e-01
1.400864210206237415e+00
-1.653980403099125862e+00
8.854388409901120527e-01
-1.952672314684114063e-01
2.021784448271513490e+00
2.289409830750716690e+00
2.661723063091495645e-01
4.883717173349313434e-01
-2.478503963042056613e-01
-2.022964786449171215e-01
-1.941292275659572963e-01
7.297719414963903528e-01
-6.376497225552615333e-01
4.822380207431150589e-01
-2.205967769661775491e-01
-6.167258836639400998e-01
-6.156659877154597726e-01
-2.047408012871167138e+00
1.346455253772385285e+00
1.962565685251237979e-01
-1.347667109314923950e+00
-1.457505926717220235e-01
-7.539272900004644340e-01
-1.041998861868495441e+00
5.166339359269618292e-01
-6.693661803970770707e-01
8.730816711702970023e-01
1.303545909567359606e+00
