4.118206334911053874e-03
4.103407947194526693e-03
4.372127061926183757e-03
4.402677511805295867e-03
4.275877007841624028e-03
4.333381545949623916e-03
4.237656159990027538e-03
4.370595581411290328e-03
4.147932530603134355e-03
4.828063327271890637e-03
4.147932530603134355e-03
4.267280562866375068e-03
3.973503940882818462e-03
3.988793957308516339e-03
4.148371075141953079e-03
4.252598456426086825e-03
4.334882225483173770e-03
4.032427233098479641e-03
4.103407947194526693e-03
4.252598456426086825e-03
4.148371075141953079e-03
4.148371075141953079e-03
4.237656159990027538e-03
4.448089139528879458e-03
4.334882225483173770e-03
4.063556397223784533e-03
4.178650942348477795e-03
4.163544779829875080e-03
4.322170053257139329e-03
4.370595581411290328e-03
4.147932530603134355e-03
4.439811902812835012e-03
4.120309818240896864e-03
4.148371075141953079e-03
4.275877007841624028e-03
4.192231369839487416e-03
4.147932530603134355e-03
4.722410180576827599e-03
4.120309818240896864e-03
4.222549997471424822e-03
4.100871790912623445e-03
4.222602947793588184e-03
4.120309818240896864e-03
4.192231369839487416e-03
4.236527963476851601e-03
4.504979740589126584e-03
4.041793890780350645e-03
4.163544779829875080e-03
4.311590363769740586e-03
4.162413164836076436e-03
4.014110469859786048e-03
4.073115687501336658e-03
4.036108789130146701e-03
4.147932530603134355e-03
4.193593238784537082e-03
4.163544779829875080e-03
4.088927312961584612e-03
4.334882225483173770e-03
4.422050111908295417e-03
4.322170053257139329e-03
4.250048540122425278e-03
4.392386763591173658e-03
4.236527963476851601e-03
4.055085451735619337e-03
4.148371075141953079e-03
4.237656159990027538e-03
4.192231369839487416e-03
4.147932530603134355e-03
4.470508109355468898e-03
4.311590363769740586e-03
4.024661781013498356e-03
4.769058109630340894e-03
4.047799174950066081e-03
4.048355170296505205e-03
4.237656159990027538e-03
4.014110469859786048e-03
4.162413164836076436e-03
4.037165923139697174e-03
4.120309818240896864e-03
4.404431867273367156e-03
4.088927312961584612e-03
4.463437084914917766e-03
4.084976128819368946e-03
4.422050111908295417e-03
3.975348478490669038e-03
3.988793957308516339e-03
4.163544779829875080e-03
4.004551179582234791e-03
4.147932530603134355e-03
4.250048540122425278e-03
4.222602947793588184e-03
4.237656159990027538e-03
4.617991513240915155e-03
4.024661781013498356e-03
4.509057741893805413e-03
4.177211552552603617e-03
4.055085451735619337e-03
4.439811902812835012e-03
4.024661781013498356e-03
4.703066428190691775e-03
4.250048540122425278e-03
4.252598456426086825e-03
4.250048540122425278e-03
4.162413164836076436e-03
3.996080234094069594e-03
4.192231369839487416e-03
4.163544779829875080e-03
3.996080234094069594e-03
4.193593238784537082e-03
4.014110469859786048e-03
4.288185214685808107e-03
4.148371075141953079e-03
4.178650942348477795e-03
4.281608165435137926e-03
4.300089614033419591e-03
4.281608165435137926e-03
4.445520754806987426e-03
4.322170053257139329e-03
4.208275345224825326e-03
4.147932530603134355e-03
4.088927312961584612e-03
4.237656159990027538e-03
4.088927312961584612e-03
4.424439833516487230e-03
4.463437084914917766e-03
4.309053757763975021e-03
4.036108789130146701e-03
4.617991513240915155e-03
4.147932530603134355e-03
4.178650942348477795e-03
4.148371075141953079e-03
4.422050111908295417e-03
4.322170053257139329e-03
4.083666998655048098e-03
4.222549997471424822e-03
4.288185214685808107e-03
4.178650942348477795e-03
4.333381545949623916e-03
4.133226152197937674e-03
4.222602947793588184e-03
4.404431867273367156e-03
4.347190432327357849e-03
4.177211552552603617e-03
4.263164835615589586e-03
4.222549997471424822e-03
4.178650942348477795e-03
4.208275345224825326e-03
4.074860756125448305e-03
4.147932530603134355e-03
4.237656159990027538e-03
4.222549997471424822e-03
4.162413164836076436e-03
4.454757213619738379e-03
4.120309818240896864e-03
4.177211552552603617e-03
4.322687621780048860e-03
4.088927312961584612e-03
4.177211552552603617e-03
4.048355170296505205e-03
4.004551179582234791e-03
4.162413164836076436e-03
4.424439833516487230e-03
4.036108789130146701e-03
4.178650942348477795e-03
4.163544779829875080e-03
4.207376292783502822e-03
4.073115687501336658e-03
4.061304600599347121e-03
4.236527963476851601e-03
4.148371075141953079e-03
4.781415398218377341e-03
4.193593238784537082e-03
4.252598456426086825e-03
4.074860756125448305e-03
4.222549997471424822e-03
4.463437084914917766e-03
4.004551179582234791e-03
4.004551179582234791e-03
4.424439833516487230e-03
4.380806685171285270e-03
4.477177378808082711e-03
4.281608165435137926e-03
4.267280562866375068e-03
4.236527963476851601e-03
4.207376292783502822e-03
4.147932530603134355e-03
4.148371075141953079e-03
4.061304600599347121e-03
4.267280562866375068e-03
4.252598456426086825e-03
4.192231369839487416e-03
4.103407947194526693e-03
4.237656159990027538e-03
4.236527963476851601e-03
4.193593238784537082e-03
4.107360387938054948e-03
4.147932530603134355e-03
4.178650942348477795e-03
4.551356597180662017e-03
4.095114006771697311e-03
4.096288707780620583e-03
4.878940415852239809e-03
4.147932530603134355e-03
4.177211552552603617e-03
4.551356597180662017e-03
4.435771018449533379e-03
4.107360387938054948e-03
4.120309818240896864e-03
4.074860756125448305e-03
4.088927312961584612e-03
4.163544779829875080e-03
4.133226152197937674e-03
4.074860756125448305e-03
4.133865973766998048e-03
4.083666998655048098e-03
4.047799174950066081e-03
4.163544779829875080e-03
4.118206334911053874e-03
4.483445051158036973e-03
4.047799174950066081e-03
4.073115687501336658e-03
4.263164835615589586e-03
4.237656159990027538e-03
4.499840064444735749e-03
4.032509158524368205e-03
4.147932530603134355e-03
4.147932530603134355e-03
4.148371075141953079e-03
4.163544779829875080e-03
3.996080234094069594e-03
4.133226152197937674e-03
4.148371075141953079e-03
4.252598456426086825e-03
4.177211552552603617e-03
4.074860756125448305e-03
4.281608165435137926e-03
4.288185214685808107e-03
4.192231369839487416e-03
4.118206334911053874e-03
4.103407947194526693e-03
4.424439833516487230e-03
4.133865973766998048e-03
4.133865973766998048e-03
4.208275345224825326e-03
4.703066428190691775e-03
4.148371075141953079e-03
4.193593238784537082e-03
4.088927312961584612e-03
4.237656159990027538e-03
4.359094831674969334e-03
4.148371075141953079e-03
4.148371075141953079e-03
4.061304600599347121e-03
4.236527963476851601e-03
4.178650942348477795e-03
3.988793957308516339e-03
4.148371075141953079e-03
4.288185214685808107e-03
4.107360387938054948e-03
4.147932530603134355e-03
4.237656159990027538e-03
4.473187921326544567e-03
4.177211552552603617e-03
4.120309818240896864e-03
4.192231369839487416e-03
4.095114006771697311e-03
4.148371075141953079e-03
4.222602947793588184e-03
4.178650942348477795e-03
4.133226152197937674e-03
4.222549997471424822e-03
4.455964147601147209e-03
3.988793957308516339e-03
4.237656159990027538e-03
3.982788673138800903e-03
4.192231369839487416e-03
4.095114006771697311e-03
4.459962734916543027e-03
4.333381545949623916e-03
4.454757213619738379e-03
4.036108789130146701e-03
4.162413164836076436e-03
4.333381545949623916e-03
4.004551179582234791e-03
4.107360387938054948e-03
4.103407947194526693e-03
4.147932530603134355e-03
4.222549997471424822e-03
4.147932530603134355e-03
4.509057741893805413e-03
4.037165923139697174e-03
4.207376292783502822e-03
4.107360387938054948e-03
4.222549997471424822e-03
4.162413164836076436e-03
4.222602947793588184e-03
4.250048540122425278e-03
4.207376292783502822e-03
4.163544779829875080e-03
4.300089614033419591e-03
4.083666998655048098e-03
4.237656159990027538e-03
4.424439833516487230e-03
4.095114006771697311e-03
3.982788673138800903e-03
4.063556397223784533e-03
4.099830269540433864e-03
4.133865973766998048e-03
4.267280562866375068e-03
4.148371075141953079e-03
3.996080234094069594e-03
4.334882225483173770e-03
4.074860756125448305e-03
4.095114006771697311e-03
4.061304600599347121e-03
4.252598456426086825e-03
4.099830269540433864e-03
4.207376292783502822e-03
