3.424935562795199812e-02
3.782966521582849934e-02
3.661721323429169977e-02
3.836462485682440304e-02
3.979794843082439665e-02
3.523599120783629801e-02
3.533689532210029793e-02
3.643127947708949682e-02
3.489492862180419708e-02
3.421245087576139932e-02
3.872168290630190191e-02
3.620563402664010028e-02
3.829678485474320021e-02
4.556780902325559962e-02
3.617681307107580013e-02
3.759683514108450031e-02
3.720574216420480251e-02
3.678582155704940293e-02
3.768693977814149831e-02
3.785571667820430281e-02
4.031199130196670005e-02
3.932466725281189707e-02
3.332183150565209973e-02
3.614815977447839723e-02
4.162436438293989904e-02
3.954280138664009736e-02
4.098837811358389815e-02
4.372064589244459981e-02
3.824768575319280328e-02
3.470347304262069721e-02
3.565408653265129957e-02
3.904400890105010069e-02
3.601179819289099943e-02
3.855289272195869948e-02
3.757937454303320046e-02
3.792252068280620170e-02
3.749296869362449963e-02
4.186976457451790229e-02
3.529404687006729852e-02
3.864308911434959776e-02
3.605587035034220345e-02
3.841817454263520004e-02
4.124861369633479879e-02
3.873441706080139879e-02
3.926649473069430268e-02
4.130006729077270039e-02
3.960112173718940282e-02
3.792630143448959962e-02
4.038492977428220082e-02
3.225501778438250033e-02
3.952394314519180191e-02
4.306348732847609800e-02
3.896879799952430307e-02
3.964598976291600074e-02
3.816619241507190202e-02
3.867660792498810174e-02
4.100197401545720155e-02
3.449044070699239933e-02
3.707008620988690162e-02
3.373603432272519881e-02
3.351273312211269784e-02
3.774735971629689796e-02
3.867003943449789927e-02
3.992278728305539981e-02
3.692929263860979944e-02
3.276345715802680275e-02
4.148855204740609787e-02
4.134077674011520098e-02
4.303373708630350153e-02
3.606369803149490211e-02
4.167835123780049694e-02
3.207623200819800097e-02
3.868961002881039779e-02
3.923941527379769950e-02
4.004266522433980180e-02
4.150822433130899741e-02
3.664148395709670297e-02
4.007043997206249930e-02
3.705874270122289788e-02
4.122354286746889723e-02
3.339914880063900304e-02
3.429061211218500244e-02
4.447279652887729806e-02
4.095436246823609683e-02
3.823612092387349698e-02
3.588076148779700131e-02
3.694236898847409745e-02
3.587945859098329998e-02
3.644527533948919984e-02
4.013165068014649950e-02
3.455608366495310085e-02
3.266901699233099726e-02
3.816192987941020159e-02
3.768486730812060231e-02
3.444748678861259822e-02
3.883500582756389818e-02
3.568218032981210208e-02
3.632370309218960203e-02
3.834284634563509681e-02
3.382795540570580212e-02
3.799812673609850172e-02
3.937594410302720088e-02
3.957507640984000291e-02
4.122992041532729662e-02
3.892384460266130192e-02
4.047428869427369819e-02
3.634156688463850010e-02
3.865018389979309882e-02
3.837016397374849730e-02
3.423640731774119789e-02
4.091423137994040088e-02
3.730129419941700247e-02
4.111555456056679991e-02
3.946993797719160202e-02
3.724579422041660037e-02
3.591832562442470039e-02
3.743636618333390231e-02
3.710761715965209956e-02
3.718309910689809872e-02
4.672490613884570237e-02
4.135358343155510347e-02
4.045050163925430209e-02
3.580023667041010160e-02
4.085401026108560069e-02
3.593264314474829690e-02
3.828676861185519725e-02
3.502924114129420119e-02
3.491598476189530093e-02
4.149364698939039808e-02
3.775939007862699759e-02
3.829326557057129848e-02
3.684943169702629973e-02
4.181839998991229712e-02
3.509943661195359665e-02
3.764882924687310006e-02
3.910831177703000261e-02
3.603365089374579999e-02
3.566366659516009840e-02
4.471831646018010337e-02
4.078649537064239772e-02
4.177249470851340102e-02
3.827970964105840285e-02
4.150176205191390133e-02
4.202642993320569731e-02
3.907372677931299915e-02
3.780389858401699693e-02
3.885416404709639976e-02
4.193814977040739855e-02
3.480006218703540072e-02
3.543006647941149972e-02
3.532234128446540278e-02
3.790991592752020189e-02
3.762222604402370302e-02
4.177797369173139735e-02
3.793517119390919790e-02
4.268661840089779669e-02
3.908057916604239929e-02
3.341655822301990014e-02
4.476411321246089731e-02
3.984369153066579655e-02
3.318203923705820291e-02
3.662231391450729984e-02
3.246824312987010158e-02
3.716060454815919845e-02
3.559811103998090226e-02
3.604564001996919675e-02
3.890036200822930001e-02
4.453983981956430305e-02
3.826399118969540242e-02
3.840587027878020199e-02
4.394337972726369834e-02
3.744049938940419847e-02
4.549754914902379849e-02
3.627622050750280158e-02
4.173393560555799936e-02
3.738081703778420306e-02
3.290195451414180267e-02
3.479592437104540165e-02
3.151501310051640220e-02
3.740395204780960076e-02
3.348068708868259802e-02
4.482314796721559996e-02
3.457489711585479825e-02
3.567191596059880038e-02
3.887774566135770299e-02
3.754770499575579845e-02
3.466360281433879947e-02
3.460204789514050028e-02
3.839616403607459816e-02
4.131296027512960239e-02
3.231761728888130070e-02
3.626361921262759996e-02
3.700854414318630048e-02
3.777970020055999856e-02
3.057064814652290033e-02
3.642965926263400100e-02
4.838414561594780311e-02
4.561762412913610010e-02
3.587372185621139770e-02
3.762465451170499825e-02
4.235784104291599739e-02
3.592032618135929806e-02
3.768816282059569978e-02
4.054499314371280000e-02
4.063567061482530052e-02
4.222477386841080177e-02
3.681952843577829954e-02
3.623003677306319698e-02
3.752086215744160347e-02
4.502010497339829775e-02
3.714765747024109666e-02
3.330060285219649946e-02
4.312296180772109966e-02
3.761872504152290186e-02
3.781240150056019989e-02
3.771883630739879950e-02
3.791799020708649937e-02
4.204527641473219945e-02
3.636030723522479940e-02
3.894902507321579971e-02
4.127614372646060126e-02
3.648061168015000189e-02
3.774804387599849792e-02
3.737231837067649803e-02
3.488589213518299842e-02
3.298725898012540292e-02
3.839312747242749901e-02
3.864581324885060093e-02
3.589161879511409969e-02
3.428126193559129925e-02
3.634949377557739753e-02
3.820315656294920315e-02
3.478625569716310012e-02
3.655075329905430048e-02
4.677648880591230018e-02
3.579450879643829991e-02
3.634941998182499717e-02
3.702384613306120009e-02
3.668806162396869713e-02
3.548464066887389856e-02
3.636550647714160284e-02
3.786746469506219875e-02
3.566364248383600138e-02
4.079974557246560107e-02
3.649976656315209733e-02
3.705432193156400072e-02
3.808298843405819728e-02
3.463109441300340346e-02
3.592722057631869692e-02
3.861920534376769854e-02
3.513794938001670032e-02
4.140699644347500125e-02
4.092204435866080015e-02
4.568794947630790138e-02
3.990493462566400279e-02
3.038794273639250018e-02
3.516472898308330153e-02
3.471664681167140054e-02
3.831935937906150169e-02
3.787274525121730323e-02
3.979582016022360086e-02
3.513691403006719699e-02
3.826426490924499796e-02
3.089432776364319996e-02
3.781697382512980155e-02
3.265715361364650293e-02
3.826602335376930175e-02
3.422576182997649763e-02
3.616904859546780232e-02
3.532247997997640249e-02
3.299193864984129726e-02
4.237356046241660262e-02
3.744298556516109655e-02
4.212804416184989798e-02
4.113434225981039971e-02
3.579844795739370311e-02
3.787655932025540267e-02
3.888081338534180031e-02
4.125624060007460070e-02
4.209852705965669989e-02
4.290881953979189950e-02
3.850962810798119751e-02
3.420810406545529703e-02
3.956900366132939939e-02
3.713985781763350091e-02
4.613276653858350285e-02
4.232632114558349673e-02
3.686248190264750091e-02
3.525977471118019874e-02
4.032908742803650165e-02
3.993592297322959978e-02
3.944912645117600036e-02
4.277462795347689722e-02
4.036143045958699715e-02
3.909629233496569878e-02
3.847889359458350061e-02
3.416891220080520153e-02
3.847367534356579966e-02
3.594062082743459952e-02
3.875256582136919759e-02
3.619411733687880051e-02
4.089674442200560284e-02
3.612903565269520029e-02
3.622652940085910322e-02
4.184946584363129912e-02
3.559254078010230110e-02
3.843091479195819699e-02
3.710025836750129730e-02
3.971587431757850339e-02
3.546270355658619894e-02
3.802389395233919667e-02
4.178543965923060127e-02
3.582005926256619927e-02
4.156092107378900335e-02
3.997422283983680102e-02
3.741385791002709710e-02
4.456328323394369989e-02
3.970239288878069789e-02
3.883950292462329951e-02
3.869181130745760061e-02
3.765282230505159755e-02
3.859719560722769949e-02
3.916271436433470254e-02
3.888880818562070324e-02
4.236371616903700232e-02
2.880807027476309928e-02
3.978847890613140120e-02
3.505155359872930143e-02
3.605226484579039659e-02
4.122043015030590202e-02
3.542536442134590347e-02
3.549040848944230025e-02
3.798063568888680047e-02
4.163486313777359921e-02
4.005678799393379980e-02
3.840093191216720214e-02
3.481308382151410141e-02
3.975841011040810030e-02
3.359532572990880234e-02
3.856459671126989674e-02
3.572017533783469756e-02
3.225567781403330253e-02
4.064592735697430265e-02
3.205434247382560331e-02
3.888023070415830285e-02
3.578924918709799896e-02
3.890101794225799686e-02
3.693195253210179718e-02
4.440052548768130131e-02
3.524450025353859789e-02
4.371098385222690202e-02
3.731952309331230261e-02
4.230674223100049786e-02
3.788355556540329988e-02
3.341052512382049894e-02
3.472453642540179741e-02
4.204144954142850082e-02
3.803952653645099879e-02
4.061013263085080233e-02
3.960518164167280142e-02
3.930477357199459870e-02
3.791539540025320315e-02
3.710329343989920287e-02
4.144508945492959839e-02
3.993191898380619997e-02
3.327666370283399733e-02
3.894078056671859689e-02
3.523173234304210338e-02
3.695685340591930296e-02
3.164199137497469838e-02
4.370215711678659964e-02
3.744656099950709888e-02
3.761076609238959978e-02
3.533142694796299887e-02
3.730668844321730071e-02
4.148060066294029929e-02
3.657544049100740213e-02
3.874764820616249938e-02
3.917912236071140197e-02
3.938270751028880023e-02
3.752861076608850210e-02
3.374469538130109997e-02
4.127019542346289926e-02
3.716280801502590270e-02
4.111499318385750112e-02
3.877577392805620082e-02
4.007818368388459812e-02
3.590648658754359845e-02
3.537488018576050164e-02
3.718714579382990243e-02
4.061716025204519659e-02
3.757287554592030066e-02
3.712152912888239814e-02
4.127153347716520232e-02
3.865747759414150247e-02
4.040676874642239874e-02
3.489209248333619701e-02
3.488317017205350146e-02
3.949796627321999765e-02
3.890621315895029936e-02
3.881513673743879761e-02
4.164412646149669855e-02
3.888747156704829705e-02
3.582310331843029799e-02
4.591944849667869977e-02
3.659424259579800026e-02
4.335696969339099954e-02
3.429923632816409690e-02
4.018444106690600287e-02
3.483074286141220333e-02
3.917260479538330065e-02
3.803225099639030021e-02
3.429540186206669894e-02
4.130883223865520343e-02
3.359718358803209792e-02
3.708562012521200019e-02
3.609738227683959716e-02
3.820741841288780027e-02
4.149286697092249843e-02
3.586047104354510295e-02
3.463886628541919949e-02
3.843533615721640012e-02
3.706384953559459933e-02
3.769092079452129873e-02
3.915473114869449933e-02
3.975351107337220247e-02
3.436145039863799933e-02
3.247075276086300311e-02
3.446557557691899698e-02
3.765289537554380311e-02
3.739773744533859967e-02
3.602349878343649725e-02
3.656393601516769870e-02
3.986012154794570106e-02
3.894527013564930140e-02
4.179378672144030277e-02
4.105013925524229890e-02
3.744434807652959746e-02
4.500853629715140247e-02
3.643067371391540271e-02
4.106408553877260309e-02
3.599184582349890249e-02
3.923613042551189756e-02
4.346509299499919793e-02
3.611836235268679751e-02
3.945710780403149931e-02
3.916487588439859779e-02
3.649705929321699766e-02
3.698987916777050217e-02
3.705059095031010274e-02
3.693254654800239706e-02
4.000547813293169747e-02
4.040854542356490248e-02
3.579655415419460279e-02
3.651742451907639964e-02
4.004177840575799674e-02
3.648017831647139969e-02
4.203675825948539890e-02
3.826810879662730092e-02
3.694865408142639779e-02
3.840203425372160084e-02
4.153677628611029959e-02
3.153816165538739918e-02
4.305322526181049742e-02
3.932696139422189874e-02
4.049316624607059850e-02
4.009102797489390302e-02
3.955263543826909728e-02
3.618518236726080139e-02
3.590369035667979880e-02
3.381699059784370326e-02
4.354051994050150282e-02
3.657911337506770250e-02
4.027792526148939872e-02
3.712162431266380347e-02
4.046362519381829781e-02
3.335439569234920076e-02
3.775212135181989920e-02
3.814859736173040194e-02
3.688220627535430257e-02
3.976514401281359967e-02
4.081275113798130127e-02
4.018313047584540221e-02
3.602120019402119816e-02
4.073533612790609937e-02
4.032080674963169770e-02
3.978602296995070037e-02
3.720693843298040343e-02
3.694804707232700325e-02
4.289206167101890232e-02
3.518335477889329710e-02
3.545391411912120205e-02
3.855460205812529656e-02
3.684043381074589979e-02
3.419938660976210021e-02
4.087763571549120345e-02
3.860140911295480148e-02
4.122407693754850250e-02
3.605812113999259938e-02
4.327341837291179966e-02
3.660419981053079919e-02
3.457319924069569839e-02
3.074382209078720118e-02
3.439308433423460265e-02
3.414532225106679808e-02
4.403583735974340302e-02
3.730385778632770016e-02
3.303255848953039892e-02
3.140964555506670086e-02
3.462500563316169705e-02
3.926069086911280343e-02
3.809187590340400165e-02
3.597238285264259955e-02
3.717676140017470154e-02
3.687272870094809862e-02
4.251731345684320318e-02
4.087046105839540339e-02
3.794989952542709988e-02
4.272130267317370000e-02
3.637648207028539721e-02
4.304024934625370197e-02
3.793446758894149923e-02
3.741856090285899938e-02
4.056773383870049959e-02
4.143296798514080337e-02
3.902088822027449666e-02
4.237076669863600042e-02
3.644340954885490202e-02
3.618008893280629662e-02
3.619267058171760088e-02
3.955540814158740176e-02
3.758820325418450042e-02
3.621840756285939905e-02
4.138949640506239813e-02
3.554385395003319820e-02
3.744167361755480067e-02
3.977046428695790031e-02
3.723852384653780073e-02
3.702924118872399917e-02
3.556522834738169714e-02
3.533425433435839758e-02
3.676999171988309945e-02
4.124114827244400316e-02
4.814723789148329935e-02
3.903403888269409844e-02
3.971563093338700140e-02
3.235075965383370222e-02
4.142872152646349948e-02
3.800024037254499942e-02
3.442137626946140117e-02
3.436434629007620312e-02
4.162908920546100344e-02
3.897084724040129899e-02
4.516093801736519725e-02
3.815281855094589808e-02
3.716162878438900030e-02
3.485812460630970111e-02
4.012601517918520239e-02
3.832570274390380283e-02
3.463006406728760117e-02
3.679412434861219910e-02
4.378184855956879923e-02
3.989700805062330186e-02
3.519386864419089822e-02
3.542783955373909888e-02
4.279625838325219755e-02
4.111508482047460111e-02
3.757228083876539698e-02
3.844588050625710046e-02
3.636360580357800298e-02
3.917611706218070144e-02
3.168598455534540198e-02
3.697099305955799803e-02
3.635805295904950135e-02
4.087855589206260132e-02
3.465480828089739784e-02
3.380799750417989857e-02
3.855077068832629683e-02
3.996742669866940045e-02
3.423833427935089879e-02
4.265592961511569664e-02
3.659800410497070222e-02
4.026205855337389866e-02
4.260505671082680246e-02
3.691611346997059756e-02
4.389337666709289959e-02
3.454275801958479886e-02
3.970091691516620253e-02
3.937537061605619892e-02
4.331262413239179987e-02
3.510347444601939759e-02
3.785090896259799692e-02
3.878393699607549788e-02
3.903324537807149885e-02
3.925223957361379662e-02
3.725228936404539892e-02
3.958296618446829895e-02
3.553663095646440034e-02
3.618157577913529849e-02
3.474421602638069762e-02
3.656107592171450177e-02
3.742547212846059762e-02
3.472521736927679931e-02
3.377273993407649971e-02
4.098845932156629929e-02
3.576630517694440181e-02
3.397039566347599682e-02
3.266435960317379955e-02
3.759865090361279999e-02
3.579314003379469727e-02
4.598769731565349739e-02
3.574774094912529926e-02
3.815943094949419967e-02
3.654949153670269957e-02
3.747388462261010134e-02
3.678254324130530301e-02
4.182765218370439880e-02
4.106060845640550211e-02
3.572346110241449851e-02
4.021031662215070190e-02
3.958970944139429682e-02
4.043260160798500119e-02
3.753290505774520280e-02
4.001420465780129720e-02
3.583080868065739721e-02
3.736382697235059863e-02
3.939359475574449876e-02
3.847555194702480252e-02
3.642402251553580189e-02
3.730927613349299676e-02
3.609594470417300249e-02
3.595088724817180337e-02
4.056757202651339878e-02
3.069477521061519942e-02
4.057077785880470328e-02
3.866263918221309742e-02
3.477708622954790024e-02
4.192410174239129955e-02
3.912018503759349952e-02
3.430034011122400084e-02
3.653842975133819726e-02
3.712816711700810124e-02
4.592611812301339996e-02
4.629218126411260154e-02
3.519830935922790144e-02
3.912579807373420260e-02
4.716914903214809718e-02
3.587161136351779689e-02
3.896701680016070174e-02
3.499278253900590246e-02
4.416696428260889762e-02
3.598336387847499845e-02
3.801603403359630345e-02
3.919715633258680221e-02
3.739019763902719923e-02
3.130750619287130110e-02
3.714767830894499800e-02
4.077519087677539816e-02
3.599714138467090263e-02
3.531998118431999706e-02
4.349029752774560137e-02
3.276979333150779883e-02
3.312700158974579701e-02
3.922045699448539757e-02
3.873684074004810074e-02
4.076313411568399658e-02
3.778027641496910227e-02
4.006360023918689728e-02
4.243749635510100232e-02
3.814006782362969888e-02
4.350648801994030229e-02
3.716078324583149683e-02
3.968862566916010054e-02
3.802339604610539825e-02
3.781925903660120214e-02
3.704960396621719693e-02
3.721616277042519988e-02
3.672196198011540291e-02
3.554956400113910148e-02
3.649372140674569942e-02
3.720102466397139790e-02
3.567446523384160129e-02
3.702819930857900038e-02
4.052607474055679865e-02
4.063233144105130035e-02
4.292554281186630044e-02
3.905776824524020280e-02
4.178863797698500332e-02
3.602653788329950035e-02
4.170549426392339970e-02
3.516310277903750281e-02
4.222996118836840063e-02
3.854556030001229927e-02
3.584685856918799762e-02
3.972488866299289656e-02
3.541921963017990310e-02
3.836502313956099974e-02
4.031613823647429984e-02
3.785747464194769846e-02
4.222632925625049993e-02
3.592188482047210113e-02
3.893388050536889661e-02
3.664524536738240218e-02
3.517586381476080215e-02
4.104543925807999788e-02
3.342210492618669787e-02
3.977788945128839931e-02
3.745842786479480074e-02
3.582435410608399845e-02
3.540878598068850081e-02
3.975390079051539793e-02
3.587163016851280251e-02
3.760349226847019971e-02
3.657538310892199940e-02
3.984342373976729884e-02
3.711245725921909905e-02
3.801782957656180129e-02
3.368401923114899832e-02
3.906809643197339810e-02
4.167059026373740038e-02
3.720405072338509728e-02
3.506907408144330218e-02
4.088337778981680076e-02
3.494588271902990262e-02
4.004894496517059921e-02
3.479070202792010347e-02
3.313702375570219683e-02
4.118954195665600060e-02
3.564566672006969777e-02
3.787189619975209892e-02
3.597372944573169751e-02
3.805626238323239763e-02
4.284339073565279765e-02
3.708216417824870131e-02
4.005554990394429721e-02
3.976901294800370273e-02
4.169490238608360155e-02
3.372798826270100025e-02
3.819477003569109880e-02
3.761551724954369930e-02
3.649762197875520281e-02
3.534121104125129836e-02
3.735112132602329965e-02
3.548277572832930077e-02
3.765400103832550194e-02
3.616919471305889838e-02
4.439734850132630306e-02
3.374899041629340207e-02
3.781245347847379812e-02
4.403930206021920007e-02
3.908821600056570228e-02
3.971224474993290121e-02
3.525658583353880049e-02
4.096813867876900050e-02
3.581964163164329945e-02
4.127611418412519689e-02
4.038177624369380242e-02
3.865594536570660100e-02
3.584211814944830016e-02
3.517591619451929802e-02
3.840703336967660197e-02
3.716303920258159921e-02
3.263491759303729922e-02
3.889759124994120187e-02
3.923699242952750216e-02
3.986490229424619752e-02
3.765460828791619696e-02
3.912317652479749969e-02
3.791111087470219743e-02
3.714386105409139827e-02
3.338273820642469886e-02
3.778959496797049816e-02
4.038925161274699999e-02
4.137607849508399827e-02
4.351875014602910041e-02
4.011926025050249756e-02
3.380728353976889672e-02
4.227902887817729799e-02
4.300270265214929666e-02
3.930539267638730183e-02
4.050683505472880280e-02
3.788295779075259717e-02
3.697575880030219697e-02
3.558952502419499703e-02
3.593944152160519906e-02
4.012982484690919699e-02
3.936780694102470085e-02
3.671590583741170255e-02
3.904240542031559708e-02
3.643618364015870081e-02
3.665098588035520244e-02
4.014662419815560185e-02
3.645805086091419983e-02
3.784932954434769986e-02
3.629193125757750049e-02
4.359336629592740209e-02
3.945875727395559834e-02
3.849692690881689749e-02
4.238093896897929952e-02
3.564886060834780018e-02
4.092985457127670118e-02
3.884141926343190332e-02
3.653352799740400281e-02
3.669853998192219857e-02
4.300101092984000284e-02
3.765353880231690070e-02
3.911925681936290200e-02
3.513144407350719811e-02
3.518019418607749860e-02
4.217341357027289822e-02
4.097401170750399751e-02
3.549025570687729808e-02
3.954886370296709780e-02
4.108678844487879955e-02
4.183474470930059752e-02
3.592993052841530338e-02
3.701981397542210284e-02
3.712287400222739897e-02
3.840065758475109947e-02
3.681162580600740031e-02
4.104552792268689743e-02
3.474015819239410080e-02
4.451738299985730229e-02
3.927370915603699969e-02
3.633400340174069987e-02
3.365357401456969821e-02
3.662771742272970255e-02
3.909024409070629980e-02
3.626225763469100027e-02
3.778277313822830247e-02
3.515326439645900108e-02
3.825050179837240216e-02
4.062072431776179993e-02
4.106753348091689987e-02
4.405889490662640018e-02
3.855661486194480320e-02
3.422382780283190346e-02
3.095277835882139991e-02
4.166648319642989734e-02
4.370929232089289934e-02
4.025110997714839711e-02
4.047515323479070060e-02
3.455933387105890320e-02
4.025849698005620064e-02
4.018025620187470198e-02
4.173965913845290032e-02
3.922445247764529824e-02
3.642344013395369673e-02
3.524788986201300017e-02
4.071593588728510127e-02
4.169677657536190185e-02
3.807466186852220130e-02
4.095729861047740089e-02
4.124283033445300117e-02
3.683100869962650098e-02
3.677358766802919787e-02
4.337114784713440307e-02
3.958058635712229795e-02
3.715690429996960226e-02
3.866913800612840207e-02
3.796690437837760279e-02
3.827492263153300239e-02
3.914282334191480223e-02
3.658806862753220118e-02
3.247936115134340135e-02
4.451980134527690203e-02
3.417031605249790105e-02
3.482041903744449718e-02
4.172358186334060304e-02
3.705501325678949714e-02
4.095322185184550184e-02
3.775345560714690046e-02
3.722211609078739797e-02
4.514737652217629821e-02
3.664777982608209694e-02
3.403851084240969854e-02
3.718264561858909689e-02
3.796728166324109949e-02
4.023977375729329703e-02
3.895721471982870054e-02
3.937735353409359956e-02
3.795896304240810315e-02
3.597184799071070221e-02
3.859642698047870135e-02
3.303826956125469755e-02
4.068977531568249845e-02
3.714887017168869848e-02
3.955671289214569841e-02
3.602019715857839727e-02
3.593469372003740142e-02
4.331474668045690035e-02
3.319110507691500067e-02
4.415244471044590252e-02
3.909943844494519899e-02
3.901935333729090322e-02
3.979030070904209654e-02
3.988896839771439995e-02
3.842079869757199923e-02
3.672725948559599912e-02
4.167871180533359865e-02
3.906734158133230023e-02
3.907036469057020150e-02
3.520207835923359896e-02
4.011653230598320047e-02
4.218273646846010250e-02
3.658523099796830158e-02
3.639325743549119696e-02
3.986026432387979740e-02
3.766420613783359739e-02
3.352896929175139956e-02
3.605460968742939948e-02
4.240744300030489800e-02
4.019758327890259747e-02
4.058069544261479894e-02
4.069053967311329900e-02
3.907618590087150179e-02
3.359444021598669700e-02
3.814831279541049808e-02
3.700014934486649948e-02
4.613778583542890027e-02
4.310991813223649660e-02
3.886969342150339846e-02
3.549263977992409697e-02
4.303355100379190057e-02
4.257098371755319716e-02
3.959948952499620090e-02
4.101556413090699793e-02
3.614499397124080332e-02
4.232947300637600330e-02
3.608409837704559808e-02
3.644552057928800159e-02
3.861651873649869782e-02
3.715688854816050213e-02
3.772364181097009883e-02
4.317951389532209694e-02
3.693501200336549856e-02
4.120918863463510218e-02
3.663059097217499782e-02
3.477713720982120171e-02
4.274435477576520037e-02
4.046094261861200164e-02
3.924790771795010069e-02
3.868078001088139789e-02
3.838634672549350035e-02
3.793912838555389688e-02
4.097234870902020237e-02
3.623917789263630257e-02
3.807092807480860069e-02
3.516539366778659997e-02
3.906573948320980066e-02
4.301907427382559851e-02
4.145840305406939957e-02
4.058262026972039860e-02
3.987591202632739806e-02
3.778847960976859655e-02
3.588702987087669799e-02
3.388947248485309899e-02
4.219446703673680049e-02
4.368736500996069777e-02
3.948994374240859945e-02
3.678586866609569878e-02
3.364260257439440072e-02
3.602431864640649739e-02
4.373465203707990051e-02
4.024438760964740153e-02
3.734999548681289944e-02
3.665114169464520066e-02
2.903322689438030124e-02
3.785800769141500072e-02
3.755189976771929755e-02
5.087037101818629725e-02
4.047268771529950043e-02
3.602025453692080104e-02
3.648056040281919682e-02
3.455818197489839844e-02
4.269616730286650286e-02
3.920333664957519754e-02
4.066526524347190141e-02
3.574375664610190267e-02
3.763534666560470338e-02
3.963374596221559687e-02
3.654039350488239718e-02
3.926881218118730144e-02
4.500869889863150231e-02
3.826983840256319852e-02
4.106698523476980112e-02
4.166619208895130239e-02
3.677388057228150181e-02
3.417873683492390208e-02
3.738045853528410012e-02
3.338572082334839708e-02
4.035245693882399953e-02
4.106838172914609869e-02
3.570078563594369925e-02
3.668975943548769686e-02
3.945061877539139672e-02
3.763355468084889771e-02
3.655285723317690250e-02
3.785550830040280285e-02
3.795314990321829729e-02
3.683957133993880084e-02
4.012766663109140070e-02
3.980984782165279678e-02
3.764335150988409873e-02
3.409154452340189961e-02
3.622356780820479988e-02
4.392658170838140141e-02
3.890503099168100137e-02
3.737553845329739943e-02
3.719430036718199967e-02
3.940316151551639945e-02
4.468786585000260325e-02
3.978871691395560045e-02
3.436992348582940116e-02
4.211669622862330292e-02
3.748466820049459886e-02
3.774895829896549732e-02
3.703862306672479898e-02
3.226407432461309704e-02
3.845740548659210001e-02
3.807972132478770061e-02
3.644582751065769677e-02
3.812599865730550291e-02
4.163622513162799910e-02
4.491781184036260088e-02
3.632723380497580173e-02
3.309889172502120114e-02
