-1.289643659531984676e+00
-3.003337800218869313e-01
-1.508814293242659588e-01
-8.905336680604998278e-01
1.226798710931375214e-01
-3.644450816156108997e-01
-9.189865900496708706e-01
-1.087732306785346825e+00
-4.040396715787263338e-01
1.368310586184268596e+00
4.217104636137025686e-01
1.449056034809164561e+00
1.064553183835199812e+00
-3.379888812338336823e+00
-6.122993294992373076e-02
5.475454828769512478e-03
-2.364265244715616276e+00
-3.285113873220866676e+00
-1.629837775450639681e+00
9.224939994531329290e-01
-4.310380311962567768e-01
-1.690060783472288608e-01
7.308207363951250146e-01
2.279526820290665445e-01
7.140276088779115016e-01
-6.543583953364228156e-01
-8.799501088881033981e-03
1.339881590389448984e+00
8.748062340099700407e-01
-1.604263336164144960e+00
1.546566017317044572e+00
-3.126170947063069416e-01
2.492225673890223758e-01
-6.914556545413930166e-01
-4.706793862264969652e-01
-6.330883094083372686e-02
4.704851176462742507e-02
8.018016198010962103e-01
7.851004230017368801e-01
-8.123248220370035133e-01
1.547713792845201441e-01
1.873540253155689117e-01
9.949346979240574207e-01
-3.568800960371790176e-01
-8.904272973426701210e-01
-1.236106527344874806e+00
3.248396388850703365e-01
-7.116036445340757632e-01
-4.328451299506009819e-01
-4.644814086750180537e-03
6.955222657971351641e-01
-2.094961775378849367e-01
7.233603672945497776e-01
-8.702103293088886415e-01
1.136104746762216788e-01
1.012019796455838339e-01
9.330812062872472223e-01
-6.066618348003789407e-01
2.175269997415898882e+00
-1.762993547447459508e-01
-2.034113534167988624e-01
-5.227178891197973298e-01
-1.327756435506552757e+00
1.377093667519358799e+00
1.821967213963907872e-01
-1.317169539193647765e+00
-4.017431536054446028e-01
-8.075266677155061856e-01
-7.986652163577109831e-02
3.921658368365807945e-01
1.976375394734684710e+00
1.241085254142661354e+00
6.313213805656412436e-01
-1.201720977162736403e+00
-5.594019161644394611e-01
-7.637022542537165171e-01
5.258898179150006680e-01
9.564653494255203059e-01
4.901899014948390421e-01
-4.050959718396311970e-01
6.663445815824506901e-01
-1.160608480105822071e+00
-1.591314199827616127e+00
-7.091171031861602803e-01
8.970687548124944843e-01
-9.744964086712436524e-01
2.358828595511664739e-01
1.783934024828670140e+00
-4.734799551109227234e-01
6.381701797309643487e-01
-3.229802580462311390e+00
1.031545425553589634e+00
5.772693064628644510e-01
-1.184015056626207318e+00
3.798660826146751823e+00
-1.370025599750200884e+00
8.758501511106235871e-01
-6.166368781236629681e-01
-3.591120942614207667e-01
-1.022303555638921502e+00
3.962991828048688658e-01
1.845668575629373642e-01
-8.024978800084222597e-01
3.775882866408376559e-01
-1.232836243132346743e+00
-1.322760168453366580e-01
1.351035205627998614e+00
-3.049564538509522138e-01
-1.348578469365837862e-01
2.207498681151970621e-01
1.244695871315176339e+00
-8.337477295527505605e-01
-1.052885307411529858e+00
-1.686623014379641905e+00
4.789084175595276216e-01
6.138738275298132319e-01
-1.056713999745291337e-02
2.704521517986147594e-01
-2.111616744710217708e-01
3.362321751476434611e-02
-6.238663640102030117e-01
-2.947254593203605944e-01
-1.434094895191848185e+00
-4.948677897715909602e-01
1.067039791437309759e-01
-4.270659437973638450e-01
8.835551265229809603e-01
-3.652417325228543565e-01
2.380212969970522119e-01
2.051413806741699819e+00
1.332735818470928701e-02
-9.394903779250048104e-02
-2.614620754704680694e-01
1.188575759401767407e+00
2.130114168778206585e-01
-6.168711037121560326e-01
7.762648587028327107e-02
-3.872954164335621896e-01
1.654524663600670242e-01
1.815076415862664883e+00
-1.886231235034636633e+00
-5.360992712781335046e-01
-5.803519759343562789e-01
-7.500866081156313259e-01
-8.082269267071178209e-01
-2.660340751969611506e-01
-2.258579428834817104e+00
-4.253997239500533212e-01
-8.681122198184910710e-01
9.678765900324003413e-01
-5.354735839888233873e-01
2.618173479678740367e+00
-6.229604193380889887e-01
6.481429361323002292e-01
2.476477724790385082e+00
-2.593633973019493499e-01
-4.562830122596818194e-01
-2.194672257482539746e-01
1.414758959096476199e+00
2.494812682138345949e-01
-4.410511146934684712e-01
6.001553769809532257e-01
8.089458738576846830e-01
5.608388848180907438e-01
-1.144427794404304366e-01
2.332606007948581917e-01
-1.871277529236369475e+00
1.559141121443917699e-01
4.875358931300398102e-01
7.221788333711695596e-02
-7.375770176164661018e-01
-3.982311786402991105e-01
2.136446640159818944e-01
5.612501575207780036e-01
-1.561790816073078403e-01
1.335245071359083754e-02
4.681820286332908365e-01
-2.498999539339780418e-01
-2.053007953409573816e-01
2.995931236288281729e-01
-1.233673207555332080e-01
-5.669536974527701334e-01
-5.942409982345601138e-01
6.306841800671880716e-01
-4.453889347620163530e-01
8.360741760387309096e-01
6.822057616411473235e-01
-4.274876828440968973e-02
-4.009015322956893668e-01
1.969298724478488527e+00
2.229730141898830231e-01
8.103727739122773555e-01
-1.211577610539044114e+00
-1.573217654218440620e+00
1.205990599083328840e+00
-1.148536622515396788e+00
-1.168619542242049780e+00
-4.317864161519426869e-01
-6.452386558829933394e-01
-1.691143029493848982e-01
1.711087987612219585e+00
-6.578627739546042547e-03
2.245661510810841754e+00
-7.700792891058502176e-01
7.658285070772343772e-01
-8.008265464573144365e-02
1.724268943809662558e-01
-7.866194546784747166e-01
1.319326277344108123e+00
-1.093477022894420447e-01
1.018264306712016065e+00
1.849787327826882821e+00
8.324505652644991205e-01
-5.918608954590348636e-01
-1.501566575547508831e-01
3.049826013753929588e-01
2.349268414261569682e-01
-2.912992101004264200e-01
1.584054965773969093e+00
-7.672207355362292702e-01
-2.022681659229804474e+00
-1.225703288521230033e-01
-1.462532063475468824e+00
9.086466715349762746e-02
1.473692536227689046e-02
-2.423551903730008505e-01
-9.770526301492147292e-01
2.780119376612533721e-01
2.144416662939416796e-01
3.022134303545014777e+00
1.374066320981286671e+00
-1.008293781099841357e+00
2.242004593272853286e-01
3.455981004647985522e-01
-5.346067384549080433e-03
-2.318617159462018629e-01
9.694241244131237556e-01
1.539702635054703179e-02
1.877777703080371063e-01
1.241731670862153747e+00
1.286380370514126348e+00
-6.504970527106742617e-01
1.152642171861181231e+00
1.949003664997303931e+00
-1.328494172003810980e-01
7.253159625526376386e-01
1.960023391794200043e-01
-2.399167779462300087e-01
7.400565824025211181e-02
2.963703288421855042e-01
1.247009594638840424e-01
-9.775806561857031118e-01
3.505304606337560913e-01
3.675541160366852522e-01
5.968687837502909543e-01
-7.117741418777506768e-01
1.200235020493741311e+00
