1.844483173998566917e-03
1.871329074830936938e-03
1.893190182971900759e-03
1.840999657848671651e-03
1.858636247765160267e-03
1.868017219643655505e-03
1.869244696847610805e-03
1.873008695494522875e-03
1.847172633556333921e-03
1.861101256113926279e-03
1.859811615368903680e-03
1.855789701514159529e-03
1.831258189631567715e-03
1.873738978071037582e-03
1.857610762940255017e-03
1.912550954036538412e-03
1.857610762940255017e-03
1.882158833902212568e-03
1.857610762940255017e-03
1.855789701514159529e-03
1.865951856239133006e-03
1.872211028579772590e-03
1.856770770531747123e-03
1.881054214320199017e-03
1.857610762940255017e-03
1.927953462804285825e-03
1.857610762940255017e-03
1.855789701514159529e-03
1.875065000192760283e-03
1.858315512048259836e-03
1.839134561021065406e-03
1.846440771463671998e-03
1.856151880177195563e-03
1.877652142194772937e-03
1.884757726277698714e-03
1.876804522931455445e-03
1.899245185160675130e-03
1.873738978071037582e-03
1.872211028579772590e-03
1.875694544729667856e-03
1.825559399800646184e-03
1.895142130542522806e-03
1.891315671352727067e-03
1.883394700831154218e-03
1.873008695494522875e-03
1.843207408074065993e-03
1.901379718019487099e-03
1.838033326116509866e-03
1.905773359364786772e-03
1.880068137854298219e-03
1.893267680456126468e-03
1.857610762940255017e-03
1.926025416281112275e-03
1.826399392209154295e-03
1.866690357755624446e-03
1.877652142194772937e-03
1.887832104346161364e-03
1.827424877034059328e-03
1.843207408074065993e-03
1.844483173998566917e-03
1.861978812240799820e-03
1.860104300621626128e-03
1.863930759811421867e-03
1.845759842503723455e-03
1.849842843589098078e-03
1.848856767123197280e-03
1.844483173998566917e-03
1.896742092073184886e-03
1.825559399800646184e-03
1.839134561021065406e-03
1.919156707868914730e-03
1.910277854251259946e-03
1.893190182971900759e-03
1.843207408074065993e-03
1.875694544729667856e-03
1.891315671352727067e-03
1.881339583305437690e-03
1.861978812240799820e-03
1.840999657848671651e-03
1.893267680456126468e-03
1.873008695494522875e-03
1.895866378282616560e-03
1.868033814429574408e-03
1.886239623147487445e-03
1.914820920449309023e-03
1.834088350089975884e-03
1.889526882779360775e-03
1.827424877034059328e-03
1.862469560362668437e-03
1.840999657848671651e-03
1.887832104346161364e-03
1.893190182971900759e-03
1.855028252416386506e-03
1.896874601486906071e-03
1.829889885382825340e-03
1.861101256113926279e-03
1.840999657848671651e-03
1.826408925797251429e-03
1.917049539021592648e-03
1.870345931752166345e-03
1.842527607339936643e-03
1.887832104346161364e-03
1.846440771463671998e-03
1.835478987024523508e-03
1.857610762940255017e-03
1.881339583305437690e-03
1.882158833902212568e-03
1.847972331277559013e-03
1.840117704099835999e-03
1.869244696847610805e-03
1.844483173998566917e-03
1.863930759811421867e-03
1.884757726277698714e-03
1.873738978071037582e-03
1.872211028579772590e-03
1.826399392209154295e-03
1.843207408074065993e-03
1.887832104346161364e-03
1.863930759811421867e-03
1.874418778805166715e-03
1.850947463171111846e-03
1.875694544729667856e-03
1.850947463171111846e-03
1.889526882779360775e-03
1.868017219643655505e-03
1.831258189631567715e-03
1.877652142194772937e-03
1.876804522931455445e-03
1.835478987024523508e-03
1.841797324763421936e-03
1.861101256113926279e-03
1.893190182971900759e-03
1.879183702008659952e-03
1.831258189631567715e-03
1.903558538452310806e-03
1.877652142194772937e-03
1.858636247765160267e-03
1.876324314911739224e-03
1.861978812240799820e-03
1.879183702008659952e-03
1.840999657848671651e-03
1.863880918477572044e-03
1.832669547746471105e-03
1.857610762940255017e-03
1.865299720821076822e-03
1.828600244637802958e-03
1.842527607339936643e-03
1.876971213234824394e-03
1.848856767123197280e-03
1.826399392209154295e-03
1.843207408074065993e-03
1.893455165320702925e-03
1.855028252416386506e-03
1.838033326116509866e-03
1.894814045550011336e-03
1.876971213234824394e-03
1.877652142194772937e-03
1.889994562142787490e-03
1.887832104346161364e-03
1.856620733615060425e-03
1.831258189631567715e-03
1.828600244637802958e-03
1.893190182971900759e-03
1.881054214320199017e-03
1.914820920449309023e-03
1.825559399800646184e-03
1.868017219643655505e-03
1.824578330783058590e-03
1.840999657848671651e-03
1.840117704099835999e-03
1.825559399800646184e-03
1.873738978071037582e-03
1.873008695494522875e-03
1.903558538452310806e-03
1.840999657848671651e-03
1.887981239079585937e-03
1.862469560362668437e-03
1.885838168290491926e-03
1.847972331277559013e-03
1.844483173998566917e-03
1.889526882779360775e-03
1.884757726277698714e-03
1.852183330100053279e-03
1.901379718019487099e-03
1.899245185160675130e-03
1.861978812240799820e-03
1.924666536051803864e-03
1.845759842503723455e-03
1.845112944180638502e-03
1.870168347288386160e-03
1.874418778805166715e-03
1.883394700831154218e-03
1.883609549718208084e-03
1.831258189631567715e-03
1.893455165320702925e-03
1.914820920449309023e-03
1.875065000192760283e-03
1.880068137854298219e-03
1.840117704099835999e-03
1.875065000192760283e-03
1.849842843589098078e-03
1.905773359364786772e-03
1.836805848912554566e-03
1.868033814429574408e-03
1.893455165320702925e-03
1.865299720821076822e-03
1.834088350089975884e-03
1.832669547746471105e-03
1.895142130542522806e-03
1.858636247765160267e-03
1.893455165320702925e-03
1.872347167721209868e-03
1.863880918477572044e-03
1.862469560362668437e-03
1.825559399800646184e-03
1.845759842503723455e-03
1.838033326116509866e-03
1.866690357755624446e-03
1.873008695494522875e-03
1.826399392209154295e-03
1.903558538452310806e-03
1.840999657848671651e-03
1.876324314911739224e-03
1.927077749013717282e-03
1.865299720821076822e-03
1.855789701514159529e-03
1.838033326116509866e-03
1.847972331277559013e-03
1.862469560362668437e-03
1.840999657848671651e-03
1.865299720821076822e-03
1.878384004287434643e-03
1.863880918477572044e-03
1.849842843589098078e-03
1.834088350089975884e-03
1.858636247765160267e-03
1.896874601486906071e-03
1.872347167721209868e-03
1.874418778805166715e-03
1.852183330100053279e-03
1.881054214320199017e-03
1.881054214320199017e-03
1.919156707868914730e-03
1.899245185160675130e-03
1.875694544729667856e-03
1.883609549718208084e-03
1.868017219643655505e-03
1.882158833902212568e-03
1.872211028579772590e-03
1.872347167721209868e-03
1.838033326116509866e-03
1.839134561021065406e-03
1.843207408074065993e-03
1.825559399800646184e-03
1.862469560362668437e-03
1.856770770531747123e-03
1.891315671352727067e-03
