6.487349010701608763e-03
6.405440870876764892e-03
7.088241318912211208e-03
7.472912684881880332e-03
7.078004237258290858e-03
7.113770319354153528e-03
7.148393743915475509e-03
7.474304457535045632e-03
6.685037895377304862e-03
7.408198546833328138e-03
6.685037895377304862e-03
7.267409476555282931e-03
5.550871948959750814e-03
5.674787505428470491e-03
6.644215884023797064e-03
7.211172902956577632e-03
7.440618408454773881e-03
5.916941738049893984e-03
6.405440870876764892e-03
7.211172902956577632e-03
6.644215884023797064e-03
6.644215884023797064e-03
7.148393743915475509e-03
7.431787137903556224e-03
7.440618408454773881e-03
6.148935776113042227e-03
6.785779572718992486e-03
6.717363424664044014e-03
7.419103621899747654e-03
7.474304457535045632e-03
6.685037895377304862e-03
7.441401807856243104e-03
6.519298967086314435e-03
6.644215884023797064e-03
7.078004237258290858e-03
6.929856718423285135e-03
6.685037895377304862e-03
7.106070047316495261e-03
6.519298967086314435e-03
7.079977595860527037e-03
6.269927101909185743e-03
6.953613684357534165e-03
6.519298967086314435e-03
6.929856718423285135e-03
6.994827966831160607e-03
7.222745244115748482e-03
5.993102264788224484e-03
6.717363424664044014e-03
7.111690286338562608e-03
6.768055042073247915e-03
5.851745099710821407e-03
6.214359270907304431e-03
5.997376997257032605e-03
6.685037895377304862e-03
6.848558731760093742e-03
6.717363424664044014e-03
6.322423724180820971e-03
7.440618408454773881e-03
7.459614392082633549e-03
7.419103621899747654e-03
7.028941958086979899e-03
7.476384490550637418e-03
6.994827966831160607e-03
6.089648045876075964e-03
6.644215884023797064e-03
7.148393743915475509e-03
6.929856718423285135e-03
6.685037895377304862e-03
7.407315127626824293e-03
7.111690286338562608e-03
5.922398762633829077e-03
7.045584375636845115e-03
6.037401676624953514e-03
6.075774207151884120e-03
7.148393743915475509e-03
5.851745099710821407e-03
6.768055042073247915e-03
5.957655406794438481e-03
6.519298967086314435e-03
7.051595834014088605e-03
6.322423724180820971e-03
7.414210005210571629e-03
6.241099450158640351e-03
7.459614392082633549e-03
5.559891270623231255e-03
5.674787505428470491e-03
6.717363424664044014e-03
5.786321604916559204e-03
6.685037895377304862e-03
7.028941958086979899e-03
6.953613684357534165e-03
7.148393743915475509e-03
7.602525459535737322e-03
5.922398762633829077e-03
7.442815744295270576e-03
6.849963181898091787e-03
6.089648045876075964e-03
7.441401807856243104e-03
5.922398762633829077e-03
7.552821562975244041e-03
7.028941958086979899e-03
7.211172902956577632e-03
7.028941958086979899e-03
6.768055042073247915e-03
5.727033874679592941e-03
6.929856718423285135e-03
6.717363424664044014e-03
5.727033874679592941e-03
6.848558731760093742e-03
5.851745099710821407e-03
7.094020110330332037e-03
6.644215884023797064e-03
6.785779572718992486e-03
7.316227855554017188e-03
7.105070862497665091e-03
7.316227855554017188e-03
7.063361689010476049e-03
7.419103621899747654e-03
6.904795305358799908e-03
6.685037895377304862e-03
6.322423724180820971e-03
7.148393743915475509e-03
6.322423724180820971e-03
7.037367541679708134e-03
7.414210005210571629e-03
7.391556129283462923e-03
5.997376997257032605e-03
7.602525459535737322e-03
6.685037895377304862e-03
6.785779572718992486e-03
6.644215884023797064e-03
7.459614392082633549e-03
7.419103621899747654e-03
6.285012933830312100e-03
7.079977595860527037e-03
7.094020110330332037e-03
6.785779572718992486e-03
7.113770319354153528e-03
6.567242547226802112e-03
6.953613684357534165e-03
7.051595834014088605e-03
7.456634281526815060e-03
6.849963181898091787e-03
7.056489450703264631e-03
7.079977595860527037e-03
6.785779572718992486e-03
6.904795305358799908e-03
6.239203167042326609e-03
6.685037895377304862e-03
7.148393743915475509e-03
7.079977595860527037e-03
6.768055042073247915e-03
7.100000048506440592e-03
6.519298967086314435e-03
6.849963181898091787e-03
7.114412174431301514e-03
6.322423724180820971e-03
6.849963181898091787e-03
6.075774207151884120e-03
5.786321604916559204e-03
6.768055042073247915e-03
7.037367541679708134e-03
5.997376997257032605e-03
6.785779572718992486e-03
6.717363424664044014e-03
7.006830055220280087e-03
6.214359270907304431e-03
6.156684795889831412e-03
6.994827966831160607e-03
6.644215884023797064e-03
7.468684218512978285e-03
6.848558731760093742e-03
7.211172902956577632e-03
6.239203167042326609e-03
7.079977595860527037e-03
7.414210005210571629e-03
5.786321604916559204e-03
5.786321604916559204e-03
7.037367541679708134e-03
7.078787636659760081e-03
7.402394432655938494e-03
7.316227855554017188e-03
7.267409476555282931e-03
6.994827966831160607e-03
7.006830055220280087e-03
6.685037895377304862e-03
6.644215884023797064e-03
6.156684795889831412e-03
7.267409476555282931e-03
7.211172902956577632e-03
6.929856718423285135e-03
6.405440870876764892e-03
7.148393743915475509e-03
6.994827966831160607e-03
6.848558731760093742e-03
6.438388378348367143e-03
6.685037895377304862e-03
6.785779572718992486e-03
7.569625419942075002e-03
6.359991168453515628e-03
6.178685680382966713e-03
6.882584741010617201e-03
6.685037895377304862e-03
6.849963181898091787e-03
7.569625419942075002e-03
7.042201198006724401e-03
6.438388378348367143e-03
6.519298967086314435e-03
6.239203167042326609e-03
6.322423724180820971e-03
6.717363424664044014e-03
6.567242547226802112e-03
6.239203167042326609e-03
6.601817338238809632e-03
6.285012933830312100e-03
6.037401676624953514e-03
6.717363424664044014e-03
6.487349010701608763e-03
7.399981712876191157e-03
6.037401676624953514e-03
6.214359270907304431e-03
7.056489450703264631e-03
7.148393743915475509e-03
7.413129330466520540e-03
5.913486120156233837e-03
6.685037895377304862e-03
6.685037895377304862e-03
6.644215884023797064e-03
6.717363424664044014e-03
5.727033874679592941e-03
6.567242547226802112e-03
6.644215884023797064e-03
7.211172902956577632e-03
6.849963181898091787e-03
6.239203167042326609e-03
7.316227855554017188e-03
7.094020110330332037e-03
6.929856718423285135e-03
6.487349010701608763e-03
6.405440870876764892e-03
7.037367541679708134e-03
6.601817338238809632e-03
6.601817338238809632e-03
6.904795305358799908e-03
7.552821562975244041e-03
6.644215884023797064e-03
6.848558731760093742e-03
6.322423724180820971e-03
7.148393743915475509e-03
7.467685033694148114e-03
6.644215884023797064e-03
6.644215884023797064e-03
6.156684795889831412e-03
6.994827966831160607e-03
6.785779572718992486e-03
5.674787505428470491e-03
6.644215884023797064e-03
7.094020110330332037e-03
6.438388378348367143e-03
6.685037895377304862e-03
7.148393743915475509e-03
7.166758437905669694e-03
6.849963181898091787e-03
6.519298967086314435e-03
6.929856718423285135e-03
6.359991168453515628e-03
6.644215884023797064e-03
6.953613684357534165e-03
6.785779572718992486e-03
6.567242547226802112e-03
7.079977595860527037e-03
7.422545272828907047e-03
5.674787505428470491e-03
7.148393743915475509e-03
5.630488093591741461e-03
6.929856718423285135e-03
6.359991168453515628e-03
7.121718256759458285e-03
7.113770319354153528e-03
7.100000048506440592e-03
5.997376997257032605e-03
6.768055042073247915e-03
7.113770319354153528e-03
5.786321604916559204e-03
6.438388378348367143e-03
6.405440870876764892e-03
6.685037895377304862e-03
7.079977595860527037e-03
6.685037895377304862e-03
7.442815744295270576e-03
5.957655406794438481e-03
7.006830055220280087e-03
6.438388378348367143e-03
7.079977595860527037e-03
6.768055042073247915e-03
6.953613684357534165e-03
7.028941958086979899e-03
7.006830055220280087e-03
6.717363424664044014e-03
7.105070862497665091e-03
6.285012933830312100e-03
7.148393743915475509e-03
7.037367541679708134e-03
6.359991168453515628e-03
5.630488093591741461e-03
6.148935776113042227e-03
6.234728411831592411e-03
6.601817338238809632e-03
7.267409476555282931e-03
6.644215884023797064e-03
5.727033874679592941e-03
7.440618408454773881e-03
6.239203167042326609e-03
6.359991168453515628e-03
6.156684795889831412e-03
7.211172902956577632e-03
6.234728411831592411e-03
7.006830055220280087e-03
