1.124760740125256391e-02
1.233789378967055719e-02
1.250333816374735695e-02
3.859866758622624780e-03
1.151716532950071079e-02
3.987756590490361755e-03
1.185519812851796098e-02
1.139080780869509632e-02
3.735608498114008011e-03
1.192721728799836511e-02
1.173795125735774443e-02
2.993258907474247166e-03
1.131342394983939764e-02
1.263122799561509392e-02
1.216173460213010663e-02
1.233789378967055719e-02
1.245514066083077374e-02
3.996151616038176937e-03
1.207194212069938322e-02
1.178445351191194888e-02
1.209510690908886105e-02
1.264844781498061961e-02
1.250333816374735695e-02
3.899623344955707727e-03
1.240115919230191238e-02
1.202583236531830010e-02
3.762584087105041303e-03
1.195469524953916667e-02
1.227898147329032491e-02
1.228391232114169583e-02
1.209510690908886105e-02
1.254336264408193076e-02
4.014783345578627413e-03
1.159852084574085514e-02
1.207194212069938322e-02
1.245514066083077374e-02
1.141265917748642868e-02
3.910731184025500323e-03
3.897536474418410862e-03
1.199972671163242015e-02
3.757687787177180216e-03
1.234217803688151746e-02
1.136005145606349374e-02
1.207194212069938322e-02
1.199972671163242015e-02
3.991781700248797984e-03
1.221235378024907760e-02
1.158770970654767959e-02
1.207194212069938322e-02
1.124124669787068299e-02
1.199972671163242015e-02
1.255372628488562667e-02
1.250333816374735695e-02
1.216173460213010663e-02
1.192721728799836511e-02
1.245514066083077374e-02
3.749601056523733586e-03
1.153267815104585224e-02
1.152990604864664523e-02
1.234217803688151746e-02
4.014783345578627413e-03
1.147729832722371203e-02
1.209510690908886105e-02
1.234217803688151746e-02
1.141265917748642868e-02
3.635510068165592745e-03
1.207194212069938322e-02
1.227898147329032491e-02
4.016870216115926012e-03
1.234217803688151746e-02
1.135849356903089954e-02
1.234217803688151746e-02
1.192721728799836511e-02
3.784274291966493314e-03
1.227898147329032491e-02
1.131342394983939764e-02
1.216173460213010663e-02
1.171576771690107169e-02
3.627246206409874205e-03
1.255420258915023249e-02
1.255088895070377054e-02
1.195469524953916667e-02
3.723316998534691516e-03
1.214307923647851666e-02
1.254336264408193076e-02
3.778376566815637785e-03
1.251398112445487563e-02
1.245514066083077374e-02
3.820733563762669996e-03
1.214307923647851666e-02
1.221235378024907760e-02
1.147729832722371203e-02
1.246420496888740216e-02
3.568265050989477549e-03
1.260852733168126363e-02
1.188247984047220360e-02
1.246420496888740216e-02
3.505068487398284999e-03
1.178445351191194888e-02
4.004976409855887445e-03
1.207194212069938322e-02
1.254988276337425795e-02
3.681227674938735567e-03
1.140101086601834172e-02
3.846672049015535319e-03
1.195469524953916667e-02
1.176830303715574629e-02
3.735608498114008011e-03
1.221235378024907760e-02
1.153267815104585224e-02
3.839822667746989326e-03
1.234217803688151746e-02
1.227898147329032491e-02
1.255088895070377054e-02
1.164992502220606879e-02
1.143067082099961593e-02
1.216173460213010663e-02
3.901521163126709865e-03
1.109199109084071759e-02
1.171576771690107169e-02
1.180997041683814856e-02
1.254336264408193076e-02
1.166720664075173233e-02
1.202583236531830010e-02
1.173795125735774443e-02
1.245514066083077374e-02
1.199972671163242015e-02
1.188247984047220360e-02
1.242774569709122548e-02
1.257992309771481521e-02
1.127356093753487977e-02
1.173795125735774443e-02
3.955533044795249767e-03
1.228391232114169583e-02
1.158770970654767959e-02
1.171576771690107169e-02
1.178445351191194888e-02
1.141265917748642868e-02
1.238609129258714039e-02
3.906411358249525789e-03
1.152990604864664523e-02
1.250333816374735695e-02
3.887729538695670894e-03
1.188247984047220360e-02
1.250333816374735695e-02
1.202583236531830010e-02
1.202583236531830010e-02
1.178445351191194888e-02
1.158770970654767959e-02
3.857315009723054008e-03
1.164992502220606879e-02
1.266060951524214731e-02
1.195469524953916667e-02
1.159852084574085514e-02
1.216173460213010663e-02
1.244864182611709301e-02
1.256588869727730956e-02
1.124124669787068299e-02
1.202583236531830010e-02
1.202583236531830010e-02
1.257992309771481521e-02
1.251398112445487563e-02
3.968727754402339228e-03
1.171576771690107169e-02
1.233789378967055719e-02
1.216173460213010663e-02
1.158770970654767959e-02
1.266813582186398883e-02
1.199972671163242015e-02
1.233789378967055719e-02
1.242774569709122548e-02
1.195469524953916667e-02
1.188247984047220360e-02
1.171576771690107169e-02
1.264844781498061961e-02
1.262653788530759824e-02
1.185519812851796098e-02
1.171576771690107169e-02
1.245514066083077374e-02
1.192721728799836511e-02
3.568882375124345432e-03
3.722575796586771041e-03
3.894096751707206566e-03
1.249128046052104535e-02
3.835275565662099595e-03
3.886428635348618266e-03
3.823116583393602191e-03
3.757687787177180216e-03
1.251398112445487563e-02
1.178445351191194888e-02
1.199972671163242015e-02
1.141265917748642868e-02
1.234217803688151746e-02
1.214307923647851666e-02
1.192721728799836511e-02
1.247978269812542382e-02
4.024664416739256664e-03
1.195469524953916667e-02
1.180997041683814856e-02
3.851480883242120942e-03
3.239008435347471432e-03
1.178445351191194888e-02
1.131342394983939764e-02
1.221235378024907760e-02
3.798474546098952118e-03
1.202583236531830010e-02
1.195469524953916667e-02
1.214307923647851666e-02
1.222493116572129918e-02
1.192721728799836511e-02
1.152990604864664523e-02
1.222493116572129918e-02
1.254336264408193076e-02
1.180997041683814856e-02
1.214307923647851666e-02
1.209510690908886105e-02
3.887729538695670894e-03
1.199972671163242015e-02
1.202583236531830010e-02
1.192721728799836511e-02
1.238609129258714039e-02
3.757687787177180216e-03
1.131342394983939764e-02
1.171576771690107169e-02
1.178445351191194888e-02
1.199972671163242015e-02
1.216173460213010663e-02
1.240115919230191238e-02
1.266060951524214731e-02
1.234217803688151746e-02
1.207194212069938322e-02
1.133451238072776500e-02
1.136005145606349374e-02
1.185519812851796098e-02
1.222493116572129918e-02
1.214307923647851666e-02
3.874534829088581434e-03
1.164992502220606879e-02
1.209510690908886105e-02
1.140078847964321948e-02
1.245514066083077374e-02
3.784274291966493314e-03
1.164992502220606879e-02
3.719620307448663621e-03
1.136005145606349374e-02
1.147729832722371203e-02
1.136005145606349374e-02
3.866847927683951872e-03
1.257992309771481521e-02
3.836143310107190119e-03
1.227898147329032491e-02
3.896909683869919511e-03
1.136005145606349374e-02
1.133451238072776500e-02
1.257992309771481521e-02
1.234217803688151746e-02
1.135849356903089954e-02
3.742368895407379575e-03
1.221235378024907760e-02
1.245514066083077374e-02
1.214307923647851666e-02
3.428470715574651051e-03
1.207194212069938322e-02
1.207194212069938322e-02
1.199972671163242015e-02
1.222493116572129918e-02
1.227898147329032491e-02
3.847809055396313183e-03
1.139080780869509632e-02
1.139080780869509632e-02
1.192721728799836511e-02
1.228391232114169583e-02
1.147729832722371203e-02
3.499607831353784490e-03
3.865819609022647790e-03
1.227898147329032491e-02
1.216173460213010663e-02
1.240115919230191238e-02
3.798474546098952118e-03
1.234217803688151746e-02
1.221235378024907760e-02
1.202583236531830010e-02
1.216173460213010663e-02
3.518263197005374460e-03
3.239008435347471432e-03
3.851480883242120942e-03
3.910106529052785954e-03
3.555687665517255971e-03
1.199972671163242015e-02
1.185519812851796098e-02
1.180997041683814856e-02
1.185519812851796098e-02
1.161042909852999169e-02
1.147729832722371203e-02
1.234217803688151746e-02
1.207194212069938322e-02
3.955533044795249767e-03
1.216173460213010663e-02
1.216173460213010663e-02
4.017138110117415145e-03
3.635510068165592745e-03
1.209510690908886105e-02
1.141265917748642868e-02
1.234217803688151746e-02
3.499607831353784490e-03
1.222493116572129918e-02
3.742368895407379575e-03
1.246267622655459692e-02
1.222493116572129918e-02
1.234217803688151746e-02
1.263122799561509392e-02
3.784274291966493314e-03
3.499607831353784490e-03
1.133743071934267127e-02
1.178445351191194888e-02
3.757687787177180216e-03
1.159852084574085514e-02
1.166720664075173233e-02
