1.576015329741642303e-04
1.425877576109494077e-04
2.115279176995786374e-04
7.139652436263473935e-04
2.440888768311118393e-04
2.336141786542963159e-04
6.926968088842858562e-04
7.256049119946397742e-04
6.117772995403177689e-04
4.768444863225137034e-04
6.117772995403177689e-04
7.103340718648014016e-04
-1.195996044195157034e-04
-3.394646945246342432e-05
1.848495237432997112e-04
7.022191687317623065e-04
7.290813036155528596e-04
3.814221637108755527e-04
1.425877576109494077e-04
7.022191687317623065e-04
1.848495237432997112e-04
1.848495237432997112e-04
6.926968088842858562e-04
6.828297506620005812e-04
7.290813036155528596e-04
4.877189008988913436e-04
2.077043820998448359e-04
1.968776234083610178e-04
7.280184758215408952e-04
7.256049119946397742e-04
6.117772995403177689e-04
6.898228903216903785e-04
5.782164328363176720e-04
1.848495237432997112e-04
2.440888768311118393e-04
6.567155677595318698e-04
6.117772995403177689e-04
8.848502128207171719e-06
5.782164328363176720e-04
6.818700501928020652e-04
-3.300985935787793596e-04
2.319500001474174245e-04
5.782164328363176720e-04
6.567155677595318698e-04
2.370439457313023397e-04
9.360608331740385025e-05
4.330201604319665375e-04
1.968776234083610178e-04
2.406124852101986997e-04
6.275801843953904280e-04
2.116750504049341687e-05
5.061599318249344372e-04
5.774339582560251202e-05
6.117772995403177689e-04
2.172267419473212591e-04
1.968776234083610178e-04
1.267848727558767486e-04
7.290813036155528596e-04
7.028347781129389363e-04
7.280184758215408952e-04
2.407068503491798872e-04
7.186066054387373362e-04
2.370439457313023397e-04
4.693132234444290945e-04
1.848495237432997112e-04
6.926968088842858562e-04
6.567155677595318698e-04
6.117772995403177689e-04
6.609495690592662653e-04
2.406124852101986997e-04
3.954083156768739430e-05
-8.147940461927316927e-06
4.510459573319776502e-04
7.567213994380886377e-05
6.926968088842858562e-04
2.116750504049341687e-05
6.275801843953904280e-04
4.153388906148259879e-04
5.782164328363176720e-04
1.833133282102978050e-04
1.267848727558767486e-04
6.683057549947388253e-04
-2.843633822974400574e-04
7.028347781129389363e-04
-1.348721872008760221e-04
-3.394646945246342432e-05
1.968776234083610178e-04
2.726474114450377559e-06
6.117772995403177689e-04
2.407068503491798872e-04
2.319500001474174245e-04
6.926968088842858562e-04
5.554709328493687885e-04
3.954083156768739430e-05
6.156514745597754194e-04
6.425939597586052777e-04
4.693132234444290945e-04
6.898228903216903785e-04
3.954083156768739430e-05
5.227607604483263141e-04
2.407068503491798872e-04
7.022191687317623065e-04
2.407068503491798872e-04
6.275801843953904280e-04
-1.567920334001192580e-05
6.567155677595318698e-04
1.968776234083610178e-04
-1.567920334001192580e-05
2.172267419473212591e-04
2.116750504049341687e-05
2.439826687672659133e-04
1.848495237432997112e-04
2.077043820998448359e-04
7.169424269318584991e-04
2.427947598816116337e-04
7.169424269318584991e-04
1.359879235475789728e-04
7.280184758215408952e-04
2.253416450803604084e-04
6.117772995403177689e-04
1.267848727558767486e-04
6.926968088842858562e-04
1.267848727558767486e-04
1.614930693804461246e-04
6.683057549947388253e-04
7.256992771336209617e-04
5.774339582560251202e-05
5.554709328493687885e-04
6.117772995403177689e-04
2.077043820998448359e-04
1.848495237432997112e-04
7.028347781129389363e-04
7.280184758215408952e-04
5.245332583521284146e-04
6.818700501928020652e-04
2.439826687672659133e-04
2.077043820998448359e-04
2.336141786542963159e-04
1.717231409750909037e-04
2.319500001474174245e-04
1.833133282102978050e-04
7.289750955517069336e-04
6.425939597586052777e-04
2.430260490370998749e-04
6.818700501928020652e-04
2.077043820998448359e-04
2.253416450803604084e-04
1.102959362793758612e-04
6.117772995403177689e-04
6.926968088842858562e-04
6.818700501928020652e-04
6.275801843953904280e-04
1.256074786814727340e-04
5.782164328363176720e-04
6.425939597586052777e-04
2.375231797890770273e-04
1.267848727558767486e-04
6.425939597586052777e-04
7.567213994380886377e-05
2.726474114450377559e-06
6.275801843953904280e-04
1.614930693804461246e-04
5.774339582560251202e-05
2.077043820998448359e-04
1.968776234083610178e-04
6.698419505277407315e-04
5.061599318249344372e-04
9.322400605187659752e-05
2.370439457313023397e-04
1.848495237432997112e-04
4.938409289126481378e-04
2.172267419473212591e-04
7.022191687317623065e-04
1.102959362793758612e-04
6.818700501928020652e-04
6.683057549947388253e-04
2.726474114450377559e-06
2.726474114450377559e-06
1.614930693804461246e-04
2.048304635372493582e-04
6.536470377706325805e-04
7.169424269318584991e-04
7.103340718648014016e-04
2.370439457313023397e-04
6.698419505277407315e-04
6.117772995403177689e-04
1.848495237432997112e-04
9.322400605187659752e-05
7.103340718648014016e-04
7.022191687317623065e-04
6.567155677595318698e-04
1.425877576109494077e-04
6.926968088842858562e-04
2.370439457313023397e-04
2.172267419473212591e-04
5.606645667282498299e-04
6.117772995403177689e-04
2.077043820998448359e-04
5.848045220180116827e-04
5.427358226100435865e-04
-3.563413573548148295e-04
-4.788489902312112988e-05
6.117772995403177689e-04
6.425939597586052777e-04
5.848045220180116827e-04
1.479422953618193945e-04
5.606645667282498299e-04
5.782164328363176720e-04
1.102959362793758612e-04
1.267848727558767486e-04
1.968776234083610178e-04
1.717231409750909037e-04
1.102959362793758612e-04
5.952883630638168815e-04
5.245332583521284146e-04
4.510459573319776502e-04
1.968776234083610178e-04
1.576015329741642303e-04
6.464854961648870907e-04
4.510459573319776502e-04
5.061599318249344372e-04
2.430260490370998749e-04
6.926968088842858562e-04
6.267201598054787355e-04
3.653928223649253711e-04
6.117772995403177689e-04
6.117772995403177689e-04
1.848495237432997112e-04
1.968776234083610178e-04
-1.567920334001192580e-05
1.717231409750909037e-04
1.848495237432997112e-04
7.022191687317623065e-04
6.425939597586052777e-04
1.102959362793758612e-04
7.169424269318584991e-04
2.439826687672659133e-04
6.567155677595318698e-04
1.576015329741642303e-04
1.425877576109494077e-04
1.614930693804461246e-04
5.952883630638168815e-04
5.952883630638168815e-04
2.253416450803604084e-04
5.227607604483263141e-04
1.848495237432997112e-04
2.172267419473212591e-04
1.267848727558767486e-04
6.926968088842858562e-04
7.277871866660526540e-04
1.848495237432997112e-04
1.848495237432997112e-04
9.322400605187659752e-05
2.370439457313023397e-04
2.077043820998448359e-04
-3.394646945246342432e-05
1.848495237432997112e-04
2.439826687672659133e-04
5.606645667282498299e-04
6.117772995403177689e-04
6.926968088842858562e-04
1.107745719975175005e-04
6.425939597586052777e-04
5.782164328363176720e-04
6.567155677595318698e-04
5.427358226100435865e-04
1.848495237432997112e-04
2.319500001474174245e-04
2.077043820998448359e-04
1.717231409750909037e-04
6.818700501928020652e-04
6.756282605410001817e-04
-3.394646945246342432e-05
6.926968088842858562e-04
-5.197226635247448280e-05
6.567155677595318698e-04
5.427358226100435865e-04
1.206990123187272465e-04
2.336141786542963159e-04
1.256074786814727340e-04
5.774339582560251202e-05
6.275801843953904280e-04
2.336141786542963159e-04
2.726474114450377559e-06
5.606645667282498299e-04
1.425877576109494077e-04
6.117772995403177689e-04
6.818700501928020652e-04
6.117772995403177689e-04
6.156514745597754194e-04
4.153388906148259879e-04
6.698419505277407315e-04
5.606645667282498299e-04
6.818700501928020652e-04
6.275801843953904280e-04
2.319500001474174245e-04
2.407068503491798872e-04
6.698419505277407315e-04
1.968776234083610178e-04
2.427947598816116337e-04
5.245332583521284146e-04
6.926968088842858562e-04
1.614930693804461246e-04
5.427358226100435865e-04
-5.197226635247448280e-05
4.877189008988913436e-04
-3.428636808246779389e-04
5.952883630638168815e-04
7.103340718648014016e-04
1.848495237432997112e-04
-1.567920334001192580e-05
7.290813036155528596e-04
1.102959362793758612e-04
5.427358226100435865e-04
9.322400605187659752e-05
7.022191687317623065e-04
-3.428636808246779389e-04
6.698419505277407315e-04
