1.229939334581309216e-06
1.230034786528427493e-06
1.236973532904825892e-06
1.234930040974790232e-06
1.231077730276314701e-06
1.233545439981638450e-06
1.229730640276777577e-06
1.232628687191714733e-06
1.229655820449976187e-06
1.289457786930019382e-06
1.229655820449976187e-06
1.230086173086065972e-06
1.244789779730586044e-06
1.234521720669055031e-06
1.229938760529776190e-06
1.229904363197480139e-06
1.231197551161004523e-06
1.241516402698044604e-06
1.230034786528427493e-06
1.229904363197480139e-06
1.229938760529776190e-06
1.229938760529776190e-06
1.229730640276777577e-06
1.239484937538511831e-06
1.231197551161004523e-06
1.232705189091040527e-06
1.230118454520581906e-06
1.230013224982532367e-06
1.230894963748582291e-06
1.232628687191714733e-06
1.229655820449976187e-06
1.238639574946752941e-06
1.230203813122525704e-06
1.229938760529776190e-06
1.231077730276314701e-06
1.229407696029645732e-06
1.229655820449976187e-06
1.273445512368663133e-06
1.230203813122525704e-06
1.229579402916652786e-06
1.283361953888289397e-06
1.230471446814567747e-06
1.230203813122525704e-06
1.229407696029645732e-06
1.230579907124020214e-06
1.271352606352248434e-06
1.235446714832159373e-06
1.230013224982532367e-06
1.232252288815918225e-06
1.229496169711190480e-06
1.232467873619452437e-06
1.232073885986804453e-06
1.231500631299927215e-06
1.229655820449976187e-06
1.230238544138660719e-06
1.230013224982532367e-06
1.230200081387951751e-06
1.231197551161004523e-06
1.236784972171593070e-06
1.230894963748582291e-06
1.230702497184316891e-06
1.234077604599677344e-06
1.230579907124020214e-06
1.233439858387435914e-06
1.229938760529776190e-06
1.229730640276777577e-06
1.229407696029645732e-06
1.229655820449976187e-06
1.241390599258138138e-06
1.232252288815918225e-06
1.231958564927073386e-06
1.288600848095976817e-06
1.234327953032555978e-06
1.231091163808521514e-06
1.229730640276777577e-06
1.232467873619452437e-06
1.229496169711190480e-06
1.236907450166184149e-06
1.230203813122525704e-06
1.240090730023138647e-06
1.230200081387951751e-06
1.240874321803399922e-06
1.301673486342097471e-06
1.236784972171593070e-06
1.249553592450419374e-06
1.234521720669055031e-06
1.230013224982532367e-06
1.233042050026493239e-06
1.229655820449976187e-06
1.230702497184316891e-06
1.230471446814567747e-06
1.229730640276777577e-06
1.271729752931516192e-06
1.231958564927073386e-06
1.246100577005926368e-06
1.229414732798224270e-06
1.233439858387435914e-06
1.238639574946752941e-06
1.231958564927073386e-06
1.265945191216155981e-06
1.230702497184316891e-06
1.229904363197480139e-06
1.230702497184316891e-06
1.229496169711190480e-06
1.233710029019696692e-06
1.229407696029645732e-06
1.230013224982532367e-06
1.233710029019696692e-06
1.230238544138660719e-06
1.232467873619452437e-06
1.231372535769741169e-06
1.229938760529776190e-06
1.230118454520581906e-06
1.230266785709470352e-06
1.231760920138888113e-06
1.230266785709470352e-06
1.244379966732422678e-06
1.230894963748582291e-06
1.230359244330647435e-06
1.229655820449976187e-06
1.230200081387951751e-06
1.229730640276777577e-06
1.230200081387951751e-06
1.241500041310778859e-06
1.240874321803399922e-06
1.230652764462961203e-06
1.231500631299927215e-06
1.271729752931516192e-06
1.229655820449976187e-06
1.230118454520581906e-06
1.229938760529776190e-06
1.236784972171593070e-06
1.230894963748582291e-06
1.231516865116653658e-06
1.229579402916652786e-06
1.231372535769741169e-06
1.230118454520581906e-06
1.233545439981638450e-06
1.229910060951738646e-06
1.230471446814567747e-06
1.240090730023138647e-06
1.231579021457277317e-06
1.229414732798224270e-06
1.230861028527995045e-06
1.229579402916652786e-06
1.230118454520581906e-06
1.230359244330647435e-06
1.230434480421812706e-06
1.229655820449976187e-06
1.229730640276777577e-06
1.229579402916652786e-06
1.229496169711190480e-06
1.248754211695463638e-06
1.230203813122525704e-06
1.229414732798224270e-06
1.232848916986402548e-06
1.230200081387951751e-06
1.229414732798224270e-06
1.231091163808521514e-06
1.233042050026493239e-06
1.229496169711190480e-06
1.241500041310778859e-06
1.231500631299927215e-06
1.230118454520581906e-06
1.230013224982532367e-06
1.229466705208942774e-06
1.232073885986804453e-06
1.230733653215447833e-06
1.230579907124020214e-06
1.229938760529776190e-06
1.273685243108756828e-06
1.230238544138660719e-06
1.229904363197480139e-06
1.230434480421812706e-06
1.229579402916652786e-06
1.240874321803399922e-06
1.233042050026493239e-06
1.233042050026493239e-06
1.241500041310778859e-06
1.237855411053778517e-06
1.241795380574433907e-06
1.230266785709470352e-06
1.230086173086065972e-06
1.230579907124020214e-06
1.229466705208942774e-06
1.229655820449976187e-06
1.229938760529776190e-06
1.230733653215447833e-06
1.230086173086065972e-06
1.229904363197480139e-06
1.229407696029645732e-06
1.230034786528427493e-06
1.229730640276777577e-06
1.230579907124020214e-06
1.230238544138660719e-06
1.230581686854537633e-06
1.229655820449976187e-06
1.230118454520581906e-06
1.267025782555541417e-06
1.231020484744586565e-06
1.406386073701686942e-06
1.367197435114176362e-06
1.229655820449976187e-06
1.229414732798224270e-06
1.267025782555541417e-06
1.242419415274536057e-06
1.230581686854537633e-06
1.230203813122525704e-06
1.230434480421812706e-06
1.230200081387951751e-06
1.230013224982532367e-06
1.229910060951738646e-06
1.230434480421812706e-06
1.229893095363084393e-06
1.231516865116653658e-06
1.234327953032555978e-06
1.230013224982532367e-06
1.229939334581309216e-06
1.242121758967340934e-06
1.234327953032555978e-06
1.232073885986804453e-06
1.230861028527995045e-06
1.229730640276777577e-06
1.243440148546232466e-06
1.245128935491491272e-06
1.229655820449976187e-06
1.229655820449976187e-06
1.229938760529776190e-06
1.230013224982532367e-06
1.233710029019696692e-06
1.229910060951738646e-06
1.229938760529776190e-06
1.229904363197480139e-06
1.229414732798224270e-06
1.230434480421812706e-06
1.230266785709470352e-06
1.231372535769741169e-06
1.229407696029645732e-06
1.229939334581309216e-06
1.230034786528427493e-06
1.241500041310778859e-06
1.229893095363084393e-06
1.229893095363084393e-06
1.230359244330647435e-06
1.265945191216155981e-06
1.229938760529776190e-06
1.230238544138660719e-06
1.230200081387951751e-06
1.229730640276777577e-06
1.232053411184598665e-06
1.229938760529776190e-06
1.229938760529776190e-06
1.230733653215447833e-06
1.230579907124020214e-06
1.230118454520581906e-06
1.234521720669055031e-06
1.229938760529776190e-06
1.231372535769741169e-06
1.230581686854537633e-06
1.229655820449976187e-06
1.229730640276777577e-06
1.260111361403099842e-06
1.229414732798224270e-06
1.230203813122525704e-06
1.229407696029645732e-06
1.231020484744586565e-06
1.229938760529776190e-06
1.230471446814567747e-06
1.230118454520581906e-06
1.229910060951738646e-06
1.229579402916652786e-06
1.240236571526664542e-06
1.234521720669055031e-06
1.229730640276777577e-06
1.235554217693754203e-06
1.229407696029645732e-06
1.231020484744586565e-06
1.252024094071460344e-06
1.233545439981638450e-06
1.248754211695463638e-06
1.231500631299927215e-06
1.229496169711190480e-06
1.233545439981638450e-06
1.233042050026493239e-06
1.230581686854537633e-06
1.230034786528427493e-06
1.229655820449976187e-06
1.229579402916652786e-06
1.229655820449976187e-06
1.246100577005926368e-06
1.236907450166184149e-06
1.229466705208942774e-06
1.230581686854537633e-06
1.229579402916652786e-06
1.229496169711190480e-06
1.230471446814567747e-06
1.230702497184316891e-06
1.229466705208942774e-06
1.230013224982532367e-06
1.231760920138888113e-06
1.231516865116653658e-06
1.229730640276777577e-06
1.241500041310778859e-06
1.231020484744586565e-06
1.235554217693754203e-06
1.232705189091040527e-06
1.323929665453744829e-06
1.229893095363084393e-06
1.230086173086065972e-06
1.229938760529776190e-06
1.233710029019696692e-06
1.231197551161004523e-06
1.230434480421812706e-06
1.231020484744586565e-06
1.230733653215447833e-06
1.229904363197480139e-06
1.323929665453744829e-06
1.229466705208942774e-06
