8.697891298678000430e-04
7.918922454115000275e-04
2.092324094782300071e-03
2.441344830215999920e-03
1.950454966259899904e-03
7.159938778819000416e-04
7.619102784622999594e-04
9.013816952703000273e-04
8.146827710911999556e-04
8.427237059972000205e-04
7.410322488068999715e-04
2.344064205533799919e-03
8.181523963535999476e-04
7.854443245197999723e-04
9.510709818476999720e-04
7.495687835259000212e-04
7.481818139389000014e-04
8.231075302394999906e-04
8.462339630684000396e-04
7.672837167991000077e-04
8.839646587365000219e-04
8.800675601249999865e-04
7.319334341670000275e-04
2.226678367972999891e-03
7.520280241455999789e-04
7.726610480579999699e-04
8.978995743287000123e-04
6.864040580051999777e-04
8.194622727962999490e-04
1.721072889632300042e-03
7.897315906237000176e-04
7.179303189115000513e-04
8.220643447808999651e-04
7.793249072028000457e-04
7.635526256584999677e-04
7.407533617005999460e-04
7.937643354099999842e-04
2.295588644686900100e-03
2.304199447346699878e-03
8.669039234561999943e-04
2.231513672591800036e-03
8.388613860440000342e-04
8.126818038815999522e-04
2.527125497573199948e-03
9.613356828916000494e-04
8.389025665984999828e-04
9.773375284563999479e-04
7.396820815435000036e-04
7.814420987863999893e-04
7.547643275071999613e-04
8.566266400445999825e-04
7.444716060596999517e-04
8.361522237613999795e-04
9.076942224296999980e-04
2.228423134778000168e-03
8.182407044950999785e-04
2.202201616339799928e-03
7.846457013166000015e-04
2.096767760844800172e-03
7.452259927026999575e-04
7.686332995080999734e-04
8.551434814666000360e-04
8.639730619929000474e-04
7.784467039648999571e-04
8.226038821726999999e-04
7.833459592239000327e-04
2.271782337110800180e-03
7.569547945467999936e-04
7.786340234873000490e-04
8.023540565911999566e-04
8.351162606415000328e-04
8.076254462384000387e-04
9.487549775020000286e-04
2.170437869931199880e-03
8.451593706121999497e-04
2.117953043680299938e-03
8.126140531542000315e-04
2.240789095749699811e-03
7.409467142141000018e-04
9.177937265889999849e-04
8.475125101973000159e-04
8.693394392040999612e-04
8.140669044059999689e-04
7.735191860705000096e-04
2.340028826624200153e-03
7.633211760130000382e-04
8.115040626767999494e-04
2.272408191730100179e-03
7.919752621785000396e-04
2.349586356577100174e-03
7.531663130736000224e-04
7.818059876226000210e-04
7.699938379355000242e-04
2.734714665756100057e-03
8.268649114545000532e-04
8.085023831304000239e-04
7.206856472304999780e-04
7.947721680889000169e-04
8.331916768777999568e-04
8.428142661287999849e-04
7.335971059092999966e-04
7.412668888968999619e-04
2.202201616339799928e-03
7.968341868490999482e-04
7.408977165705000036e-04
8.179614411895000511e-04
2.590573044227299868e-03
7.292840909672999557e-04
2.010852131204100141e-03
7.844737481841000106e-04
7.687877514756000057e-04
2.204925812273200031e-03
8.244355427236999554e-04
8.016999301775000301e-04
2.511910749214999947e-03
8.405983884869999657e-04
7.627097564139999905e-04
8.797830094740000106e-04
7.540762510557000005e-04
7.639431218983000482e-04
8.666418816829000006e-04
8.694460334772000261e-04
8.000807751045999668e-04
7.855837729211000240e-04
7.791377921922000268e-04
7.868126826983999969e-04
1.908348746935799919e-03
8.126897511893000107e-04
7.683344078563999861e-04
8.483284850859999868e-04
8.169866317042000312e-04
8.735166854116000520e-04
8.122412501562999761e-04
7.796439017740999485e-04
9.053454068437999684e-04
7.453444346393000262e-04
8.379449060184000330e-04
7.877988333005999993e-04
8.116706653418000053e-04
7.359289983157999869e-04
7.654775338620000476e-04
8.064327342777999601e-04
7.805885676172999790e-04
2.283391307963700181e-03
8.236447647161999810e-04
2.157110169672600032e-03
8.003463708000999998e-04
8.069912595578999795e-04
8.125834328012000122e-04
8.330143457671000413e-04
1.991308561441600036e-03
2.259705394155299852e-03
7.732274517908999676e-04
2.713905456064199823e-03
8.865725358323000476e-04
2.275422644983000203e-03
7.460338619455000051e-04
8.014148504259999877e-04
6.823368261110999587e-04
7.301812300336999817e-04
7.594525080841000534e-04
7.879079682659999480e-04
7.776084582937000268e-04
2.024537514986800030e-03
8.920713608126999532e-04
8.343977527081000191e-04
7.887495064984000178e-04
7.450027976627000316e-04
2.379587482779299892e-03
2.244004740136400049e-03
2.110347142916599826e-03
7.584102912839000470e-04
7.831482976121000071e-04
2.229202079374800142e-03
2.251853696503500115e-03
8.472666939216000337e-04
8.285068723861000036e-04
7.754420019121000289e-04
7.859358889466999719e-04
7.007574678367999932e-04
8.237903450057999961e-04
8.147283231202999626e-04
8.322699863760000399e-04
8.010190404528000005e-04
8.022832743336999516e-04
8.058829711256999904e-04
7.701320864950000509e-04
7.459337785684000193e-04
7.898414618182000033e-04
7.501717502540999460e-04
8.274221997720000157e-04
7.484058296419000486e-04
2.280095179379400001e-03
2.435628397962200098e-03
8.338075504485000346e-04
7.724936978692999645e-04
8.249107163181999477e-04
8.369040365588999728e-04
8.709109826308999557e-04
7.418387633107000013e-04
7.499644310388000213e-04
8.276942279294999478e-04
7.920489442241999706e-04
8.417723609906000055e-04
8.329448182101000008e-04
2.351603225013100019e-03
8.692940595481000142e-04
7.803818576380000278e-04
7.401274843080999548e-04
7.496880598036999516e-04
8.624793321158000107e-04
8.363804837246000467e-04
7.562295886565999995e-04
8.443542522415999627e-04
2.375794297157399898e-03
7.754690561449000203e-04
2.052688378508599892e-03
2.265954953115600044e-03
1.989710820168800066e-03
8.116934200228999741e-04
7.799596493796999604e-04
8.376844843950000206e-04
8.616284854938000264e-04
8.468313524016999813e-04
7.989259188115999631e-04
9.079382057816000459e-04
8.049487235895000500e-04
2.506788085949800040e-03
7.326873827228000532e-04
2.171799224475200012e-03
8.408891451998000378e-04
7.851920935119999960e-04
7.842660829808999721e-04
2.357994120615799875e-03
7.741139215838000430e-04
8.847330543085000403e-04
9.585470183198000187e-04
7.954626841334000312e-04
2.294178018009399977e-03
8.056250313357000113e-04
2.060963739957899932e-03
8.858592070019999766e-04
7.625781544445000247e-04
1.909468660854800022e-03
7.620068116155000355e-04
8.260376337839999512e-04
8.051168477266999616e-04
7.583970115119999678e-04
8.416586884279999474e-04
8.215471203440000104e-04
7.366687637141999551e-04
7.343507269016000434e-04
2.133879001516300090e-03
9.308805934073999646e-04
8.257129439963000047e-04
8.231700089946000082e-04
8.066697244556999494e-04
7.611021948822000501e-04
7.784079869351999631e-04
7.706284287408999688e-04
2.275422644983000203e-03
8.064399871853000258e-04
7.877067460170999796e-04
2.435628397962200098e-03
7.619723286888999657e-04
2.133116281998099790e-03
7.575636015974999493e-04
2.280800171835099897e-03
8.463996456286000192e-04
8.901882494880000111e-04
2.087090685133599806e-03
2.401894396881400044e-03
7.346854689160000002e-04
8.243712266700000020e-04
8.447676531689999636e-04
7.926645346477000260e-04
7.474723312214000270e-04
2.170437869931199880e-03
7.917410370591000321e-04
2.317698603649700085e-03
8.108424372241999738e-04
2.087436650950900193e-03
7.929919122218999578e-04
1.905324334154200093e-03
2.063418514833800180e-03
7.205024868441999714e-04
7.049184739868999839e-04
2.464425457894799890e-03
7.591871840389000396e-04
7.412140477358000355e-04
8.185386628911999959e-04
1.860270447233199932e-03
2.302905764838400135e-03
8.337709745797999535e-04
8.343711231466999613e-04
8.945309040892000319e-04
7.084342353413000237e-04
2.350481611572999893e-03
8.471095991531000418e-04
7.744641634987000289e-04
8.557809605704000183e-04
7.477051194069000420e-04
8.322376370297000347e-04
8.539609443293000486e-04
8.151407698833999836e-04
7.289524892340000419e-04
8.571902129077999758e-04
2.024077512985800100e-03
2.273923281498600214e-03
8.309885749365000535e-04
8.028181576526999871e-04
8.500582565101000515e-04
8.097428272241999608e-04
2.406394413348500027e-03
8.837931283026000031e-04
7.856791259406999909e-04
8.048549881286999868e-04
7.409892576906000356e-04
8.343123773702000069e-04
7.217741200476000124e-04
2.329378532901499842e-03
7.405222008304000215e-04
7.448181324005000246e-04
7.960929142710999971e-04
2.181059679861899799e-03
7.664914662146000241e-04
2.373260934388500033e-03
7.585224571723999526e-04
7.318006032789000411e-04
8.653797472338999692e-04
2.340028826624200153e-03
7.384741051029000474e-04
8.174664618142000365e-04
2.698835371741200011e-03
8.364730849189000493e-04
9.123317938557999477e-04
2.620618569354199977e-03
7.208736109334000280e-04
8.532287330339999656e-04
6.923859653755000312e-04
7.471564167614000353e-04
7.470579010876000165e-04
8.628260121164999918e-04
7.552203319597999495e-04
7.953556112198000103e-04
8.406107739058999665e-04
2.246294695957999805e-03
7.329106883022999501e-04
2.380943965149700126e-03
7.396166687847000520e-04
7.773779779225999890e-04
7.390752351627000302e-04
9.217071869689000144e-04
7.883919208347999526e-04
8.343644090260999733e-04
8.248961247023000112e-04
7.971393856952000475e-04
2.279891080943400022e-03
8.446317798801000450e-04
8.620200589287000444e-04
6.882070073583999468e-04
7.054106543376999737e-04
1.004303863924799981e-03
8.071301274902999796e-04
8.347331343482000373e-04
7.567830035284000331e-04
8.470066558454999528e-04
8.374951140603999634e-04
7.943697358999000013e-04
7.866542892079000536e-04
2.201691502817700215e-03
7.634416455357999559e-04
8.076550151780999926e-04
7.845604705841999812e-04
8.378083221527999865e-04
7.744710247693999561e-04
8.443088298787000418e-04
2.060445900230099825e-03
7.658244724717999836e-04
7.967386780043999792e-04
7.286578984713999946e-04
8.397421542538000385e-04
2.073616734689500123e-03
9.271752004996999851e-04
8.226477363985000395e-04
1.908348746935799919e-03
8.551537126843999827e-04
2.819351555658300076e-03
7.449502786997000111e-04
6.956724371059000217e-04
7.842584265663999580e-04
7.560814448237000371e-04
2.110347142916599826e-03
8.410175786850999490e-04
7.945783150457000257e-04
9.071580264419999880e-04
8.270486482961000039e-04
2.055414027401000071e-03
8.447843977261000007e-04
7.169678964303999574e-04
8.149292738123000259e-04
8.365574342791999834e-04
7.772410082075999855e-04
7.959086221759000034e-04
7.620834424838000224e-04
8.019287357023999717e-04
8.086387706364000496e-04
2.089318549436899788e-03
7.568186394444999850e-04
8.187833544281000525e-04
8.730849789741000188e-04
7.683453760377999958e-04
2.401949507257100051e-03
7.583508052081000409e-04
7.250787972898000300e-04
1.991868974451100043e-03
7.792154245397000384e-04
8.045302702367000116e-04
8.044347504862000165e-04
7.944473371021999871e-04
7.854799434889000228e-04
9.298415055957000080e-04
2.378385999736399789e-03
7.746514636218000292e-04
7.844551187070000504e-04
2.240789095749699811e-03
1.012950156945100020e-03
2.529137017440900165e-03
8.301698793874999526e-04
8.211150704228000526e-04
7.847070556279000120e-04
8.204281152677999700e-04
2.248150328293899852e-03
7.968023053050000233e-04
8.438845866310999656e-04
2.274459793644799995e-03
2.620412197323800010e-03
7.432757531013000187e-04
7.621435333116999885e-04
2.230460071775500121e-03
8.255296686468000140e-04
8.839812726409000286e-04
7.957589381167000245e-04
2.210890196214300094e-03
9.042524100060999551e-04
7.575875377085000088e-04
8.290512755572999881e-04
8.268307857759000460e-04
7.891750678662999606e-04
8.240240260214999743e-04
7.862897137748000274e-04
7.849085653330999546e-04
7.513098195190999603e-04
8.497262505122000435e-04
7.171886323068000233e-04
7.880322857570999824e-04
8.637487149347999578e-04
8.405561947196000432e-04
2.528894310474599869e-03
9.940226321441000910e-04
8.450922805259999775e-04
7.944720656441999884e-04
8.595426269724999908e-04
2.441344830215999920e-03
7.767202013493999932e-04
8.342922601536999477e-04
2.281183369086300147e-03
8.167620149677999597e-04
9.099280957526999919e-04
2.037873407928300021e-03
7.911948710775000082e-04
8.029316157053000046e-04
7.500548824517000359e-04
1.886883786092200021e-03
7.942018265606000426e-04
7.551151149503000344e-04
7.791144565819999859e-04
8.204715784373000373e-04
8.021661912701999724e-04
2.543126990839300085e-03
7.144973993990000110e-04
6.964494517789000154e-04
8.190259535602999750e-04
2.322110594074000122e-03
8.307741147268000526e-04
8.389053834884999941e-04
7.751084987236000080e-04
2.582398022183100047e-03
7.779552823272999811e-04
2.297846901474599919e-03
2.094514090671099980e-03
7.922258979903999470e-04
7.302995763093999507e-04
2.358947399880899787e-03
2.063418514833800180e-03
8.534310638921000338e-04
2.082103044895900010e-03
8.127109884009999516e-04
7.407352426783000510e-04
8.168975470500000483e-04
7.923791835334999863e-04
7.691903800599999641e-04
7.482303707169000052e-04
7.712762796408999472e-04
7.571066975433000425e-04
8.022318271654999781e-04
2.403819839773500052e-03
8.062686303020999683e-04
8.539208655400999702e-04
2.287936540973999934e-03
9.203395503544999816e-04
7.413758910511000473e-04
7.765637483838999612e-04
7.777820585784000259e-04
8.405967875438999804e-04
7.457905555063999671e-04
8.353888469597000243e-04
7.672037799248999923e-04
8.030672817821999775e-04
8.293169252656999680e-04
8.735289131021000504e-04
2.414824148573399987e-03
7.897728460074999492e-04
2.271830036032200083e-03
8.089192547906999976e-04
7.195550209807000108e-04
7.640656099256999765e-04
8.006593896618000115e-04
7.462326586419999828e-04
9.205503730301999510e-04
9.183107313840000027e-04
7.895393493375999893e-04
7.402750216344999466e-04
8.790049609015000405e-04
7.322986543078000400e-04
7.919510860051999718e-04
2.060445900230099825e-03
2.089806624738000090e-03
2.222991237163299966e-03
8.827298621467000173e-04
2.138079374487099945e-03
8.155695263048999815e-04
7.354005781540999933e-04
8.515096553447999879e-04
2.819351555658300076e-03
8.185333297112000516e-04
2.153495148038299997e-03
7.802936180123999817e-04
8.205267506416000093e-04
7.855303380025999713e-04
2.643489933244700003e-03
8.263555467419999526e-04
8.978521530193999756e-04
7.493477743098999775e-04
7.968626442247000227e-04
7.571981250776999841e-04
7.759205319317000063e-04
7.463239851239000062e-04
8.784850861281999794e-04
7.397660830210000052e-04
8.009579356882000258e-04
8.547956763519000412e-04
8.135304149400000287e-04
8.051592803698999923e-04
7.668504916918999961e-04
8.898977885202000431e-04
8.578787638381000450e-04
7.744375300594000169e-04
7.581384242524000271e-04
7.596027077110000013e-04
8.114395096117999785e-04
8.352800522618000160e-04
7.902657192758999732e-04
8.063843407256999834e-04
2.219268155416699844e-03
2.276446717975699838e-03
6.990554535693999962e-04
7.841027136667999813e-04
8.508323818447999622e-04
7.592574054007000415e-04
7.860363061089999581e-04
8.200128169651999801e-04
8.472390343295000282e-04
8.849981950388999740e-04
7.606612513962000138e-04
8.479879686182999589e-04
8.315210573845999978e-04
8.536154934805000125e-04
7.880612996051000090e-04
8.411966610644000530e-04
6.986852403343999469e-04
8.226094522058999747e-04
8.697878301931000417e-04
8.554815562951999589e-04
8.921094453405000249e-04
7.400658601479999550e-04
8.476785863349000499e-04
7.792284701036999734e-04
2.177747668636399996e-03
7.329817713674999929e-04
2.198840738635899923e-03
2.299189125646099955e-03
2.176451809139899867e-03
2.296533759768900045e-03
7.675967933402000126e-04
8.103192160803999837e-04
8.058226471924000243e-04
7.938926146778000140e-04
8.292327364865999554e-04
2.392986714647400009e-03
8.258600880093000269e-04
8.746825101121000201e-04
8.358435750021000381e-04
7.426391577584000011e-04
7.518236234954000455e-04
7.902993937793999875e-04
9.094650827636000445e-04
8.169556853284000008e-04
8.134922148839000312e-04
8.658030681646999632e-04
8.028822840618000034e-04
7.264942402315000035e-04
7.982505212401000416e-04
8.315347209813000367e-04
7.765761278173999608e-04
2.511910749214999947e-03
7.626980851249999527e-04
8.435429368665000368e-04
7.833163022073999938e-04
8.657308372147000126e-04
7.153208214660999788e-04
2.157110169672600032e-03
2.113539914004499906e-03
8.242613252003000261e-04
7.100382010042000135e-04
7.265614342752999910e-04
7.771363808380000191e-04
7.565015329183999741e-04
8.281120084319000237e-04
7.208509260527999661e-04
2.005534128223900037e-03
7.414538179358000271e-04
7.938532460135999712e-04
8.840717823442999657e-04
2.179705565739800156e-03
8.312954414945000455e-04
2.170565436492600045e-03
8.210293514229000328e-04
7.793214094244000105e-04
8.049938686270999852e-04
8.257788413136000517e-04
7.629026708683000211e-04
8.045850032494000119e-04
8.810230246957000046e-04
7.071973382828000048e-04
2.403650689500100041e-03
8.488274699157999804e-04
8.696417927203999466e-04
7.665169602882000504e-04
8.377458144635999528e-04
2.229202079374800142e-03
7.912367551072000326e-04
7.453628926196000440e-04
8.663150960454000290e-04
8.519288612760999788e-04
7.489148054756999658e-04
2.267012543519299986e-03
2.330392509510499904e-03
9.622604739249000219e-04
7.448700852497000015e-04
2.184777002938200190e-03
1.921815576421500053e-03
8.144531660100000478e-04
8.107952534187999475e-04
2.473317265400299877e-03
8.311676155299000052e-04
8.157190882869000490e-04
7.901065577072000296e-04
7.899663465125000275e-04
7.763181408887999922e-04
2.306326350804800175e-03
7.382354127050999755e-04
8.067987358013000527e-04
7.638761567967000026e-04
8.233822472586999498e-04
8.754795133626999768e-04
8.449279302587000239e-04
8.380919943740000339e-04
7.399573770286999985e-04
7.677439626252000222e-04
7.927603976697999684e-04
8.684561575399000512e-04
7.838863610925999627e-04
7.995579095543000432e-04
8.888318838389000455e-04
8.118265307173000520e-04
7.696634716525999715e-04
8.238272902748000311e-04
7.454843729248000154e-04
2.403650689500100041e-03
7.981096220103999720e-04
8.646044673973000538e-04
2.005534128223900037e-03
8.532346691211999861e-04
8.102700092195999973e-04
8.486614765378000091e-04
8.063403433892999675e-04
7.063059480185000273e-04
8.556690458994000402e-04
2.230460071775500121e-03
7.610855813735000093e-04
2.322110594074000122e-03
7.914583754905999682e-04
7.928120661954999801e-04
7.834257148356000297e-04
9.106040271926000304e-04
7.969567541747000442e-04
8.100906892094000182e-04
7.557415378564999930e-04
8.215613213453000366e-04
7.803560318577000251e-04
7.627644616429999540e-04
2.338221156494499787e-03
7.938302942489000201e-04
7.778242339063999849e-04
2.379587482779299892e-03
2.388283523686899994e-03
7.887157950478999651e-04
2.028402141426799855e-03
7.463472241107999743e-04
2.398109538492100134e-03
2.112925072740700055e-03
2.173726835730400205e-03
8.157587900808999874e-04
2.012800203871900184e-03
2.332754317838000094e-03
8.286489631127000235e-04
7.651178420772000157e-04
8.241729002104999707e-04
7.314533293040000484e-04
7.974560486174000259e-04
2.049579170293999979e-03
8.072668805623000026e-04
8.675435941154999858e-04
7.191474151679999724e-04
8.462977945232000310e-04
2.285060635105099804e-03
8.192509738796000017e-04
7.889668093187000505e-04
2.357994120615799875e-03
9.276542606184999583e-04
2.502005719054900112e-03
8.935251237671999877e-04
2.151980662224699942e-03
8.163402711347999760e-04
2.078953308818899844e-03
8.407106747097000494e-04
8.184826746834999740e-04
7.799461826764000514e-04
2.024537514986800030e-03
7.410201308384000134e-04
2.339449392432599827e-03
2.092100980976699994e-03
7.555780549867999662e-04
7.766093748118000229e-04
1.913635782424999909e-03
8.246107326320000234e-04
7.728138677584999458e-04
2.461853148200500007e-03
2.185457836003400212e-03
8.059852006931999624e-04
2.197431479933400003e-03
2.286686321404000216e-03
7.161496331349999573e-04
7.998960040426000492e-04
7.654164309973999786e-04
8.433056652641000243e-04
8.116993423380999611e-04
7.711632802307000299e-04
7.971365600565999930e-04
7.394387024372999807e-04
7.970784110405000318e-04
8.128983909618999479e-04
7.872350522691000255e-04
2.118881214196800030e-03
8.251076532902999489e-04
7.780383928886000109e-04
7.829184156816999590e-04
7.326491914324999907e-04
2.159979708726500035e-03
8.052198836446000131e-04
8.253344670892000506e-04
7.764627267598999891e-04
2.047924287290199888e-03
8.734824788938000189e-04
8.144839508685999645e-04
7.110552871592999615e-04
7.568800322179000369e-04
7.619157852780999779e-04
8.290053762113000230e-04
7.683589566426000071e-04
8.172090540861000211e-04
7.546086346500999794e-04
7.082936391976000449e-04
2.086062731739000194e-03
2.033834721484900025e-03
2.543126990839300085e-03
7.845511354654000503e-04
7.997956194270999537e-04
8.031066491158000021e-04
7.389133347887999860e-04
7.868754011306999764e-04
7.567975222832999671e-04
8.861851756565999969e-04
2.555613273402299913e-03
9.432640902392999465e-04
9.203249090052000297e-04
7.623783272635999793e-04
8.057371743783000488e-04
7.659491286677999741e-04
2.028402141426799855e-03
7.547896477157000445e-04
2.373260934388500033e-03
8.462023541990999547e-04
2.138079374487099945e-03
7.701377897578000125e-04
7.297486123741999666e-04
2.338221156494499787e-03
7.666549794728000355e-04
2.297846901474599919e-03
8.458591724688000043e-04
7.548743138055999911e-04
8.188387203028000541e-04
7.869115812435000011e-04
8.138419742012000056e-04
8.642670354199999926e-04
1.868678489449800053e-03
7.132047162322000108e-04
7.378764309164000503e-04
7.980964729281999487e-04
7.468586991906000410e-04
2.236008591522300158e-03
8.351896160376000170e-04
2.385095265474400112e-03
7.511097571285999626e-04
7.942160428546000094e-04
7.355627998200999504e-04
8.159848540756000235e-04
7.789851872018000107e-04
8.090474222119000119e-04
7.622209362177000212e-04
2.055138905634200201e-03
2.344064205533799919e-03
8.339541820915999685e-04
7.617447949929000324e-04
9.002749137289999676e-04
2.059544944629100160e-03
1.921815576421500053e-03
9.434676790519000216e-04
2.086062731739000194e-03
8.390115085595000344e-04
7.500129991150999943e-04
8.783592695299999873e-04
8.254647357198000067e-04
7.804284192990000374e-04
9.069776575793000398e-04
6.716727191668999709e-04
2.463944520860599906e-03
7.845292601842999503e-04
7.953477368874999802e-04
2.437544089652700016e-03
8.018290184742000309e-04
9.042998025882999745e-04
7.774076521432000432e-04
7.858125308716999973e-04
1.909468660854800022e-03
7.969108180793999701e-04
7.815514817467000526e-04
2.476279856482100153e-03
8.087628243135000332e-04
7.773944534369000518e-04
8.949686514001999483e-04
2.282506783697499809e-03
9.019952851586999837e-04
8.098054503245000505e-04
2.271782337110800180e-03
8.024144543926999993e-04
9.185994653175999676e-04
2.273923281498600214e-03
8.484484115207999860e-04
2.079554373824800059e-03
7.792535654728999922e-04
8.541304988460000263e-04
8.245538569370999523e-04
8.042700350662999572e-04
8.138268855235000375e-04
7.559431838064000278e-04
8.498232371545999791e-04
8.162504200419000520e-04
2.197431479933400003e-03
7.753628448049999702e-04
7.966991489820999823e-04
9.901987653334999931e-04
8.462988257095999719e-04
2.276446717975699838e-03
7.867331575512999864e-04
8.257942648964999464e-04
7.866542892079000536e-04
2.611759835796899961e-03
7.363275785341999837e-04
8.013574410791000479e-04
8.184904910051000277e-04
8.992216459883999946e-04
7.199515016185000253e-04
7.884162307795999740e-04
9.000465924974000416e-04
8.148082384232999652e-04
7.960088990475999975e-04
7.519974537412999751e-04
1.980291733540100099e-03
2.228541797788799982e-03
8.682066622974999931e-04
8.099668282707000360e-04
7.201887981561999564e-04
8.305360176459999954e-04
1.804420055646700077e-03
2.398238814844000019e-03
8.401889494043999996e-04
2.339252733291199895e-03
2.439809232373100177e-03
8.107398299950999837e-04
7.998715033857000528e-04
8.053248994297000467e-04
8.307543566727000096e-04
8.345014256643000028e-04
2.665644920908599811e-03
2.037137688490999951e-03
2.087090685133599806e-03
8.197532814731000326e-04
7.236527473633000201e-04
2.207130499694699970e-03
8.037775086382999753e-04
8.683136161222000313e-04
1.979308428569599883e-03
8.872155856149000061e-04
7.683861521286999624e-04
7.407029165436000056e-04
8.575977963349000217e-04
2.133879001516300090e-03
8.246432680285000144e-04
7.388582119971000024e-04
2.191905830319200183e-03
7.809464570677000133e-04
8.051161735886999812e-04
2.089318549436899788e-03
8.368209148161999530e-04
7.720561725954000172e-04
2.502005719054900112e-03
9.441230423392999805e-04
2.314523413048700032e-03
2.243787556930599853e-03
2.112925072740700055e-03
8.195159582853000059e-04
7.404703214259000191e-04
7.708954723520000272e-04
7.929279696282000170e-04
8.176720266407000361e-04
8.118329604609999736e-04
8.160819863210999571e-04
7.965418869914999995e-04
7.379617460735000490e-04
8.126670729852999769e-04
8.285905459763000117e-04
7.642757591352000376e-04
1.978410691431100200e-03
8.431390952280999477e-04
7.333546683037999673e-04
9.176039336248999548e-04
8.585624293420999554e-04
8.298870834328999843e-04
2.372341181597000057e-03
7.381890804552999636e-04
8.382318253727999912e-04
7.967878266379999942e-04
8.331959457260999791e-04
8.578781652036999647e-04
7.868513821864000189e-04
8.288079527897999465e-04
7.723290450355000530e-04
7.849345339145999672e-04
7.494756739406000390e-04
2.113539914004499906e-03
8.093159154592999586e-04
7.332746680312999957e-04
7.523959966738000184e-04
7.681449776593999527e-04
2.159226843546700140e-03
7.266005981186999564e-04
8.242571790914999912e-04
8.214191750801000391e-04
8.506499775393999924e-04
2.216639530225199967e-03
7.304705353202000512e-04
2.362377785005100126e-03
9.645539013662000416e-04
8.608948345785999825e-04
7.174830893871000318e-04
7.291219874428000536e-04
2.106055775275100100e-03
8.321895186606000343e-04
6.744344801023000524e-04
7.333227389703000009e-04
8.075169290194999855e-04
8.197161994784000084e-04
8.308644729818000533e-04
8.284940542921000444e-04
7.817347180750999986e-04
8.425115057076000341e-04
8.604752232766999485e-04
7.676478551329999917e-04
8.006510962056999706e-04
7.774735563023000033e-04
2.158549884656699950e-03
2.284133864669100032e-03
8.694567702241999627e-04
8.983844332200999943e-04
2.280800171835099897e-03
2.050419220166600168e-03
7.238050276562000293e-04
2.375794297157399898e-03
1.913635782424999909e-03
7.285120018194000523e-04
8.861559208503999628e-04
9.041898447010000232e-04
2.287936540973999934e-03
7.760399920549999582e-04
7.791557418739999659e-04
7.560802950291000118e-04
8.037631357854000498e-04
8.672607685142999555e-04
9.336359024380000210e-04
8.137137368783999665e-04
7.186740000805000436e-04
8.637153308730000393e-04
2.037176443925100156e-03
7.843765887175999920e-04
8.258479406329999805e-04
8.071263430903000092e-04
2.296533759768900045e-03
1.986885604042900200e-03
8.094060073137000289e-04
2.077213517020900114e-03
8.129597821662000066e-04
2.224351507649800080e-03
7.939668630240000365e-04
7.726672801080000479e-04
2.495017863013500054e-03
8.707515827626000158e-04
2.478722830340899814e-03
8.289010987244000176e-04
7.308360715982000324e-04
2.095010780956300077e-03
8.366855308493000541e-04
8.232570034124999736e-04
8.498166900660999480e-04
8.632087140656000178e-04
8.611901931498000410e-04
8.343521157033999963e-04
7.862546683269000178e-04
7.329086022372999568e-04
7.281611477515000097e-04
7.551584967114999703e-04
7.776411154267999851e-04
7.579608449160000257e-04
8.022504185310999798e-04
8.223830029762999689e-04
7.834760542095000257e-04
8.260758549760000534e-04
7.689690230380999544e-04
8.458228608209000018e-04
7.146214473765999864e-04
7.557827244561000175e-04
9.680744340109000015e-04
7.114229660248000495e-04
7.258732521043999991e-04
7.657831379434999622e-04
2.170565436492600045e-03
7.835807783380000380e-04
8.009227842216000122e-04
2.256907270484399906e-03
2.485884675897000098e-03
8.011986571103999833e-04
7.376906657751000282e-04
8.179139908013000277e-04
8.456113379574000397e-04
7.426863371866999994e-04
7.468053006735999666e-04
9.466090868278999619e-04
7.499169865546000515e-04
2.055138905634200201e-03
7.995405071378999850e-04
2.107426890129399794e-03
2.562962105537300046e-03
7.769443130253000235e-04
8.473189472317999493e-04
8.118708685151000259e-04
8.757272133790999519e-04
1.911319245528800065e-03
7.413209196039000385e-04
8.481270377090000456e-04
2.349586356577100174e-03
8.608443260220999824e-04
8.081950395267999609e-04
7.440289318043000460e-04
8.704084683881000394e-04
8.116571193778999516e-04
1.979383089735200097e-03
8.329502152030999682e-04
2.331800212071400129e-03
7.424775144637000071e-04
7.553075545072000145e-04
7.835372026986000410e-04
7.889973449605999561e-04
7.261657720561000111e-04
2.053018521221999793e-03
7.692580569332000025e-04
8.611759247998000471e-04
1.846101191357899960e-03
7.824623676554999475e-04
7.534294950421999539e-04
9.078987482405000229e-04
8.570137346263999702e-04
8.603741615021999727e-04
8.472794862409000188e-04
8.096258336047000397e-04
2.192089706820300136e-03
8.961700278129000477e-04
2.173955591650600025e-03
8.102111376869999566e-04
7.356908081012999588e-04
2.340539142809400144e-03
2.461853148200500007e-03
7.962259280326999637e-04
7.684011920289999511e-04
9.460102442344999786e-04
7.381297225288000483e-04
8.047871741323999644e-04
7.735068003182999979e-04
6.798552065788000072e-04
7.888530059772999852e-04
7.891203444871999761e-04
7.938389632404000383e-04
8.326225557334000381e-04
7.807838115150000100e-04
2.294178018009399977e-03
9.151249397361000413e-04
8.549318017695000391e-04
8.189451582870000031e-04
9.065585241542999497e-04
7.987950056993000118e-04
2.138426135989900025e-03
7.400190675795000105e-04
7.664655272270000418e-04
2.429939525878299991e-03
8.110744024485000425e-04
8.066674897391000292e-04
8.172805388068000478e-04
7.809543735404000453e-04
8.305787897140999966e-04
2.121946988550200020e-03
7.738400928961000234e-04
8.489665403516999517e-04
6.797368947351000411e-04
8.159824695658999790e-04
8.856607323745000490e-04
7.803502998220999487e-04
7.706574182229000008e-04
2.092100980976699994e-03
8.242042693337000214e-04
8.036705543893000190e-04
2.406394413348500027e-03
7.793756525637999914e-04
2.437544089652700016e-03
7.610830106990000262e-04
7.360083403803000272e-04
7.645186617713000321e-04
6.980386534629000024e-04
2.286686321404000216e-03
2.040553089389799887e-03
2.085147751725999893e-03
9.299314891287000515e-04
2.521705754032800128e-03
7.685359808854999803e-04
8.208935831603000541e-04
8.481430019145999762e-04
7.834054506846999935e-04
2.175743999553000213e-03
8.205131978488999518e-04
8.363850422801999938e-04
2.378385999736399789e-03
2.244004740136400049e-03
8.623358524660000145e-04
2.215716555523600164e-03
7.475305740531000250e-04
2.611759835796899961e-03
8.906382917682999700e-04
8.068401010898000169e-04
8.332238166305999628e-04
8.256070970701999802e-04
7.453878113680000462e-04
2.272408191730100179e-03
8.348292451884000050e-04
8.168878482751999476e-04
7.958306987873000260e-04
8.109136326764999686e-04
7.728373345882999512e-04
7.800863120954999817e-04
7.847350155083999577e-04
2.416636782695299850e-03
7.110086918200000028e-04
7.495083737111000099e-04
2.369528252865299965e-03
8.254328878229999803e-04
8.245860974253000145e-04
7.196558323578000150e-04
8.505298239445000181e-04
8.381327641188000312e-04
7.387036104009000233e-04
7.583759373667000366e-04
8.123541669831000310e-04
7.273956184155000535e-04
7.050568861911999784e-04
2.357225028513299913e-03
7.938210723037000295e-04
8.994299868572999635e-04
8.245586806235000264e-04
8.492024215798999690e-04
8.485879107256999714e-04
7.711492099106999863e-04
9.012499867730000254e-04
2.138576626870300132e-03
8.212180593263999906e-04
7.586956780824999661e-04
9.318276267573999752e-04
7.795009187649999801e-04
2.382280766320299826e-03
8.516446606001000464e-04
2.184777002938200190e-03
8.320755434997000434e-04
2.068394982067300186e-03
7.827347546687999898e-04
7.661493037600000493e-04
2.524566994345999859e-03
2.287086144927499929e-03
8.307054388814000224e-04
8.205258860544999621e-04
7.346317044510000498e-04
2.262290754257299981e-03
7.887756032259000266e-04
7.257453825944000340e-04
8.152243644276999579e-04
8.164750102451999707e-04
7.234157765648999887e-04
7.669392378640999550e-04
2.979905937463400017e-03
8.215530717825999781e-04
7.662106968412999656e-04
2.476260958478999821e-03
2.171881829796599994e-03
2.049579170293999979e-03
2.426625131969100107e-03
8.055783907829999714e-04
