2.934329268562099920e-03
2.498083829360900170e-03
3.238187387435100071e-03
2.741849058362800032e-03
2.756211739759299988e-03
2.561840597696699983e-03
2.661543259825900100e-03
3.165637071666000182e-03
2.725176455051399934e-03
2.593976254746100090e-03
2.699881134515700123e-03
2.913873122983700031e-03
2.920427511935999847e-03
2.877292487413000196e-03
3.258043610470100215e-03
2.522959671773000040e-03
2.760308982836199958e-03
2.780025762043200014e-03
2.971834140640599881e-03
2.652601537346200179e-03
3.216358458742100187e-03
3.369438174387699800e-03
2.612430899070599874e-03
2.909084343770300136e-03
2.791494467591599821e-03
2.764488639664800136e-03
3.297046867634800035e-03
2.560789187080499910e-03
2.803319105891200185e-03
2.406185088591999977e-03
2.768658431009899876e-03
2.600782406451900182e-03
3.000043093646400077e-03
2.821792758743400190e-03
2.676378269698500168e-03
2.691035614522000168e-03
2.664925124692899949e-03
2.485502066351999960e-03
2.936971277363200142e-03
3.050565063845899795e-03
2.816838167682299797e-03
3.084008446571600073e-03
2.533651663951900015e-03
2.641020085748200207e-03
2.827025134747499988e-03
2.826169760216900185e-03
3.275949079858200136e-03
2.655495351921899946e-03
2.631958110452900079e-03
2.621887147158699985e-03
2.743931439435100088e-03
2.695790158797799988e-03
2.941348404387699855e-03
3.081637337694200212e-03
2.739903568479900003e-03
2.866293635069099965e-03
2.646704404913100168e-03
2.841842960667700143e-03
2.667311296088199866e-03
2.526781749016600125e-03
2.566941492880600150e-03
2.949274321617199879e-03
2.968005611125500154e-03
2.844790758269499960e-03
2.856516823166000123e-03
2.774296662274699805e-03
2.227414620126200000e-03
2.620217569744399868e-03
2.796776975715199991e-03
2.749089193954200056e-03
2.809083799306100020e-03
2.774811944772599855e-03
3.188105071151000128e-03
2.395698082779700120e-03
3.007255520877400150e-03
2.731569181083400109e-03
2.887537651951599827e-03
2.868645892500700043e-03
2.548025708654200194e-03
3.117774391945799840e-03
3.127328066402499784e-03
2.931459045978399881e-03
2.920518676464600033e-03
2.714512307824699846e-03
2.540955208317700019e-03
2.702071400275200038e-03
2.755130139920200158e-03
2.182238155117899835e-03
2.884422254436600028e-03
2.707893701027200110e-03
2.710108309348899930e-03
2.731767443709099807e-03
2.671305236442999848e-03
2.931637509615999965e-03
3.042506134976800079e-03
2.984592953387100057e-03
2.267334615750700184e-03
3.002085558377299949e-03
2.920518764067799901e-03
2.990820212073500191e-03
2.534301546397000216e-03
2.760621554723700129e-03
2.646704404913100168e-03
2.738365524659400110e-03
2.748737453430499973e-03
2.930964819453900014e-03
2.978427925119700101e-03
2.331830321935800081e-03
2.962154009553400000e-03
2.870913037234600063e-03
2.786871267898500051e-03
2.807401677854899982e-03
2.844442050908899903e-03
2.717750596919199946e-03
2.638851222476799787e-03
2.993298657668199986e-03
2.831451333529500045e-03
2.695438540414500130e-03
2.514173226250600041e-03
2.870720001496200081e-03
3.091272824244499853e-03
3.019136294441400036e-03
2.868609994273399987e-03
2.774917843944999830e-03
2.956742158357900194e-03
2.825742326861500116e-03
2.465948683473600123e-03
2.723847847279200086e-03
2.729972842584700143e-03
2.886731137205199912e-03
2.585386307995100191e-03
3.227488999794600119e-03
2.954121527648399890e-03
2.776094299252000134e-03
2.974991986036600207e-03
2.592688492499100206e-03
2.930890445698399859e-03
2.871593075938200148e-03
2.871046513710999882e-03
2.418881411863299871e-03
2.863910671978700008e-03
2.676848713426000035e-03
2.810783392272499931e-03
3.015656700033700083e-03
2.879196172927000075e-03
2.595470588591800194e-03
2.805261271268700077e-03
2.900155053177999945e-03
3.039430922812099822e-03
2.962252546245000041e-03
2.942649892726099947e-03
2.934052016548199804e-03
2.809788849687599923e-03
3.255242585686600118e-03
3.104647133972599816e-03
2.551663475067899971e-03
2.550924603758799886e-03
2.609033638413999802e-03
2.513761121664499863e-03
2.513360915596299806e-03
2.741582636492600165e-03
2.562008305972300181e-03
2.662550258149799787e-03
2.484956622963500200e-03
3.257111946213800055e-03
2.865733591646899957e-03
2.857699951597500020e-03
2.656013011978900114e-03
2.451327660537999838e-03
2.617905563264199837e-03
2.699095377491700105e-03
2.656622791698200030e-03
2.866621588465100186e-03
2.825072651558600129e-03
2.905693719531999945e-03
2.608682237528300168e-03
2.853362102985599995e-03
2.603787918830700095e-03
2.523527736365500061e-03
2.395977295397199846e-03
2.937201206020000066e-03
2.846706784963700006e-03
2.866418756208299889e-03
2.941681379771800189e-03
3.038939038969600166e-03
2.876487966090500187e-03
2.587987803156600181e-03
2.670307085249399789e-03
2.829469572599799861e-03
2.666956710595999851e-03
2.926711981752299924e-03
2.604580633009499855e-03
2.770305956167300101e-03
2.527984940681500189e-03
2.945412528790599966e-03
2.799821614832199990e-03
2.699092277964300172e-03
2.935341536365400177e-03
2.835881490435300176e-03
2.734664800967200049e-03
2.763690232867300166e-03
2.948963282889900065e-03
2.701636036513500004e-03
2.612104042316999806e-03
2.654291789110000029e-03
2.853267476613800119e-03
3.047793589643400108e-03
2.851561365180799949e-03
2.736044389831199849e-03
2.700192758646499918e-03
3.104269163523199968e-03
2.909985328070699862e-03
2.466470511545800198e-03
2.964922283101999786e-03
2.539146871892199869e-03
2.452692655166400105e-03
2.873116998640199826e-03
2.657438122044099901e-03
2.802241793434699906e-03
2.776250918561899792e-03
2.621017703141000077e-03
2.973948191089499822e-03
2.847496311547099892e-03
2.981093250850299931e-03
3.007649245043500074e-03
3.001702031429799925e-03
2.905120096081399966e-03
2.620628065258600019e-03
2.620331273122900213e-03
2.869958754062199979e-03
2.611907419725899987e-03
2.863699780993799945e-03
2.705171758500699887e-03
2.686422093504899945e-03
2.764527348781900193e-03
2.877663493992399860e-03
3.115396245016600202e-03
2.959830388334899927e-03
2.515615365099299876e-03
2.938969405678499951e-03
2.986469306619300105e-03
3.007008485558400161e-03
2.677927706348299814e-03
2.759397101804199857e-03
2.603141625595399924e-03
2.924786766606300107e-03
3.010227653935400056e-03
2.721669914303399829e-03
2.785854877381900140e-03
2.859883295897700135e-03
2.725655063999799822e-03
2.573733890031900100e-03
2.468653907727200170e-03
3.520189954209899854e-03
2.974434605885499950e-03
2.948493869560300015e-03
2.834867532208100102e-03
2.714847901254300189e-03
2.811937794435800161e-03
2.640996719538899872e-03
2.551663475067899971e-03
2.863263909681700199e-03
2.816377679601299831e-03
2.527984940681500189e-03
2.650839629850099913e-03
3.092990863888799794e-03
2.797636847444199930e-03
2.356939812364699984e-03
2.744169998319200172e-03
2.947709076678500101e-03
2.268698211242199930e-03
2.915495815896400073e-03
2.395876390653400162e-03
2.811720273181299821e-03
3.141759921709600181e-03
2.833153212090999858e-03
2.591453878129900031e-03
2.395698082779700120e-03
2.880484115818200078e-03
2.862442570722499840e-03
2.886129872196799891e-03
2.681951076748899897e-03
2.716275392345300112e-03
3.184414131932099788e-03
2.853588283256899925e-03
2.728381964940899962e-03
2.144577224468599899e-03
3.055502408725499931e-03
2.650357643924600159e-03
2.638329701264199943e-03
3.057375842338400183e-03
2.538506721111799883e-03
3.029402179190599908e-03
2.968141033133899799e-03
2.969161232055600105e-03
3.363903974656099870e-03
2.634788840023600046e-03
2.863319915338999929e-03
2.735455252787199944e-03
2.778019014318300079e-03
2.779940263198200055e-03
2.837475525320099813e-03
2.807266624493199875e-03
2.980067537407400137e-03
2.847706312362799884e-03
2.513694197980600141e-03
2.914994087910000205e-03
2.954167520156899922e-03
2.596860951735799859e-03
2.817461816035600041e-03
2.685923823014500084e-03
3.034423908644499988e-03
2.940098644717799910e-03
2.754451577924799804e-03
3.274048226205499967e-03
2.420914633993200091e-03
2.722348024660500073e-03
2.686862308506000191e-03
3.045232798423900059e-03
2.602614356767399967e-03
3.063270874640099811e-03
2.626135183857800006e-03
2.527111960160199899e-03
2.934385584433700078e-03
2.698013836439599848e-03
2.523854634187200005e-03
2.708887427502399900e-03
2.744284775733399871e-03
2.391505121589899974e-03
2.768030830651799831e-03
2.540955208317700019e-03
2.570022710771799855e-03
2.643694163658799872e-03
3.096935069028200135e-03
2.884542636628999873e-03
2.845441173947999870e-03
3.161923401555499866e-03
2.513720621327899824e-03
2.806410846402000205e-03
2.480887651706500160e-03
2.622519514210999974e-03
2.721937772466200174e-03
3.080215501456499885e-03
2.815451819649200139e-03
2.841539147464600124e-03
2.787521266885599827e-03
3.234885135155100063e-03
2.698095887130900171e-03
2.901189839468500120e-03
2.460819233970399852e-03
2.571304543310600019e-03
2.762000469614099910e-03
3.365898421532100004e-03
2.870256656772600130e-03
2.913652888651399944e-03
3.028372894565900184e-03
2.611820315628499839e-03
3.004766685106399857e-03
2.633194482836399928e-03
2.970271140675600097e-03
2.470566797083800000e-03
2.679240105835600100e-03
3.490982465795100086e-03
3.005411499543499815e-03
2.748109023624400061e-03
2.419781423332699813e-03
3.071880660416100202e-03
2.711168843448099903e-03
2.848234118198299941e-03
2.975783932231600148e-03
2.902255655765900201e-03
2.890950953759100113e-03
2.863041640515900065e-03
2.824561232112199859e-03
2.906415103362799957e-03
2.806545814749000171e-03
2.902194676253500114e-03
2.579557656893200109e-03
2.943014645241799968e-03
2.607773472247399901e-03
2.653428901921600115e-03
3.097378654238900058e-03
2.397581579181799934e-03
3.362607715868100138e-03
2.753734141018399952e-03
2.465948683473600123e-03
3.098291102604100108e-03
2.732710215197599931e-03
2.491327019736300045e-03
2.648549271893199837e-03
2.655127687120800110e-03
2.708570997789600063e-03
2.699095377491700105e-03
2.885553319626700010e-03
2.576626964477699792e-03
3.250484380864900047e-03
2.989357571813600154e-03
2.550062920348200070e-03
2.999312603525199940e-03
2.432970634235300141e-03
3.108427618414500142e-03
2.833090712604899915e-03
2.884457999941299894e-03
2.765010927017799800e-03
2.829434850197500104e-03
2.990925578548099800e-03
2.962821855853899934e-03
2.575750380772099963e-03
2.716913051680599957e-03
2.935806195678200212e-03
2.808084527757700143e-03
2.656600591967500039e-03
2.616093079062300000e-03
2.494379383516199828e-03
2.747004448607100191e-03
3.134517042043100197e-03
2.906322511698700151e-03
2.966921283908300049e-03
2.802742112900700067e-03
2.551726855099500143e-03
2.822982894435800087e-03
3.257242757495199849e-03
3.023155596033800033e-03
2.751004759096399924e-03
2.854721238843600014e-03
2.868645892500700043e-03
3.462237298138100099e-03
3.100421716054299962e-03
2.937495581672899987e-03
2.818045842779700119e-03
2.912408093013799798e-03
2.991907596483600173e-03
3.082521566010000113e-03
2.914936698845500048e-03
3.079479361188700026e-03
2.902471701884800064e-03
2.621019774790800134e-03
2.745164394966699995e-03
2.790513449398699785e-03
2.482897858125200207e-03
3.176135295811499931e-03
3.083791007795700072e-03
2.705594965182999898e-03
2.717380102041199851e-03
3.117258405231000153e-03
2.544610491760399863e-03
2.934844566992800188e-03
2.818983539257699858e-03
2.707230553537299904e-03
2.883482442778500209e-03
2.641559952680300020e-03
2.822228322771000008e-03
2.653487913768599795e-03
3.016115789894099983e-03
2.581619634975699899e-03
2.833774983837399845e-03
2.697997584839699828e-03
2.970405842452699795e-03
3.000966177433399881e-03
3.428833411662000116e-03
2.819324702064099786e-03
2.995415894446699836e-03
2.949295848053500035e-03
2.741849058362800032e-03
2.888380596341900194e-03
3.018368090839399810e-03
2.843330772396900161e-03
2.825772110792300080e-03
3.121862692493199923e-03
2.957468014226099888e-03
2.683342765114499987e-03
2.677750537058599858e-03
2.897438153675700213e-03
2.839802557125600205e-03
2.647212753897199792e-03
2.612998393617200089e-03
2.753160100622899925e-03
2.997659882653899797e-03
3.051123896282599991e-03
3.078469140718300204e-03
2.160685097559900125e-03
2.591828889581599803e-03
2.847579708213400073e-03
2.778751688068199950e-03
2.775055336104699857e-03
2.903010882075899874e-03
2.654410346497400059e-03
2.644313103428299911e-03
2.532303236354999879e-03
2.762883314792599805e-03
2.905140282185900147e-03
2.845717546985700001e-03
2.637435732796099882e-03
2.965253068959700089e-03
2.853588283256899925e-03
2.939137066657199811e-03
2.550867263920500103e-03
2.917041909798699911e-03
2.540230345219700141e-03
2.526214554322999978e-03
2.822134619290199865e-03
2.884124907980999911e-03
2.499424536428999834e-03
2.635666186704899855e-03
2.604862860995899899e-03
2.960363356905199982e-03
2.912083686054400128e-03
2.590900026017999968e-03
2.908562214078700033e-03
2.559917467893800189e-03
3.016707767407499942e-03
2.650391703751899843e-03
2.906372475014699832e-03
2.643148848847599961e-03
2.884676623208700004e-03
2.774927214838599984e-03
3.142312701452999821e-03
2.873395872869700073e-03
2.551072834923299917e-03
2.917848655453200192e-03
3.194452264108000195e-03
2.575061115332199970e-03
2.877933621209899980e-03
3.074622177114500095e-03
2.692075725023199834e-03
2.480820931872099785e-03
2.560313805972999970e-03
2.920752293126800160e-03
2.577736929344899824e-03
3.363817738740100191e-03
3.100901933876300167e-03
2.802461136412900088e-03
2.518358006868799855e-03
3.277917478337499801e-03
2.544211371246999937e-03
2.732021241846399953e-03
2.579557656893200109e-03
2.813942833576400012e-03
3.201140286061100043e-03
2.947022462971299848e-03
2.345826283601699924e-03
2.862716811280099916e-03
2.682045436361100120e-03
2.899629673880400188e-03
2.732710215197599931e-03
2.936371303590000047e-03
3.201366356695399974e-03
2.791177941520500173e-03
3.053903574824999839e-03
2.692410132642100110e-03
3.182312078101200061e-03
2.755716015028200107e-03
3.046192238868000116e-03
2.439905159010899958e-03
2.564176657072700111e-03
2.558509464485699946e-03
2.823696356145299988e-03
2.431969802130300087e-03
3.019839817312399907e-03
2.447195334669700038e-03
2.740846207127199848e-03
2.870311121871900115e-03
2.953980884888499862e-03
2.926596072177700073e-03
2.449366166985400030e-03
3.114389502557600095e-03
2.999221693232200208e-03
2.552413506044199937e-03
2.569871481100999798e-03
2.660512641565900092e-03
3.038855640994899982e-03
2.899897283896499863e-03
2.674149568287999788e-03
2.820089050741800100e-03
2.888460709656800150e-03
2.521807663630699914e-03
2.545433621386700065e-03
2.835920145959399969e-03
2.684357832456100209e-03
2.736092918942599830e-03
2.822675555210900009e-03
3.007468208581999883e-03
2.785379540224600017e-03
3.024400693422399800e-03
2.645465245863700115e-03
2.969321951347899790e-03
2.872656660354599902e-03
2.857646513536300000e-03
2.665237860580099791e-03
2.684574545248299970e-03
2.504452188203100133e-03
2.744570646902299953e-03
2.857513564086500060e-03
2.981925825088699907e-03
3.260315672286000048e-03
2.605244255637400187e-03
3.067434210526299911e-03
2.694049223736099969e-03
3.213165496542200184e-03
2.664195182065599854e-03
2.628871447887599910e-03
2.846842113953799991e-03
3.152665613787299873e-03
2.797041603215400050e-03
2.760025437547099832e-03
2.912828092011099813e-03
2.904129202051900036e-03
2.806626546166800153e-03
2.865918964139999893e-03
2.880343472629600006e-03
2.892812537708199828e-03
3.149603183300299803e-03
3.043593798931200096e-03
2.555417652624100092e-03
2.831668898194300045e-03
2.656695491991999808e-03
3.092239076466499897e-03
3.068017891887099904e-03
2.904379549401999924e-03
2.998309860425599910e-03
2.835829230062199974e-03
2.530412380821999915e-03
2.587004191355199868e-03
2.945830685066500032e-03
2.473183431720300026e-03
2.638851222476799787e-03
2.694081490824500047e-03
2.939230412260599931e-03
2.781587410921700174e-03
2.918108041854200214e-03
2.456962528716100016e-03
2.595470588591800194e-03
2.790378147096300027e-03
3.148373214701999986e-03
2.604022099818499927e-03
2.645433574888099784e-03
2.791455008475599974e-03
2.728075663880800104e-03
2.772638564329099956e-03
2.514250085483100191e-03
2.325221954367399924e-03
2.599975644389399942e-03
2.650095872200500073e-03
3.190058240485699886e-03
3.189688312877899789e-03
3.029201137757999915e-03
2.838112380085999840e-03
2.860201345471500081e-03
2.697574131664899795e-03
2.736454998695500140e-03
2.770774926475599951e-03
2.561140518702799840e-03
2.856298842124199971e-03
2.997195277382699950e-03
2.539451939157699820e-03
2.748177438849799901e-03
3.147064486853499987e-03
3.047842247269900127e-03
2.704656575065399974e-03
2.624152153922100147e-03
2.825072651558600129e-03
2.674611059308799974e-03
2.558933694983700144e-03
2.754829501683500170e-03
3.072982324262000207e-03
2.573061862143199898e-03
2.770916163165000178e-03
3.011409062024200060e-03
2.949442006628200195e-03
2.814756879937200217e-03
2.583560653214099934e-03
2.433462736700500034e-03
2.941363148714799813e-03
2.892720097290600156e-03
3.232531168171399842e-03
3.069166642906899934e-03
2.654954512475300211e-03
2.739127989137099973e-03
2.665550026377599795e-03
2.590687070119800095e-03
3.063182351892700106e-03
2.652208627614100096e-03
2.861735383638700034e-03
2.772885540871199931e-03
2.922424832510300136e-03
3.031703839743700099e-03
2.831721599698500211e-03
2.881836102850799958e-03
2.690911936712299998e-03
2.873440206001200148e-03
2.601900670021600141e-03
2.979280543532999807e-03
2.805710868419400081e-03
3.012237655888400090e-03
3.330232070617300012e-03
2.804741670918499928e-03
2.849977068255299915e-03
2.954106622609500160e-03
2.574919934756799908e-03
2.748177438849799901e-03
2.739718972175700113e-03
2.903812504247000031e-03
2.325221954367399924e-03
3.036931867421099884e-03
2.759272340569599979e-03
2.698965024982099940e-03
2.921724247066700107e-03
2.583066731892100058e-03
3.066958677634199892e-03
2.482897858125200207e-03
2.822945513411499827e-03
2.778751688068199950e-03
2.621500171741300133e-03
2.783438385676499909e-03
2.793606037220499813e-03
3.193422680725499854e-03
2.575446055895800040e-03
2.786086161873199858e-03
2.276023952390099792e-03
2.882807268283299907e-03
2.553349620960300003e-03
2.600400771993899903e-03
2.528368246101999912e-03
2.802950660044000158e-03
2.838294986758100030e-03
2.451327660537999838e-03
2.911545108654000052e-03
2.718656216828799991e-03
2.534160740178099946e-03
2.389340521893300057e-03
2.674062158722800148e-03
2.251751454426399908e-03
3.077596526958699917e-03
2.931093768435900047e-03
2.734890898594099975e-03
2.775500545463399898e-03
3.035182630697499852e-03
2.760617075335199816e-03
2.999508705988600168e-03
2.679891547966700011e-03
2.587945281403400064e-03
2.583062585960299931e-03
2.598782473449300166e-03
2.744358736493800102e-03
2.596809382344700007e-03
2.882060078334800109e-03
2.503024322710799884e-03
2.736478117477899891e-03
2.581233263358499990e-03
2.686422093504899945e-03
3.338127900478399940e-03
2.909255276882299988e-03
3.091071003174800189e-03
3.021397898146700126e-03
2.972110594467100141e-03
2.808837805220799986e-03
2.945375207830299921e-03
2.602289470226900204e-03
2.605397420487399855e-03
2.484956622963500200e-03
2.793239267890199919e-03
3.128423731420899943e-03
2.533566195686200000e-03
2.640744615465700097e-03
2.728492170200299931e-03
2.705223838669400076e-03
2.985941332673100208e-03
2.788583038396799923e-03
2.296862941559799955e-03
2.594991248856700055e-03
2.933149587762000007e-03
2.591418141503299809e-03
2.477631284997399916e-03
2.595373475834100198e-03
2.673085154171799850e-03
2.538439925360199897e-03
2.975310190594199818e-03
3.048605261051500100e-03
2.589122493805700014e-03
2.725798522571599904e-03
2.530105351466100088e-03
2.726387691121700055e-03
2.835517307300299862e-03
2.782693503184400109e-03
2.965970274577200017e-03
2.949520865805400210e-03
2.626428702940099887e-03
2.765048116144900106e-03
2.651242665649000164e-03
2.950075195565199804e-03
2.914859036380999888e-03
2.853936605405399916e-03
2.774336858245999952e-03
2.965795738256899860e-03
3.080057041634100008e-03
2.841945888295799999e-03
2.583940441787399914e-03
2.507676019837500048e-03
2.609349865419800015e-03
2.850886106709099848e-03
2.750261580731700080e-03
2.762061559965100013e-03
2.622587528472599891e-03
2.607854917988699974e-03
2.461672624702100198e-03
2.894222373239700111e-03
3.078469140718300204e-03
2.835231403596000059e-03
2.771056896484699883e-03
2.674737528338599814e-03
2.654069559458399966e-03
2.826992834542700096e-03
2.763088041763099838e-03
2.972998346742499864e-03
2.497432284006700053e-03
3.055880794205300018e-03
3.421095657675299936e-03
2.833048336986099952e-03
2.588536159629800052e-03
2.813376223404600186e-03
2.534160740178099946e-03
2.462923021898699976e-03
2.708887427502399900e-03
3.082686229784900155e-03
2.345826283601699924e-03
2.569054245661500126e-03
2.701160365108399870e-03
2.528368246101999912e-03
2.713823346299500117e-03
2.762883314792599805e-03
2.756814041918700074e-03
2.774400854302800160e-03
3.023409501584300042e-03
2.648623755403499858e-03
2.859944682935400186e-03
2.824738519863599900e-03
2.750051850808499926e-03
2.661186241416499919e-03
2.714741164444700160e-03
2.885164112084800166e-03
2.388261747673800072e-03
3.142340511999199958e-03
3.037377722985499986e-03
3.172242351467199992e-03
2.626129408895800082e-03
2.900920675832000147e-03
2.555923081496699889e-03
2.966023408276299844e-03
2.770851367844500042e-03
2.847701074795299953e-03
2.555334091365100199e-03
2.921967133884199874e-03
2.913873122983700031e-03
3.028234117653399917e-03
2.768152344601100111e-03
3.082046914254300048e-03
2.519726258783299821e-03
2.433462736700500034e-03
3.138836639417799841e-03
2.461672624702100198e-03
2.879656236663800072e-03
2.624439707484499916e-03
3.090512368395300063e-03
3.234176682815999987e-03
2.575522756853400059e-03
3.215327795960499797e-03
2.430578319470199939e-03
2.941047966624599826e-03
2.614442445717699969e-03
2.883805285442699994e-03
2.534061505375900195e-03
3.143912965801199874e-03
2.810422750237199976e-03
2.637429987272199919e-03
2.787744811424500060e-03
2.759397101804199857e-03
2.886028254280899839e-03
3.010224852900499938e-03
2.656028402715400038e-03
2.955848673802199868e-03
2.852165989221500109e-03
2.803448854974300176e-03
2.822950490322999936e-03
3.014637372507599986e-03
2.802357768721400015e-03
2.227414620126200000e-03
2.745568171374399794e-03
3.144060251986100125e-03
2.596860951735799859e-03
2.727310741706299828e-03
2.364640470656799876e-03
2.649365706796200006e-03
3.183817629569500075e-03
2.578770228488300089e-03
2.847083579176800088e-03
2.601177965208100167e-03
2.741189443620600102e-03
2.719219755536400086e-03
2.906323823960799916e-03
2.591418141503299809e-03
2.740906295845499992e-03
2.855355177982900079e-03
3.420037574017300176e-03
2.808095476223999940e-03
2.521807663630699914e-03
2.856883565543099929e-03
2.810542597429000009e-03
2.975783932231600148e-03
2.449286918817899974e-03
2.490364706690399894e-03
2.788484222971500132e-03
2.848363575945099795e-03
3.035250552788599804e-03
2.591053540513200016e-03
2.756028391277700121e-03
2.942708274145700107e-03
2.887476919865200001e-03
2.988376315921699878e-03
2.700995676879900092e-03
2.636545262436500170e-03
2.786366465157100094e-03
2.973164043551399828e-03
2.994718893452799971e-03
2.422933596946300061e-03
2.801113391931400135e-03
2.903779404250600004e-03
2.666652967342099910e-03
2.915945289142100102e-03
2.947933093808900121e-03
3.318272451625299806e-03
2.879133287837499795e-03
2.819282038350399890e-03
2.694472617815199880e-03
2.778286113867399921e-03
2.918605981609500178e-03
2.702304746975500108e-03
2.859173701776099915e-03
2.268698211242199930e-03
3.001049424562399984e-03
2.491508441916200165e-03
2.709172668716799959e-03
3.036255549601600198e-03
2.758737797107899906e-03
2.363441400949200036e-03
3.200823065977399969e-03
2.799146944129399846e-03
2.522332992627000087e-03
3.032424428724699982e-03
2.468653907727200170e-03
2.831066721334300155e-03
2.717330014514400104e-03
3.041221888523400023e-03
2.821605745771500143e-03
2.847143571986799834e-03
2.575750380772099963e-03
3.025730111545599926e-03
2.630420026405400069e-03
2.909255276882299988e-03
3.129150543219899865e-03
3.086241026669900214e-03
2.644105287569099936e-03
2.251751454426399908e-03
2.853184354641500123e-03
2.637098363887199932e-03
2.677383627487700014e-03
2.632965685665200097e-03
2.730607518651099845e-03
2.903252926550400036e-03
2.879309866093499905e-03
2.900198599114900151e-03
2.602189032343900105e-03
3.125893328430500058e-03
2.980072324299400111e-03
2.542747103529299866e-03
3.059796932855600102e-03
2.844008730821300044e-03
2.683306361341800117e-03
3.063471124600100105e-03
3.016924892316800132e-03
2.853593600412200181e-03
3.004811222003999846e-03
2.450762721363299815e-03
2.958599103524499861e-03
2.700755010623800013e-03
2.999052086211500059e-03
3.046665173593100014e-03
2.896588469535799851e-03
2.801867074967300149e-03
2.812022688526399916e-03
2.724958222607500122e-03
2.617842689722899886e-03
2.790378147096300027e-03
3.105561441770000094e-03
2.745683142185600164e-03
2.382114203784399791e-03
2.745305872595399984e-03
2.924495697883700094e-03
2.587922585783099857e-03
2.810341396936999817e-03
2.909300135279900210e-03
3.005039275046899900e-03
3.008583706134999869e-03
2.255111757359699876e-03
3.200416867530299966e-03
2.989654588283000014e-03
3.021843024185700069e-03
2.590809804945800026e-03
2.539850768165000106e-03
2.637253704292700108e-03
2.699804723045200194e-03
2.458133338088499837e-03
2.669389744522100098e-03
2.914851793415199847e-03
2.962814869459499869e-03
2.985073999473600217e-03
3.038721703345700128e-03
2.753758205236100064e-03
3.028900830810800100e-03
2.673422969260499937e-03
2.665155974721499909e-03
2.727208751959300011e-03
2.835630558122100194e-03
3.001164563337599834e-03
3.309643008701599904e-03
3.263988700971700175e-03
3.066503346301399820e-03
2.356939812364699984e-03
2.841540558165600149e-03
2.471148322392399937e-03
2.539146871892199869e-03
2.705223838669400076e-03
2.724284152836600140e-03
2.929965884915199797e-03
3.189504928627800214e-03
2.559917467893800189e-03
2.629042625950699964e-03
2.963430400173700137e-03
2.701192994557300060e-03
2.870982060939500195e-03
3.048737997525600030e-03
3.544589697339799953e-03
2.995437947208099815e-03
2.670824452750400133e-03
2.937090207514900068e-03
2.842285437221499841e-03
2.795811944788899935e-03
3.019065483714199801e-03
2.906695933087100146e-03
2.797041603215400050e-03
2.953036197917500126e-03
2.892927320483399799e-03
2.987140935227500151e-03
2.833774091377300099e-03
2.838949568624000216e-03
2.707160147728500128e-03
2.530869030868499858e-03
2.892966170217000071e-03
2.777908644614200066e-03
2.764025390617800074e-03
2.672912739652700143e-03
2.604971280188700129e-03
2.559262974621499907e-03
2.873602759677100146e-03
2.929766399844999872e-03
2.861752383700000117e-03
3.041951634583199993e-03
2.907543250786999954e-03
2.869447828248800070e-03
2.739245800826099839e-03
2.585624351064200188e-03
2.593955213166200188e-03
2.613989572254300092e-03
2.952526674357300058e-03
2.749882450891400106e-03
2.754809276800399866e-03
2.910726058754799835e-03
2.559891864710299794e-03
2.744775185899400120e-03
2.590867125767699810e-03
3.099059005222600058e-03
2.705761059033699907e-03
2.631980016636200140e-03
3.078547811842100110e-03
2.627923189191699958e-03
2.845852475134299803e-03
2.694705054284600183e-03
2.838112380085999840e-03
2.658204895846099942e-03
3.043309203988900109e-03
2.432160688904199796e-03
2.961985222285200108e-03
2.857995569453200199e-03
2.729101115156100203e-03
3.036631605719900158e-03
2.907212650470000076e-03
2.704509607781400201e-03
2.634746747722000078e-03
3.129649479348800209e-03
2.571913259537200215e-03
2.921967133884199874e-03
2.757006744605799975e-03
3.410326162344400058e-03
3.000667827406600097e-03
2.819299754670300147e-03
2.583987242334100098e-03
2.887405268732099947e-03
2.974196160385500151e-03
2.762168272803600198e-03
2.712524987542800151e-03
2.836482529511399984e-03
2.707893701027200110e-03
3.052565033224000079e-03
2.902383682336600115e-03
2.672616978289000210e-03
3.043639325446899791e-03
2.906188217066799952e-03
2.768003548254900029e-03
2.878869110167200061e-03
2.877427288297099844e-03
2.588145118856700119e-03
2.808749076110499988e-03
2.596278254399500204e-03
2.784915767202099813e-03
2.329163686155399839e-03
2.934512595660799996e-03
2.580677951714099860e-03
2.736127968934499999e-03
2.716850616588899984e-03
2.838886932105899943e-03
2.512253395739700006e-03
3.170490238660399803e-03
3.013983757795899842e-03
2.968383857215799865e-03
2.865259957093399968e-03
3.214699104826699953e-03
2.654836006346499976e-03
3.251359884558100051e-03
2.560975519058799905e-03
2.889601479151599796e-03
2.520878305762099935e-03
2.848717843672300166e-03
2.296862941559799955e-03
2.915475579783399947e-03
2.906598437955400065e-03
3.039672377307500121e-03
2.580404339853300134e-03
2.976560157722100194e-03
2.717420759458400153e-03
2.391275500232899805e-03
2.803271404669700068e-03
2.819223329703299859e-03
2.490281492435800041e-03
3.241338104799599846e-03
2.764975198744099982e-03
2.515615365099299876e-03
3.301249350103300107e-03
2.664303406199500061e-03
3.041390378983000083e-03
2.880030002145900214e-03
2.762458145330499992e-03
2.931994415986999888e-03
2.569666264829200200e-03
2.541051687064299885e-03
2.422430957359199884e-03
2.910796502947200163e-03
2.871861458825699948e-03
2.648785346034800061e-03
2.763894248277100080e-03
2.752270780602100123e-03
3.073404248846900184e-03
2.713779737608299891e-03
3.010179000323400141e-03
2.378212681869200200e-03
3.014159617429000050e-03
3.327915752809300007e-03
2.909366355587399838e-03
2.689922985352500087e-03
2.533566195686200000e-03
2.840404174663000141e-03
2.932472517106700111e-03
2.754451577924799804e-03
2.815233562215500168e-03
2.534061505375900195e-03
2.711263491863799904e-03
2.707024891250299839e-03
2.486756820019199801e-03
2.434671736401699833e-03
2.477631284997399916e-03
3.067085929399999879e-03
2.643760991574599980e-03
3.068868024291699931e-03
2.837386082819999891e-03
2.620614524875700038e-03
2.810963707120499831e-03
2.781925836385399937e-03
2.673624269111999924e-03
3.097359576358899892e-03
2.908405459441299867e-03
2.657576778738400189e-03
3.023155596033800033e-03
2.617905563264199837e-03
2.881316673300700001e-03
2.958532569708999856e-03
2.825823486785900094e-03
2.449286918817899974e-03
3.264268114971199952e-03
2.735180305841499945e-03
3.022317256873999994e-03
3.000285445480999850e-03
2.766067781016900116e-03
2.182238155117899835e-03
2.616712721729700080e-03
2.819691496295199853e-03
2.757876866264599800e-03
2.779748127776200065e-03
2.942857492216799983e-03
2.596414313170600143e-03
2.507529549836500209e-03
2.840055072675800023e-03
2.691396242117899927e-03
2.722025420358599804e-03
2.516100350092699903e-03
2.616093236307100080e-03
2.903579895938900209e-03
2.696156608614999877e-03
2.856525588958899829e-03
2.784961969401199798e-03
2.702208424998900002e-03
2.533674182692800207e-03
2.922800367817500120e-03
2.643594226874100214e-03
2.701740027443800055e-03
3.061404742478400151e-03
2.699636328163100042e-03
3.260102044329399925e-03
2.958352439104999787e-03
2.606402626851099958e-03
2.752348895690899869e-03
2.671578268964499951e-03
3.114446424711299864e-03
2.365853936992299948e-03
2.971490183490899800e-03
2.697854877538099876e-03
3.363855459967500083e-03
2.802190768987800062e-03
2.923571800998399795e-03
3.078723245856699806e-03
2.583560653214099934e-03
2.914945815456199910e-03
3.157249549122199961e-03
2.788009736637700204e-03
2.673525686285000130e-03
2.710517260808799865e-03
3.050312850698700187e-03
2.786009871351300023e-03
3.026313137027899971e-03
2.391260214474600059e-03
2.799334157799700067e-03
2.916724887481699988e-03
2.652188556175199847e-03
2.853970498215800157e-03
2.663713538993099997e-03
2.670182334015900119e-03
2.500559304526599972e-03
2.949627257336100150e-03
2.739228040016600078e-03
2.664459852108799851e-03
2.396535615784000164e-03
2.889787931129999925e-03
2.583062585960299931e-03
3.203269058868499827e-03
2.850835975176400049e-03
