6.589121382479135904e-03
6.543454683247642255e-03
7.116016930754201324e-03
7.172127477965231993e-03
6.979877363928041131e-03
7.066645875618013731e-03
6.855317527204048307e-03
7.128761721527655283e-03
6.589904597969686514e-03
7.699288584340382817e-03
6.589904597969686514e-03
6.931314892961978717e-03
6.090238175788566417e-03
6.154623935988996070e-03
6.678709393932766303e-03
6.894584513579811100e-03
7.072017256030277595e-03
6.184410684567063186e-03
6.543454683247642255e-03
6.894584513579811100e-03
6.678709393932766303e-03
6.678709393932766303e-03
6.855317527204048307e-03
7.231084452548728128e-03
7.072017256030277595e-03
6.304609571973367188e-03
6.763177635101811844e-03
6.721792929873270268e-03
7.049085040021715182e-03
7.128761721527655283e-03
6.589904597969686514e-03
7.219580638528238711e-03
6.500130361326475481e-03
6.678709393932766303e-03
6.979877363928041131e-03
6.726485807523352803e-03
6.589904597969686514e-03
7.609557286604801823e-03
6.500130361326475481e-03
6.813932821975507599e-03
6.450942152214507799e-03
6.872963274210365514e-03
6.500130361326475481e-03
6.726485807523352803e-03
6.903711891857434134e-03
7.492670654628884840e-03
6.223879916968954630e-03
6.721792929873270268e-03
7.036621829425418820e-03
6.635594575349879586e-03
6.246593736349352090e-03
6.338733628451589421e-03
6.323149777676029606e-03
6.589904597969686514e-03
6.802444621477574636e-03
6.721792929873270268e-03
6.497764705867450051e-03
7.072017256030277595e-03
7.196589216736532998e-03
7.049085040021715182e-03
6.931631253494873260e-03
7.158785767720251061e-03
6.903711891857434134e-03
6.273813342472974938e-03
6.678709393932766303e-03
6.855317527204048307e-03
6.726485807523352803e-03
6.589904597969686514e-03
7.268313772670265648e-03
7.036621829425418820e-03
6.283626731664591382e-03
7.607148692238145486e-03
6.246763828091233400e-03
6.364743986242850371e-03
6.855317527204048307e-03
6.246593736349352090e-03
6.635594575349879586e-03
6.205580497246955020e-03
6.500130361326475481e-03
7.163087338720711475e-03
6.497764705867450051e-03
7.255227230822947938e-03
6.433754317514963836e-03
7.196589216736532998e-03
6.094465603075850842e-03
6.154623935988996070e-03
6.721792929873270268e-03
6.212469679871130725e-03
6.589904597969686514e-03
6.931631253494873260e-03
6.872963274210365514e-03
6.855317527204048307e-03
7.650836571790759974e-03
6.283626731664591382e-03
7.399188598541245332e-03
6.681261274581373234e-03
6.273813342472974938e-03
7.219580638528238711e-03
6.283626731664591382e-03
7.692699218182957703e-03
6.931631253494873260e-03
6.894584513579811100e-03
6.931631253494873260e-03
6.635594575349879586e-03
6.181673450370738475e-03
6.726485807523352803e-03
6.721792929873270268e-03
6.181673450370738475e-03
6.802444621477574636e-03
6.246593736349352090e-03
7.000651690317356325e-03
6.678709393932766303e-03
6.763177635101811844e-03
6.965103166312602845e-03
7.019491915884217524e-03
6.965103166312602845e-03
7.282959296607740413e-03
7.049085040021715182e-03
6.839175000859742254e-03
6.589904597969686514e-03
6.497764705867450051e-03
6.855317527204048307e-03
6.497764705867450051e-03
7.205496213667048934e-03
7.255227230822947938e-03
7.023771145597110591e-03
6.323149777676029606e-03
7.650836571790759974e-03
6.589904597969686514e-03
6.763177635101811844e-03
6.678709393932766303e-03
7.196589216736532998e-03
7.049085040021715182e-03
6.375766623766827845e-03
6.813932821975507599e-03
7.000651690317356325e-03
6.763177635101811844e-03
7.066645875618013731e-03
6.634345915421116339e-03
6.872963274210365514e-03
7.163087338720711475e-03
7.092791582419593656e-03
6.681261274581373234e-03
6.956945147919477851e-03
6.813932821975507599e-03
6.763177635101811844e-03
6.839175000859742254e-03
6.452470338479375685e-03
6.589904597969686514e-03
6.855317527204048307e-03
6.813932821975507599e-03
6.635594575349879586e-03
7.332568074776608762e-03
6.500130361326475481e-03
6.681261274581373234e-03
7.052265219737752569e-03
6.497764705867450051e-03
6.681261274581373234e-03
6.364743986242850371e-03
6.212469679871130725e-03
6.635594575349879586e-03
7.205496213667048934e-03
6.323149777676029606e-03
6.763177635101811844e-03
6.721792929873270268e-03
6.770849286035003634e-03
6.338733628451589421e-03
6.407990469224238150e-03
6.903711891857434134e-03
6.678709393932766303e-03
7.701697178707038287e-03
6.802444621477574636e-03
6.894584513579811100e-03
6.452470338479375685e-03
6.813932821975507599e-03
7.255227230822947938e-03
6.212469679871130725e-03
6.212469679871130725e-03
7.205496213667048934e-03
7.127440746426001381e-03
7.282375468053447348e-03
6.965103166312602845e-03
6.931314892961978717e-03
6.903711891857434134e-03
6.770849286035003634e-03
6.589904597969686514e-03
6.678709393932766303e-03
6.407990469224238150e-03
6.931314892961978717e-03
6.894584513579811100e-03
6.726485807523352803e-03
6.543454683247642255e-03
6.855317527204048307e-03
6.903711891857434134e-03
6.802444621477574636e-03
6.456883878345086834e-03
6.589904597969686514e-03
6.763177635101811844e-03
7.559352461907893096e-03
6.415289669778266937e-03
6.407710991207564433e-03
7.586458965068305568e-03
6.589904597969686514e-03
6.681261274581373234e-03
7.559352461907893096e-03
7.240509471283872178e-03
6.456883878345086834e-03
6.500130361326475481e-03
6.452470338479375685e-03
6.497764705867450051e-03
6.721792929873270268e-03
6.634345915421116339e-03
6.452470338479375685e-03
6.544610230581613015e-03
6.375766623766827845e-03
6.246763828091233400e-03
6.721792929873270268e-03
6.589121382479135904e-03
7.297636105769286265e-03
6.246763828091233400e-03
6.338733628451589421e-03
6.956945147919477851e-03
6.855317527204048307e-03
7.352849560880679418e-03
6.182378067890802881e-03
6.589904597969686514e-03
6.589904597969686514e-03
6.678709393932766303e-03
6.721792929873270268e-03
6.181673450370738475e-03
6.634345915421116339e-03
6.678709393932766303e-03
6.894584513579811100e-03
6.681261274581373234e-03
6.452470338479375685e-03
6.965103166312602845e-03
7.000651690317356325e-03
6.726485807523352803e-03
6.589121382479135904e-03
6.543454683247642255e-03
7.205496213667048934e-03
6.544610230581613015e-03
6.544610230581613015e-03
6.839175000859742254e-03
7.692699218182957703e-03
6.678709393932766303e-03
6.802444621477574636e-03
6.497764705867450051e-03
6.855317527204048307e-03
7.111631807986454855e-03
6.678709393932766303e-03
6.678709393932766303e-03
6.407990469224238150e-03
6.903711891857434134e-03
6.763177635101811844e-03
6.154623935988996070e-03
6.678709393932766303e-03
7.000651690317356325e-03
6.456883878345086834e-03
6.589904597969686514e-03
6.855317527204048307e-03
7.413591152469136900e-03
6.681261274581373234e-03
6.500130361326475481e-03
6.726485807523352803e-03
6.415289669778266937e-03
6.678709393932766303e-03
6.872963274210365514e-03
6.763177635101811844e-03
6.634345915421116339e-03
6.813932821975507599e-03
7.242892053714700129e-03
6.154623935988996070e-03
6.855317527204048307e-03
6.131740024866717299e-03
6.726485807523352803e-03
6.415289669778266937e-03
7.359105923784714856e-03
7.066645875618013731e-03
7.332568074776608762e-03
6.323149777676029606e-03
6.635594575349879586e-03
7.066645875618013731e-03
6.212469679871130725e-03
6.456883878345086834e-03
6.543454683247642255e-03
6.589904597969686514e-03
6.813932821975507599e-03
6.589904597969686514e-03
7.399188598541245332e-03
6.205580497246955020e-03
6.770849286035003634e-03
6.456883878345086834e-03
6.813932821975507599e-03
6.635594575349879586e-03
6.872963274210365514e-03
6.931631253494873260e-03
6.770849286035003634e-03
6.721792929873270268e-03
7.019491915884217524e-03
6.375766623766827845e-03
6.855317527204048307e-03
7.205496213667048934e-03
6.415289669778266937e-03
6.131740024866717299e-03
6.304609571973367188e-03
6.434444352447964144e-03
6.544610230581613015e-03
6.931314892961978717e-03
6.678709393932766303e-03
6.181673450370738475e-03
7.072017256030277595e-03
6.452470338479375685e-03
6.415289669778266937e-03
6.407990469224238150e-03
6.894584513579811100e-03
6.434444352447964144e-03
6.770849286035003634e-03
