1.710413695295246235e-07
1.710552934926298850e-07
1.720431540549255373e-07
1.717550646577080726e-07
1.712008287160146953e-07
1.715540987796818242e-07
1.710113602511625842e-07
1.714249100762269624e-07
1.710029763855107190e-07
1.809826893005761365e-07
1.710029763855107190e-07
1.710617606210437394e-07
1.732133165619180429e-07
1.716852769299048380e-07
1.710407388143177343e-07
1.710359826646430215e-07
1.712195917633154856e-07
1.727176925789491829e-07
1.710552934926298850e-07
1.710359826646430215e-07
1.710407388143177343e-07
1.710407388143177343e-07
1.710113602511625842e-07
1.724008409945122211e-07
1.712195917633154856e-07
1.714308612851333066e-07
1.710660588595017520e-07
1.710511815797712973e-07
1.711764015172602262e-07
1.714249100762269624e-07
1.710029763855107190e-07
1.722822906680797409e-07
1.710812935107141473e-07
1.710407388143177343e-07
1.712008287160146953e-07
1.709661936070897246e-07
1.710029763855107190e-07
1.778978310040389624e-07
1.710812935107141473e-07
1.709899953210839385e-07
1.786600490090659049e-07
1.711157894311060053e-07
1.710812935107141473e-07
1.709661936070897246e-07
1.711308690262997379e-07
1.772206529734982261e-07
1.718201951754921029e-07
1.710511815797712973e-07
1.713687090291964654e-07
1.709797814533824974e-07
1.713969456421185730e-07
1.713429697078065068e-07
1.712626034831294404e-07
1.710029763855107190e-07
1.710830551751053858e-07
1.710511815797712973e-07
1.710791035783032704e-07
1.712195917633154856e-07
1.720197904592770999e-07
1.711764015172602262e-07
1.711479333989148121e-07
1.716329249145401774e-07
1.711308690262997379e-07
1.715337661518320893e-07
1.710407388143177343e-07
1.710113602511625842e-07
1.709661936070897246e-07
1.710029763855107190e-07
1.726637360227537257e-07
1.713687090291964654e-07
1.713262985587284264e-07
1.808168334341680719e-07
1.716595302321531017e-07
1.712053398910455094e-07
1.710113602511625842e-07
1.713969456421185730e-07
1.709797814533824974e-07
1.720330474309582415e-07
1.710812935107141473e-07
1.724807074461189559e-07
1.710791035783032704e-07
1.725932693758175987e-07
1.817665371756587285e-07
1.720197904592770999e-07
1.739363068987961909e-07
1.716852769299048380e-07
1.710511815797712973e-07
1.714767261518183270e-07
1.710029763855107190e-07
1.711479333989148121e-07
1.711157894311060053e-07
1.710113602511625842e-07
1.770911607502550709e-07
1.713262985587284264e-07
1.733959447066281389e-07
1.709676711777376585e-07
1.715337661518320893e-07
1.722822906680797409e-07
1.713262985587284264e-07
1.762279489983689935e-07
1.711479333989148121e-07
1.710359826646430215e-07
1.711479333989148121e-07
1.709797814533824974e-07
1.715702252787560971e-07
1.709661936070897246e-07
1.710511815797712973e-07
1.715702252787560971e-07
1.710830551751053858e-07
1.713969456421185730e-07
1.712427998338396206e-07
1.710407388143177343e-07
1.710660588595017520e-07
1.710873320613963513e-07
1.712983166115792131e-07
1.710873320613963513e-07
1.731323959366995059e-07
1.711764015172602262e-07
1.711000806033779800e-07
1.710029763855107190e-07
1.710791035783032704e-07
1.710113602511625842e-07
1.710791035783032704e-07
1.726778833204702886e-07
1.725932693758175987e-07
1.711419683500167790e-07
1.712626034831294404e-07
1.770911607502550709e-07
1.710029763855107190e-07
1.710660588595017520e-07
1.710407388143177343e-07
1.720197904592770999e-07
1.711764015172602262e-07
1.712654942116458832e-07
1.709899953210839385e-07
1.712427998338396206e-07
1.710660588595017520e-07
1.715540987796818242e-07
1.710368917547783272e-07
1.711157894311060053e-07
1.724807074461189559e-07
1.712742158845215018e-07
1.709676711777376585e-07
1.711701720978845356e-07
1.709899953210839385e-07
1.710660588595017520e-07
1.711000806033779800e-07
1.711125867207905600e-07
1.710029763855107190e-07
1.710113602511625842e-07
1.709899953210839385e-07
1.709797814533824974e-07
1.738269575872738181e-07
1.710812935107141473e-07
1.709676711777376585e-07
1.714542527745557349e-07
1.710791035783032704e-07
1.709676711777376585e-07
1.712053398910455094e-07
1.714767261518183270e-07
1.709797814533824974e-07
1.726778833204702886e-07
1.712626034831294404e-07
1.710660588595017520e-07
1.710511815797712973e-07
1.709742153700881155e-07
1.713429697078065068e-07
1.711550073397418168e-07
1.711308690262997379e-07
1.710407388143177343e-07
1.779610265267449112e-07
1.710830551751053858e-07
1.710359826646430215e-07
1.711125867207905600e-07
1.709899953210839385e-07
1.725932693758175987e-07
1.714767261518183270e-07
1.714767261518183270e-07
1.726778833204702886e-07
1.721678900836884251e-07
1.727187864442250173e-07
1.710873320613963513e-07
1.710617606210437394e-07
1.711308690262997379e-07
1.709742153700881155e-07
1.710029763855107190e-07
1.710407388143177343e-07
1.711550073397418168e-07
1.710617606210437394e-07
1.710359826646430215e-07
1.709661936070897246e-07
1.710552934926298850e-07
1.710113602511625842e-07
1.711308690262997379e-07
1.710830551751053858e-07
1.711346786138824964e-07
1.710029763855107190e-07
1.710660588595017520e-07
1.765905736541586043e-07
1.711962413608556965e-07
1.972635396370193409e-07
1.951590948692645488e-07
1.710029763855107190e-07
1.709676711777376585e-07
1.765905736541586043e-07
1.728184706403170880e-07
1.711346786138824964e-07
1.710812935107141473e-07
1.711125867207905600e-07
1.710791035783032704e-07
1.710511815797712973e-07
1.710368917547783272e-07
1.711125867207905600e-07
1.710370549256454751e-07
1.712654942116458832e-07
1.716595302321531017e-07
1.710511815797712973e-07
1.710413695295246235e-07
1.727639662237188252e-07
1.716595302321531017e-07
1.713429697078065068e-07
1.711701720978845356e-07
1.710113602511625842e-07
1.729689874295619837e-07
1.732611529559031517e-07
1.710029763855107190e-07
1.710029763855107190e-07
1.710407388143177343e-07
1.710511815797712973e-07
1.715702252787560971e-07
1.710368917547783272e-07
1.710407388143177343e-07
1.710359826646430215e-07
1.709676711777376585e-07
1.711125867207905600e-07
1.710873320613963513e-07
1.712427998338396206e-07
1.709661936070897246e-07
1.710413695295246235e-07
1.710552934926298850e-07
1.726778833204702886e-07
1.710370549256454751e-07
1.710370549256454751e-07
1.711000806033779800e-07
1.762279489983689935e-07
1.710407388143177343e-07
1.710830551751053858e-07
1.710791035783032704e-07
1.710113602511625842e-07
1.713422852569028180e-07
1.710407388143177343e-07
1.710407388143177343e-07
1.711550073397418168e-07
1.711308690262997379e-07
1.710660588595017520e-07
1.716852769299048380e-07
1.710407388143177343e-07
1.712427998338396206e-07
1.711346786138824964e-07
1.710029763855107190e-07
1.710113602511625842e-07
1.755826375145548582e-07
1.709676711777376585e-07
1.710812935107141473e-07
1.709661936070897246e-07
1.711962413608556965e-07
1.710407388143177343e-07
1.711157894311060053e-07
1.710660588595017520e-07
1.710368917547783272e-07
1.709899953210839385e-07
1.725053958375847964e-07
1.716852769299048380e-07
1.710113602511625842e-07
1.718339107373829901e-07
1.709661936070897246e-07
1.711962413608556965e-07
1.743391202294339570e-07
1.715540987796818242e-07
1.738269575872738181e-07
1.712626034831294404e-07
1.709797814533824974e-07
1.715540987796818242e-07
1.714767261518183270e-07
1.711346786138824964e-07
1.710552934926298850e-07
1.710029763855107190e-07
1.709899953210839385e-07
1.710029763855107190e-07
1.733959447066281389e-07
1.720330474309582415e-07
1.709742153700881155e-07
1.711346786138824964e-07
1.709899953210839385e-07
1.709797814533824974e-07
1.711157894311060053e-07
1.711479333989148121e-07
1.709742153700881155e-07
1.710511815797712973e-07
1.712983166115792131e-07
1.712654942116458832e-07
1.710113602511625842e-07
1.726778833204702886e-07
1.711962413608556965e-07
1.718339107373829901e-07
1.714308612851333066e-07
1.847612336988444213e-07
1.710370549256454751e-07
1.710617606210437394e-07
1.710407388143177343e-07
1.715702252787560971e-07
1.712195917633154856e-07
1.711125867207905600e-07
1.711962413608556965e-07
1.711550073397418168e-07
1.710359826646430215e-07
1.847612336988444213e-07
1.709742153700881155e-07
