6.403168724097899576e-03
6.820816438038599695e-03
5.977556755959299688e-03
6.793241751625700257e-03
5.793160962002600299e-03
5.885730957575800379e-03
6.233471828432200421e-03
7.343572828781699986e-03
6.340960845418499615e-03
6.630832402839800278e-03
6.090896222481999994e-03
6.457761064560300045e-03
6.935892691755199922e-03
6.280527791596900167e-03
7.824929549420699473e-03
5.909560160977899747e-03
6.319571624932399621e-03
7.062255562161399818e-03
6.405173711224799657e-03
6.342250028844200263e-03
6.787065779895300362e-03
6.675512523645899844e-03
5.957359129062400269e-03
6.626008891841100173e-03
6.245816368410200305e-03
6.022455067454799901e-03
6.838783794408299747e-03
5.523343344358299691e-03
6.708802040472200065e-03
5.465488260996199596e-03
6.464504025619799941e-03
5.798076467698300325e-03
6.276801098954200124e-03
6.338469150799499845e-03
6.662573559494000368e-03
6.007079561368499666e-03
5.841067777496000007e-03
5.673635908275300246e-03
7.189496759191099824e-03
6.660947439804000038e-03
6.219230449423399608e-03
6.315651077589800287e-03
6.138401467960299777e-03
7.330747502997599606e-03
8.160071235470099660e-03
6.774084339672100004e-03
7.510362345282899955e-03
6.360446834176500079e-03
6.171534464324100223e-03
6.394056089032600261e-03
7.172815712261600314e-03
5.448582715781499601e-03
6.572213677128999933e-03
8.628387192689599902e-03
6.281975849199900042e-03
5.798023646692500137e-03
6.852935883424900176e-03
6.270255468563599999e-03
6.726566339800400286e-03
5.614654433204800330e-03
6.048685975563600214e-03
6.267924240870700360e-03
6.577796527130699671e-03
6.021945643336900147e-03
6.474082737739099772e-03
6.264342724235099844e-03
6.625218011707899833e-03
7.193686608903100167e-03
6.224487987866299948e-03
6.557810767616300239e-03
6.664972332019699838e-03
6.264150886540600059e-03
7.632922127154400174e-03
6.602378654790399745e-03
7.125559288567300323e-03
6.701060099141499700e-03
6.273706874399699769e-03
6.300505298558000018e-03
5.592607836212000125e-03
7.530674683735599610e-03
6.843247148720700036e-03
6.418107403695300431e-03
5.661139481655899988e-03
6.032399812158299734e-03
6.612408692384899589e-03
6.367295162799300329e-03
6.199120638775900034e-03
7.143691644702200236e-03
5.940024836848700057e-03
6.770764242247999734e-03
5.915573782052200268e-03
6.711892397864499711e-03
5.942892372500999630e-03
7.577459062468599668e-03
6.272966757530399999e-03
6.665639292921300176e-03
6.006786937302900295e-03
5.452515381710899660e-03
6.446751416072499935e-03
6.281176529206899950e-03
6.138128885882300316e-03
5.119879920754699838e-03
6.852935883424900176e-03
6.249944538841600145e-03
6.191828664651099698e-03
6.576850887134599692e-03
7.230761520661099784e-03
5.844718325822600286e-03
5.472753083857100423e-03
5.582085336316900195e-03
6.214366395074099984e-03
5.774086584819200334e-03
6.127400083459300095e-03
7.248796702075900079e-03
7.203448722695800222e-03
6.998630372996600228e-03
5.489353887495000001e-03
6.756792430267799868e-03
6.087615047687299635e-03
5.416433582949699808e-03
6.721092880692900243e-03
5.879760927108700075e-03
6.034595266151200274e-03
6.327256501924199972e-03
5.808381732532099696e-03
5.811370536020999886e-03
5.472197169938499729e-03
6.242115317799300234e-03
6.235302353479599616e-03
6.905162197494800307e-03
6.992176412187099677e-03
6.893156735188799705e-03
6.080293178341599804e-03
6.309396286204099584e-03
6.265743456172000181e-03
5.405988529468799993e-03
5.949439176138300069e-03
6.359676989108599583e-03
6.579266788579099870e-03
5.033586643862699751e-03
6.115539340904300146e-03
6.214776024774999741e-03
5.841617132633000406e-03
5.886181866004300267e-03
5.833102647364699772e-03
6.850479526372499871e-03
6.064027882000000425e-03
6.760443434488500394e-03
6.169591197072100269e-03
6.585648389779700206e-03
6.448383814541600208e-03
6.843614891808100058e-03
5.742577404067300030e-03
7.801703701813899640e-03
7.408992683119799971e-03
6.100690322529800369e-03
5.786230632283000108e-03
6.241650822635100293e-03
5.462363715193200263e-03
5.657732439991399603e-03
6.018667644890300129e-03
5.817649282909599651e-03
5.656326270915400072e-03
5.742420010575500361e-03
6.428283330816100122e-03
6.636947170144199756e-03
5.659203909537600420e-03
6.058065980251800368e-03
7.247084015479000017e-03
6.945904525693200049e-03
6.532318497045400130e-03
6.343478422234399838e-03
6.411244506015999906e-03
6.432904531726299849e-03
6.158220200285000230e-03
7.475099637685000097e-03
6.948699154828300376e-03
5.962459975018199673e-03
5.894819491133400369e-03
5.897207744134399729e-03
6.352515670354300266e-03
6.279818243583299743e-03
6.890489636919500289e-03
6.242601880935600041e-03
5.764907875899699663e-03
6.784001873340500186e-03
6.140426191275099969e-03
5.710641798805300359e-03
6.116042685026500288e-03
5.826007697052299796e-03
7.007988456484400344e-03
5.923669459124500034e-03
6.496173814825300166e-03
6.414783961429900393e-03
6.566809417320899900e-03
6.198862819124399681e-03
6.976536498178900238e-03
6.292467864290000185e-03
7.005133972025900067e-03
5.817138376321799587e-03
6.050341357922300184e-03
6.727653197446800334e-03
6.326321026572699971e-03
6.208617009695899941e-03
6.551261872073900136e-03
5.910580558594599743e-03
6.522198272060899735e-03
6.394094980463300298e-03
5.270982641512700177e-03
5.721564482214200158e-03
6.822803393788400006e-03
6.542011297926199689e-03
6.267120418362900035e-03
6.026197564736500249e-03
6.822756771735299930e-03
7.506266389000699861e-03
6.063481862604799995e-03
6.853989516243000173e-03
5.991971336676799736e-03
5.966883375427400188e-03
6.720476642074199765e-03
6.698751754229399606e-03
6.800020846608700181e-03
6.988443682901399924e-03
5.865829346092499633e-03
7.474523411822000390e-03
6.134856665902999572e-03
7.006169619765499797e-03
5.143394304557799904e-03
6.290500813066099775e-03
6.827462321815499884e-03
5.880382800515900066e-03
6.776961287501700147e-03
6.079115851529899930e-03
5.829044670604299760e-03
7.085881399814199580e-03
7.482868639951299576e-03
6.144993655025200383e-03
5.745481171850299815e-03
5.741452699374699833e-03
6.220688364292500071e-03
7.820123739477999672e-03
5.779578064287500296e-03
6.968692487204899977e-03
6.535993243149599771e-03
6.473281622377900085e-03
5.372202975924499600e-03
5.114047998813499828e-03
6.554059815757300352e-03
6.330409342460900299e-03
6.162143065911999951e-03
5.872747344359299966e-03
6.109216325038800341e-03
6.406768780776999662e-03
5.959754521322999793e-03
6.529006368589699953e-03
5.537020777364800271e-03
6.641333637883200386e-03
5.991215893518199789e-03
4.967287811015200227e-03
6.100690322529800369e-03
6.339559809046799860e-03
6.131758701506700125e-03
6.414783961429900393e-03
6.364469070615899615e-03
6.222653826063300093e-03
5.707402717225799893e-03
5.580365520315800319e-03
7.309222580663499690e-03
7.170882938520599728e-03
6.241013006826600165e-03
6.872706096624299835e-03
6.428958287335100399e-03
7.182888501804299622e-03
6.335939477677399873e-03
6.565024769990999813e-03
6.636090291353500224e-03
6.602378654790399745e-03
6.240004813809500207e-03
6.840758606119799919e-03
6.155172985483400167e-03
6.766938841801800261e-03
6.191178517815700347e-03
6.198847973212099835e-03
6.795394163423900021e-03
5.446245166222800013e-03
7.117457853062300263e-03
6.831294404395900355e-03
6.043449055939099923e-03
6.223945218282500406e-03
6.178405672960500354e-03
5.762748681746500228e-03
6.908112037693500337e-03
6.233953944194199799e-03
5.883470501212500342e-03
7.123717177355000374e-03
5.617493716024500421e-03
7.361933344202100174e-03
7.206390910877800288e-03
6.155865232799999712e-03
6.465615216506800413e-03
5.643417859271000238e-03
6.852718967151800317e-03
7.263192051999400357e-03
6.745344393935899865e-03
5.784792577865199674e-03
7.126683074554799810e-03
6.486406014072999826e-03
6.733686113764300075e-03
7.138342801242199970e-03
6.874094203430000140e-03
6.057509761025799654e-03
5.886071328141199641e-03
6.407250763466000240e-03
6.564729405396299913e-03
7.707586677154899639e-03
6.630398962199000185e-03
5.704585090961299988e-03
5.602093635233200072e-03
5.576862053021300163e-03
6.139620377987899807e-03
6.131361743792000316e-03
6.102730593612500087e-03
5.587624973341000049e-03
6.660252321701799934e-03
6.194533737272200219e-03
7.267480856630400068e-03
6.101064152459000078e-03
5.206873572952300071e-03
6.474170513151500037e-03
6.612408692384899589e-03
5.942770962067200208e-03
6.811620841389899594e-03
7.982153755655200383e-03
6.547979936491600192e-03
6.621884594933000190e-03
7.836213375176700330e-03
6.379116325176800197e-03
7.214737289237499983e-03
5.816428249977499861e-03
5.791268626764999733e-03
6.451061638239099713e-03
6.989814711616399931e-03
6.332013893999900202e-03
5.776490028040100200e-03
7.229103839696799684e-03
6.480511614037899951e-03
5.112059381503999793e-03
6.964246680464100323e-03
6.106861977354900023e-03
5.837382954713399817e-03
5.780029966767800259e-03
7.082764802604399682e-03
6.117713054314900117e-03
5.958031281325599886e-03
5.787023684780200072e-03
6.307172613279100025e-03
7.097188500475799626e-03
7.233522355355999876e-03
6.514729020803199794e-03
5.422850137483900025e-03
5.046130692040099938e-03
7.754510430992500418e-03
5.792023995721900208e-03
6.960496229252199733e-03
5.219850824225900042e-03
6.706050906678799606e-03
6.375583875863500422e-03
6.395521001242799632e-03
5.534897165489400389e-03
6.944231339702800106e-03
5.621301123829100174e-03
5.467382449758500206e-03
6.005218220359100426e-03
6.643345539376699707e-03
6.104085924306000208e-03
6.869706767459200086e-03
6.026693987349900257e-03
5.225402717247199652e-03
7.084602209768599800e-03
5.458407133721800315e-03
6.817259656227100430e-03
6.235557726417700376e-03
7.148771609898600318e-03
6.699895919776499738e-03
5.472197169938499729e-03
6.900321983102499640e-03
6.710013246678399844e-03
5.980070097884600255e-03
5.357360010707100384e-03
6.872138221319499911e-03
5.918478500742999603e-03
6.532318497045400130e-03
6.711168858570699773e-03
6.376032931091899988e-03
8.228185344288199352e-03
6.370550392757400385e-03
6.338178008315199959e-03
6.289080522214300292e-03
6.253543581778899657e-03
5.269395774366900098e-03
6.715773196573100214e-03
5.815832300006799731e-03
5.850183026798900024e-03
6.029596859961799601e-03
5.563666212435899698e-03
6.450752229204799806e-03
6.439761108495399740e-03
5.033247490397199653e-03
6.464215564641499941e-03
6.849690202264399966e-03
6.403913252201400182e-03
6.457603670343200347e-03
5.848176752948799732e-03
5.066050957627799868e-03
6.621545629767300323e-03
6.243162647319800210e-03
6.090410526256699771e-03
6.498144900745300365e-03
6.189654265030900167e-03
6.216955093389599576e-03
7.674259420842199746e-03
6.447343291098600430e-03
5.525533857619000129e-03
6.037050972858899744e-03
6.300505298558000018e-03
7.729962123431900062e-03
7.627369027062499973e-03
6.374689966501199609e-03
6.576480546670399920e-03
6.705692952225199809e-03
6.455651831119100376e-03
6.275979730630099930e-03
6.221081923488899768e-03
6.605078089899000041e-03
6.661972989180800150e-03
7.360915792443499701e-03
5.289966207376600379e-03
6.014468697688699593e-03
6.819779154765099813e-03
5.148241185377699751e-03
7.296808331965200234e-03
6.400542163616800180e-03
6.257683622633600055e-03
8.474729532059499179e-03
5.472211828709199616e-03
6.328326886367199693e-03
6.097235401884400219e-03
6.987656129373799943e-03
6.081988465913200359e-03
6.751252603448600238e-03
6.358313174110699802e-03
6.258909307383499730e-03
6.319772094860299713e-03
5.821473763035400241e-03
6.865569580772600336e-03
6.830798882861299597e-03
6.725694748786899616e-03
6.516559079265200199e-03
7.592425877156100227e-03
6.923275113641299931e-03
5.812753872302799801e-03
6.177680821678100190e-03
6.793241751625700257e-03
5.064514785574300050e-03
6.952905446662199958e-03
6.789644607163199987e-03
6.392914634692099633e-03
6.771872042949899674e-03
5.778881739240800119e-03
6.649831914415400315e-03
5.810979017232800227e-03
5.143650659738399807e-03
6.304949646642600374e-03
6.415179059369499788e-03
6.367172176518200166e-03
6.285596396322500057e-03
6.065155934867399665e-03
5.302011277501000180e-03
5.928408442005200264e-03
7.268184944387599822e-03
5.294631826710399954e-03
6.524968263225299978e-03
6.380616866693399752e-03
6.842811873972699625e-03
7.079464005440999803e-03
6.001033414785399839e-03
6.639233089320599988e-03
6.978152407287500220e-03
6.573666438301899693e-03
6.199431461165700284e-03
6.125015960942999799e-03
5.838281004331800396e-03
7.008584427716299872e-03
6.795394163423900021e-03
6.724953957561500238e-03
6.282774941206500409e-03
6.383639419792200113e-03
6.002457568946999861e-03
6.787297651989000410e-03
6.453375959182499830e-03
6.176688439478500089e-03
6.115902940579100167e-03
6.031465850490199711e-03
6.699508599276400057e-03
6.510494208258900059e-03
6.902474247038500356e-03
6.364918835606900305e-03
7.283844026143700308e-03
6.650112345252300397e-03
7.533677934526200257e-03
6.567234411263799844e-03
5.917154788222500281e-03
6.706520357910900239e-03
6.177952794880699899e-03
5.756229353170600263e-03
6.644454268284300316e-03
6.112272344141100357e-03
6.214837569216999889e-03
7.052861618826200031e-03
6.594697364926000067e-03
6.871587473167200047e-03
6.325225168745900357e-03
6.795432113655699990e-03
6.588828254762700218e-03
5.841428161235400103e-03
5.980510000842299834e-03
6.289174751259399981e-03
6.363873689183500125e-03
7.220716288217399886e-03
6.847439166813800056e-03
6.407397987418599582e-03
6.039195680665900186e-03
6.889963573458899974e-03
5.758294110043899947e-03
5.639808339548400308e-03
6.026693987349900257e-03
6.331829794277200191e-03
6.205000290192099963e-03
6.983497392985899867e-03
6.432263025374599687e-03
7.066218277748799632e-03
6.078017967268900187e-03
6.247037211228399778e-03
6.710013246678399844e-03
6.677261405268799729e-03
6.332067317977099763e-03
5.954575329774900241e-03
6.766121218728300170e-03
6.858184351209799766e-03
7.483202024385999726e-03
7.145555353936399769e-03
7.269303749163199754e-03
5.327034045153800426e-03
6.293148126849499799e-03
6.532176486041699724e-03
6.736335266800300148e-03
6.172911490993499874e-03
6.317607214008300054e-03
5.507659790477100262e-03
6.477933100716100345e-03
7.072526925435300427e-03
6.615124730729699844e-03
6.033313030997000323e-03
7.390587442589900170e-03
7.287677587081000351e-03
7.199181744959599893e-03
6.561913096426900266e-03
6.077733543494999967e-03
6.114514619866499856e-03
6.027844027113700258e-03
6.297037071710699999e-03
6.196346028432300063e-03
5.897565329957100283e-03
6.895142225135399844e-03
6.355224449999299571e-03
5.663015823540699586e-03
6.410672541446399940e-03
8.076955479436400548e-03
6.069649495614700199e-03
6.972132989163700410e-03
6.557079068633800412e-03
7.143540993651400182e-03
7.486347750542399898e-03
5.682397932863600225e-03
6.168511083614099805e-03
6.936815726831900043e-03
6.789805830570499849e-03
6.062942790105999707e-03
6.908607593465200362e-03
5.796173580348299749e-03
7.073649774884599624e-03
6.506555031218300318e-03
6.646642699813700393e-03
6.647718162213599701e-03
5.663257457776799640e-03
6.914838239283700033e-03
6.351242078454599586e-03
6.658697279745899936e-03
5.717672882747500129e-03
5.762389758236399588e-03
6.121366612111800096e-03
6.304813359366600103e-03
6.074635431758899570e-03
5.880151721349299865e-03
6.237910653319599964e-03
6.807224692634199735e-03
6.328733830919500321e-03
6.292009496740499745e-03
6.152499025704199695e-03
6.825876444332699793e-03
7.097007619757299962e-03
6.781473559150400128e-03
6.490544370102300370e-03
6.076306344941199804e-03
6.703023562077600403e-03
7.000993253353400385e-03
6.628652175805500001e-03
6.987192972703300427e-03
6.558997750239699796e-03
6.611025199331799738e-03
6.188188719933799924e-03
6.418260207455500112e-03
6.683384873200099580e-03
6.337687145238599627e-03
7.203448722695800222e-03
5.500569405038200320e-03
6.902382335574000320e-03
6.076545544598999614e-03
6.234704607325699914e-03
5.836986639595099710e-03
6.850479526372499871e-03
5.989171480287699967e-03
6.415742343809100433e-03
5.485814676534499744e-03
5.556620485197200088e-03
6.064648165025599696e-03
6.076597770524700022e-03
6.555029348538799795e-03
5.868387908359799787e-03
6.369337849885899593e-03
6.338971665789300096e-03
6.861900177315000127e-03
7.116216796639000287e-03
6.299326504387300213e-03
6.714178920249699693e-03
6.351476217617200298e-03
5.840169470065000035e-03
5.922670642831300014e-03
6.284607850030500195e-03
6.419510284012199842e-03
6.560657176899900231e-03
5.464673259568100273e-03
6.414789811807200190e-03
6.276808694377499984e-03
6.404726085758900324e-03
6.779825008698000394e-03
6.268746663764099628e-03
5.912382667169400335e-03
6.829793719477400202e-03
6.432904531726299849e-03
6.618158853945899957e-03
6.576573090115300259e-03
7.058202587335800186e-03
6.418557475718600011e-03
6.251649483469699786e-03
6.549553615397499945e-03
7.197975988084599937e-03
8.290715682334999850e-03
6.218465201580199858e-03
6.167858650211899968e-03
5.662513935515200124e-03
5.940809472333300097e-03
6.419115582757700146e-03
6.685128677191599922e-03
6.305709963628799639e-03
7.083136313092800243e-03
6.610585053224000279e-03
5.931712853583099611e-03
6.300885789468599861e-03
6.424078574286400285e-03
5.805241200087499567e-03
6.203124040884300250e-03
6.503012468598899989e-03
6.347066014480900152e-03
7.058481442257700210e-03
6.777571983708099816e-03
6.264291112534300411e-03
5.567061342043100325e-03
5.738869722619799676e-03
6.212334339349700162e-03
6.936068915437699697e-03
6.621188613408299922e-03
5.865871476399300150e-03
6.695988738810099844e-03
6.498725318111500150e-03
5.976226207712100405e-03
6.482273100188599806e-03
6.594226945854300172e-03
6.404726085758900324e-03
6.790834866114699858e-03
6.820589391630100043e-03
6.369337849885899593e-03
7.282606178936899648e-03
5.734477049388999811e-03
7.512516500619299820e-03
6.561749758449199679e-03
5.518032410160400407e-03
6.470319617571900286e-03
6.819779154765099813e-03
6.244074943197199662e-03
6.380616866693399752e-03
6.377598868265200137e-03
6.023793143925699860e-03
6.371048868604899627e-03
7.187380372937499616e-03
6.455812836723200283e-03
6.884867851004600366e-03
6.361318548969300060e-03
6.735521504636399898e-03
6.007432305175300011e-03
5.983174477735099701e-03
7.614170102500999841e-03
5.636238990079299807e-03
5.550580195508299924e-03
7.247084015479000017e-03
6.498178075011499903e-03
6.322866604220300432e-03
6.545815414130799932e-03
7.299202986167999986e-03
7.158651288258000185e-03
6.590917007885999969e-03
6.139357028007400019e-03
6.548776457086400056e-03
6.407151722608199658e-03
6.156567390373100107e-03
6.533150528187300042e-03
6.203642501992800290e-03
5.681411710261700075e-03
5.940217650623499761e-03
5.820411775086900205e-03
6.902477820591700237e-03
6.517456729993500140e-03
6.783815278917700031e-03
5.668802961993800286e-03
6.992222517268499929e-03
6.637624705625099972e-03
6.301187819487699682e-03
5.722304303420300275e-03
6.079115851529899930e-03
7.121685737662600268e-03
7.087043552966500182e-03
7.390536086314299959e-03
7.093766107596400153e-03
6.588113649491800228e-03
6.159362683016899806e-03
6.460943421135599725e-03
6.428619801681099977e-03
6.787867915451499708e-03
5.742420010575500361e-03
5.858274425705600232e-03
6.390128249761300311e-03
5.590704611486000015e-03
5.980763427544599602e-03
6.099067402901400294e-03
6.301179224041100410e-03
6.447368464739700045e-03
5.298231937186400134e-03
6.885611888082499715e-03
6.587134959904999802e-03
6.035307698671900020e-03
6.488575821014200100e-03
6.478283135702800170e-03
5.943046866290799951e-03
7.026255550113900093e-03
6.086447926176800222e-03
6.578371359008699897e-03
6.184763783422799963e-03
6.439356395140099706e-03
6.084121784707000394e-03
5.917450762934600358e-03
6.534103284666400134e-03
5.593591910897100124e-03
5.196230630934799664e-03
6.211833600796299801e-03
5.770191002034100354e-03
7.094163771057399905e-03
5.366237399328699711e-03
5.371121738300800239e-03
6.574019776671500073e-03
6.268778203800599684e-03
6.310100963989699607e-03
5.548456904588099960e-03
5.882247161188100364e-03
6.820163010706600283e-03
6.493694158950099986e-03
5.269552783353999986e-03
5.944284719371999669e-03
5.141100003455300292e-03
6.649926002355400177e-03
6.259168343434399692e-03
6.321282955674899576e-03
6.089599017473299944e-03
5.525071187364599852e-03
5.832648734017399986e-03
5.919871143768799977e-03
5.928408442005200264e-03
5.475509328620700028e-03
5.528375359456499591e-03
6.254607388122299626e-03
5.840190841033599846e-03
5.972609684370700119e-03
5.151307209827800035e-03
7.490329405885200013e-03
7.467834354417400393e-03
7.339593920844700130e-03
7.050835877898499644e-03
5.998461146483799987e-03
6.962726651892100008e-03
5.863864518400399746e-03
6.545815414130799932e-03
6.370369140231700242e-03
7.267480856630400068e-03
5.778981884176400373e-03
6.432263025374599687e-03
6.168893225020600189e-03
5.707893098705000244e-03
7.614170102500999841e-03
5.887359240593599725e-03
6.573666438301899693e-03
6.806433178436199598e-03
5.530149857219199966e-03
5.887679094892000337e-03
6.668752312876100041e-03
6.453845349570899725e-03
6.717390647438499680e-03
6.401553203037899792e-03
5.163338314263499727e-03
5.518545242279599729e-03
6.192081708934800074e-03
6.080181177362599908e-03
6.144117097922200017e-03
5.743344669786400007e-03
6.733950017908899889e-03
5.942661791398000208e-03
5.769180386425300233e-03
5.589301119245600018e-03
6.497547503361100416e-03
5.946675376080399686e-03
6.717979624495100388e-03
6.656582517382800095e-03
6.980104852453100292e-03
6.457761064560300045e-03
5.563264123463000296e-03
5.607593938073299721e-03
7.162750782659200316e-03
5.895916615127999930e-03
5.662513935515200124e-03
7.834032073450500344e-03
5.832648734017399986e-03
6.582803022522699769e-03
6.532269098235899719e-03
6.834860459585499759e-03
4.971457071825499847e-03
7.134091481361200422e-03
8.268792793825599508e-03
5.172991046746100094e-03
7.140357714931599986e-03
6.807302523633099872e-03
5.818804813144499988e-03
6.361728544903499580e-03
5.352682475354000186e-03
7.700131736672700088e-03
5.370951058355600410e-03
5.673839644954600109e-03
6.968692487204899977e-03
6.329043013621299743e-03
5.472959819117199746e-03
7.313650094615800103e-03
6.252076618511900191e-03
6.251534264747300035e-03
7.202562057743699606e-03
5.935314028169399667e-03
7.381365404890200335e-03
6.809565880156799936e-03
6.625218011707899833e-03
6.321820674259200253e-03
8.495206568693399601e-03
6.733686113764300075e-03
7.160490433185599628e-03
5.805546795446399691e-03
5.971878335297499743e-03
5.792262736665099859e-03
6.531245683002400056e-03
5.791634503643200427e-03
6.349774189257299806e-03
6.138052120695200106e-03
6.503953066609199744e-03
5.710680271403200357e-03
6.488575821014200100e-03
5.751119146573499714e-03
6.084074398517399715e-03
7.573273661100999622e-03
6.584610115302600222e-03
6.355224449999299571e-03
6.399110866503399803e-03
6.159781450711400083e-03
5.534897165489400389e-03
7.560389332109099594e-03
6.235204661481500051e-03
6.677677245177600363e-03
6.443365349013300408e-03
6.656712087918999730e-03
5.866271154988399877e-03
6.342696032278699776e-03
7.308185506324000116e-03
6.318714015085599885e-03
5.813544520111699719e-03
6.565592468109200143e-03
5.607774230586799920e-03
6.853159890624200418e-03
7.055271103927099677e-03
6.406976685369599606e-03
6.361729993922899708e-03
7.130619006774399984e-03
5.166239973863799920e-03
7.173233163872599731e-03
6.258547846984300125e-03
7.248051465993400264e-03
7.287365795432300397e-03
6.679987569010500253e-03
6.432207021333400006e-03
5.991211378761900075e-03
6.197875022505900180e-03
6.911458476370500002e-03
6.326221068637699618e-03
7.017342927522800082e-03
6.241013006826600165e-03
6.073172211672600400e-03
5.690869529954300371e-03
6.555188564104699571e-03
5.779609045997599615e-03
6.958165917932200399e-03
5.407646026436400272e-03
6.621953243918400102e-03
6.518441670343200038e-03
6.045206903326200316e-03
7.113332048824800094e-03
6.109216325038800341e-03
7.090498524478600073e-03
6.413845435484600253e-03
5.870939458968199749e-03
5.551185554594799919e-03
6.238917130967800047e-03
6.439761108495399740e-03
6.934764536599699949e-03
5.790554938101199860e-03
7.087043552966500182e-03
7.861276921796500616e-03
6.953949641428899646e-03
7.329269045658899639e-03
6.590917007885999969e-03
6.532259009609800264e-03
5.940084014314999696e-03
5.912655202066899839e-03
6.116240691556700144e-03
6.583532578813100326e-03
6.057614809437899747e-03
6.236004101692499760e-03
6.341597366017999796e-03
5.618319741089799861e-03
5.722758301652900240e-03
5.766521013188499918e-03
6.370717021921899759e-03
5.267531351731000004e-03
7.655705544957700122e-03
5.796740496477099762e-03
7.711047090492299805e-03
6.379547424155599701e-03
6.221780281095499847e-03
6.400093902601699906e-03
6.085718592627099681e-03
6.309377189972999699e-03
6.622797820963599764e-03
6.588124053360899790e-03
6.532075399431199955e-03
5.642273436425099785e-03
6.648981818145899975e-03
6.302043358317899885e-03
6.128431603350300433e-03
6.218975767978199981e-03
5.989171480287699967e-03
5.939788349019900320e-03
5.742072382997000408e-03
6.551499559346299871e-03
6.376308403229000339e-03
5.666597716152299569e-03
5.967121075986199681e-03
6.627148460422199738e-03
6.795435734052299691e-03
6.026082413988299684e-03
6.762781596087799607e-03
7.272331646616300369e-03
7.286308616522799847e-03
8.213186440883700132e-03
6.886855631807299941e-03
5.744407785425199690e-03
5.681409657008499800e-03
6.106635824823200207e-03
6.473648876970199834e-03
5.462272367970599958e-03
6.382688273019900167e-03
6.031311353056000371e-03
6.139221421528499867e-03
6.787075153998400022e-03
6.762636900987900428e-03
6.026229142878400218e-03
6.377953689744499804e-03
6.820547502271200047e-03
5.524831877731600088e-03
6.276072723608599850e-03
6.397697880999099994e-03
6.593112928045199647e-03
7.211903628997900183e-03
6.194030034639299784e-03
7.533559605069699641e-03
5.580365520315800319e-03
5.862348077260299585e-03
6.089272751012100339e-03
6.822756771735299930e-03
6.301179224041100410e-03
5.802620531345900091e-03
6.756283714600300021e-03
7.177483311236699734e-03
6.650112345252300397e-03
6.864475576042200142e-03
5.544121526933699744e-03
5.793474445965300125e-03
6.771467350853900384e-03
7.602143959870699859e-03
6.600962735148200276e-03
6.630743564000900377e-03
5.471828534896999718e-03
7.714839479570899730e-03
5.781949068016699680e-03
6.425901843216699945e-03
6.665513256915400059e-03
6.216197625181100160e-03
6.074635431758899570e-03
5.971819615867499965e-03
6.289896082658999986e-03
5.399238603088400180e-03
6.665644956216999761e-03
6.488267313650299996e-03
6.638397782457700069e-03
6.269181473585500215e-03
6.516882614049900220e-03
7.188565570298299963e-03
7.115289410878400216e-03
6.614657732274700427e-03
6.008353043007600217e-03
6.215411578862400400e-03
6.137091622742499829e-03
6.297893887725099747e-03
6.229278596992599872e-03
6.174047576196099729e-03
7.511636163594500280e-03
6.570154711301500264e-03
5.973000740793999938e-03
6.081313177621699984e-03
5.952182624115700399e-03
5.586383577466399672e-03
5.688136935171599767e-03
5.907376094254899665e-03
6.315886647924100379e-03
5.841549916324600099e-03
5.390293850580100271e-03
7.156477443498199600e-03
6.292086007533699912e-03
5.786442753222200037e-03
5.322234797600300382e-03
6.194213639982799890e-03
7.895379678492199169e-03
5.647169682001599786e-03
4.713694907667500232e-03
5.737785521533700361e-03
6.351476217617200298e-03
6.535438642074900377e-03
6.199314286349199600e-03
6.624144418422899840e-03
7.082697250347900174e-03
5.384682934299199648e-03
6.020524789572600198e-03
6.448919000623500389e-03
7.062931430642900403e-03
5.537555908857899958e-03
5.602749401286399693e-03
8.559380123774199337e-03
5.676160256024899604e-03
6.980104852453100292e-03
6.365648684596800048e-03
7.977600035757299521e-03
6.636752371719700262e-03
6.086596136073999831e-03
7.303748774793499855e-03
5.411855419701299894e-03
6.146606994743700376e-03
5.988755485055399612e-03
5.680567138450100424e-03
6.969311972528999775e-03
6.770764242247999734e-03
7.015457646846100237e-03
6.335173368821199642e-03
6.181708357381500429e-03
6.786142835066399925e-03
6.196314002921500357e-03
6.496087996941100201e-03
7.207936505667100063e-03
6.511018089379099968e-03
5.192721714529000172e-03
5.040127850187600157e-03
6.336935280942900157e-03
6.503542792131299967e-03
5.665489886338500106e-03
6.502094532287200357e-03
6.622248597865999613e-03
6.514200171338999784e-03
5.523495630870000131e-03
5.960564655958700345e-03
6.041642241577400291e-03
7.273689307059400325e-03
6.531968053191000191e-03
6.370270787644400148e-03
6.864380649513100209e-03
5.594198180978399680e-03
5.519840601249900378e-03
6.506325205782799957e-03
6.662234731546499977e-03
6.525233709055400406e-03
6.325912163590800136e-03
7.074302410766100148e-03
6.885611888082499715e-03
6.357318317094899640e-03
5.770410858764099885e-03
8.133452495354100836e-03
5.767539312597200207e-03
5.365122395084499785e-03
6.173493896174499576e-03
5.725767519873300321e-03
6.999732839445899774e-03
7.203296900294999666e-03
6.696468156570299819e-03
6.123886399561699959e-03
7.108598480904999677e-03
5.745481171850299815e-03
7.050269552135999748e-03
6.763336955274599875e-03
6.323348258437299675e-03
7.356240845746399998e-03
6.248389416690199732e-03
6.297497779763399674e-03
4.962839230888399684e-03
6.577896640320299998e-03
5.848895654685999645e-03
6.175848548509800355e-03
6.117563062913800379e-03
6.056565011446799970e-03
6.045626788541600197e-03
6.681410119838099987e-03
5.677037029641500421e-03
5.720441052636700274e-03
5.649765631012599980e-03
5.471779022940099872e-03
6.180330625264900124e-03
6.810987191104399784e-03
5.977170661545800311e-03
6.847506106481200325e-03
5.590704611486000015e-03
6.131877441192500056e-03
6.711274098482099791e-03
6.407250763466000240e-03
6.227001100343599986e-03
6.361728544903499580e-03
6.327079817008200019e-03
6.305209073414400414e-03
6.399427399751200091e-03
5.364875734584599598e-03
6.478283135702800170e-03
5.916128072437500107e-03
5.857207583506899608e-03
7.226699752653199804e-03
6.547799178675899577e-03
6.371262119413799961e-03
6.524728642653699826e-03
7.307146011348700232e-03
6.531989357197299714e-03
5.921483931006400400e-03
6.581754907896199616e-03
7.006226635747199623e-03
6.447343291098600430e-03
6.945904525693200049e-03
6.301505815847799688e-03
6.860925187611600223e-03
5.929102269041500346e-03
7.560389332109099594e-03
6.690470872320299772e-03
6.656286494841800322e-03
6.678522868346799951e-03
6.498601825395000295e-03
5.375794459013499664e-03
7.143691644702200236e-03
6.873996794337799802e-03
6.523797379415299975e-03
6.547068168068000127e-03
6.159734706050699719e-03
5.571512460360900261e-03
6.302726640763599980e-03
6.614692933188000105e-03
6.973710263714100188e-03
5.359342766042499845e-03
5.461044927580399611e-03
6.491633003446299795e-03
6.484410256098099672e-03
5.570717671716099613e-03
5.027697769343600354e-03
6.547204614010799714e-03
6.544479281260199774e-03
5.782177381246599718e-03
6.813762056756600405e-03
6.565130763361699991e-03
5.143485221991399813e-03
5.385502548520299838e-03
7.219789915018100246e-03
6.523049142647100243e-03
6.848666502100400101e-03
6.075457075650299646e-03
7.363357221365199670e-03
7.169396164934899694e-03
6.442686303527900282e-03
7.319836076229599593e-03
6.281333984924600267e-03
5.962575434875499666e-03
5.742619393982200185e-03
7.246066186917300006e-03
6.189677750204900138e-03
6.707565478681500222e-03
6.086164633857299791e-03
6.167858650211899968e-03
7.106746665897400311e-03
6.025535135608600136e-03
6.054192309890900174e-03
7.001249263693399769e-03
6.172452649970399698e-03
6.414874822643699785e-03
6.224421484610200006e-03
6.396506766884700428e-03
6.894356367275799972e-03
6.363515505332199840e-03
6.681142724042399977e-03
5.652593759085800321e-03
6.777505468871699787e-03
6.320080566105000172e-03
5.564862649070599632e-03
6.355515560382800008e-03
6.730503275264999689e-03
6.554114630655300325e-03
6.233286967833699677e-03
6.920038640326800147e-03
6.938191939281600218e-03
6.902477820591700237e-03
7.064503840820400039e-03
7.024574498885299834e-03
