2.611815722677900131e-03
3.065579369864799945e-03
2.900985343491100169e-03
3.012321447437900195e-03
2.639641339009399842e-03
2.617178565284299790e-03
3.036297570138399900e-03
3.458116734419700196e-03
3.376652564799300163e-03
3.047547522707600137e-03
2.740011754558699907e-03
2.589797350184999940e-03
3.796452076068000062e-03
3.380552067578100010e-03
2.560661823846299874e-03
3.429325689157099871e-03
3.457262428628499890e-03
3.355657506721500000e-03
3.024559210829099853e-03
3.171964050965900110e-03
2.911112664558200124e-03
2.752802024116100116e-03
2.566357075014700194e-03
2.972423729070099944e-03
3.153067221628000089e-03
2.953762397163499972e-03
3.114934433487199887e-03
3.173060628953500075e-03
2.817492232551000158e-03
2.499377531139200005e-03
2.728343360115000147e-03
2.583734953894500138e-03
2.931698417545499855e-03
3.033851891617100199e-03
3.222406775984600069e-03
2.907455763002100065e-03
2.930645599264300027e-03
2.955725496954400133e-03
2.861234982508000131e-03
3.291709864889500164e-03
3.012887950939100151e-03
2.737402410100499891e-03
2.721899735130599903e-03
2.886059759534299884e-03
2.750609780541799811e-03
3.221123242841500162e-03
3.121004575581399956e-03
2.820623921921300119e-03
3.227346529797500002e-03
3.055549394386900160e-03
2.765132417170800081e-03
2.968608511922700161e-03
3.081735046889699965e-03
3.156581911871500067e-03
2.920916138492699911e-03
3.254108503296999910e-03
3.146830636066399838e-03
3.021593563571599913e-03
2.816386485910499921e-03
3.138770059429699805e-03
2.858388221193199942e-03
2.479090776272500039e-03
2.577244434068099842e-03
3.142611120617999979e-03
3.386718296293500085e-03
3.098499849267499860e-03
3.355205141379099826e-03
2.511988714230199878e-03
2.811859628024199805e-03
3.321442107404700122e-03
3.109809972587800064e-03
3.288265702148999818e-03
3.118704502915399784e-03
3.216058683553099911e-03
3.262970601186800015e-03
3.555506281566399914e-03
3.268145450768400115e-03
3.134077830284499877e-03
2.893240320830299875e-03
2.671523040527599806e-03
3.004753224521700041e-03
2.684272753012799818e-03
3.333150262984899918e-03
3.203445631000200085e-03
3.291574021072999918e-03
2.875048970147699862e-03
3.207259413620400148e-03
3.141360667943299788e-03
3.041659202907999807e-03
2.798360024333900083e-03
2.989022200505799930e-03
3.082878599834100192e-03
3.024240786057499995e-03
3.001180578796699798e-03
2.956476573093500156e-03
2.609051106136600195e-03
2.903288619674000010e-03
3.080400081324299790e-03
3.419415103240799891e-03
2.831887466071699843e-03
2.800826566943200036e-03
2.952529567072599993e-03
2.856167237996600026e-03
2.570257572716800037e-03
2.935093397975300014e-03
3.325517663007000052e-03
2.779786535958399859e-03
3.153635251208600047e-03
3.019922852289700158e-03
2.806960961365699992e-03
2.983729680591600073e-03
2.680073940419800023e-03
3.090610594304400108e-03
3.113116436366900053e-03
2.597349291244499970e-03
3.016921103827899936e-03
2.899299799502199834e-03
2.805402257726599853e-03
3.013266516778299962e-03
2.951017968084499940e-03
2.871051295949699975e-03
3.344982013068000058e-03
2.998713826200800122e-03
3.055065898760000054e-03
3.149404442190099820e-03
2.883429077154500090e-03
2.741284453883900164e-03
3.234498333464300157e-03
3.074898188388399886e-03
3.198949997019900210e-03
3.350880491222999868e-03
2.637480591555000069e-03
3.335109522393599896e-03
2.755064892558399797e-03
3.231526645204799934e-03
3.028045275648900015e-03
3.035442479525299851e-03
3.244296206406900064e-03
2.720378340657600078e-03
3.206606959087400077e-03
3.201616658719499964e-03
3.089731104697900164e-03
2.963990699122399843e-03
2.957632532383199994e-03
3.138753333893999891e-03
3.311602252064299850e-03
3.053676994822400199e-03
3.179318049474300079e-03
2.998333672253100136e-03
3.072134238568200153e-03
3.149173454597200064e-03
3.074339498727100134e-03
2.839329302965599901e-03
2.960487836657000119e-03
2.728924678267300157e-03
3.044984509677699930e-03
2.836781246945099810e-03
3.224463390920600039e-03
3.029802876044900093e-03
3.072689781450000171e-03
3.310097674692199805e-03
3.541213228745100205e-03
3.171958541276000045e-03
3.015851669025900166e-03
3.008146604634000156e-03
3.316637073265499887e-03
2.973679077211000086e-03
3.226704768369699841e-03
3.132716292887599823e-03
2.856659036788200198e-03
3.145923114671700209e-03
3.141864979000900168e-03
3.133716494375899959e-03
3.054295501260199854e-03
3.138674450862700190e-03
3.024268969192099935e-03
2.910528207673200151e-03
2.478583769322900004e-03
2.768921497323499799e-03
2.923938298478299860e-03
2.798514443491499810e-03
3.518731560174299944e-03
3.052671551242900141e-03
2.247323036729499939e-03
3.161204688453499861e-03
3.308203435259100041e-03
3.146105030002299859e-03
3.193947965076899837e-03
3.199285256636299948e-03
3.255129926624100202e-03
2.920597739201999995e-03
3.224355044013999839e-03
3.402092333392600209e-03
3.260269390016199993e-03
2.769004248480100034e-03
3.121500403148699896e-03
3.195564637553899995e-03
2.719447722912300171e-03
2.861576282913799816e-03
3.011886694432200189e-03
3.398875455266700193e-03
2.766836862890699814e-03
3.336599685470700155e-03
2.655438229394100052e-03
3.193610842361100082e-03
3.046495461924000111e-03
3.328057211630500167e-03
2.912289706481200127e-03
3.071089657236399789e-03
3.001023631383499968e-03
2.940347473616699951e-03
3.219686221620699906e-03
3.288820958959600121e-03
3.458135770971600131e-03
3.262037768946600153e-03
2.807787242277199995e-03
3.000628270994700180e-03
3.071891294090699914e-03
2.871223232934099964e-03
3.002088578328099798e-03
3.503169434526400092e-03
2.907758707660499948e-03
3.322988466963799903e-03
3.125921059729700174e-03
2.921791688548299945e-03
2.864290665946199899e-03
3.032734456894599882e-03
3.116517728510600008e-03
3.324471537751900151e-03
2.798263497962099992e-03
2.691142847237900163e-03
2.882099729787299981e-03
2.943799404114599838e-03
2.280307380943800023e-03
3.432578818845600198e-03
2.955851543743199996e-03
3.225544342116600134e-03
3.455102628139799983e-03
3.492329679944299829e-03
3.055590018743599943e-03
3.095616296597299925e-03
2.879058983770999870e-03
2.978943845292399834e-03
2.760852716201200180e-03
3.417476081544299979e-03
3.147226877316599940e-03
2.930027867069199838e-03
3.034403923819099964e-03
2.867935465338099926e-03
2.955904000103999792e-03
2.910095800712100052e-03
3.463015702254000020e-03
2.799936120231300007e-03
3.308293303593700004e-03
2.996226102409499988e-03
3.034690505727299925e-03
3.135514373412399795e-03
2.936969678798799933e-03
2.711005086680400109e-03
3.153708167681500054e-03
2.800579798716900000e-03
3.327067151281100019e-03
3.405516291469899790e-03
3.087333883665399799e-03
3.294227232601999993e-03
3.313601768003199884e-03
3.127165807313099944e-03
3.302022972387699817e-03
3.134971959572299943e-03
2.669119423052400148e-03
3.085952885821999832e-03
3.320390395811999816e-03
3.289468521496999916e-03
3.101271456719499955e-03
3.066153092901200035e-03
2.931060944012999804e-03
2.516434408159499807e-03
3.143942002156399889e-03
2.896717177801099840e-03
2.709048533179300115e-03
3.080350119767700026e-03
2.777017854307299929e-03
3.250892812950100050e-03
2.940412227770600011e-03
2.861670546655000098e-03
3.542085480611700116e-03
3.282428937302699860e-03
3.297617594389400195e-03
3.092831488952900183e-03
3.183972423626499956e-03
2.928572090336100091e-03
2.777411126690700061e-03
3.094932509339000121e-03
3.191875278626900032e-03
3.326053031610899918e-03
3.323019705893200202e-03
3.116387401121799815e-03
3.330792756387100043e-03
2.531683395874300205e-03
3.222808899569499803e-03
3.317020589414999832e-03
2.805724822196800118e-03
2.761492044559599873e-03
2.851298579202500138e-03
2.568305851525099891e-03
3.155669876841700212e-03
3.033144460084000182e-03
2.972799217879699887e-03
2.987978715594100110e-03
3.339835492099900091e-03
2.712987065933300090e-03
3.172292822933700084e-03
3.159852671675999862e-03
3.076244931435199916e-03
2.909576893633200080e-03
2.818275707882900161e-03
3.165137065888200003e-03
2.625589800354100056e-03
3.031036748233200198e-03
3.418514662351500137e-03
2.980975303571499826e-03
3.186019023650199858e-03
2.963618958735399992e-03
3.012081791396500202e-03
3.001539485611999947e-03
2.893485273391699798e-03
2.940534029864399872e-03
2.761890338847600070e-03
3.104369515534000090e-03
3.143451697186900023e-03
3.318620189969599937e-03
2.562473008259999897e-03
3.105437512286000033e-03
2.957957057014099812e-03
2.891464301354799895e-03
3.212590584305099941e-03
3.266286534087800217e-03
3.247185938831899897e-03
3.168986583800300141e-03
2.987575516583399881e-03
2.737002135635400145e-03
3.006886177049800015e-03
3.024853238479799800e-03
3.302632687821300140e-03
3.283307044360299787e-03
3.128359019577000005e-03
3.042238993763600116e-03
2.890692126462899875e-03
2.727530904801800035e-03
3.094200618197400030e-03
3.048854338326400029e-03
3.152040321605300167e-03
3.129197145494400176e-03
3.008250659284800003e-03
2.865130188224599989e-03
3.030059102815199808e-03
2.863375129955499955e-03
3.035342505385700204e-03
3.319868373175700101e-03
3.085636030359500178e-03
2.855673855484500059e-03
3.150839981346000018e-03
2.952669355420599849e-03
3.403339160312999871e-03
2.970356152556300009e-03
3.280456007353400177e-03
2.948466366981900011e-03
3.119904035659799933e-03
3.086007701774100189e-03
2.504079234345499803e-03
3.044905570264099925e-03
2.487784509302500176e-03
2.928797185552100071e-03
2.647692593835699899e-03
3.261770071953700150e-03
2.967009531563799974e-03
2.801575207831699926e-03
3.259634336745400197e-03
2.865807074006600057e-03
2.912800926514000181e-03
3.105699517273500035e-03
2.523692632438000096e-03
3.074336476861800043e-03
2.888163249236499943e-03
3.221837522763899841e-03
2.980920273436000155e-03
2.932734067501200151e-03
2.824083689806900204e-03
3.093194425038300194e-03
3.045355992973600070e-03
3.108119884326499948e-03
2.933750600990099860e-03
3.021319715979799928e-03
3.086294423772500007e-03
2.984104066401999794e-03
3.323074637896399845e-03
2.941875291364400100e-03
3.080890598357100170e-03
3.362706683836000007e-03
2.967098030929900179e-03
2.927709230241100184e-03
3.124393102894600007e-03
3.255925485302400054e-03
3.050297087114300140e-03
2.875412425264099910e-03
2.442048450796300077e-03
3.184570997580600006e-03
3.080296413337000206e-03
2.966520716098999810e-03
3.183927902663699887e-03
3.228844055551999877e-03
2.756126653751999819e-03
3.133434333346900042e-03
3.343088202744399964e-03
3.067249990574799894e-03
3.181114888423900063e-03
2.654470787213699962e-03
3.054324194432299876e-03
2.928156326958599853e-03
3.166757569757300012e-03
3.093461297219699847e-03
3.059872265375900013e-03
3.157293839255499984e-03
2.913774191784299864e-03
3.176303510910799890e-03
2.872089405052999801e-03
3.288412730407500213e-03
3.117480337206100013e-03
3.066770865373599948e-03
2.809100561760200128e-03
3.014554347895999787e-03
2.349605053100300035e-03
3.136656524102499934e-03
3.103860920131300098e-03
3.091045664327799966e-03
2.634867835383700087e-03
3.366015089668500035e-03
2.669890047529700078e-03
3.127609076634400159e-03
2.943949398128500178e-03
3.180957399109500105e-03
3.519737048884699886e-03
3.335301427897500136e-03
3.002702881343299879e-03
3.202532981241699994e-03
2.923938250782999893e-03
2.973549736179300056e-03
3.269961809774300180e-03
3.465332770571800166e-03
3.107242667312800147e-03
3.298946566471499999e-03
3.253791004812199919e-03
2.499795852981099784e-03
3.346098374874399792e-03
2.650402171618099992e-03
3.211014865269500029e-03
2.731926006504899890e-03
3.275054975726300003e-03
2.632773137076699962e-03
3.196782137977700021e-03
3.112976018187599801e-03
3.162773534646100195e-03
3.094697622386899816e-03
2.870111271541599812e-03
2.976072414672599822e-03
2.899233264180099863e-03
2.810063422315000042e-03
3.049017967291799830e-03
2.708352229604500151e-03
3.291142510234199882e-03
2.631724560379100110e-03
2.965917725635700171e-03
1.982147957015699836e-03
3.018390290876000071e-03
3.167245699264100139e-03
2.914285140473499985e-03
2.905236184443799920e-03
3.449588216613199993e-03
2.815056627186800133e-03
3.442201166876200126e-03
2.954975133897299808e-03
3.007972603923800108e-03
3.454831540869699943e-03
2.739107708943699926e-03
2.836827164964100204e-03
2.697163966419599979e-03
3.232520304696499813e-03
3.249674926774299803e-03
2.984151179117100049e-03
3.151103748942000148e-03
2.696937231340500087e-03
3.155047063023999881e-03
2.654264372365999942e-03
3.201735544031999829e-03
3.158972634103300158e-03
2.969043481101300060e-03
2.860879159123099879e-03
3.200050909339499823e-03
2.991488660502800070e-03
2.770301153678599981e-03
3.396273229757400171e-03
2.779450883827500052e-03
2.896742206565400095e-03
3.214605520527000129e-03
2.994901472300099971e-03
3.297274773813199927e-03
3.201528791038999854e-03
2.495614019407099791e-03
3.038627192009799895e-03
2.928910824872800120e-03
3.043874512379500172e-03
3.250197107818199923e-03
3.319557487551699857e-03
2.874855972739699932e-03
3.444337239026300061e-03
2.425874517991500126e-03
2.997665620634199900e-03
3.222928256072499914e-03
3.325920823217900103e-03
2.858746025573500032e-03
2.863133306649899828e-03
3.052710396208400002e-03
3.055771684062499882e-03
2.765364142901200178e-03
3.448800066033300051e-03
2.661780106292799958e-03
3.163197832577800076e-03
2.713458165710999799e-03
2.415968060691000077e-03
3.113971166923799969e-03
3.356804030691999848e-03
2.886771200707400134e-03
2.959918954397100163e-03
3.360039213960900207e-03
3.052643077361699795e-03
3.371191693498699817e-03
3.155000922087199816e-03
3.001352227927799998e-03
3.167790399872499885e-03
2.884659167670099948e-03
2.908863067523000025e-03
3.120819040274499818e-03
2.831794212634000142e-03
3.255352158103900183e-03
2.824421587144700183e-03
3.484028858604700050e-03
3.041073874721200027e-03
3.240152118722299836e-03
3.079427576432400109e-03
2.930206003735800167e-03
2.888290163269999905e-03
2.865490005686199826e-03
3.129165851903399978e-03
3.206888137254000019e-03
2.860277966237200105e-03
2.824048981986999971e-03
3.469514023914500086e-03
2.937676052977399987e-03
2.743662284419200008e-03
3.062207094280100170e-03
3.073214854099599967e-03
3.207842154297199828e-03
3.076784549124700081e-03
2.990655220464100150e-03
3.013097331658999914e-03
2.982471077735600069e-03
3.030034189009900205e-03
2.674951713097899805e-03
2.806215316771800122e-03
2.636946839211399846e-03
3.124433402526700151e-03
3.327220945053899811e-03
3.055057625469900177e-03
3.025762817257699865e-03
2.823274376449700154e-03
3.132783645767800006e-03
2.854987478297499933e-03
3.239812320313399836e-03
2.900552807958700196e-03
3.459756023936100093e-03
3.051965797706599794e-03
2.957127192885399859e-03
3.216502571529899785e-03
3.162980190028899866e-03
2.753160770740799897e-03
3.090764017321200215e-03
2.732877158756399829e-03
2.917826805925100193e-03
2.444007796736499902e-03
3.162953789216999944e-03
3.229783783012999884e-03
2.755465342780199969e-03
2.990478560760300147e-03
2.923263459810399988e-03
2.969305498624399790e-03
2.870922376361799942e-03
2.679052446878999860e-03
2.923630357355200098e-03
3.108095391261099863e-03
3.159120882181200123e-03
3.005824032121099873e-03
2.969508961797299833e-03
2.982317789680000164e-03
2.954576228658300184e-03
2.979744710289400095e-03
3.199596212764900180e-03
3.149433656929599788e-03
2.188124640631599910e-03
2.803675858297099890e-03
2.896047690584400112e-03
2.941776285569199911e-03
2.920254984521899935e-03
3.330741055747799950e-03
3.010495652762199947e-03
3.216469186772200149e-03
2.784763314332000094e-03
3.079036240619900146e-03
2.750324151671299823e-03
3.380682640414100094e-03
2.650226511886399905e-03
2.826014212419100061e-03
2.861343704071399839e-03
3.355205509823299889e-03
3.120419231870199834e-03
2.848658055229799906e-03
2.967094986011999894e-03
3.198947020902400198e-03
3.082165821356599913e-03
3.145898310647099894e-03
3.248568742452800050e-03
3.132727064607100133e-03
3.140997112214099964e-03
3.180427832029699906e-03
2.869154444580399900e-03
3.018811622592600021e-03
3.123567940637699946e-03
3.065270723342700121e-03
3.346761600613500087e-03
3.365611044336499873e-03
2.641883658376299911e-03
3.069355790452599816e-03
2.841742523858100094e-03
2.986332103815100142e-03
3.185512451123799927e-03
2.661640122840700125e-03
2.645401160889399809e-03
3.250430546227299836e-03
3.209680670657800040e-03
3.043369995706000052e-03
2.968804402613000031e-03
3.223355471321999888e-03
2.839297610878999904e-03
2.782196841960900106e-03
2.876837473957000093e-03
3.125853873294599881e-03
2.613266913781199952e-03
2.988843965282900195e-03
3.198006789405499935e-03
2.930686868149600006e-03
3.413412396698099933e-03
2.922127475110899899e-03
2.902671522880199972e-03
3.315968027910700094e-03
3.308862093055500025e-03
3.217574031959300179e-03
2.493695168248499967e-03
3.193933256627800102e-03
2.802992318458499832e-03
2.974610296579500036e-03
2.793782264283499895e-03
2.758865180388299886e-03
3.310780172515400115e-03
2.879601225759400186e-03
3.023250410939999806e-03
3.093363865048900149e-03
2.929140985017800181e-03
2.706921088344499838e-03
2.897676328924700048e-03
2.651489383426200008e-03
2.845726305576000079e-03
3.079569948576000183e-03
3.071342224980799958e-03
3.462867985881799924e-03
3.116769655542999794e-03
3.076718034297599904e-03
3.193629511130299890e-03
3.442918170528400101e-03
3.488509900136300013e-03
3.020003232771999863e-03
2.980950213691799938e-03
3.079724324005299850e-03
3.145517925509299859e-03
3.290263713328600050e-03
3.161891979296499802e-03
2.506823300659499938e-03
2.637599031285299891e-03
2.804500747329199961e-03
3.277822081953199983e-03
3.132447085965800026e-03
2.898030086701100082e-03
2.508152681031999929e-03
2.983693376368500103e-03
3.175584034462300160e-03
2.657411359655800082e-03
2.896938930444899890e-03
3.252376266387000097e-03
2.843954840405199958e-03
3.002536176797299984e-03
3.278559119451799914e-03
2.731119278331999977e-03
2.713994464948099941e-03
2.915953659417800086e-03
3.373929170932400082e-03
2.589819648314799997e-03
3.019742321606900138e-03
2.677344262718800178e-03
2.978197691530700027e-03
2.886127919315199970e-03
2.804858315132600054e-03
3.224317462011599966e-03
2.865635997409099814e-03
3.099275190254899802e-03
2.715048174609799997e-03
2.795189122777399799e-03
3.414165363787300018e-03
3.231041244190900174e-03
3.124624976739800043e-03
3.142156987371400034e-03
3.192731860889200073e-03
3.296353387945899927e-03
3.015635840972300061e-03
2.785550593836299930e-03
2.527812124066199963e-03
3.073958983756700132e-03
3.154011839690700186e-03
3.058089432131499801e-03
3.081253165350000128e-03
2.558271798917499847e-03
3.236204013377899820e-03
3.133242481436300172e-03
3.162287235735400121e-03
2.501890562377500141e-03
2.909752215370299978e-03
3.098798408869399973e-03
2.637941631573500079e-03
3.291152467048899868e-03
3.134694333358600208e-03
3.244598735198900036e-03
3.284624789304800216e-03
3.523167016536600006e-03
3.408280964608699851e-03
3.812778867748499965e-03
3.408997463438799905e-03
3.017427122620299808e-03
2.972650414179399837e-03
3.285604150705600038e-03
3.437573047560100147e-03
3.098257667325199968e-03
3.394135009834299988e-03
3.135370865317599863e-03
3.203478793937499999e-03
3.180311738901700144e-03
3.172329701972499867e-03
2.888086792401700024e-03
2.636521681526699835e-03
3.329285789025600035e-03
3.020076056530699837e-03
2.922075295942799886e-03
3.134315784072100146e-03
3.246597618131699843e-03
3.122445261785700057e-03
3.088996512421900154e-03
3.417248684765400099e-03
2.955710829127300085e-03
3.048593057578299816e-03
3.275765878849399865e-03
3.018403843490199794e-03
2.910692794403100039e-03
2.995388730428300179e-03
2.968409090584600129e-03
2.796466259401199795e-03
2.682880951114100139e-03
2.748250649301399798e-03
2.953467983306699938e-03
2.662681132247499919e-03
2.917179923255199935e-03
2.475954161137400127e-03
3.063915806302199875e-03
3.222030063838400137e-03
3.042914960078300143e-03
3.216275764648599857e-03
3.111779033692100172e-03
3.251802437124300116e-03
3.069725513177799878e-03
3.180502113666599986e-03
2.790798410479999967e-03
2.819217921471899816e-03
3.181058663757499981e-03
2.858750668210899987e-03
2.652565752784899911e-03
2.829386788215300028e-03
2.881663706473499946e-03
3.107173639864800000e-03
3.252991957041099797e-03
2.982409555664700118e-03
2.604580760694100161e-03
3.066813524889900038e-03
3.604242599903900116e-03
2.835843857616299809e-03
2.855559238981700016e-03
3.133189421277500063e-03
3.021430417141100170e-03
3.378890033251800030e-03
3.084621852664999869e-03
2.849609635748500194e-03
2.776990494247299785e-03
2.609138828273000095e-03
1.928566391385900082e-03
3.029728826815699869e-03
3.166350529513899809e-03
2.999380211202799882e-03
3.061544011634899885e-03
2.966202757932899850e-03
3.160836755198299930e-03
3.031968554989100152e-03
3.236868535023600026e-03
2.648911525335099961e-03
3.226557935516800001e-03
3.095947504626999844e-03
3.056541496294599893e-03
2.811744748869699894e-03
2.853238305920499998e-03
3.133030446855299914e-03
3.181362102558600146e-03
3.242916756509900064e-03
2.959499319976300214e-03
3.003364203988499823e-03
3.051271066548500149e-03
3.096995695442600165e-03
2.699585718048800112e-03
2.892393563518599886e-03
2.826317541755400155e-03
3.255162999597699999e-03
2.678553985207899821e-03
2.670966574831499987e-03
3.089476428852299880e-03
2.917060524479000126e-03
2.370870160177600099e-03
3.217644700965800134e-03
2.983309870775799951e-03
3.175064993570999791e-03
2.951151273332799918e-03
2.835206951802699861e-03
2.812245434738399903e-03
2.979914612272400055e-03
2.840776257642899788e-03
2.953747719564300128e-03
2.613278194226199922e-03
3.205083909510600144e-03
3.209034630718600109e-03
2.625120679604399983e-03
2.849734396473299972e-03
2.919912815580699966e-03
3.037481777549199801e-03
2.823152104177799847e-03
2.737025092984100155e-03
2.932198518164699959e-03
3.197539599775700136e-03
3.130479872380500118e-03
3.049235829809700087e-03
3.072185572304300151e-03
2.683518048734000096e-03
3.090692166902300059e-03
3.197726359794299950e-03
3.224203181631699836e-03
3.049546041143499833e-03
3.224544313519000019e-03
2.776985617112300107e-03
2.859694799377499822e-03
3.195365325959700128e-03
2.977882903451500082e-03
3.249555620860500055e-03
3.421601978703399816e-03
3.061407539657500041e-03
2.948635021837600102e-03
2.652033982613300010e-03
3.034611053205400148e-03
3.355225150755600152e-03
2.763805966736700061e-03
2.782213480349500154e-03
3.092382161923699999e-03
3.382789178893300108e-03
2.985864408103399998e-03
2.599287458157400078e-03
3.151332553138100172e-03
3.239115609416500213e-03
2.637659869030300076e-03
3.076416223316899914e-03
2.240135563643200125e-03
2.929885860666699929e-03
2.668428978851999922e-03
3.106354369975699789e-03
3.184381157041000013e-03
2.448289590855599884e-03
2.862385567627100114e-03
3.181317345520299784e-03
3.005953873594000101e-03
3.089078891077400111e-03
3.047364518839199791e-03
2.892932585096499865e-03
2.569765824981899965e-03
2.832941995626699853e-03
2.928816884447199825e-03
2.918142256924900063e-03
3.482800452453200211e-03
3.171260938495600208e-03
3.092673035805600015e-03
3.004783367608399904e-03
2.892363682855400055e-03
3.328285396806799929e-03
3.020685145562300011e-03
3.115266372244500197e-03
2.814094827370499860e-03
3.086855264681300209e-03
3.258067918055300091e-03
3.123951968621000060e-03
2.636076633934900017e-03
2.862525402508300006e-03
2.991538536211699791e-03
3.110845328547199966e-03
2.941661499359400113e-03
2.989941236899999917e-03
2.802153189606399961e-03
3.431475847826900068e-03
3.174921901593999798e-03
3.187250397714500201e-03
3.057067452097299819e-03
2.938304049751200211e-03
2.796046733488199813e-03
2.928511610948099798e-03
3.303678127051999994e-03
3.228565463114400208e-03
2.961837880060999920e-03
3.048323126297700081e-03
3.000442620251400020e-03
2.968280272099200166e-03
2.441789709387400149e-03
3.066079873459900094e-03
2.668873063604300204e-03
2.531967039521799880e-03
3.186291101934099999e-03
2.736213364109799963e-03
2.782754141527699846e-03
3.159172230889400069e-03
2.958303620223999997e-03
2.363978541654300058e-03
3.160369569286199890e-03
2.858739457693200078e-03
2.954307958182000090e-03
2.948519552232100032e-03
3.445009209014600077e-03
3.216478239678000148e-03
3.231260260440899871e-03
2.666992551707399791e-03
3.043434873854200182e-03
3.216143168593399958e-03
2.692263675815299850e-03
2.911514944748199839e-03
3.013394351400999847e-03
3.078201363402999994e-03
3.028720273599000163e-03
3.181894297817699970e-03
2.949967597439399989e-03
2.974985935883999941e-03
3.114686809193399977e-03
2.823707604734900130e-03
2.988636274897100119e-03
3.052848049000500205e-03
2.856471501969699931e-03
2.669121477560700180e-03
3.018381742677600076e-03
2.951309719344200142e-03
3.224483728754500098e-03
2.774441621736999878e-03
3.116892859645799870e-03
2.585279541489399983e-03
2.757006107190700106e-03
3.436957352905499995e-03
3.139308183816399977e-03
2.617786379365100082e-03
3.290425231495999921e-03
3.094629658610300194e-03
2.552325280925200023e-03
2.920962869776199886e-03
3.060658306325899931e-03
3.290210378832800209e-03
2.942041862867499948e-03
3.344399676560100114e-03
2.929024790436299871e-03
3.339259979540200058e-03
2.938163931726800026e-03
3.154148698489699955e-03
3.175200249780599834e-03
3.103153917175199925e-03
3.310879156772300082e-03
2.894932945507700146e-03
3.306085535777900184e-03
3.488164790222599791e-03
2.999782214042500186e-03
3.137963083655799859e-03
3.181850237519599865e-03
2.258516120278000142e-03
2.908782835091599985e-03
3.443344327438300091e-03
3.188123115026299855e-03
2.851979280994899803e-03
2.942829919127199802e-03
3.267954606021800015e-03
2.959692011321199932e-03
2.911535311995800106e-03
2.955660717549100144e-03
2.651717617695799941e-03
3.042025303035500190e-03
2.820057842201199785e-03
3.540698652444600192e-03
2.978906003240599978e-03
3.033409863172199881e-03
