2.982412998776642378e-03
3.043255384654603227e-03
3.084302580435278537e-03
2.982847605311822643e-03
3.004185588136688151e-03
3.035112786250516049e-03
3.038675129698150019e-03
3.045055805802460852e-03
2.981329438862059551e-03
3.011718874885757190e-03
3.007584641933453654e-03
3.002686844922056002e-03
2.954753246464532010e-03
3.045202141871015695e-03
3.001758997516313678e-03
3.107331502224110024e-03
3.001758997516313678e-03
3.049192343283647216e-03
3.001758997516313678e-03
3.002686844922056002e-03
3.033336193365323077e-03
3.044445361820037263e-03
3.000542154093181497e-03
3.046533126504443779e-03
3.001758997516313678e-03
3.009295540425122126e-03
3.001758997516313678e-03
3.002686844922056002e-03
3.044564191343074235e-03
3.011272136324427608e-03
2.979772692528806326e-03
2.981199950654683361e-03
3.000772341888145039e-03
3.042797707162897981e-03
3.057021702012728374e-03
3.047998913565063122e-03
3.099548667117846355e-03
3.045202141871015695e-03
3.044445361820037263e-03
3.044010755284856998e-03
2.938944397584966877e-03
3.089798524557591311e-03
3.078606306771871585e-03
3.052726619622920211e-03
3.045055805802460852e-03
2.983402038786624969e-03
3.103482487025246376e-03
2.977077373189935400e-03
3.108666677768233411e-03
3.044679479771907320e-03
2.910659641684598588e-03
3.001758997516313678e-03
3.056326259795172622e-03
2.940161241008099058e-03
3.030861917833306898e-03
3.042797707162897981e-03
3.067253527882860074e-03
2.942587831628473531e-03
2.983402038786624969e-03
2.982412998776642378e-03
3.022704823927064351e-03
3.017008550263656965e-03
3.028200768049376691e-03
2.981414331417415152e-03
2.984935369996229160e-03
2.983081723263692701e-03
2.982412998776642378e-03
2.947697783916907507e-03
2.938944397584966877e-03
2.979772692528806326e-03
2.948797489395844559e-03
3.109205007980326771e-03
3.084302580435278537e-03
2.983402038786624969e-03
3.044010755284856998e-03
3.078606306771871585e-03
3.045733745715895405e-03
3.022704823927064351e-03
2.982847605311822643e-03
2.910659641684598588e-03
3.045055805802460852e-03
2.983637523198114528e-03
3.037950910609631735e-03
3.061917401187798631e-03
3.103865691873812938e-03
2.964562051959159211e-03
3.072869892832642228e-03
2.942587831628473531e-03
3.016351002972746630e-03
2.982847605311822643e-03
3.067253527882860074e-03
3.084302580435278537e-03
3.000319644679584011e-03
2.959983982771617790e-03
2.950121118377542571e-03
3.011718874885757190e-03
2.982847605311822643e-03
2.970335933356007662e-03
3.098896029336449792e-03
3.041370449037020945e-03
2.983604385362801075e-03
3.067253527882860074e-03
2.981199950654683361e-03
2.969264161325092279e-03
3.001758997516313678e-03
3.045733745715895405e-03
3.049192343283647216e-03
2.981918221308682820e-03
2.981657628146389041e-03
3.038675129698150019e-03
2.982412998776642378e-03
3.028200768049376691e-03
3.057021702012728374e-03
3.045202141871015695e-03
3.044445361820037263e-03
2.940161241008099058e-03
2.983402038786624969e-03
3.067253527882860074e-03
3.028200768049376691e-03
3.044999795294839589e-03
2.987594586775432597e-03
3.044010755284856998e-03
2.987594586775432597e-03
3.072869892832642228e-03
3.035112786250516049e-03
2.954753246464532010e-03
3.042797707162897981e-03
3.047998913565063122e-03
2.969264161325092279e-03
2.983458049294246232e-03
3.011718874885757190e-03
3.084302580435278537e-03
3.043515977816897439e-03
2.954753246464532010e-03
3.106575220330465553e-03
3.042797707162897981e-03
3.004185588136688151e-03
3.043454912389329144e-03
3.022704823927064351e-03
3.043515977816897439e-03
2.982847605311822643e-03
3.021243742173569408e-03
2.959645985665354789e-03
3.001758997516313678e-03
3.026159808467373830e-03
2.945986885425239035e-03
2.983604385362801075e-03
3.043012087925629772e-03
2.983081723263692701e-03
2.940161241008099058e-03
2.983402038786624969e-03
3.005144715637567826e-03
3.000319644679584011e-03
2.977077373189935400e-03
2.994728503286958003e-03
3.043012087925629772e-03
3.042797707162897981e-03
3.023400114158200126e-03
3.067253527882860074e-03
3.005655771374645454e-03
2.954753246464532010e-03
2.945986885425239035e-03
3.084302580435278537e-03
3.046533126504443779e-03
3.103865691873812938e-03
2.938944397584966877e-03
3.035112786250516049e-03
2.941089088413841382e-03
2.982847605311822643e-03
2.981657628146389041e-03
2.938944397584966877e-03
3.045202141871015695e-03
3.045055805802460852e-03
3.106575220330465553e-03
2.982847605311822643e-03
3.030962938845278322e-03
3.016351002972746630e-03
3.037298272828235172e-03
2.981918221308682820e-03
2.982412998776642378e-03
3.072869892832642228e-03
3.057021702012728374e-03
2.991128863114705591e-03
3.103482487025246376e-03
3.099548667117846355e-03
3.022704823927064351e-03
3.066742472145782446e-03
2.981414331417415152e-03
2.981857155881114524e-03
3.041884730517031756e-03
3.044999795294839589e-03
3.052726619622920211e-03
3.042267935365598319e-03
2.954753246464532010e-03
3.005144715637567826e-03
3.103865691873812938e-03
3.044564191343074235e-03
3.044679479771907320e-03
2.981657628146389041e-03
3.044564191343074235e-03
2.984935369996229160e-03
3.108666677768233411e-03
2.973515029742301429e-03
3.037950910609631735e-03
3.005144715637567826e-03
3.026159808467373830e-03
2.964562051959159211e-03
2.959645985665354789e-03
3.089798524557591311e-03
3.004185588136688151e-03
3.005144715637567826e-03
3.044977463822250933e-03
3.021243742173569408e-03
3.016351002972746630e-03
2.938944397584966877e-03
2.981414331417415152e-03
2.977077373189935400e-03
3.030861917833306898e-03
3.045055805802460852e-03
2.940161241008099058e-03
3.106575220330465553e-03
2.982847605311822643e-03
3.043454912389329144e-03
3.045235279706329148e-03
3.026159808467373830e-03
3.002686844922056002e-03
2.977077373189935400e-03
2.981918221308682820e-03
3.016351002972746630e-03
2.982847605311822643e-03
3.026159808467373830e-03
3.042927195370274170e-03
3.021243742173569408e-03
2.984935369996229160e-03
2.964562051959159211e-03
3.004185588136688151e-03
2.959983982771617790e-03
3.044977463822250933e-03
3.044999795294839589e-03
2.991128863114705591e-03
3.046533126504443779e-03
3.046533126504443779e-03
2.948797489395844559e-03
3.099548667117846355e-03
3.044010755284856998e-03
3.042267935365598319e-03
3.035112786250516049e-03
3.049192343283647216e-03
3.044445361820037263e-03
3.044977463822250933e-03
2.977077373189935400e-03
2.979772692528806326e-03
2.983402038786624969e-03
2.938944397584966877e-03
3.016351002972746630e-03
3.000542154093181497e-03
3.078606306771871585e-03
