-3.235418928622785795e-01
2.063954735687876685e+00
5.923840319201613136e-01
5.422026176803540487e-01
-9.494670173692848492e-02
-1.768949089163506239e+00
3.368674863955529175e-01
9.533566180733460405e-01
7.526163933730024569e-01
1.777711416381473064e-01
1.124764973144869007e+00
9.556548932765926985e-01
-2.668474108856407345e-01
-2.170285107839378114e+00
-3.174815190202204263e-01
-4.270133335612346093e-01
7.901592089583878709e-01
4.584735692562125209e-02
1.588918304571023565e+00
-1.705841489774527764e+00
-4.710946226636000267e-01
4.895200007737727788e-01
-1.281852262297930922e+00
2.744677356932203605e-01
4.093126272233418850e-01
-2.696579807071177726e-01
-2.826869405788701162e-01
-1.767520943817215973e-01
-1.314763676876245180e+00
1.223366461152550766e+00
-8.831871547303055126e-02
-6.901672702250565283e-01
-6.633852348811785093e-01
-1.159003483695392328e-01
-6.234131717301846232e-01
1.149136344263372578e-01
5.527255043339353024e-01
2.808116704935230065e-02
-7.965728379341401322e-01
-7.550452558188925911e-01
-8.542514541774000048e-01
-4.716773312021685927e-01
1.856484285711008375e-01
2.720805820378975337e-01
-1.118260360941806475e+00
-5.376524066687708991e-01
5.502153100116935480e-02
-6.420158491329945871e-01
2.922910636170813481e-01
-1.650000622501045788e-01
-4.471231123138156294e-01
4.582476971037267865e-02
1.404056578369406727e-01
8.526632573368010323e-03
3.452990887867428693e-01
1.390498534909430539e+00
-1.805679963782280018e+00
-1.070683285088483538e+00
-6.041224801224908125e-01
1.260440804491811173e+00
5.524100925315045263e-01
-2.174032633517416269e+00
6.287996644186902850e-01
-1.568247836355301239e-01
-1.814192275018075895e+00
-1.182015086861069042e+00
-3.033014366835905529e-01
-6.094834320694317853e-01
1.086797203307794391e+00
3.924645119151843331e-01
1.556633871400267023e-02
-9.651096296381762585e-01
3.459424037737848789e-01
6.369947449007580254e-01
-1.746285452295870122e-01
1.204003577452612328e+00
2.393647401225223459e-01
1.488031761157047606e-01
1.003237252864892515e+00
9.776192373620256060e-01
-9.062929215662590687e-01
-1.254067582830215244e+00
-8.255851567761323118e-01
1.320050672783610546e+00
-1.949873270964429597e-02
-5.567677579829700685e-01
-4.219846295941365732e-01
-8.629225899414944001e-01
7.688165491152187947e-02
1.650001072566237292e+00
1.628530774109967050e+00
7.701068475908642297e-01
-5.946140013233667254e-01
9.210142223336929002e-01
-6.782079638126771171e-01
-1.922592977073973586e-01
8.814007528364822264e-01
1.037924061647087726e+00
-3.024357894530643076e+00
-1.074920138559174232e+00
3.469285963753309665e-01
-1.713764482754394969e+00
8.473125743803227028e-01
3.995023085775302740e-01
4.187151469888439337e-01
1.427211415239157954e-01
-9.118008721910946246e-01
1.491729044406774063e-01
2.598920990687424992e-01
3.295168126284644394e-01
-6.471124443156602846e-01
-1.156632473570790437e-01
-3.434524554452723644e-01
5.519779032656595835e-02
-1.104496629788086041e-02
-2.257514565626935088e+00
-1.150764478692501314e+00
6.733284521892646257e-01
1.660673063575995645e+00
5.583145481947606736e-01
-9.646976123240287304e-01
7.483166012819354451e-01
-1.086398310851213855e+00
-9.704671532080721974e-01
4.123941783460188248e-01
-1.383330255110685192e+00
-7.862426355038332204e-01
-4.945961642118698043e-01
4.285422957838851965e-01
3.121651785594483086e-01
6.491488948222168265e-01
-3.218270232692676536e-01
1.641777188835024548e+00
-2.456193151288781351e+00
9.515342584988162322e-02
1.124476701480390917e+00
2.576162214985024401e-01
5.699081050097289936e-01
7.878130555137721203e-01
1.098768417288179089e+00
-5.292255608482893114e-01
4.184523331151647207e-01
2.632417925408622739e-01
-1.187122788762770886e+00
-1.063514089788154815e-01
-2.567398148789434398e+00
1.102439934848734732e-01
1.212072723303550870e+00
-3.780626510429997422e-01
7.846320501601063147e-02
9.628241222637301533e-01
-7.555540693649046569e-01
2.575675297735954494e+00
4.116536970772269877e-01
-1.120737002172181640e+00
9.258967632457489882e-01
-1.842791957721408025e-01
8.024821983163500372e-01
5.053379729056103331e-01
-1.006939007224376237e+00
-6.846641765594612128e-01
8.284804834081084535e-02
-8.126841627896529419e-01
-1.304313510468506854e+00
-8.792042838906513058e-01
-1.904494070382963145e+00
-8.139408252681570310e-01
6.977684182937690105e-01
3.536208480202265858e-01
1.099871279305502381e-01
1.631803540609885195e+00
-1.587765983276957948e+00
-4.832684955894614998e-01
-1.280062108080608052e+00
-1.145837084704307562e+00
5.333138033452777815e-01
4.152817204235936255e-01
-5.617740351836350010e-01
2.052729261887561663e+00
-8.138197030341988158e-01
-1.752580658675523262e+00
-1.314789225994370758e+00
3.529188483703278756e+00
-1.369919807195760786e+00
-2.467693078788978922e-01
-1.457485997320465021e+00
9.568566932628466692e-02
-6.670527853030471244e-01
-1.443865971251808489e+00
-4.245732973505089713e-01
5.687070485613815451e-01
6.647014852893928794e-01
6.506644261510026450e-02
-8.522377156185646507e-01
2.983179867654964235e-01
-1.970577703475780151e-01
2.837290409615544351e-01
-6.995436104182677362e-01
2.219655847125484929e-02
-2.620210243360321933e-01
2.562767450334325625e-01
1.930650855732596871e-01
4.295463348017052319e-01
1.482146618671498883e+00
-1.598211719739542694e-02
1.157640162647163518e+00
1.366312772437112466e+00
-6.498364728561095705e-01
-7.425347350368269872e-01
1.118597377839248397e+00
1.620037599008767037e-01
1.181177707836938096e+00
-9.178616378545253474e-01
-1.425887763735616875e+00
-2.367599919301684341e+00
5.677724812732246606e-01
-6.014609202420818646e-01
-7.520898465021712276e-02
-6.995888219819987319e-02
-1.051480342841008442e+00
-3.002699262999675156e-01
-2.806827994561784112e-01
2.096602609844030185e-01
6.408010176443129646e-01
9.564517187180953117e-01
-8.773888678787998829e-01
3.044639435383488801e-01
-1.058334295691900628e+00
3.878001527776384072e-03
9.275734815299240266e-01
-1.262921512554974202e+00
6.778213553648556600e-01
1.411519205072361560e-01
1.003422840683740880e+00
6.031106846587459547e-01
8.357675275553465288e-02
8.207126882284545566e-01
5.766694689598499401e-01
7.181968369211604308e-01
8.326980159195128406e-02
6.573881800076732951e-01
-7.837207753018946566e-01
-1.455567478479609766e+00
-9.219187638838379772e-01
-7.176420460093486664e-01
-1.714466085061071343e+00
-2.522296329887320887e+00
-1.584888732130040612e-01
-6.959677064091307486e-01
-2.132598589342721840e-01
8.232794244099952419e-01
-3.281925973637790928e-01
-1.035213935979613364e-01
9.456661575726039715e-01
2.384244807221561901e-01
8.009118459714413829e-01
-9.264139257086095869e-01
