7.351729668732447445e-03
7.552297853018381107e-03
7.696739383737504631e-03
7.305457910601826158e-03
7.476723379505111587e-03
7.537417809451766280e-03
7.541177702995136532e-03
7.567617111898223767e-03
7.391484368689268600e-03
7.508850733420338423e-03
7.495130431692692899e-03
7.338932337988450863e-03
7.264695158550906612e-03
7.576455360678918324e-03
7.452764810449245651e-03
7.709838046688248861e-03
7.452764810449245651e-03
7.676742421869164890e-03
7.452764810449245651e-03
7.338932337988450863e-03
7.444102705955642219e-03
7.559511803147318278e-03
7.422389958116746254e-03
7.670297459844670554e-03
7.452764810449245651e-03
7.706734050546792253e-03
7.452764810449245651e-03
7.338932337988450863e-03
7.595697003960955908e-03
7.440222261907909231e-03
7.292079787558101989e-03
7.381951260281089527e-03
7.384734056099264560e-03
7.636005152826581648e-03
7.686353584685720781e-03
7.449868775184523458e-03
7.698796728811430415e-03
7.576455360678918324e-03
7.559511803147318278e-03
7.605783561277939565e-03
7.168336065571254134e-03
7.697513987259646008e-03
7.695703276585245077e-03
7.682067289140896010e-03
7.567617111898223767e-03
7.331814238351730580e-03
7.699563889540003703e-03
7.287123810449644412e-03
7.701997347649831155e-03
7.662842833335985725e-03
7.392458699650733371e-03
7.452764810449245651e-03
7.732818668932576675e-03
7.198710917903753531e-03
7.534159763898557599e-03
7.636005152826581648e-03
7.692328505992507455e-03
7.222669486959619467e-03
7.331814238351730580e-03
7.351729668732447445e-03
7.442685491192012510e-03
7.441649384039752957e-03
7.443460094714153888e-03
7.372042161757439566e-03
7.416243567299179301e-03
7.408788940790493605e-03
7.351729668732447445e-03
7.452680158001301000e-03
7.168336065571254134e-03
7.292079787558101989e-03
7.580287347839244176e-03
7.706493063626333392e-03
7.696739383737504631e-03
7.331814238351730580e-03
7.605783561277939565e-03
7.695703276585245077e-03
7.455784154142756741e-03
7.442685491192012510e-03
7.305457910601826158e-03
7.392458699650733371e-03
7.567617111898223767e-03
7.476708575594849006e-03
7.444742836265939162e-03
7.689730819853102597e-03
7.713990913532922482e-03
7.276484907381667797e-03
7.694276154453400483e-03
7.222669486959619467e-03
7.518749051096398732e-03
7.305457910601826158e-03
7.692328505992507455e-03
7.696739383737504631e-03
7.435676927307611345e-03
7.464114043446326389e-03
7.254796840874846303e-03
7.508850733420338423e-03
7.305457910601826158e-03
6.802918083899402862e-03
7.718600101848286689e-03
7.546133680103594109e-03
7.322401468133427072e-03
7.692328505992507455e-03
7.381951260281089527e-03
7.280105871353066346e-03
7.452764810449245651e-03
7.455784154142756741e-03
7.676742421869164890e-03
7.400483068389796665e-03
7.298243960472888987e-03
7.541177702995136532e-03
7.351729668732447445e-03
7.443460094714153888e-03
7.686353584685720781e-03
7.576455360678918324e-03
7.559511803147318278e-03
7.198710917903753531e-03
7.331814238351730580e-03
7.692328505992507455e-03
7.443460094714153888e-03
7.585868130897222700e-03
7.422688529323673637e-03
7.605783561277939565e-03
7.422688529323673637e-03
7.694276154453400483e-03
7.537417809451766280e-03
7.264695158550906612e-03
7.636005152826581648e-03
7.449868775184523458e-03
7.280105871353066346e-03
7.313563219352731647e-03
7.508850733420338423e-03
7.696739383737504631e-03
7.654536960935287918e-03
7.264695158550906612e-03
7.700587592036315862e-03
7.636005152826581648e-03
7.476723379505111587e-03
7.615969384255990085e-03
7.442685491192012510e-03
7.654536960935287918e-03
7.305457910601826158e-03
7.525690151129222662e-03
7.271636258583731409e-03
7.452764810449245651e-03
7.530538799927159049e-03
7.241076539147200779e-03
7.322401468133427072e-03
7.626096054302931686e-03
7.408788940790493605e-03
7.198710917903753531e-03
7.331814238351730580e-03
7.478590636383796592e-03
7.435676927307611345e-03
7.287123810449644412e-03
7.478764776387085422e-03
7.626096054302931686e-03
7.636005152826581648e-03
7.473342442168126772e-03
7.692328505992507455e-03
7.438274613447016202e-03
7.264695158550906612e-03
7.241076539147200779e-03
7.696739383737504631e-03
7.670297459844670554e-03
7.713990913532922482e-03
7.168336065571254134e-03
7.537417809451766280e-03
7.084878445442959610e-03
7.305457910601826158e-03
7.298243960472888987e-03
7.168336065571254134e-03
7.576455360678918324e-03
7.567617111898223767e-03
7.700587592036315862e-03
7.305457910601826158e-03
7.469163942044484104e-03
7.518749051096398732e-03
7.464546209302794569e-03
7.400483068389796665e-03
7.351729668732447445e-03
7.694276154453400483e-03
7.686353584685720781e-03
7.428013396595404758e-03
7.699563889540003703e-03
7.698796728811430415e-03
7.442685491192012510e-03
7.732644528929287844e-03
7.372042161757439566e-03
7.361915491710498832e-03
7.445509996994511583e-03
7.585868130897222700e-03
7.682067289140896010e-03
7.459937020987430362e-03
7.264695158550906612e-03
7.478590636383796592e-03
7.713990913532922482e-03
7.595697003960955908e-03
7.662842833335985725e-03
7.298243960472888987e-03
7.595697003960955908e-03
7.416243567299179301e-03
7.701997347649831155e-03
7.283363916906275028e-03
7.444742836265939162e-03
7.478590636383796592e-03
7.530538799927159049e-03
7.276484907381667797e-03
7.271636258583731409e-03
7.697513987259646008e-03
7.476723379505111587e-03
7.478590636383796592e-03
7.446533699490823742e-03
7.525690151129222662e-03
7.518749051096398732e-03
7.168336065571254134e-03
7.372042161757439566e-03
7.287123810449644412e-03
7.534159763898557599e-03
7.567617111898223767e-03
7.198710917903753531e-03
7.700587592036315862e-03
7.305457910601826158e-03
7.615969384255990085e-03
7.730762468140340259e-03
7.530538799927159049e-03
7.338932337988450863e-03
7.287123810449644412e-03
7.400483068389796665e-03
7.518749051096398732e-03
7.305457910601826158e-03
7.530538799927159049e-03
7.645538261234760720e-03
7.525690151129222662e-03
7.416243567299179301e-03
7.276484907381667797e-03
7.476723379505111587e-03
7.464114043446326389e-03
7.446533699490823742e-03
7.585868130897222700e-03
7.428013396595404758e-03
7.670297459844670554e-03
7.670297459844670554e-03
7.580287347839244176e-03
7.698796728811430415e-03
7.605783561277939565e-03
7.459937020987430362e-03
7.537417809451766280e-03
7.676742421869164890e-03
7.559511803147318278e-03
7.446533699490823742e-03
7.287123810449644412e-03
7.292079787558101989e-03
7.331814238351730580e-03
7.168336065571254134e-03
7.518749051096398732e-03
7.422389958116746254e-03
7.695703276585245077e-03
