6.218154013427439758e-02
7.111114054622369451e-02
1.619995910704538911e-01
1.571754625330863131e-01
1.457456170124291905e-01
6.186351768421759906e-02
6.149939083510180121e-02
7.018184073088229447e-02
6.204494956310029757e-02
6.464778719704809828e-02
6.638829585418649926e-02
1.470009031215500916e-01
7.058119671037120513e-02
7.580601467778659563e-02
6.119861482333849995e-02
7.151187114635340625e-02
6.662377761147170174e-02
7.284248649627539374e-02
6.289202510657609935e-02
5.677106123044300262e-02
6.918212334532039542e-02
7.131463604694560088e-02
6.761080457400260590e-02
1.486573556290282094e-01
7.247923268617749437e-02
6.459405774318299764e-02
7.128747868861519399e-02
6.301826364175419637e-02
6.237218810492359961e-02
1.346223613141890874e-01
5.834060891904090107e-02
6.453117748869459380e-02
6.519592692113129750e-02
5.949105541682649795e-02
7.087206577427790366e-02
5.687383739786359971e-02
6.442472182544620174e-02
1.475602516231697969e-01
1.698480779360155013e-01
6.669316382815269895e-02
1.456703499636609889e-01
6.405285435979829467e-02
6.326762104568270373e-02
1.607453364394940132e-01
7.763287460792410444e-02
7.467138626659619582e-02
8.697121679441580100e-02
6.912185746354350402e-02
5.591562487676519921e-02
5.927471024214339690e-02
6.917216551842070293e-02
6.441769007390389656e-02
6.755863857990730692e-02
8.942075497674689677e-02
1.538617792348810909e-01
6.227933318849909750e-02
1.582220577862530064e-01
6.654414093316650403e-02
1.548757265588084908e-01
7.041748543216290457e-02
6.281314027087890606e-02
6.456026734563889702e-02
6.298436451194600050e-02
6.525894954016979443e-02
6.468280355434870288e-02
6.174546432750199765e-02
1.516182277096282949e-01
9.333947832524459864e-02
7.421136842232789466e-02
7.179758668880779904e-02
6.954320270345419608e-02
6.372690611295879493e-02
6.148028536635719715e-02
1.505597389762222127e-01
7.662611432858160154e-02
1.534224642500059133e-01
6.404059785312689324e-02
1.516308666192204002e-01
6.158668909219339876e-02
6.141757464601940025e-02
7.593874650062379383e-02
6.536626208510669389e-02
6.179715830397580073e-02
6.606312543875339505e-02
1.450099974511896983e-01
6.418497388925480107e-02
7.250292039625440277e-02
1.409633716354911082e-01
6.143731008825679962e-02
1.544981924167811993e-01
7.012147814479789687e-02
7.390979867439399775e-02
6.504282993982539451e-02
1.638450461528020985e-01
6.808900445184279393e-02
7.378972767605579408e-02
7.035949495814790289e-02
5.821502321502469712e-02
6.549698730126270185e-02
6.887982033894990419e-02
6.484695590387440367e-02
5.611489020083319790e-02
1.582220577862530064e-01
5.873215014121199729e-02
7.010800585306739552e-02
6.804336654984810551e-02
1.668355422925524023e-01
5.781817761631780073e-02
1.431088242390096965e-01
6.271939686169250572e-02
6.842599849855020289e-02
1.497585975725357066e-01
7.300593267177429846e-02
7.750005740385169928e-02
1.619314179298091960e-01
6.842859284952719501e-02
4.953250073510800239e-02
6.908800278378980642e-02
5.703962507183220343e-02
5.637938244344300326e-02
6.545488942557040057e-02
7.142678955778100636e-02
5.917198370034310040e-02
6.668522060705769916e-02
6.703628004612539881e-02
5.447587979613789655e-02
1.429001068902601979e-01
6.631430404612599638e-02
6.079139113413239981e-02
6.565331091694019683e-02
6.875879377264780545e-02
6.917635884669219581e-02
6.939796933205540086e-02
6.379847486516260213e-02
7.146216878368259751e-02
6.567928264561609386e-02
6.803872006284629459e-02
6.571884705825230266e-02
6.898304570892299648e-02
5.181588165815950026e-02
7.112052868492660385e-02
6.864089115939320251e-02
5.708863967067139694e-02
1.418202608401966103e-01
6.372386410277479374e-02
1.540766042622510046e-01
6.081390736987640072e-02
6.639685574322290451e-02
6.839792499651420332e-02
6.543820187789280152e-02
1.527778430769063112e-01
1.561437930119417006e-01
6.069485281517009861e-02
1.702186197996715944e-01
6.931391672836589857e-02
1.444856626707129998e-01
5.797192940419790275e-02
5.972664362208290195e-02
5.803494461435960289e-02
5.405244548611329997e-02
6.694611908389980215e-02
6.265683358969459382e-02
6.170507401119219859e-02
1.478340302971020981e-01
6.537716010446349701e-02
6.589892742056839559e-02
5.868939150329000043e-02
5.669700961479969686e-02
1.493390465978287895e-01
1.532705555446980950e-01
1.607908663040225894e-01
6.985502947030500231e-02
6.352272264000349833e-02
1.627819380599077048e-01
1.579650560911425028e-01
7.433255859855419923e-02
7.089728020034849476e-02
6.439250238086620393e-02
6.320325325288099483e-02
6.426298509508189538e-02
6.997110046826270080e-02
7.286027889965469850e-02
6.875344642877199985e-02
7.101672949393690593e-02
6.078036370771019992e-02
6.873802297556290408e-02
5.950473059772849738e-02
6.301980282742840334e-02
6.031202743476590106e-02
6.471305979549810128e-02
6.846729389760849993e-02
5.776027087767410251e-02
1.490042305712148962e-01
1.544330220418045074e-01
6.306159051300010143e-02
7.122704524680950611e-02
6.404792178265460156e-02
6.289592894640029519e-02
8.572604214030020431e-02
6.284191981377310054e-02
6.824874120579120518e-02
6.757396379224470118e-02
6.546291330689030241e-02
6.201898138093769886e-02
6.710359858629390273e-02
1.520780974921525919e-01
7.026424264718850177e-02
7.203546457010169546e-02
5.934001837413160202e-02
6.058497627657850187e-02
6.660097439658860252e-02
6.522352534886670383e-02
6.794057286329069356e-02
6.201103431745220301e-02
1.425319527039985990e-01
7.915675074744570050e-02
1.499470827732952982e-01
1.530342490334340999e-01
1.431521865079961875e-01
6.518779145134159791e-02
5.938863709112769673e-02
6.336403308282140268e-02
6.718642241031920481e-02
6.774369420014160481e-02
6.355209606631040398e-02
8.429914251149339677e-02
6.225747728380440216e-02
1.512180183482710882e-01
5.725141912651150050e-02
1.548511771482526944e-01
7.158446222760220246e-02
5.544639670365789780e-02
7.927704212936409478e-02
1.634446362421944077e-01
6.517898789003119531e-02
8.538538464510950221e-02
6.308252962369130523e-02
6.784768124646149701e-02
1.509070209115722927e-01
6.198257307237799857e-02
1.575182348404871868e-01
6.630288624352520532e-02
6.097256967396019744e-02
1.512116523985476135e-01
5.816605121246599952e-02
6.646114368687160157e-02
5.825345439687359961e-02
5.737300945687989762e-02
7.577162663525839614e-02
6.392068218865140650e-02
6.818812239639719663e-02
5.183914854995379934e-02
1.507852192338595132e-01
5.976144238679319959e-02
5.874846986257750009e-02
6.577967515382289465e-02
5.673295204575450057e-02
5.970163797617669688e-02
6.238294463440380300e-02
5.701317385184689890e-02
1.444856626707129998e-01
6.239716675381459798e-02
6.975127645996380410e-02
1.544330220418045074e-01
6.043449457992180335e-02
1.681826579291232082e-01
6.839594953688760137e-02
1.378905914643085984e-01
7.274610756276779500e-02
6.903167991725929487e-02
1.390934778403012939e-01
1.661993246605847074e-01
6.808820069567350641e-02
7.458253314523839717e-02
6.903535654232499652e-02
6.988656737943120534e-02
7.355441959223030235e-02
1.505597389762222127e-01
6.897808271414360148e-02
1.503809273401756075e-01
6.243083384024940286e-02
1.528172466745423008e-01
6.190785708921060088e-02
1.609761261268564114e-01
1.579796500433651996e-01
5.803766606157260283e-02
8.437641741832270503e-02
1.632712184786808962e-01
5.771745688224089871e-02
7.068696174751039341e-02
6.875864822582170022e-02
1.462712285779071975e-01
1.550404590906248881e-01
6.243242264923749840e-02
6.197076516708509980e-02
7.578898743887049760e-02
5.768759535908220271e-02
1.596958111566086913e-01
6.290708017846539934e-02
6.711439084385349696e-02
6.071132528822219959e-02
6.548313041105169319e-02
7.092354952912649502e-02
6.617687025084749430e-02
7.091417821398350585e-02
6.615546461507759712e-02
7.406400053842740472e-02
1.641460897444398936e-01
1.554055496908156864e-01
7.235323159798749681e-02
6.855384138723809306e-02
6.676980253275389965e-02
5.484728394161769716e-02
1.583710966874140036e-01
7.062597671559139867e-02
7.688125408343189637e-02
7.192332172914900346e-02
6.075802880039830184e-02
6.110390165086330289e-02
5.977153421415640211e-02
1.544800758035997923e-01
6.350268894082890248e-02
5.801366882048199919e-02
5.666602891599070019e-02
1.420520738439106923e-01
6.137643991085910133e-02
1.621206721761588032e-01
6.361307949612859947e-02
5.173329431856649868e-02
6.855787988891889895e-02
1.450099974511896983e-01
6.564838494463920426e-02
7.556038962128440450e-02
1.661939027426211912e-01
6.997163987351889824e-02
6.699896224635069897e-02
1.603960808897902102e-01
7.084440867333570424e-02
6.749512522536940673e-02
5.493910589433719655e-02
5.859876324052529922e-02
6.507778260144690685e-02
7.368672611697449359e-02
6.312193948382190112e-02
5.720910984246319747e-02
6.794485249898579715e-02
1.615385408443990867e-01
5.761927762326630315e-02
1.521007526606669991e-01
5.623415281510899671e-02
6.349298262008079563e-02
6.127035417341360202e-02
7.241389550326379765e-02
6.871538404130560218e-02
6.294875696309359947e-02
6.064552154145910062e-02
6.847900585352409419e-02
1.488733624535280020e-01
7.340703008533949747e-02
6.621924458199189567e-02
5.237186123121560094e-02
6.263214491476790102e-02
8.027507170877140608e-02
6.044606224461170074e-02
7.478107825929319885e-02
5.782878823751250175e-02
6.722097683970590376e-02
7.080551840671089892e-02
5.804526140143680124e-02
6.023040480603839703e-02
1.602323713807621008e-01
6.403994366053880616e-02
5.871526007710729800e-02
6.191951024731120329e-02
6.682187931721370044e-02
6.865558556705489424e-02
6.328819131559640376e-02
1.575026104097732027e-01
5.758278282877340309e-02
8.552988272573909534e-02
6.448558261879129561e-02
7.233365018841110550e-02
1.494517465299604886e-01
7.118706024586550496e-02
7.272214187208320135e-02
1.429001068902601979e-01
6.574516350137940557e-02
1.572758262102622040e-01
5.670434255543659735e-02
5.745540295103569728e-02
6.443423281108449918e-02
6.352736203165529338e-02
1.607908663040225894e-01
7.000715443329309784e-02
6.959798242921169664e-02
8.003638820536340681e-02
6.591296024784089325e-02
1.451883358207332053e-01
6.593423463576479626e-02
6.495926321150770344e-02
5.940657717604719973e-02
6.752200976312200398e-02
6.449052800635339533e-02
6.671113859945800029e-02
6.098214499179790277e-02
5.833988158209139907e-02
7.156397126577980494e-02
1.543541781055693118e-01
5.903257886274029809e-02
6.643323657738900434e-02
6.893631693902180224e-02
6.249950090129589853e-02
1.497334458651629896e-01
5.867731547517630181e-02
5.335151444196670201e-02
1.667480910961476881e-01
6.174129392906559793e-02
6.965191252012960244e-02
6.402856806955639635e-02
6.401037104965659474e-02
6.883530810828300539e-02
6.929246747154099717e-02
1.651473380636030996e-01
5.771386905683940222e-02
6.567723861199059598e-02
1.516308666192204002e-01
7.805409388741689491e-02
1.696937350624466989e-01
7.610430882079589898e-02
7.051214106489310518e-02
7.274968178177479428e-02
7.296832104702960509e-02
1.605655752574293993e-01
6.728911153516620169e-02
6.787601499100870406e-02
1.491758029805363983e-01
1.448900638746740965e-01
5.961641001854320332e-02
7.440322886642200539e-02
1.487485428212201866e-01
5.826614243017939898e-02
7.205967896182910448e-02
6.256811827859190545e-02
1.530389137074903982e-01
8.685483547521109793e-02
5.408183377361400201e-02
6.404901119094449924e-02
6.625215561442120149e-02
7.570794172744410577e-02
6.167185722742900278e-02
7.572717119351179971e-02
6.948038773574710669e-02
6.153767538921840058e-02
6.905751623931369321e-02
6.270040262964969580e-02
7.091037538021760511e-02
7.625062115009730024e-02
6.437901219659029894e-02
1.564348023814655098e-01
7.246642702668680547e-02
6.972399994950830016e-02
5.719742982801499787e-02
7.237772921700090512e-02
1.571754625330863131e-01
5.930318010772520076e-02
7.396665387163280092e-02
1.457363521892758029e-01
6.629028466958780674e-02
6.777205242778110150e-02
1.603337793443493087e-01
6.812957502340209748e-02
6.443515020824129580e-02
5.890585406771189914e-02
1.400015323258806121e-01
7.233166716232390658e-02
5.864830643911170260e-02
7.145993431979430488e-02
6.157759829242989702e-02
6.037094064000479710e-02
1.617455465221430966e-01
8.567197158601090601e-02
6.660174383416719857e-02
5.992115272271759940e-02
1.557203137005835902e-01
7.135284229445390536e-02
7.387123574343409937e-02
6.668420823799360575e-02
1.495318630732377918e-01
7.197118985912319411e-02
1.584631081085420001e-01
1.501664743744521024e-01
6.428031034126920062e-02
5.843341953933949701e-02
1.594481351744664877e-01
1.579796500433651996e-01
6.447888814118979406e-02
1.416366308402094987e-01
6.329355908774239592e-02
6.014899705763829957e-02
6.978875672731950364e-02
6.558408203596259589e-02
6.701163814468380497e-02
6.112332572170030287e-02
5.672854761201429757e-02
7.705293730270980357e-02
7.226258108654100287e-02
1.590679865416790018e-01
7.120207299050269889e-02
6.810875952332430538e-02
1.480826019343765010e-01
8.531611900057670117e-02
6.375280175037280339e-02
6.791882605608000334e-02
6.312451812828970277e-02
6.398568185630569560e-02
5.979411485202729831e-02
7.254693873102620316e-02
6.680725250978400420e-02
6.739048230846740595e-02
7.487707026026120538e-02
6.254783152133840118e-02
1.548280610663874124e-01
6.439657689046439371e-02
1.532322341123192877e-01
7.352893499864800175e-02
5.895081814580779844e-02
6.891858908445870624e-02
6.633128240748720206e-02
6.004874424187429949e-02
6.465987386620629385e-02
6.898356761077760468e-02
6.592502654502520321e-02
6.331765102228080477e-02
7.021930473473420031e-02
5.942827338683580318e-02
6.335298627763780166e-02
1.575026104097732027e-01
1.479463726871428908e-01
1.589167213407995105e-01
7.214429829204919986e-02
1.506865988071285078e-01
7.097489065633309779e-02
6.176877918941209994e-02
6.623654199611139770e-02
1.572758262102622040e-01
6.259841194454510149e-02
1.618580138815289005e-01
6.343235411722200623e-02
6.996422648426650626e-02
7.874811301495029947e-02
1.691935130058160874e-01
7.325274998369230017e-02
6.658910699441650261e-02
5.537894154221330301e-02
6.464278521752360451e-02
6.385873373615580384e-02
6.984795364765329639e-02
5.308515539232960129e-02
6.508809101919280082e-02
5.670259260971440007e-02
6.848569268770010599e-02
7.349953789197299914e-02
6.639039949599649659e-02
6.861253973162559361e-02
7.739153236889570464e-02
6.542426956306790498e-02
6.595028603721080074e-02
6.543720207147189771e-02
5.532307821451799834e-02
5.746654828755989874e-02
6.829690479269659442e-02
6.487238208624089564e-02
6.890892080404630027e-02
6.496060287067720318e-02
1.601594980135851998e-01
1.454429616225590138e-01
6.033094178074119990e-02
6.230600148485630069e-02
7.224423246342259741e-02
6.432809798973730675e-02
8.046723160734599312e-02
7.182315209479879503e-02
7.179922761993509650e-02
6.598812975998259722e-02
6.538925523405060558e-02
6.422966512215659562e-02
6.882848510472840131e-02
7.140496132905460591e-02
5.705293390497159778e-02
7.185390087124370051e-02
7.010977735865919769e-02
7.027208074321429632e-02
6.322169176198720597e-02
6.281358941059099477e-02
6.486713280235510692e-02
6.078940510079920007e-02
6.975499160023369838e-02
6.263364383250910605e-02
1.618534083576849969e-01
5.609263321972349919e-02
1.456226463855634090e-01
1.586595504295975068e-01
1.495899780253404920e-01
1.447799404881444929e-01
7.003704308685509972e-02
5.935834159619120254e-02
6.933518688493420234e-02
7.401712175971239538e-02
7.136052650207569403e-02
1.695603648968616040e-01
7.892412887918749675e-02
7.092546323692350274e-02
7.227759816021230022e-02
6.558717337666729319e-02
6.960372216782739763e-02
6.664147884422200185e-02
7.156028529555549800e-02
7.104276690199659572e-02
6.878982287996540657e-02
6.063475341981339889e-02
6.777537165299710176e-02
5.962018813393400035e-02
6.766771603719599903e-02
6.704735269811859522e-02
7.079294004883560087e-02
1.619314179298091960e-01
5.706981056498890148e-02
6.449350845131550380e-02
6.277050875805449681e-02
6.346060355838820111e-02
6.337428440706530108e-02
1.540766042622510046e-01
1.530905579561797070e-01
6.951579011737009373e-02
6.011901044836689967e-02
6.201346519684870079e-02
7.032659693935809642e-02
6.815109627516530155e-02
7.917958364393300197e-02
7.199240207964960336e-02
1.430105280425683911e-01
7.202591364565739951e-02
6.192461219654440269e-02
6.993819040843990420e-02
1.586416970941496030e-01
6.985906308649489360e-02
1.551585192102949984e-01
6.304612936568079751e-02
6.104388442044970248e-02
6.884600057023819442e-02
6.569931694446450032e-02
5.980800929398259747e-02
6.074890615103280267e-02
7.374491521828539786e-02
6.867266565533659828e-02
1.588400268981451091e-01
6.613895111988170317e-02
7.185387511875460098e-02
6.225034572933740157e-02
7.742555485904259460e-02
1.627819380599077048e-01
6.261433697832780032e-02
7.539488816347360289e-02
7.617372146650830400e-02
6.431478242013180524e-02
6.906768839608490307e-02
1.516926346716722107e-01
1.633945473876587950e-01
7.929594609031699604e-02
7.246234102563270385e-02
1.558776395476808019e-01
1.518768758614746917e-01
6.020031698642210050e-02
6.469029721060300109e-02
1.568628405152132921e-01
6.585281896571659743e-02
8.078358635816600131e-02
6.363750715934220203e-02
6.494093892755910258e-02
6.216016427281990248e-02
1.523812949402210126e-01
5.569102609287029937e-02
6.238195547557409681e-02
6.930261672181599331e-02
6.512969314818670141e-02
6.535995295758359469e-02
7.326791248171879434e-02
6.219527574508609824e-02
6.142892940881349712e-02
5.995832015321730241e-02
6.916295911138839458e-02
6.260831988589689312e-02
6.856972235451609665e-02
6.354168989148539781e-02
6.688328904289489452e-02
6.820613897248180291e-02
6.801733196280160265e-02
6.386018903864550122e-02
6.386656644551549911e-02
1.588400268981451091e-01
6.596061708566050563e-02
6.812917423043690635e-02
1.430105280425683911e-01
7.089979956764609625e-02
5.782898897057370258e-02
6.734867612492330402e-02
7.389268716194369313e-02
5.980847613436179877e-02
6.789673941929209866e-02
1.487485428212201866e-01
7.176552005870380502e-02
1.557203137005835902e-01
6.545766548910990357e-02
6.752094817502089785e-02
6.167055115566250079e-02
7.265320262025069808e-02
6.325118819625910604e-02
7.519463368897889854e-02
7.429598468718409676e-02
6.077783718772789695e-02
6.259742476555570090e-02
6.339331061676399537e-02
1.520931774831033034e-01
6.064315030349339691e-02
5.689905322209529853e-02
1.493390465978287895e-01
1.549594040168656983e-01
5.812541223866109913e-02
1.504570013118828875e-01
7.370359072739450512e-02
1.492734790901142916e-01
1.363635218502201041e-01
1.568139474390327082e-01
7.540648623216489321e-02
1.467294354350290875e-01
1.617161127608955917e-01
6.813013449481949979e-02
7.389069368006620508e-02
6.643748923181129473e-02
6.647077115134360226e-02
6.338719565659220456e-02
1.457768470920677017e-01
6.856039387028819987e-02
7.034559144035069933e-02
6.057679973833020315e-02
6.769368068035989949e-02
1.559478587821515883e-01
6.504647723503240164e-02
5.944966452348209723e-02
1.634446362421944077e-01
7.085126650348190502e-02
1.544903938590458936e-01
6.885907792172160646e-02
1.452369924844273963e-01
6.958087516501790248e-02
1.543595816769688933e-01
6.546027027608460058e-02
6.376087476222390416e-02
6.243779169935770312e-02
1.478340302971020981e-01
6.526777037183499608e-02
1.644631719592873909e-01
1.428670282692705018e-01
5.567893287095009719e-02
5.729316919743879938e-02
1.419608426603166940e-01
6.720879411598890130e-02
5.948697669252769882e-02
1.487730336626827965e-01
1.496670923654349061e-01
6.301765526968300390e-02
1.515881511133022053e-01
1.435553346340582015e-01
5.993535330413320150e-02
7.574081439184339459e-02
7.075005258501139427e-02
6.624070264471379477e-02
6.878051470206120177e-02
5.914337702714070333e-02
5.931503917734830267e-02
5.942320825497030001e-02
6.607899647346369976e-02
6.767441851273170439e-02
5.722867052944580202e-02
1.632825962821330967e-01
6.077290219181209763e-02
7.396832971374199539e-02
5.945213368073679755e-02
5.782739231026089860e-02
1.436446552954037947e-01
6.705543738613209404e-02
7.009560841713939616e-02
5.486478967268690332e-02
1.508968737817369954e-01
5.994447169757299854e-02
7.059476334698759625e-02
6.625161773032429979e-02
5.697591447640230206e-02
5.598602067048599751e-02
7.061009247785690612e-02
6.335630689601749743e-02
6.390002835549650484e-02
6.907203694468649902e-02
6.395894130334789374e-02
1.376770381431018930e-01
1.450007884461493868e-01
1.617455465221430966e-01
6.432996956422160073e-02
6.111215997131769911e-02
6.626223107901239862e-02
6.891515997640750013e-02
6.110518165912159905e-02
5.622877922228099873e-02
8.388642669655760331e-02
1.514564813020262968e-01
6.130864243130389885e-02
7.506513309187580474e-02
6.357233625597190352e-02
7.207607844213359538e-02
6.627557409980229519e-02
1.504570013118828875e-01
6.980324886581780464e-02
1.621206721761588032e-01
6.241562546032430187e-02
1.506865988071285078e-01
5.799983664572660319e-02
5.590091486279510219e-02
1.520931774831033034e-01
6.028347050338520030e-02
1.584631081085420001e-01
6.234525971696310009e-02
6.094274968981949758e-02
6.141656183391989987e-02
7.802071875733579409e-02
7.218412305441369858e-02
6.790651491561550124e-02
1.570133003058460930e-01
5.464556118565509768e-02
5.935030103288690267e-02
6.096342564214889820e-02
6.201766358934639872e-02
1.681889293671680052e-01
6.134309116505150261e-02
1.670740303068010968e-01
5.743889552293730133e-02
5.667530486652189864e-02
7.656892239486300100e-02
6.539949531807129346e-02
6.858049541283570139e-02
6.991309900345800410e-02
6.511975060560140638e-02
1.597918844372963054e-01
1.470009031215500916e-01
5.907690175829939661e-02
5.969060731969370176e-02
7.570622152446389308e-02
1.421399740649711974e-01
1.518768758614746917e-01
6.342871071046790599e-02
1.376770381431018930e-01
6.410227139283969366e-02
6.562027458478200681e-02
6.006956153355019756e-02
5.564863079176699673e-02
7.777964916443690091e-02
8.166649549799860630e-02
5.545991501341839686e-02
1.616211669091973946e-01
6.071607888865290098e-02
5.695480376460650140e-02
1.458063011253709906e-01
5.323631560777650207e-02
7.347968856197069354e-02
5.273535379175629811e-02
5.833560458757509892e-02
1.512116523985476135e-01
6.465830856163119755e-02
5.884711018620850109e-02
1.507552955997621957e-01
6.820392871494120046e-02
6.944161379523469679e-02
6.814269777650909521e-02
1.524231820315928021e-01
8.267509758639370043e-02
6.823946768552989484e-02
1.516182277096282949e-01
6.743848915724459658e-02
8.429645087476539400e-02
1.554055496908156864e-01
7.758890262703670160e-02
1.306285331196188060e-01
6.418508938742349679e-02
6.282961710495979513e-02
6.233937516007449775e-02
6.488347123975610198e-02
6.728635293807169737e-02
6.035129506966639690e-02
7.147093264194670503e-02
6.328290578105609521e-02
1.515881511133022053e-01
6.151461135520189943e-02
6.582963746928330306e-02
7.703807630775809379e-02
6.870610337485520691e-02
1.454429616225590138e-01
6.341314822321539313e-02
5.920475752451680174e-02
6.023040480603839703e-02
1.501743131560127897e-01
7.035776176898589362e-02
7.858864121908680500e-02
6.150228111213189991e-02
6.859855763547000052e-02
6.166091670623100041e-02
6.878268480773259974e-02
6.924198552223370662e-02
6.254621125866660636e-02
6.248059951871730300e-02
7.309913359629879870e-02
1.509325087792602882e-01
1.468947619878741007e-01
6.921387391130340294e-02
6.264781011621399498e-02
6.888932955740770248e-02
7.342178177060119937e-02
1.397756779428439011e-01
1.542554348645067963e-01
6.523364150682869900e-02
1.620554535167874899e-01
1.657217770729695061e-01
6.391355459891709390e-02
6.487575047658930560e-02
6.253727844271410319e-02
6.791545255702349793e-02
6.751705083155740139e-02
1.500128250868993096e-01
1.468694909629532919e-01
1.390934778403012939e-01
6.399631191594179480e-02
5.649224887501710229e-02
1.441309264579198890e-01
6.198761995790440238e-02
7.483691701695570353e-02
1.469581742140778913e-01
6.294347512293869962e-02
7.371088556733690345e-02
5.663592521079210268e-02
6.964671575589649610e-02
1.507852192338595132e-01
7.480998880855049826e-02
7.327410384474460081e-02
1.640959795225954976e-01
6.140110158229059728e-02
7.004438372740519336e-02
1.543541781055693118e-01
7.802332184791019309e-02
6.409305450919840219e-02
1.544903938590458936e-01
6.117654259307329923e-02
1.533001501500413921e-01
1.530727394978919076e-01
1.363635218502201041e-01
5.840120891346860243e-02
6.672014333307960121e-02
6.566004818014109512e-02
6.480603038959979745e-02
6.707950377165919353e-02
7.354470584623939988e-02
6.561885444823510605e-02
7.119339570044889987e-02
7.003739752328319579e-02
5.901979274489679850e-02
6.581456545586809870e-02
7.035322883982800257e-02
1.478838975265427957e-01
7.201185547801179643e-02
5.875775485960649941e-02
6.362950459188859709e-02
6.971829374941060364e-02
6.574218126271649809e-02
1.577896549561761119e-01
6.107528591036270188e-02
7.468406121322769542e-02
6.490969305657369459e-02
6.749650602473990235e-02
7.001325638742099400e-02
5.286243292845960173e-02
7.214756033849850647e-02
6.072278482678160338e-02
5.885164383759079743e-02
7.015333162859380134e-02
1.530905579561797070e-01
6.478760742341430068e-02
6.356325416291340458e-02
7.153228094743560583e-02
6.763375298145199443e-02
1.529756530433377115e-01
6.916088676235840338e-02
7.094687106849099922e-02
6.956483315788909716e-02
6.687951674297999693e-02
1.559869158222673968e-01
7.831093625807919456e-02
1.626625303683935098e-01
6.348327347388760256e-02
6.560551003113450352e-02
7.004542715677919418e-02
7.416295499187060269e-02
1.481333082705534043e-01
6.834189449027990026e-02
5.454956186700320175e-02
8.074344621468590444e-02
6.124276032808410181e-02
6.310171623679410036e-02
7.061467578560459701e-02
7.235839586358550068e-02
6.445801906552270366e-02
6.887521373722539642e-02
7.738702883679279831e-02
6.066502281679130026e-02
5.599387172043379657e-02
6.524538363580009714e-02
1.497006368535603038e-01
1.627539736875996956e-01
6.811502431517020562e-02
6.755479152245609520e-02
1.378905914643085984e-01
1.567322306902129980e-01
6.319970298083529836e-02
1.425319527039985990e-01
1.419608426603166940e-01
6.128320096810029732e-02
6.776290747375489365e-02
7.136878711801150632e-02
1.480826019343765010e-01
6.516902101189299412e-02
6.065894543770410097e-02
6.343033642342349454e-02
6.774929551886639534e-02
6.772373168854009529e-02
6.478436007919920192e-02
7.157307810313250085e-02
7.190480112798200429e-02
6.969237769824890294e-02
1.465212727156010031e-01
6.084989210931399800e-02
7.099192980934790342e-02
6.470597348546580641e-02
1.447799404881444929e-01
1.524003240776302115e-01
7.313509254325620268e-02
1.457093010650925002e-01
7.056932538061040650e-02
1.454466308333103031e-01
7.580830678008519674e-02
6.411818405603450510e-02
1.605251221501589054e-01
6.990209040395090057e-02
1.601566145313262912e-01
7.596820203756429746e-02
5.545514015294789739e-02
1.390714925378870870e-01
6.213926722346160142e-02
6.123878360018950029e-02
5.930177282539950134e-02
6.845708592284979743e-02
7.248141874483809977e-02
6.816206886633030537e-02
6.367031791773740401e-02
6.057855111438509993e-02
6.984668793952880650e-02
6.024480271759889705e-02
6.263313869657879951e-02
5.425775150268190294e-02
6.686311526581199816e-02
6.092909242287450344e-02
6.293868375112560143e-02
6.634678631277879379e-02
5.737866015095419853e-02
6.274920562876409869e-02
6.562140263420769559e-02
5.823457383030260226e-02
6.443629593116240173e-02
5.898835040364770049e-02
4.805506974228059697e-02
6.314687023425830104e-02
1.551585192102949984e-01
6.700899704287040237e-02
6.638804234461989640e-02
1.393645124552287951e-01
1.617650573547990134e-01
5.971194168341410063e-02
6.321312900847519956e-02
6.364763107138350640e-02
7.563027429267719925e-02
5.281820437225699660e-02
5.502056214382720217e-02
7.976460796668999320e-02
6.558817530722130251e-02
1.597918844372963054e-01
5.949739585942109832e-02
1.646467499360375064e-01
1.679926883027312023e-01
7.088347408851479459e-02
7.433409913262520319e-02
5.988959247745759967e-02
6.355272909633799538e-02
1.514139711265367061e-01
6.005361831600770223e-02
8.436913928516799610e-02
1.544981924167811993e-01
6.658970281000539670e-02
6.552396863258259929e-02
5.931256041249970135e-02
5.984874836468970227e-02
6.539352157526209797e-02
1.447473154758270875e-01
7.151311680061669951e-02
1.623112885869925914e-01
5.135942449130689869e-02
5.675634195272190319e-02
7.201495713149240474e-02
7.756983096512680420e-02
5.642720237897069779e-02
1.462894619680454866e-01
7.365714221852090460e-02
6.507061492775810529e-02
1.424308021020317949e-01
6.204628413819739813e-02
7.197061891115730248e-02
7.088942294773439845e-02
6.489724151330139579e-02
6.772090206475669949e-02
6.425244707648479492e-02
6.642258787152689747e-02
1.519589128731652916e-01
6.432601265907519905e-02
1.464123637045151027e-01
6.438360644683770173e-02
5.942196585878720128e-02
1.482249263026418906e-01
1.487730336626827965e-01
6.317085181488750478e-02
6.116039431424540040e-02
7.781005316049789677e-02
6.360854002540759777e-02
5.912840099747850020e-02
6.741612720176949625e-02
5.295574035973769911e-02
8.278780722241819989e-02
8.483271207163929628e-02
7.276381258188109602e-02
6.145347945949070079e-02
8.068278577815840569e-02
1.509070209115722927e-01
7.556774843535869757e-02
7.664763685201550492e-02
6.987710921845280421e-02
6.887201205501379542e-02
5.546539676650980022e-02
1.591335420297690928e-01
5.431081599260399739e-02
6.743503746770919405e-02
1.526834377528983877e-01
6.092726198207960159e-02
6.011961853599479683e-02
6.808362153240790637e-02
7.006505283013529650e-02
6.938716654046760135e-02
1.410456229307880116e-01
6.644265661577060389e-02
6.253368885976599845e-02
5.824175480780149905e-02
6.551964944741289765e-02
6.912191310149830292e-02
6.839290949620489835e-02
6.641799077530720352e-02
1.428670282692705018e-01
5.844219963303159959e-02
7.374656090587310142e-02
1.583710966874140036e-01
7.228401581317840663e-02
1.458063011253709906e-01
6.179838565016199797e-02
7.094169618436430014e-02
7.652403409692590253e-02
5.173226711474340073e-02
1.435553346340582015e-01
1.508892613091681878e-01
1.341287355111255020e-01
7.316012628719760491e-02
1.656893993440224089e-01
7.480933831661179534e-02
5.731007472429090061e-02
7.147144171678139479e-02
6.297960247839730352e-02
1.623544833775353025e-01
6.466224614342259980e-02
7.253689426879679492e-02
1.651473380636030996e-01
1.532705555446980950e-01
6.044019271229619794e-02
1.576271007604496954e-01
6.454103322878279592e-02
1.501743131560127897e-01
6.381763729047909561e-02
7.120777095738839435e-02
6.646712402422100263e-02
7.126079812919189349e-02
6.165187201684980273e-02
1.409633716354911082e-01
7.322453742269099952e-02
6.343459855973329620e-02
7.784948062781650580e-02
7.040194553069639705e-02
5.575918567833140077e-02
6.843179431145429703e-02
7.080037555536919380e-02
1.621703504619823044e-01
7.012803946904730412e-02
6.056275478915509880e-02
1.474541340493432939e-01
6.338469302223259660e-02
6.081357443822670017e-02
5.445949875960399977e-02
6.605851977837440270e-02
6.566456488324559637e-02
6.034638819085640093e-02
7.400748444788800284e-02
7.672700030028309359e-02
6.104700645607159804e-02
6.969388909014770372e-02
1.629958266082235097e-01
5.887630583544520291e-02
7.056141927835729577e-02
6.742845081927459350e-02
7.496762501501430531e-02
7.774987527960419698e-02
7.308273857831669440e-02
7.055793641075870648e-02
1.381017965119502866e-01
6.461948192666390478e-02
6.142744459489499903e-02
7.396309485597589439e-02
6.885472444981760587e-02
1.674116712486969083e-01
7.093557602016820063e-02
1.558776395476808019e-01
7.089657489305249694e-02
1.589069371006296139e-01
6.783838358943179714e-02
8.223944611249639491e-02
1.601149732967661055e-01
1.635494482631927871e-01
7.574770993967540333e-02
6.168110703312520288e-02
7.361202459017540667e-02
1.484897468669484077e-01
7.349786164852610548e-02
5.680630379956660286e-02
7.000041311978390246e-02
6.345074834164890487e-02
5.527513912642099958e-02
6.449656917172029436e-02
1.674734112816907983e-01
7.021141842533100419e-02
6.348722709373820494e-02
1.486548508435797111e-01
1.551239230458912877e-01
1.457768470920677017e-01
1.674955836410365884e-01
7.024243927938439436e-02
