-3.729854551715152539e-02
1.112772148454181043e+00
-2.051683142293281026e-01
2.582910272937930518e-01
8.711816938747611871e-01
-1.770410842577781751e-01
2.119689647434761071e+00
4.791670207979588092e+00
-8.785946928501573439e-01
1.026014468434575999e+00
2.135538960901390393e+00
-8.380084982035865826e-01
2.451111718318081667e-01
-1.073538223633752620e-01
1.023484277651038221e+00
7.413964783236900447e-01
-8.139105883675911146e-01
8.635409748633281479e-01
2.461489552177974716e+00
8.017872154894968295e-01
1.219906434254395045e+00
-7.100614006698076075e-01
4.129777140478805286e-01
1.482851309411659102e+00
1.497335441208345941e+00
-1.546957176481482232e+00
3.150130850787986048e-01
6.184929955243947397e-01
-7.492738088683031927e-01
-7.759385577685005142e-01
-5.727339134229026962e-01
-2.632787745027219684e-01
-1.514097984981599865e+00
-1.071644543539673616e-01
-7.153025951456444265e-01
1.279326843467126773e+00
4.631753830269762506e-01
-7.809448960020299868e-01
-9.309393568967272437e-01
8.290319570844701946e-01
-1.695880828840182986e+00
2.448907022099193198e-01
-1.225312793289355939e+00
-7.012274355370724521e-01
-7.897847049235812156e-01
6.789853207825646830e-01
2.293729553083387052e-01
-3.806082514747267664e-01
1.395720185151185788e-01
1.099790677986548726e+00
-1.704717167085665341e-01
-1.540933819136962368e+00
-1.064334869683297852e-01
-4.754024866878685529e-01
-3.538642575384178812e-01
4.730360911171821447e-01
6.460383051925142617e-01
-1.369871301122045582e+00
-4.389854801124050132e-01
-9.605121209563341478e-02
4.264088947280659792e-01
-3.051929737581610125e-01
-8.907466228482765480e-01
2.173244628619253049e-01
2.423959014484906027e-01
1.693932846739842013e+00
2.540717276015598824e-01
1.705710995660442375e+00
1.452862720679552355e+00
4.148405366702456742e-01
6.559867775892925801e-01
2.409859227213299593e-01
-1.569149141516699431e-01
-1.372565144952237193e-01
-3.221748728458921907e-01
1.933224482499280583e+00
5.254118785917608059e-02
-5.127372838099332197e-01
4.938086089521212529e-01
-8.630839112688102333e-01
-8.390093891751959632e-01
4.504804735903822355e-01
-1.194158518228394472e+00
-8.356935416092442503e-01
3.118629299527241328e-01
-3.879753840111372920e-01
-7.371370551148758166e-01
7.921492562909873136e-01
3.781860061780586424e-01
-4.805806670874309544e-02
-2.439513598482873913e-01
-5.575395381983799803e-01
2.472183161523303641e-01
-2.057851920891982656e-01
-5.190344461586511304e-01
6.525694920592670645e-01
4.581224235011789880e-01
-9.936343081922537346e-01
4.640258929022891277e-01
-2.110289546772551539e+00
-1.049162960908696096e+00
-5.666488155267574989e-01
4.991562858665611335e-01
1.082507782419866338e+00
-3.859181220108615085e-01
-5.727107966086003588e-01
4.322494678950601910e-01
-1.082243504404895473e+00
2.481607223850283539e+00
-1.882541177958935386e+00
-6.298621727798270342e-01
-3.565746699744949400e-01
5.581169063072223269e-01
1.024058976559426126e+00
-8.725524579935445280e-01
-2.024433929363335327e+00
7.575880191588283408e-01
3.456319219453583003e-01
6.078575376729888902e-01
5.042974587663404673e-01
2.178760694132367171e+00
-4.378150453890166105e-01
-1.026306710117881743e-01
7.957786518980362045e-01
-1.623379077976543072e-01
-1.276235177482324623e+00
1.802828159869090952e-01
3.198573599277208523e-01
9.958471416108484187e-01
1.497382994850565974e-01
1.284686665192811938e+00
6.483581497544808891e-02
-2.006097841651863778e-01
-2.981315463406564725e-01
-1.591007870377488143e+00
-1.144366298189251729e+00
1.049759518297084471e+00
8.947080638231872385e-01
-2.406842734562013308e-02
-2.303273802528009451e-01
3.063425194895024628e+00
2.783517664115126578e-01
-4.440338911627075280e-01
-1.292966801777343022e+00
-1.371190442268085674e-01
4.064924480115602590e-01
1.726733528078643887e-01
-1.539995002510072597e+00
-8.405668535019958920e-01
-5.085007040463075390e-01
6.391812617294298504e-02
2.798937183241400062e-01
-1.005043117020061549e+00
-5.536809364261727762e-01
-6.039209703515713290e-01
-4.135841741460677401e-01
2.673633933331375293e-02
1.834676253586224437e+00
3.544437032554806355e-01
-1.462709671681908796e-01
8.670836729845833590e-02
-1.441998796999498511e+00
-1.465781649749308579e+00
1.006010870760259746e+00
1.517130921419288514e+00
-4.170561951406367429e-01
-1.653772648789134381e-01
6.895576662733254869e-01
-9.830900578519365940e-01
4.481668650007670368e-02
5.641829244591867187e-01
7.076619102518539872e-01
3.207476955997375923e-01
-4.868299581655306518e-01
2.693634241423051856e-01
-5.482670768681421336e-01
2.236451572352533834e-01
-1.560582584050050459e+00
-7.044419832392991854e-01
5.892042909412417151e-01
5.412484331198140763e-01
4.918644746755060360e-01
-9.766529380205206667e-01
-7.720488781131057410e-02
6.789684247638803072e-01
-1.967306261999307304e-01
2.211707912457643310e-01
1.440419136119820698e-01
3.390610757536256514e-01
-8.922268808758664349e-01
-8.942104208939084531e-01
-8.931979753450801640e-01
1.246477018328515873e+00
-1.926426959595599175e+00
5.512853562402162400e-01
5.177631407765919125e-01
-5.372732355839500151e-01
9.842737106873968855e-01
1.128964253978907761e+00
-3.255670380672373576e-01
-5.805703042565867750e-02
-1.129066790060658798e+00
-4.848146069443108885e-01
5.040375601617625989e-01
6.235356310033498550e-01
2.258697037763931492e-01
7.506315897826602024e-01
1.267295907889634865e+00
5.613187332278560954e-03
-3.203063455722834352e-01
3.135195814000979464e-01
5.662020839038081066e-01
7.752965883570270833e-01
7.733721180599885114e-01
-2.462422238807111530e-01
-9.573983299678924253e-01
4.889184321733928695e-01
-8.800201796595792381e-01
7.165474447516864687e-02
3.084547318920764503e-01
1.125152391359756754e+00
-3.659782696424793147e-01
-1.470685103575371189e+00
3.241331801547860714e+00
5.036540827728867020e-01
3.678147283172655269e-01
-1.147907079808967307e-01
-5.839395396101361158e-01
-2.417091970378084376e-01
9.091153192738880839e-02
-9.939865667692376894e-02
3.542756034716751379e-01
3.700821688094576012e-01
1.109785081602589152e+00
-6.364691773657206175e-01
-6.080881160191859980e-01
-4.099918802444292854e-01
3.367898624328701018e+00
4.727574524787781507e-01
-8.091356384776066113e-02
-2.174796892616200239e+00
1.784773908157346600e+00
9.214478682661972897e-01
6.752512570857701624e-01
-3.364286468326636026e-01
3.711504535540493532e-01
1.876622579038592420e+00
1.137697334298134244e+00
-2.257307813830660148e-01
6.580467205104916228e-01
2.683272016645134039e-01
-1.585653778045822637e+00
7.629068056420950095e-01
4.933773884714500180e-01
1.475190264633422519e-03
1.615841302266529389e-01
6.691200490035505988e-01
7.329133705004593491e-01
1.510349462256110664e+00
-4.046726639948671211e-01
2.615726230744452430e+00
-1.249478150728170922e+00
-1.136656141502322193e+00
-1.139675340998864028e+00
3.698313672100480565e-01
-4.121157718745100951e-01
9.445712387123341713e-01
5.959839752268221158e-01
9.186936141828674351e-01
4.730530525273549114e-01
1.843617611951528845e+00
-2.434532814852467253e-01
2.802409499313414099e+00
-3.205065925498673529e-01
-4.752456235482468982e-01
1.133378581957302567e+00
8.667015646557129083e-01
-6.865017603847710648e-01
3.408743592751748430e-01
8.614344673892815329e-01
-1.627779719123505497e-01
1.186740942942853261e-01
7.610950886726846054e-01
5.237335114479503284e-01
1.114097065332056768e+00
3.291461341530906304e-01
-5.622278118680513748e-01
-2.982951160423287895e+00
-9.161509697140024500e-01
1.283220344332335117e+00
1.168975328539131553e+00
-1.691715819855789338e+00
2.526890913401808603e-01
5.889812441947945842e-01
-6.073149878327501749e-01
7.324369732471373018e-01
-2.673975882710680207e-01
-7.099218186006283071e-01
1.817679905160971554e-01
-1.126377135264699514e-01
1.693932846739842013e+00
-6.285902507786758076e-01
1.295775965384854622e+00
6.405275982081737318e-01
-1.182234759370022203e+00
-5.642354544317501608e-01
7.329133705004593491e-01
1.124100825708512635e-01
1.244241941344045976e+00
-1.023251998866990947e-01
-6.770277261127438662e-01
-1.372565144952237193e-01
1.682550516380994399e+00
3.254179637654145973e-01
2.118325067924314020e-01
-3.659782696424793147e-01
3.430145093523153665e-01
-6.406188896461942894e-01
