2.654384346665599956e-03
3.347859597795899925e-03
3.538923921210500052e-03
3.274482623528599846e-03
3.667699833516700064e-03
3.139363426923099786e-03
2.756383995121900084e-03
2.130998560080199934e-03
2.469385672470500014e-03
2.400222085557100066e-03
2.347412872002099977e-03
3.763317458787799816e-03
3.039664175910299863e-03
2.757164661406299837e-03
2.364031879448000046e-03
2.841439333879999894e-03
3.351246532363000036e-03
2.935363739494099931e-03
2.741104307378500107e-03
2.168342592226499797e-03
3.450416763203199844e-03
2.943696793794299809e-03
3.514356739979299787e-03
3.207341560724300163e-03
2.799261642508600080e-03
2.435232946092999798e-03
3.255939776124300040e-03
2.996803237908800006e-03
2.725436753188900055e-03
3.354518930779299898e-03
3.366266982229899982e-03
3.291672668705000054e-03
2.702612072789500192e-03
3.281361214236100214e-03
2.930546381580100002e-03
2.879724205190799854e-03
2.410310090391899838e-03
2.405504228300500182e-03
2.582143155035600095e-03
2.938401220566700094e-03
3.380713500309100172e-03
2.749737745598600149e-03
3.324556555487699887e-03
2.907983959418799884e-03
2.583351085028099802e-03
2.343836457432300121e-03
2.515059560972299907e-03
2.952282209674300141e-03
2.829855899462000151e-03
2.482623270157100024e-03
3.479576197729500157e-03
3.789831300548500165e-03
2.889432784794399977e-03
3.451656024333000020e-03
2.400699724136999991e-03
3.129088050446000163e-03
3.054279153264899925e-03
2.642384095191100020e-03
2.630000346887800128e-03
2.537679650666600176e-03
2.701626393353699813e-03
2.769984091759000212e-03
3.482412937547199865e-03
3.203112420487100147e-03
2.588283146295999870e-03
3.136223865144600106e-03
2.688646949390099787e-03
3.480085533576599954e-03
2.844480494369700050e-03
2.802950122602199893e-03
2.556797383013200125e-03
2.663721228085000076e-03
2.410854266803299974e-03
2.675368678854499974e-03
2.751927285143900177e-03
3.557275342295199930e-03
2.620024683739499791e-03
3.090257161623899927e-03
2.955515611813599921e-03
3.014612507478899896e-03
2.396299753933500004e-03
2.793424647921499953e-03
2.279077475167199870e-03
2.290416083024100161e-03
3.609393631494299797e-03
3.210073539170499833e-03
2.562891584498400068e-03
2.811619002492200033e-03
3.209591287253499986e-03
2.957331560711900197e-03
2.554329893089199964e-03
2.682574040244300149e-03
2.716324293218799930e-03
3.064378592522499795e-03
3.128831442455700003e-03
2.612136671420599819e-03
2.123081573928199857e-03
2.212215397743399863e-03
2.707772541879700182e-03
2.835238787979399953e-03
3.293186901371300112e-03
2.577407410299499980e-03
2.994303666098300024e-03
3.191129878632500104e-03
3.184047823406400100e-03
3.345072907732100139e-03
3.196364806295399954e-03
2.963312410337500154e-03
2.460029481247100192e-03
3.566076296497999818e-03
3.594934944121100026e-03
3.006613364770200150e-03
2.288235971315799935e-03
3.012840851151700038e-03
3.556593274880200019e-03
2.932476952085099828e-03
2.338288895174899917e-03
2.578823232557299859e-03
3.411391252086299914e-03
2.358572358176600110e-03
3.107096961645800046e-03
2.386434642289500009e-03
2.731535765217999855e-03
2.384074377432500100e-03
3.182348100625600074e-03
2.954560005815599910e-03
2.995358383102200185e-03
2.779851845850900022e-03
3.240451346419600132e-03
2.900570233389499885e-03
3.094979475403100005e-03
3.086793418902400183e-03
3.265891027953799798e-03
3.189733161124200071e-03
2.542319153184000122e-03
2.930008103687600177e-03
2.759549268303399926e-03
3.317925772882100114e-03
2.997859914122299844e-03
2.746397027783000107e-03
2.940470332964600052e-03
3.074795316703000155e-03
3.233957864856700122e-03
2.804331553202599799e-03
3.459397243368799845e-03
2.950869663286600185e-03
2.341065433789400047e-03
2.896020917545300173e-03
2.816850495810100091e-03
3.002157469460500078e-03
2.709302626176099925e-03
2.512378511030199935e-03
3.095827347425699969e-03
3.553425309587499980e-03
2.858876806405499880e-03
2.734584559835800087e-03
2.929778625860700141e-03
2.707514770772499919e-03
2.744557005476400049e-03
3.055621610489900070e-03
2.486164139168600164e-03
2.533183873616699864e-03
3.213742707229099837e-03
2.132689003734900089e-03
2.680104307436499862e-03
2.810487641340200099e-03
2.703103968987700077e-03
3.280664663042599967e-03
3.227265138573999926e-03
2.934531657234899955e-03
3.118926119708900074e-03
2.695450771163899941e-03
3.209351435232600004e-03
2.819893112953700178e-03
2.863287443769799937e-03
2.350522173797300191e-03
2.708325474059899984e-03
2.532548633357500044e-03
2.634848895204900190e-03
2.470763070034999887e-03
2.665799889252399961e-03
2.260345051796599971e-03
2.833235342790199791e-03
3.073646929127300028e-03
2.876942809958600144e-03
3.103094815658299834e-03
2.971069167009000173e-03
2.274530608446500082e-03
2.857432407371700202e-03
2.686352994553400063e-03
2.715668793160199920e-03
3.027311304971799961e-03
3.136783262535500043e-03
2.526937586795899998e-03
2.765482487858299861e-03
2.613266062714999800e-03
2.709826332487500020e-03
2.817873990744099860e-03
2.960225270851600185e-03
2.909689286725300212e-03
2.592738609585899801e-03
3.649389519481299835e-03
2.666400904499000198e-03
3.232610037116600069e-03
2.588119318404099797e-03
2.425668689191500058e-03
3.033303696245400090e-03
2.529149745119600202e-03
2.793767939847500124e-03
2.386682726305699824e-03
4.173420254663699584e-03
3.178587819232199952e-03
2.749075366465100149e-03
2.287077643530699856e-03
3.021100000493299933e-03
3.442042781633200196e-03
2.332188217304599891e-03
2.816985718658399866e-03
2.976219224486300208e-03
2.481105173919700198e-03
3.015391249686600033e-03
2.221864947502799788e-03
2.500690357208000016e-03
3.183215197365800008e-03
3.482544768794699954e-03
2.965340042020299903e-03
3.060187591204500089e-03
3.313875136998099911e-03
2.504713043753300020e-03
2.760737852024700012e-03
2.919360669837299960e-03
2.834110442098500098e-03
3.482521798231099849e-03
2.728750699877199870e-03
2.472813840454400006e-03
3.209692948486699872e-03
3.069834206301000172e-03
3.130634125545199865e-03
2.533707400333299990e-03
2.390628677168000170e-03
2.498383151619299868e-03
2.754923257932999879e-03
2.841233165729499868e-03
3.193040225721100085e-03
2.722126953246100170e-03
2.659529989834499841e-03
2.527595528293999794e-03
2.445067831315600113e-03
3.122211979986099818e-03
3.367105234281500027e-03
2.803515123137899964e-03
3.133432316727199820e-03
3.055674996222100016e-03
2.637054339442800044e-03
3.034467269088500074e-03
2.863798083376300086e-03
2.812538355635599806e-03
3.403234643488899959e-03
3.288220305165999793e-03
3.027474507364900144e-03
3.070896834325499789e-03
2.939298828004199837e-03
3.264995376395800081e-03
2.919448966139799942e-03
3.098201686282199985e-03
3.064521831681200209e-03
2.801293815618500094e-03
2.361802490212899872e-03
2.710370805765500036e-03
3.618731789320800158e-03
2.967767080242900059e-03
3.628328286050599982e-03
2.948610278491099919e-03
3.076564008632899899e-03
2.810965150579299802e-03
2.750785605547500113e-03
2.620037013046599798e-03
3.319927097900199960e-03
3.480437276128399947e-03
2.895136403389900019e-03
2.856251131903600211e-03
3.014669256859600199e-03
2.383691031770399961e-03
2.950797502062400129e-03
2.810900150597599786e-03
3.030191657142400179e-03
3.359852015004799897e-03
2.405625161833800044e-03
2.731327232981699878e-03
2.650128571942700090e-03
2.622729236965300106e-03
2.229549142477200117e-03
2.383854731893299793e-03
2.794178076168499919e-03
2.706779068641199798e-03
2.830406698529399842e-03
2.801845297519000178e-03
3.161087613665700211e-03
2.726140099399099789e-03
3.012750109092100174e-03
2.870412830358699905e-03
3.328812011590099977e-03
3.257620675135200049e-03
3.015640175240100196e-03
2.806501120264000022e-03
2.759778284960500132e-03
2.617216391263700159e-03
3.152151274454300170e-03
2.801460660951700030e-03
2.502968481477200070e-03
2.625177220065800024e-03
3.399116825951599852e-03
3.181815105113599846e-03
2.353832965419799805e-03
2.826151319301199900e-03
2.998172800573299830e-03
2.718742216366600104e-03
2.838296387834499893e-03
2.555047842127300146e-03
2.933227911167300087e-03
3.255894054104300096e-03
2.999242260393200112e-03
3.275971801200800067e-03
2.903117713135000034e-03
2.983945672107799971e-03
2.604482206283000208e-03
3.112224567159500160e-03
3.194939685129899801e-03
2.936190105308200075e-03
2.571986751333700180e-03
2.912758734069299804e-03
2.361868368698799830e-03
2.383264822097600020e-03
2.923281579189300049e-03
2.594085150390299920e-03
2.955064923840599808e-03
2.598453808086700120e-03
2.557962135995500014e-03
3.055665448783200216e-03
2.725163740441799952e-03
2.970681101922599890e-03
2.940919029410799922e-03
2.671641387368600077e-03
3.066581638830799973e-03
2.643803363844700154e-03
3.352840813055600003e-03
2.889257485409500031e-03
3.165032051667899908e-03
2.469818270565100199e-03
2.430117955788600043e-03
3.203908353237500117e-03
3.375244602343100211e-03
2.920297360872600115e-03
2.863458981077700131e-03
2.974884528381700061e-03
2.619221237055100078e-03
2.811552716172299998e-03
2.780075171919400064e-03
3.309034971455500004e-03
2.927946451588899802e-03
2.465146539155099997e-03
2.937934783728299824e-03
2.506732333576899840e-03
3.094558628322200116e-03
2.824527467980300199e-03
2.369165681745900084e-03
3.045216844699100058e-03
2.983292155298899843e-03
3.315089068255699933e-03
3.062844195196199812e-03
2.915486177362400060e-03
2.894331231433600136e-03
2.578752125730100070e-03
2.731355190965699831e-03
2.533734813605499972e-03
2.313774405282300120e-03
3.376612422829400155e-03
2.676403798895800150e-03
3.093465107072299915e-03
2.844965724594499933e-03
3.354403679797000101e-03
3.551326829006599961e-03
2.471821080728900041e-03
3.036591516464600196e-03
2.416098788678600062e-03
2.439447171699000039e-03
3.180877350656700214e-03
3.187063127005200155e-03
2.837915580755600176e-03
3.044405731230999824e-03
2.803623398102399883e-03
2.492697257204999801e-03
3.049522474138300059e-03
3.098973304804200201e-03
2.871092255875300116e-03
2.559338462077199831e-03
2.709582688858199959e-03
2.737191515080499883e-03
2.815015466486700101e-03
3.153660924037799806e-03
3.116712862835200205e-03
2.556809963445500194e-03
3.259608164321400013e-03
3.255654731914399934e-03
2.959173451758400058e-03
3.091315028855100028e-03
3.591216436625500018e-03
2.628401614995199993e-03
2.798355324365600118e-03
2.882267278966100209e-03
2.984598567529700083e-03
2.767896548664999876e-03
2.582885777082499952e-03
3.256506466799700180e-03
3.697066059957300130e-03
2.799347650107900012e-03
3.005116293245200208e-03
2.532349243556700127e-03
2.956843692888600026e-03
3.270222499825299785e-03
2.656211278595400124e-03
2.947119468666100067e-03
2.907559298936799892e-03
2.577609612023900112e-03
2.393095456364100187e-03
2.515677405811699800e-03
2.524247724506799902e-03
3.301336077800200077e-03
2.581843610754799932e-03
3.075996718870099844e-03
2.545808708457900083e-03
3.124500666618700018e-03
2.819971367100099994e-03
2.758900567136100129e-03
2.767697507484500122e-03
3.188059215852399788e-03
2.421908017859999897e-03
3.202741307758199835e-03
2.458155570170900139e-03
2.737533666484699788e-03
2.926557230042500009e-03
2.965920852128399888e-03
2.342550400714400131e-03
3.003693893475500171e-03
2.763860791388900087e-03
3.122340324794599994e-03
2.807766218970999920e-03
2.633896245169400126e-03
2.554939447123099824e-03
2.743586821325299987e-03
2.401039812538200129e-03
2.839494861760699825e-03
3.133439897660900055e-03
2.679455801077400019e-03
3.541100353311600179e-03
2.986495090698899815e-03
3.521580339460299997e-03
2.983334738095800003e-03
3.432272574088199822e-03
2.563931690081999986e-03
2.535932952099200118e-03
3.188587119275599919e-03
2.692668544382599820e-03
2.536644266534600171e-03
3.354878038054300102e-03
2.653968427314200122e-03
2.845094052787299974e-03
2.707273324535800201e-03
2.355413157818999834e-03
2.300062872420499845e-03
2.908961136558100170e-03
2.809655121228799880e-03
2.640676055740000076e-03
2.973621101173000176e-03
3.060129717843199787e-03
3.093512415413500125e-03
2.660879008507400188e-03
3.019984225910299878e-03
2.928029327652200038e-03
2.588744760323499934e-03
2.983486967204000088e-03
3.331992454202600210e-03
2.821758020125300030e-03
3.192544832991600027e-03
2.595415618252000164e-03
3.557346162435499805e-03
2.639908187458999984e-03
2.793166777169900188e-03
2.632367212938999806e-03
3.608911139706399897e-03
3.567452850506400153e-03
3.316270155918399788e-03
3.082530799713600021e-03
3.447243525577800040e-03
2.723279102598499899e-03
3.319139875228999982e-03
3.111251800265800015e-03
2.494897457361300135e-03
2.642913100182599836e-03
2.881564607116699882e-03
2.892496568876400023e-03
2.553978484367599999e-03
3.112623853860099939e-03
2.533155215660800024e-03
2.845152162909599970e-03
3.216474440066200043e-03
2.725299539391999853e-03
2.427649834545699947e-03
3.120296848584499811e-03
2.644193602015800035e-03
3.008621353244500009e-03
2.633200982151100069e-03
3.098020442907099825e-03
2.971514229930399993e-03
2.878286458227199973e-03
3.011591961541000128e-03
2.878214911309899971e-03
3.129607515777500099e-03
3.190569319680299897e-03
2.896119739841800187e-03
2.814928611909699955e-03
2.645975926940700041e-03
2.686847809834499827e-03
3.128430816488099973e-03
3.198905757093600203e-03
2.957143530610700094e-03
2.843825954874599875e-03
2.946655658513899941e-03
2.680955947979000043e-03
2.835271331336000188e-03
3.115335624457699851e-03
2.777068563242899961e-03
3.346722433826499789e-03
2.736279493691299962e-03
2.835717185172100061e-03
2.769917594467399997e-03
3.429388647535999875e-03
2.463078460727399863e-03
2.805016820566799858e-03
2.362417692149499943e-03
3.044629366125099941e-03
2.712020916896199906e-03
3.296794862322999925e-03
2.735432073269399977e-03
3.035050177335500091e-03
2.586309755221300171e-03
2.849487260162800097e-03
3.033670887885600142e-03
2.824346304919999988e-03
3.006864409940399920e-03
2.525296300493800206e-03
2.894393323144700114e-03
2.634026327985399939e-03
2.614197154156800134e-03
2.552797849068400102e-03
2.926467505928900207e-03
2.574152976606000186e-03
2.894842460250899793e-03
2.772547289739300033e-03
2.373461332028800174e-03
2.639016399373300160e-03
2.572874686493499801e-03
2.530633969055499921e-03
2.447549115265599835e-03
2.326473211917600131e-03
2.648089170853999957e-03
2.904486627332700070e-03
2.515867832313600175e-03
2.387759319169199899e-03
3.204043210234599863e-03
2.751707992459699863e-03
2.955748188398299794e-03
2.719068472904399934e-03
2.801225772137299914e-03
3.313456236517400063e-03
3.210651942599100032e-03
2.325594412194299798e-03
2.513356014591800001e-03
2.194302784276599798e-03
2.235004563765399885e-03
3.110004538181999813e-03
3.229014947778200209e-03
2.921909528635099982e-03
2.971559899101999802e-03
3.144065963411699950e-03
2.793097252224199887e-03
2.964084119814499978e-03
3.244293997334900086e-03
3.073203535666600098e-03
2.248212116260799899e-03
2.947550788218500188e-03
2.296753507989999794e-03
3.312764476937300143e-03
3.613818896753699921e-03
3.077197635552099929e-03
3.082079527185099983e-03
3.055379014235600106e-03
2.580015194655700152e-03
2.881002257806799909e-03
2.607644002502000017e-03
3.027118889657399916e-03
2.529193554824000004e-03
2.890389775619400022e-03
2.876818586780299867e-03
3.065120544340900217e-03
2.805462659108400123e-03
2.618158513227700126e-03
3.636458193373800010e-03
2.955205413956800073e-03
2.985250593418599906e-03
3.300592850994900178e-03
3.390971070944700204e-03
2.556376287279199955e-03
2.538234437660299818e-03
2.925168760673500009e-03
3.163493990868100104e-03
2.881368131195400067e-03
3.135021030327899902e-03
2.792811505404199906e-03
2.882271745035100072e-03
3.705358861236099973e-03
2.429707330834599867e-03
2.256917138973899874e-03
2.718385185244300180e-03
3.130595697901699878e-03
2.988596749868099953e-03
2.914059639229500155e-03
2.980742115419000079e-03
2.748053180283000201e-03
2.575702612518100069e-03
3.046423530789300026e-03
2.235613195670599958e-03
2.998848248794400151e-03
2.895242146933999818e-03
2.307626503944699894e-03
2.858583506952199881e-03
3.189237861967700056e-03
2.505902268319299894e-03
3.629822209884199860e-03
3.525007814883599974e-03
3.068292588410799927e-03
2.134600599131800114e-03
3.276878309577100062e-03
2.946214254567299917e-03
3.134734595113499844e-03
2.786159492359099963e-03
2.773307136341299824e-03
2.301736836985899832e-03
2.506433872536600015e-03
2.189221009865000185e-03
2.578068582062400214e-03
3.686862938867500189e-03
2.704032966340599864e-03
2.357977074342600034e-03
2.566579921495800061e-03
3.573854630776599796e-03
2.790841034408800096e-03
2.694919953729999970e-03
3.152749497318300086e-03
3.218144153193699952e-03
2.892865728355399971e-03
2.820557016269300155e-03
2.594782510831700195e-03
2.578222790606200104e-03
2.793967654563700182e-03
3.024454967626300037e-03
2.950065761855800214e-03
2.690800384097000002e-03
2.695797038975799795e-03
3.013574947007899817e-03
2.649610256483800070e-03
3.043033527062399910e-03
3.360690257504100019e-03
3.167239240808699882e-03
2.645353478761599837e-03
2.588825333881199925e-03
3.016432696107800189e-03
2.773099028305899948e-03
2.606245390750500188e-03
3.123850399270600153e-03
2.257840805683000024e-03
2.626090734120400082e-03
2.676059658895699883e-03
2.901810143760800032e-03
3.138585408724299790e-03
2.722282476071600024e-03
2.740600319418599797e-03
3.215065987627700132e-03
2.843374014551099983e-03
2.601733008872799801e-03
2.573643982909299983e-03
2.645054047084600089e-03
2.335991673090800046e-03
2.635480457249999957e-03
3.742000137898199904e-03
3.021701206362600086e-03
2.858348913631300094e-03
3.145968504340700134e-03
2.710798366638799990e-03
3.120125170846599957e-03
2.778177714913599838e-03
2.826792851000899803e-03
3.150502936274200000e-03
2.759797119194099934e-03
3.413898191304799972e-03
3.001003011403199916e-03
3.286297770207400118e-03
2.510721944116900157e-03
2.221527356622299883e-03
3.325496974521200116e-03
2.433201825695500108e-03
2.931132784395600044e-03
2.920250606205800070e-03
2.563568666112499804e-03
3.165600460216500076e-03
3.142703586850799889e-03
3.063634349548300002e-03
2.508970232995599934e-03
3.146172466549899873e-03
3.142644025214000152e-03
2.679337563357400177e-03
2.891504127143500191e-03
3.642600641024500152e-03
2.775376963761499831e-03
2.827923443662800056e-03
3.044837115239200018e-03
3.259564026027399804e-03
2.574200386776900017e-03
2.722691394610900120e-03
2.976821875634600139e-03
2.947991248149500147e-03
3.472166245443799888e-03
2.894198986276100023e-03
2.950912338820900135e-03
2.587045463734199968e-03
3.091880529969700045e-03
2.714801693618500069e-03
3.316239152696499881e-03
3.157047122248199909e-03
3.103153590168499995e-03
3.143667020912700120e-03
3.528240421091800080e-03
2.844051512139400117e-03
3.357858122669899869e-03
3.023992585561499982e-03
2.499541481643400165e-03
2.090583469340399903e-03
3.077344100170699946e-03
2.629201183706400199e-03
2.832667723370900156e-03
2.844167583170100193e-03
3.119444727505500149e-03
2.488667555296500151e-03
1.967966586480400081e-03
3.567581923037699883e-03
2.750443549187900003e-03
2.326106422725800205e-03
2.599398735152400053e-03
2.924726310870000203e-03
2.469416950796199904e-03
2.169656966690100205e-03
3.341628548464599825e-03
3.277425436851600076e-03
2.795179587932899914e-03
2.696214349740500178e-03
3.189991195410199834e-03
2.257215369874499868e-03
2.372931383696299992e-03
3.081294326816700051e-03
3.082723800671800015e-03
2.887049225059200048e-03
2.996095521194200046e-03
3.002831146690800208e-03
3.501998490248999906e-03
2.407342736314099785e-03
3.004958082645199993e-03
3.101925273001899901e-03
3.429447393336300127e-03
2.629543739943899800e-03
3.337016417571299961e-03
2.730203951111499945e-03
2.937087464334299861e-03
3.092454559941600154e-03
2.979580830198799799e-03
2.622205760082299900e-03
2.710052793257099885e-03
3.356286087905700072e-03
2.949164176228299961e-03
3.462411965912100178e-03
2.465371200220499957e-03
2.613013618119899850e-03
2.764331370516199832e-03
2.749276577938099871e-03
2.349021651909099801e-03
2.635397703552800047e-03
2.965603842611800028e-03
2.461819927848999962e-03
2.369505150634900002e-03
2.945638001663100202e-03
3.188582680347299900e-03
2.829761901837900013e-03
2.807331807535600170e-03
3.274788242759099979e-03
2.940930235207299837e-03
2.825355863542199867e-03
3.249423463209400072e-03
2.697460216608900136e-03
2.512070475054800113e-03
2.859826294337600074e-03
3.483714257518099894e-03
2.386250569675400085e-03
2.991773545810000150e-03
2.865907032551200020e-03
2.733304120958800036e-03
2.548592528683699815e-03
2.854560929538999935e-03
3.295110099891300059e-03
2.461773038014699894e-03
2.237374715527600151e-03
2.704381449516399857e-03
2.425198108412799942e-03
2.502830263825200127e-03
3.276529923847300123e-03
2.615564389306300214e-03
2.654389157538500094e-03
2.361136714099000208e-03
3.195007549320700180e-03
3.001681292316100112e-03
3.108459525753999846e-03
2.693369648230299878e-03
3.698646549360799785e-03
2.752001218493999816e-03
3.075033086064700091e-03
3.018212784184699966e-03
2.787986791982099803e-03
3.052037587251800205e-03
3.341820396888500050e-03
2.250530929820999861e-03
3.176612728062500144e-03
2.643734723289800029e-03
2.969832715414900005e-03
2.428445301795699972e-03
2.298384830118099798e-03
2.842133292425099919e-03
2.807863896784700171e-03
2.513133871943400155e-03
2.637136034313999986e-03
3.181870116271399897e-03
3.066450763077399957e-03
2.873873703176300053e-03
2.501334188857199867e-03
2.905560345912500207e-03
2.749402281155099818e-03
2.541805192966999864e-03
2.947653226054499937e-03
3.036419022961200052e-03
2.710554146211400194e-03
2.749344630591600124e-03
2.693200461565800098e-03
2.858539341751900002e-03
3.368825423155300067e-03
3.505369514938799867e-03
2.706357954074400159e-03
2.304560297861399810e-03
3.217904105057200082e-03
2.435476618357600154e-03
2.568896048177100096e-03
2.839321271675100070e-03
2.556871201403200164e-03
2.988895796683599827e-03
3.104053775292400005e-03
2.820089073588900180e-03
2.324546208417899943e-03
3.013253043238300118e-03
2.521161830787599801e-03
2.549262952860500194e-03
2.830469405646400104e-03
3.203861884227600116e-03
2.751010810709200206e-03
3.025349003965199790e-03
2.606588027390399805e-03
2.741097710479499950e-03
2.858861989245300127e-03
2.790307348079900090e-03
2.512500982022700113e-03
3.039689870386799893e-03
2.904854411225600130e-03
2.397160006382500173e-03
3.604593023104999804e-03
2.561256194195399814e-03
3.466088186533199892e-03
2.660732635949600126e-03
2.936211614842899886e-03
3.118584305419400040e-03
3.159751916463799954e-03
2.980896323047300088e-03
3.669135105310400175e-03
3.419626440861499913e-03
3.213544837192799930e-03
3.021894137613999852e-03
3.181627584587700102e-03
3.002960680457000039e-03
2.515421457891299853e-03
3.497279935628299936e-03
3.120501289140399908e-03
3.435959402662799953e-03
2.676532972509200036e-03
2.416186168103099871e-03
2.806159520906500136e-03
2.795013664112399893e-03
2.768312816538900066e-03
2.768899811661299816e-03
2.556425640377100062e-03
2.809008821098999981e-03
3.095951005385299843e-03
2.799955793557600079e-03
2.406641154113499902e-03
3.213863372419900003e-03
2.895312004020700151e-03
3.181042166208499899e-03
2.411427049049699907e-03
3.244894117261100039e-03
3.056781812670599820e-03
2.800882537211299948e-03
3.113336538775499877e-03
3.205943033538400082e-03
2.388065567964199956e-03
2.572892478390500191e-03
3.335403335080199937e-03
2.167831777972599808e-03
2.648906420170799979e-03
3.276156660092600058e-03
3.336320922136999829e-03
3.436343092420700122e-03
2.180684781064699904e-03
2.905723229968400038e-03
2.322639302559899917e-03
2.780042255140999837e-03
2.810553463437500104e-03
2.796205585818600185e-03
2.677552564502100156e-03
2.110152417424899889e-03
2.471392965483999813e-03
2.551365754565000209e-03
3.264929369590900167e-03
2.946296696934499852e-03
3.039481901756600074e-03
2.808581613198499888e-03
3.347133010425499839e-03
3.591101214936700137e-03
3.026749330592800116e-03
2.871890773474800040e-03
2.621560557182199894e-03
3.242712033986900125e-03
2.385991813872200169e-03
3.854128014372700146e-03
2.549572625635400207e-03
2.132700973140100147e-03
2.587746048702700002e-03
2.754546119568200037e-03
3.209612166016200061e-03
2.639344345247900212e-03
3.085541512002000063e-03
3.048023218534299996e-03
2.475754463772000119e-03
2.857094743587200187e-03
3.728633158932400087e-03
2.986834881494899920e-03
2.473642133008800009e-03
3.064123298467000007e-03
2.979617249065600118e-03
2.495751566272600037e-03
2.820983413337899929e-03
2.689291537046100203e-03
3.294545523671200005e-03
3.005545181242600013e-03
2.814075182380200001e-03
2.549993269395299869e-03
3.280499255939900004e-03
2.942716581952700174e-03
2.501493190668599865e-03
2.833142748897400122e-03
2.547683043025800176e-03
2.386724225192900142e-03
3.182150414300500066e-03
3.570567000253800204e-03
2.474974758770500001e-03
2.554300500112499824e-03
2.860272903596799889e-03
3.272417826097699916e-03
2.618815069782099835e-03
2.641255675494399904e-03
3.346136935197700085e-03
2.681775779758999948e-03
2.673888746294700216e-03
2.292045512251999866e-03
3.066783421400100153e-03
2.818370766335199888e-03
3.617760196649299955e-03
2.565146508187599993e-03
2.811845689135999884e-03
2.411854426108799888e-03
2.390608182627500158e-03
2.995302285954799804e-03
3.039618291948800212e-03
2.943162091781899824e-03
2.461023345721399976e-03
3.277754692492600066e-03
2.814310687894699958e-03
3.160935973597500063e-03
2.268180935174999788e-03
3.042441755890600008e-03
2.583461615677699798e-03
2.943823241432599967e-03
2.300888819937199799e-03
3.366417285283800076e-03
3.151407031299000017e-03
3.106275600833599809e-03
3.504703760165100209e-03
2.977657750973200165e-03
3.193767414173400137e-03
2.738878871336500060e-03
3.053867777885800085e-03
2.641616688857899818e-03
2.113071256012699975e-03
3.017122076125300194e-03
2.840266880662399920e-03
