1.145524475718867079e-07
1.146360273099071211e-07
1.146447482326622466e-07
1.146475768361198864e-07
1.149922364776995408e-07
1.145841225983560727e-07
1.146067745670510001e-07
1.146083332149273377e-07
1.146516959489557256e-07
1.148498141569297144e-07
1.149354420354660025e-07
1.153943676174273312e-07
1.147248199213392783e-07
1.145803016414089405e-07
1.150172403066933460e-07
1.150125555229569763e-07
1.150172403066933460e-07
1.147263837033683019e-07
1.150172403066933460e-07
1.153943676174273312e-07
1.147603379126294897e-07
1.146287380131985099e-07
1.150355482531084398e-07
1.147193553971757082e-07
1.150172403066933460e-07
1.181477418106881337e-07
1.150172403066933460e-07
1.153943676174273312e-07
1.145284247379647839e-07
1.146345387765320380e-07
1.146370490474412716e-07
1.146101206627201566e-07
1.151167710559614957e-07
1.145696222107074708e-07
1.146840203950015623e-07
1.149965350421510078e-07
1.148191509115705105e-07
1.145803016414089405e-07
1.146287380131985099e-07
1.145166588769169140e-07
1.149658732847269632e-07
1.146909802124331613e-07
1.146178192898663804e-07
1.147122867341896103e-07
1.146083332149273377e-07
1.145817341144521385e-07
1.148847411058701050e-07
1.146107117800773654e-07
1.149775422126260669e-07
1.146932189582941164e-07
1.233682299125149272e-07
1.150172403066933460e-07
1.168965172109539122e-07
1.149567710868493765e-07
1.145788554817825068e-07
1.145696222107074708e-07
1.146248578818792538e-07
1.149405309865185337e-07
1.145817341144521385e-07
1.145524475718867079e-07
1.146601879098420540e-07
1.146368769406052159e-07
1.147029431015942797e-07
1.145772018189566328e-07
1.147588361756087924e-07
1.147337856830699618e-07
1.145524475718867079e-07
1.180727646578876500e-07
1.149658732847269632e-07
1.146370490474412716e-07
1.382145288944961528e-07
1.150025972577997530e-07
1.146447482326622466e-07
1.145817341144521385e-07
1.145166588769169140e-07
1.146178192898663804e-07
1.150144671493555065e-07
1.146601879098420540e-07
1.146475768361198864e-07
1.233682299125149272e-07
1.146083332149273377e-07
1.172265819387671815e-07
1.148250064600464431e-07
1.146516124902097389e-07
1.150579125441908179e-07
1.145907441687404589e-07
1.146118276363766361e-07
1.149405309865185337e-07
1.147527658799131018e-07
1.146475768361198864e-07
1.146248578818792538e-07
1.146447482326622466e-07
1.146813144780397798e-07
1.177221599335425212e-07
1.148143582497972158e-07
1.148498141569297144e-07
1.146475768361198864e-07
1.245610059263502683e-07
1.151765690988727377e-07
1.146277889553841158e-07
1.146071861165798327e-07
1.146248578818792538e-07
1.146101206627201566e-07
1.145711245540611787e-07
1.150172403066933460e-07
1.150144671493555065e-07
1.147263837033683019e-07
1.146954780077791200e-07
1.146502601240468512e-07
1.146067745670510001e-07
1.145524475718867079e-07
1.147029431015942797e-07
1.146840203950015623e-07
1.145803016414089405e-07
1.146287380131985099e-07
1.149567710868493765e-07
1.145817341144521385e-07
1.146248578818792538e-07
1.147029431015942797e-07
1.145514431085188404e-07
1.147641965895721783e-07
1.145166588769169140e-07
1.147641965895721783e-07
1.146118276363766361e-07
1.145841225983560727e-07
1.147248199213392783e-07
1.145696222107074708e-07
1.149965350421510078e-07
1.145711245540611787e-07
1.146313947769766810e-07
1.148498141569297144e-07
1.146447482326622466e-07
1.146543907261942351e-07
1.147248199213392783e-07
1.149396901254058179e-07
1.145696222107074708e-07
1.149922364776995408e-07
1.145195027209959560e-07
1.146601879098420540e-07
1.146543907261942351e-07
1.146475768361198864e-07
1.146654381104564600e-07
1.146446082669130115e-07
1.150172403066933460e-07
1.146048396841952550e-07
1.148920702996599642e-07
1.146071861165798327e-07
1.145377796406196955e-07
1.147337856830699618e-07
1.149567710868493765e-07
1.145817341144521385e-07
1.165059046577892104e-07
1.146813144780397798e-07
1.146107117800773654e-07
1.168966144931113811e-07
1.145377796406196955e-07
1.145696222107074708e-07
1.157123777380251689e-07
1.146248578818792538e-07
1.146511523576259867e-07
1.147248199213392783e-07
1.148920702996599642e-07
1.146447482326622466e-07
1.147193553971757082e-07
1.150579125441908179e-07
1.149658732847269632e-07
1.145841225983560727e-07
1.153049069060009217e-07
1.146475768361198864e-07
1.146502601240468512e-07
1.149658732847269632e-07
1.145803016414089405e-07
1.146083332149273377e-07
1.149396901254058179e-07
1.146475768361198864e-07
1.154006635006376164e-07
1.147527658799131018e-07
1.151836451807183607e-07
1.146954780077791200e-07
1.145524475718867079e-07
1.146118276363766361e-07
1.146840203950015623e-07
1.147478535969310102e-07
1.148847411058701050e-07
1.148191509115705105e-07
1.146601879098420540e-07
1.164991667724362079e-07
1.145772018189566328e-07
1.145573494615343498e-07
1.148881774410451021e-07
1.145514431085188404e-07
1.147122867341896103e-07
1.150622317554016170e-07
1.147248199213392783e-07
1.165059046577892104e-07
1.150579125441908179e-07
1.145284247379647839e-07
1.146932189582941164e-07
1.146502601240468512e-07
1.145284247379647839e-07
1.147588361756087924e-07
1.149775422126260669e-07
1.145823985645996191e-07
1.148250064600464431e-07
1.165059046577892104e-07
1.146048396841952550e-07
1.145907441687404589e-07
1.146446082669130115e-07
1.146909802124331613e-07
1.149922364776995408e-07
1.165059046577892104e-07
1.149412711115513676e-07
1.146654381104564600e-07
1.147527658799131018e-07
1.149658732847269632e-07
1.145772018189566328e-07
1.146107117800773654e-07
1.145788554817825068e-07
1.146083332149273377e-07
1.149567710868493765e-07
1.149396901254058179e-07
1.146475768361198864e-07
1.145195027209959560e-07
1.172372335351599467e-07
1.146048396841952550e-07
1.153943676174273312e-07
1.146107117800773654e-07
1.146954780077791200e-07
1.147527658799131018e-07
1.146475768361198864e-07
1.146048396841952550e-07
1.146106369437428111e-07
1.146654381104564600e-07
1.147588361756087924e-07
1.145907441687404589e-07
1.149922364776995408e-07
1.177221599335425212e-07
1.149412711115513676e-07
1.145514431085188404e-07
1.147478535969310102e-07
1.147193553971757082e-07
1.147193553971757082e-07
1.382145288944961528e-07
1.148191509115705105e-07
1.145166588769169140e-07
1.150622317554016170e-07
1.145841225983560727e-07
1.147263837033683019e-07
1.146287380131985099e-07
1.149412711115513676e-07
1.146107117800773654e-07
1.146370490474412716e-07
1.145817341144521385e-07
1.149658732847269632e-07
1.147527658799131018e-07
1.150355482531084398e-07
1.146178192898663804e-07
