1.206314640344904099e+00
-1.274249517686384114e-01
3.704265122304657987e-01
-1.513732875768207808e+00
-5.912665053519302605e-01
-3.712850762788907910e-01
4.926651229834062562e-01
6.254705862280226514e-01
-4.818866055553040484e-01
-1.166319040066786883e+00
1.694710434160571488e-01
-5.479585207009598502e-01
-1.560890399655705529e+00
1.942332865541206655e+00
1.191302644341926120e+00
1.967362511992603036e-01
-4.795034613176156479e-02
7.391261527209614934e-01
1.108778413739563318e+00
4.081592714483046613e-01
9.589112820750544941e-01
-1.074669616019292562e+00
-1.024042585284680396e+00
-6.253281527427060338e-01
-1.114375758035380137e+00
4.285024543787123164e-01
-1.810972994962465554e+00
2.099301375297026040e-01
-7.660499001247353945e-01
1.479132624310585398e-01
6.406448946120235632e-01
7.388125226913405674e-02
-1.756535843038670164e+00
-3.900495074759002812e-02
4.241703880164361395e-01
-1.610003151037063152e+00
-3.976317106327363349e-01
-3.651088471905322708e-01
4.414413776831717651e-01
4.184263652524247701e-01
-1.180173120317686397e+00
-5.633589416640120140e-01
-2.289038381516528275e-01
1.321996487149532218e+00
-1.099491794289966018e+00
-9.926545017835034512e-01
3.835836680924686326e-01
-5.877405606230471369e-01
1.402497737487909735e+00
-8.166767304736312072e-01
1.039832093446111605e+00
4.255137945960427714e-01
1.701563551334721813e+00
3.607496960800654073e-01
-9.291820234421135360e-01
1.399317894566139531e+00
-4.640262389461681791e-01
4.272111106322001306e-01
2.788674095452292057e-01
4.738793848979060974e-01
-4.670264743581261091e-01
-1.457840291536924848e+00
1.104769313330376423e+00
-1.137295686705568798e+00
5.243548801708978191e-01
-8.452229917697224870e-01
1.679781811023100396e-02
1.376285098496410342e+00
9.813737046452779555e-01
3.042762312628745747e+00
-4.142248964944598710e-01
-5.043796741154110697e-01
-7.990535312261478618e-01
8.100172426158007699e-01
-7.759945985583925898e-01
4.356669336706881501e-01
-1.310953271982596258e+00
-9.659053166292614900e-01
1.413704650394681517e+00
2.901303266009009896e-01
8.520956623911015715e-01
1.218772687714111125e-01
-7.777274998939290307e-02
-4.852314886152737650e-01
2.037815348080940225e+00
-1.458187818898334376e-01
1.147247926614490376e+00
-5.039758466500318113e-01
6.169011556070904539e-02
1.036727360144179100e+00
4.599579401202515405e-01
3.687005475828957768e-01
-1.247205805004139245e+00
-6.249106504567232268e-01
-3.781808975463498146e-01
5.082830076654089035e-01
4.886398165858204523e-01
1.004477768116960545e+00
2.018292874261820913e+00
1.085187203841201820e+00
-5.734542473953772035e-01
1.986275989020069632e+00
-3.951722523821888933e-01
-6.235395701917446631e-01
6.414957621040904279e-01
-9.582094525748147129e-01
3.742999618536844153e-01
2.017812925096842125e-01
2.212591360635675353e-01
6.571061466015432062e-01
-7.626759232919261278e-01
-3.026530132112710825e-01
-1.179464586623689693e-01
6.337788134179103139e-01
-2.591679247631714644e-01
-1.602121411175848331e-01
-1.191562677382197169e-03
-1.544415349901332668e+00
-9.878803009521692768e-01
9.508659800955471253e-01
1.612264259155648638e+00
1.993351996013607685e+00
8.217123012567614793e-02
6.526366678762803852e-01
7.828698732256052228e-02
-2.384286358444987625e-02
6.647928687854244567e-02
-1.850579308245954013e-01
-8.376173668775944714e-01
-7.590853976701390504e-01
-8.848780214449369907e-01
5.516154864034179539e-01
1.423943853402201531e+00
1.679294798751867157e+00
-1.545151588721143110e+00
-1.529393937767569378e+00
1.617908525256160024e+00
6.349426682600112226e-01
1.341013829788335610e+00
-1.877047167393603999e+00
-1.524425318617985914e+00
3.668232202211929027e-01
1.097520105071079444e+00
-9.498791606002455756e-01
-6.635513933336072423e-01
-1.028866539897438148e+00
-1.320381897928411818e-01
-1.174666811051783055e+00
4.648596212140509998e-01
-4.400425871299045721e-01
-1.166913104257290001e+00
1.066624927077436613e+00
1.617543485815240212e+00
-2.204791417821311050e+00
2.070703031253767756e-02
-1.568341824830512765e+00
-4.465106059873653714e-03
-4.108886922716936119e-01
-7.812224911545495587e-01
1.167915262884247740e+00
-7.531796112071632576e-01
1.726256524467415954e+00
7.169071842881910017e-01
2.061806511751562265e+00
-8.639308791834634516e-01
1.376004128948394856e+00
-6.304784551249207336e-01
5.178930271537953711e-01
-8.920484396659587034e-01
-3.702816015144581030e-01
-1.704165229653579416e+00
1.914157526680636545e-01
-9.863232009495309649e-01
3.539945761862081097e-01
-1.224329002687762763e-01
5.773681050106864721e-01
3.393777328980912555e-01
-1.961816232532714865e-01
-3.367355322644884161e-03
1.210173482126070121e+00
8.067491626039825503e-01
1.814321275096218156e-01
-8.742566857110413148e-01
8.770631061031487485e-01
8.468444447974312617e-01
2.163192394142596786e+00
-1.778661393251054490e-01
-1.806085087673362788e-01
-2.425224317998593837e-01
-2.961974327906647386e-01
2.581248078851745009e-01
-1.358088656777212799e+00
5.473414116287865783e-01
-1.990427593394751726e+00
-8.517462125862371725e-01
2.474007746274089037e+00
-9.209401190815033056e-01
-1.263599391160968866e-01
6.664440271681516537e-01
8.455645916890203173e-01
2.243446315853857287e-01
-1.470341948966818579e+00
-1.252747837752970383e+00
-9.467714862591430913e-01
-9.677703421421974816e-01
-1.063820615819627946e+00
-9.843810034744893134e-01
-7.323648611976240064e-01
-2.312836177771816215e-01
1.521638341608467226e-01
-3.377707847382612205e-01
1.293780696589668766e+00
-2.431764654620909571e-01
-1.811979650490030680e-01
1.429506507758788070e+00
6.135545668318812540e-01
-1.050230145772413026e+00
7.816919420980159572e-01
2.626474328050891316e+00
2.182753870463101542e+00
5.615574213050689156e-01
-1.473557431799187023e-01
-1.645378509205511208e-01
3.723481765873013494e-01
8.035658609355482707e-01
1.161548657602773593e+00
-1.127262799931944420e-01
-1.541015243172350280e+00
-1.917916695249345826e+00
-8.954604642366546796e-02
1.239326651674446778e+00
-8.354054552402389033e-01
3.034357512626791875e-01
3.100654322595167711e-01
1.617209901637047587e+00
2.040463971646126140e+00
-7.774627965237483895e-01
-3.802179954788115213e-01
-5.606872299358461875e-01
-4.022624765950700843e-01
-7.966650550869879277e-01
-5.478347071392387635e-01
8.165721938781765887e-01
-1.181091653645892858e+00
3.350637419985982857e-01
-1.538600071025436888e-01
4.881898540708619616e-01
7.793762917740103546e-01
-3.222833007024335505e-01
1.085109519721207949e+00
-2.252935195324793499e-02
1.867878481540049762e+00
2.000514203478537950e-02
-2.570578872961550299e-01
-3.527559694952142055e-01
-4.849825937200307746e-01
-5.708006673940491105e-01
