2.665339469536608889e-03
2.646087759170421497e-03
2.847694005818979853e-03
2.940997811666993481e-03
2.816927519476796534e-03
2.839407062176382921e-03
2.836251501030970755e-03
2.931806089748181018e-03
2.725787793880318603e-03
3.077170997557114769e-03
2.725787793880318603e-03
2.866262893791996207e-03
2.456281250021776982e-03
2.480495808437101646e-03
2.702697016695311365e-03
2.851917448852019608e-03
2.915993066689863238e-03
2.555188276634137810e-03
2.646087759170421497e-03
2.851917448852019608e-03
2.702697016695311365e-03
2.702697016695311365e-03
2.836251501030970755e-03
2.950271129973077843e-03
2.915993066689863238e-03
2.603936556939945388e-03
2.737185953817904485e-03
2.720400619906462522e-03
2.908699072476454359e-03
2.931806089748181018e-03
2.725787793880318603e-03
2.948469501860308522e-03
2.687519829625764547e-03
2.702697016695311365e-03
2.816927519476796534e-03
2.783341808188199464e-03
2.725787793880318603e-03
2.986615018009280888e-03
2.687519829625764547e-03
2.819466167119528792e-03
2.602956682468543503e-03
2.780027824219012504e-03
2.687519829625764547e-03
2.783341808188199464e-03
2.791301874693226642e-03
2.969743349123537754e-03
2.570119245264697056e-03
2.720400619906462522e-03
2.832740542535114748e-03
2.745153306383487767e-03
2.519401867049821803e-03
2.618467414262888072e-03
2.552144511098401996e-03
2.725787793880318603e-03
2.752851901638953339e-03
2.720400619906462522e-03
2.626722246667252333e-03
2.915993066689863238e-03
2.945023086429561163e-03
2.908699072476454359e-03
2.801131042688441430e-03
2.938472609389449191e-03
2.791301874693226642e-03
2.590900831805478810e-03
2.702697016695311365e-03
2.836251501030970755e-03
2.783341808188199464e-03
2.725787793880318603e-03
2.957408060605745594e-03
2.832740542535114748e-03
2.535226739770556244e-03
2.978105450344048499e-03
2.579561355650168350e-03
2.569954064242676878e-03
2.836251501030970755e-03
2.519401867049821803e-03
2.745153306383487767e-03
2.562775617439747109e-03
2.687519829625764547e-03
2.855556665073998458e-03
2.626722246667252333e-03
2.954622212287065161e-03
2.613360125087331454e-03
2.945023086429561163e-03
2.459342720345730759e-03
2.480495808437101646e-03
2.720400619906462522e-03
2.504871009726879118e-03
2.725787793880318603e-03
2.801131042688441430e-03
2.780027824219012504e-03
2.836251501030970755e-03
3.089145215239250640e-03
2.535226739770556244e-03
2.999007926333636682e-03
2.764405016749675592e-03
2.590900831805478810e-03
2.948469501860308522e-03
2.535226739770556244e-03
3.094145442746408514e-03
2.801131042688441430e-03
2.851917448852019608e-03
2.801131042688441430e-03
2.745153306383487767e-03
2.491835284592412540e-03
2.783341808188199464e-03
2.720400619906462522e-03
2.491835284592412540e-03
2.752851901638953339e-03
2.519401867049821803e-03
2.823131222387400153e-03
2.702697016695311365e-03
2.737185953817904485e-03
2.879093371432078774e-03
2.828362831053929296e-03
2.879093371432078774e-03
2.891022719565621533e-03
2.908699072476454359e-03
2.767197346578929504e-03
2.725787793880318603e-03
2.626722246667252333e-03
2.836251501030970755e-03
2.626722246667252333e-03
2.865725809647070264e-03
2.954622212287065161e-03
2.900196589901508134e-03
2.552144511098401996e-03
3.089145215239250640e-03
2.725787793880318603e-03
2.737185953817904485e-03
2.702697016695311365e-03
2.945023086429561163e-03
2.908699072476454359e-03
2.634292286983622947e-03
2.819466167119528792e-03
2.823131222387400153e-03
2.737185953817904485e-03
2.839407062176382921e-03
2.684276260975133194e-03
2.780027824219012504e-03
2.855556665073998458e-03
2.922196769600466423e-03
2.764405016749675592e-03
2.809633525263387655e-03
2.819466167119528792e-03
2.737185953817904485e-03
2.767197346578929504e-03
2.607444048817783144e-03
2.725787793880318603e-03
2.836251501030970755e-03
2.819466167119528792e-03
2.745153306383487767e-03
2.909616762335635876e-03
2.687519829625764547e-03
2.764405016749675592e-03
2.836382553889689028e-03
2.626722246667252333e-03
2.764405016749675592e-03
2.569954064242676878e-03
2.504871009726879118e-03
2.745153306383487767e-03
2.865725809647070264e-03
2.552144511098401996e-03
2.737185953817904485e-03
2.720400619906462522e-03
2.801762563908378068e-03
2.618467414262888072e-03
2.588454282412697843e-03
2.791301874693226642e-03
2.702697016695311365e-03
3.085680565222347158e-03
2.752851901638953339e-03
2.851917448852019608e-03
2.607444048817783144e-03
2.819466167119528792e-03
2.954622212287065161e-03
2.504871009726879118e-03
2.504871009726879118e-03
2.865725809647070264e-03
2.849403954647241818e-03
2.960758376443858690e-03
2.879093371432078774e-03
2.866262893791996207e-03
2.791301874693226642e-03
2.801762563908378068e-03
2.725787793880318603e-03
2.702697016695311365e-03
2.588454282412697843e-03
2.866262893791996207e-03
2.851917448852019608e-03
2.783341808188199464e-03
2.646087759170421497e-03
2.836251501030970755e-03
2.791301874693226642e-03
2.752851901638953339e-03
2.669019611455743148e-03
2.725787793880318603e-03
2.737185953817904485e-03
3.059769512172693957e-03
2.651210058311468266e-03
2.568637540356214985e-03
2.951302690299594227e-03
2.725787793880318603e-03
2.764405016749675592e-03
3.059769512172693957e-03
2.876312552449043769e-03
2.669019611455743148e-03
2.687519829625764547e-03
2.607444048817783144e-03
2.626722246667252333e-03
2.720400619906462522e-03
2.684276260975133194e-03
2.607444048817783144e-03
2.706509596030849847e-03
2.634292286983622947e-03
2.579561355650168350e-03
2.720400619906462522e-03
2.665339469536608889e-03
2.964791356860136534e-03
2.579561355650168350e-03
2.618467414262888072e-03
2.809633525263387655e-03
2.836251501030970755e-03
2.982168256165269003e-03
2.555346797234843252e-03
2.725787793880318603e-03
2.725787793880318603e-03
2.702697016695311365e-03
2.720400619906462522e-03
2.491835284592412540e-03
2.684276260975133194e-03
2.702697016695311365e-03
2.851917448852019608e-03
2.764405016749675592e-03
2.607444048817783144e-03
2.879093371432078774e-03
2.823131222387400153e-03
2.783341808188199464e-03
2.665339469536608889e-03
2.646087759170421497e-03
2.865725809647070264e-03
2.706509596030849847e-03
2.706509596030849847e-03
2.767197346578929504e-03
3.094145442746408514e-03
2.702697016695311365e-03
2.752851901638953339e-03
2.626722246667252333e-03
2.836251501030970755e-03
2.927428378266995999e-03
2.702697016695311365e-03
2.702697016695311365e-03
2.588454282412697843e-03
2.791301874693226642e-03
2.737185953817904485e-03
2.480495808437101646e-03
2.702697016695311365e-03
2.823131222387400153e-03
2.669019611455743148e-03
2.725787793880318603e-03
2.836251501030970755e-03
2.940709520126367441e-03
2.764405016749675592e-03
2.687519829625764547e-03
2.783341808188199464e-03
2.651210058311468266e-03
2.702697016695311365e-03
2.780027824219012504e-03
2.737185953817904485e-03
2.684276260975133194e-03
2.819466167119528792e-03
2.952282634429086172e-03
2.480495808437101646e-03
2.836251501030970755e-03
2.471053698051630353e-03
2.783341808188199464e-03
2.651210058311468266e-03
2.919799995829302098e-03
2.839407062176382921e-03
2.909616762335635876e-03
2.552144511098401996e-03
2.745153306383487767e-03
2.839407062176382921e-03
2.504871009726879118e-03
2.669019611455743148e-03
2.646087759170421497e-03
2.725787793880318603e-03
2.819466167119528792e-03
2.725787793880318603e-03
2.999007926333636682e-03
2.562775617439747109e-03
2.801762563908378068e-03
2.669019611455743148e-03
2.819466167119528792e-03
2.745153306383487767e-03
2.780027824219012504e-03
2.801131042688441430e-03
2.801762563908378068e-03
2.720400619906462522e-03
2.828362831053929296e-03
2.634292286983622947e-03
2.836251501030970755e-03
2.865725809647070264e-03
2.651210058311468266e-03
2.471053698051630353e-03
2.603936556939945388e-03
2.588638446523094418e-03
2.706509596030849847e-03
2.866262893791996207e-03
2.702697016695311365e-03
2.491835284592412540e-03
2.915993066689863238e-03
2.607444048817783144e-03
2.651210058311468266e-03
2.588454282412697843e-03
2.851917448852019608e-03
2.588638446523094418e-03
2.801762563908378068e-03
