1.572644813697122723e-01
-5.415105619307248874e-01
-8.324735167470767028e-01
-2.840644250156459383e-01
-1.600569720504719795e-01
-1.949500656283205680e-01
1.582609945732823542e-01
-5.305387925713963559e-01
1.524981809569047941e+00
8.951267151161703683e-01
-1.860539564837732307e+00
2.381745806833309498e+00
7.536059901275823369e-01
4.971953560432584296e-01
-6.155802588280668841e-01
-8.542227868063410889e-02
-9.054314667573825082e-01
4.573480818054110886e-01
9.357233728197416056e-01
4.910445541691095539e-02
-1.927038243111764526e+00
1.013298943529029605e+00
-1.001838850673940490e-01
-8.699963388867297809e-01
-2.006046115589816825e+00
5.382852364465389172e-01
6.623549238374601411e-02
5.187470805466064538e-01
-1.136528584256485175e+00
4.963789403296009484e-01
-2.573218298811616456e-01
-1.201275846097413780e+00
6.234774273136031164e-01
-3.199329667009370715e-01
-1.768030254738096538e-02
-1.505283050886737917e-01
-1.065186291630316751e+00
8.594926687934779652e-01
7.558908756094460113e-01
-1.232596990345079080e+00
-3.547215177234295247e-01
-2.713961550607096318e-01
-1.054315518645117411e+00
4.281901586529437975e-01
-8.975742620563973428e-01
-1.386712029236309318e+00
3.781790536660998292e-01
-5.258703166493000625e-01
-2.075303138638941558e+00
4.318414963580611277e-01
1.695960355726138513e-01
8.363247985515792626e-01
-7.961715094226012868e-01
-6.412737003530674107e-01
-6.464412252540768788e-01
-4.625269423424714366e-01
6.344549680947505488e-01
-2.006046115589816825e+00
9.087925779302724605e-01
2.141878436833293264e+00
7.566919699668823718e-01
6.573583058465907181e-01
2.241928703813082790e-01
-9.051540963362466607e-01
9.327840456450493534e-01
8.060571824911201277e-01
5.643718139790344646e-01
1.279922817511259803e+00
-1.205496174343775762e+00
9.065280133527130468e-01
1.239523575554343955e-02
-2.371079703465261701e-01
-6.255762541807915154e-03
5.046487141275676214e-01
7.210999212831383787e-01
-5.575086180494935872e-01
1.211781477747631453e+00
5.125935726571945183e-01
4.368341445708060489e-01
-9.156192754112554288e-01
1.922402517371702979e-01
-7.030955798207858543e-01
-6.925838226580911527e-01
1.321373454589601648e+00
8.515246064303724216e-01
2.957281652524098581e-01
5.155911656980012303e-01
2.888853938999473916e-02
5.872877227161802383e-01
-6.637209860493474833e-01
9.726357899890588632e-01
1.791596364552535015e+00
8.473389113783689197e-01
-9.492503811406298730e-01
2.819942406600451368e-01
-1.562760156597823302e+00
1.623623918297828705e+00
7.533129846760667769e-01
1.692676394477998114e+00
3.684394161063007656e-01
8.852253229278885804e-01
3.110238541295593517e-01
-5.353806290426532666e-01
-1.046819184960307236e+00
7.721882209897321658e-01
4.704544192536440628e-01
-1.242403624985467969e+00
1.539798540557267836e+00
7.796455116851799261e-01
1.005941445044714611e+00
-8.863338185643981904e-02
-1.498014570442063875e-01
8.010416876284750520e-01
-6.487334348656220717e-01
1.214848458483360538e+00
-1.452912108767792532e+00
7.091416529827041515e-01
-1.058057881201539763e+00
1.822937784689471430e+00
-9.957797146542002320e-01
5.976128253440378124e-01
4.926112777376686069e-01
-7.026790626262220396e-01
-1.130487258483703350e+00
-1.269420364396077749e+00
2.334818670841836696e-01
3.457838137368497988e-01
1.284258206611828657e+00
2.636698424781312999e-01
9.926235472912842139e-01
-8.010009595083051881e-01
1.172709852477369807e+00
-1.146676039068736497e+00
5.293977960043920739e-01
-6.430274934878640325e-01
1.938849122618159782e-01
-1.368498208640512415e+00
1.672776197543883736e+00
-1.036847015767796920e+00
9.726357899890588632e-01
-8.271826155110852119e-02
1.510630673054594419e+00
-9.070926918622048696e-01
-1.947002674768342212e+00
-2.753850308097405830e-01
-1.145490034425231229e+00
-4.193368358110143856e-01
-9.601078730691311458e-01
6.778983569369532169e-01
9.808008738857734166e-01
2.183281068127939928e-01
-7.526482164901937555e-01
-1.428331395960043881e+00
-1.424657526628173132e+00
8.129532993964101451e-01
8.672924658310071644e-01
-6.046467877249674938e-01
8.929559845953492260e-04
-2.438154374491784682e-01
-4.623593869776401188e-01
-1.755657496921275484e+00
2.154635236914308472e-01
7.158547639205600222e-01
-4.408162652074699706e-01
1.211593361124447377e+00
-3.018015170912368816e+00
-8.218049028840808401e-02
2.265992956760491672e-01
5.263451275095272219e-01
-6.815407083458090431e-01
-1.835442623842712534e-02
1.888031098096240479e+00
-1.520317148089666892e+00
1.261211749076998068e+00
1.622190169413532251e-02
-7.679130863487479593e-03
4.825609205936037260e-01
7.186798977944919287e-01
-1.140240725839424485e+00
1.735415759777832190e-01
6.715218585645584826e-01
1.090844502064914678e+00
-3.061663701437725843e-02
-1.545317133433664392e+00
-8.270857889875029567e-01
2.149549444793828201e-01
-3.210515129362332409e-01
2.666077502346890227e-01
5.534134524955587331e-01
-3.238006100991634995e-01
-2.801797479596609963e-01
-8.756375050844410479e-01
-1.102454669730318138e+00
1.347566962312205296e+00
1.575935986352306362e+00
2.996077512514739305e-01
2.084496147674700373e-01
-4.408162652074699706e-01
1.039784600644739349e-01
-8.653023276489860693e-01
-3.525475880154574360e-01
-4.099247088265591810e-01
-2.261355999204001765e+00
9.286176878061803697e-01
-7.943914582561431015e-01
1.468265921847059285e+00
-1.239754208088558407e+00
2.137696357586432061e+00
-2.402045231076427867e-01
-3.802160387529956997e-01
9.232396972966562254e-01
2.367835962780151515e-01
4.249684377760564180e-01
9.006292033390412843e-01
-9.000394263880562296e-02
1.462479591807159363e+00
6.739351942647557880e-01
8.635451819974148124e-01
5.868622952230494461e-01
3.926616714384127960e-01
9.684171496858542394e-01
-1.260835061498134735e+00
2.274406105914539011e-01
6.372430780657022398e-01
9.464234062494287780e-01
-4.976791765706122805e-01
-4.011180382085126617e-01
4.404175031232453463e-01
9.073993375856143073e-01
1.327832210830913184e-01
-7.445484900397577599e-01
3.870355065744968126e-01
2.852261020821114101e+00
1.121287659412076421e+00
-8.545385669457522537e-01
-1.452912108767792532e+00
1.515481997671754844e-01
-1.531566724822071901e+00
4.423809830913652541e-01
-4.155175120571431568e-01
-4.453122650657313081e-02
1.586503454476585473e-01
-1.364531264408014755e+00
4.520739090293855456e-01
-8.172746122023614168e-01
3.678434058001791435e-02
-1.589010034260692317e+00
-1.011181463119150248e+00
-8.646672788762276296e-01
4.936961561819169231e-01
-4.795793809110542316e-01
-9.197477049825562023e-01
-5.320113761388591822e-01
9.529939472080656282e-01
-4.085233721770569204e-01
4.609686592097762547e-01
1.430226808150981022e+00
5.628250193532660095e-01
5.768139132800266522e-02
-1.820706287199068907e+00
6.973243308494549153e-02
-5.295513941310263650e-01
-9.390362616766619874e-01
2.875172485183130622e-01
7.274193520162421933e-01
-8.140865819484853494e-02
-5.839798354168419525e-01
1.971919265531315357e+00
-6.991722946181763154e-01
-9.388883624932945482e-01
-8.899084937953091190e-01
-1.184878161532376240e+00
1.455125604066799472e+00
-6.455299074898025458e-01
4.998834409888766594e-01
3.076669762627047833e-01
-1.353564080273896186e+00
1.651509858118697327e+00
9.199434872702424437e-01
7.041924566442439026e-01
3.999337314499510909e-01
-1.569919806467581003e+00
9.612659750068440756e-01
1.600858992526689617e+00
2.395905349754857916e+00
8.141455007770234120e-01
-9.011782263079002320e-01
2.175971022862430715e+00
1.928501064418285393e-01
-4.385845462378347159e-01
-5.797496223387010872e-01
-4.426471495007683332e-01
2.824199584705771038e+00
-2.158655563849849024e+00
1.200379370766186282e+00
1.939415153910742928e-01
1.151113509811962698e+00
-1.516565549875730889e+00
-8.204417546814295470e-01
6.265955632586391877e-01
-6.996570951587421927e-01
5.749360304835454683e-01
-9.233953868863885583e-01
1.129303224794890648e+00
-1.718691729830631454e+00
1.037349111104575838e+00
-6.206200024487346090e-01
6.592299558765987166e-01
2.168987767066604899e+00
3.847518916139767708e-01
9.219072351406085164e-02
-7.895168443748108722e-02
1.287769816186542515e+00
-2.672543562270199291e-01
-3.180249979347306022e-01
4.241802138997755045e-01
-3.521962095281687133e-01
1.376632350320861509e+00
