-2.801460170866743038e+00
-9.372303676433619835e-01
6.404242857338674488e-01
-5.864163811556079020e-01
1.688032349944270927e-01
-3.979848844430020627e-01
3.691727764654597066e-01
-1.695234499405720019e+00
5.894808707698634409e-01
5.585745048643581123e-01
-1.512916790687155247e-02
4.756102017681801963e-01
-4.938619517254648761e-01
-1.082487928269540989e+00
-5.957950991059650647e-01
2.864852921755128845e-02
-5.812560380116810199e-01
-1.107971322065332220e+00
6.386253558574298550e-01
5.083800679720534843e-01
1.207231116796180892e+00
-6.953694236850743726e-01
-9.146176653807250867e-01
1.574685173415177664e+00
1.354549233609165793e+00
2.265963425549397670e-01
9.136214041013308584e-01
4.370239431256576768e-01
-3.470569714453427546e-01
-1.753141471680897734e+00
1.117267840848915839e+00
-1.668898744967902692e+00
2.436406980037625902e-01
2.585635971986849704e-02
3.471783899459663369e-01
1.672692326763547677e-01
5.172994133625768987e-01
-1.231779703527049463e-01
1.141102037817137704e+00
-1.959954456591751271e+00
6.484749038598185411e-01
-2.365484681835898217e-01
-6.332094910883030447e-01
7.525280032307344324e-01
-6.767161163736594709e-01
8.376511947184803741e-01
1.220703562236612694e+00
-2.683460337964690412e-01
-1.842917850704131277e+00
1.121648531114632030e+00
4.465737351040713343e-01
7.124023201441025133e-02
-1.180820391851035295e-01
3.245472085893730263e-02
-3.973157033914129777e-01
6.041584413839697909e-01
1.108463854848586588e-01
-1.574146696957931857e+00
-5.685656158900972423e-01
-3.529674483427472920e-01
-1.796026203526139217e-02
3.874463492260712405e-01
-1.639891060827392000e+00
2.891616698846642339e-02
4.740161037136459976e-01
-8.385396239107505423e-01
-8.258388468603946597e-01
-2.931235832979434353e+00
-1.737841223713371130e-01
-1.524816363696306631e-01
1.016997245106772807e+00
-8.432161575728950309e-01
-7.037259873854234682e-01
-9.818138356681845869e-01
-3.880387979145272226e-01
-6.272422129053437656e-01
-2.984681170372815440e-01
1.267740643642845777e+00
4.996831670595280883e-03
-6.056643183492531612e-01
7.058917835213567304e-01
-2.413010284436782005e+00
-7.432871116936027311e-01
-1.017936536118476898e+00
-1.446803990973762333e-01
-6.527251369769188072e-01
8.400287138210273952e-01
1.404491249319032853e-01
1.577526651771989086e-01
-8.149577437982594708e-01
-1.929593009976468265e-01
1.008672347355259236e+00
1.535065401689924558e+00
-1.239143730013580802e+00
-8.679271648068316580e-02
-2.162548053720867447e+00
4.685793410312926732e-01
-4.705888787652143801e-01
-1.686682390824049360e+00
-1.561265080453094534e+00
-4.003164450947442887e-01
-7.613047216443861176e-01
-4.148619581621041941e-01
-1.021328812938959718e+00
-1.924624766266626263e+00
-7.426184637203558925e-01
4.966053824701653907e-01
-5.383221493024329396e-01
1.163010954607642589e+00
1.395206713132817855e+00
9.005003694103553835e-01
-2.252908694425984626e-01
-9.468103506845981787e-01
-1.113693611863177502e+00
1.598353754720446496e+00
1.553240560981836271e+00
-1.439391827815212022e+00
-7.141032481970025492e-01
-6.836357572511481129e-02
3.222976537500956695e-01
-1.521601578323958037e+00
-6.156612241997221346e-01
-1.157919523478187829e+00
-4.057337083539168665e-01
5.326931543903382776e-02
2.382633487013687823e+00
-4.456124576511029389e-02
-2.304096852089950742e-01
4.425968629246440078e-01
1.190628617684613255e+00
-6.096091707271318327e-01
-3.070105596007956517e-01
-7.961489318500301060e-01
7.149441691032037971e-01
-5.433421950707326697e-01
3.673864199240907680e-01
-1.286581390662740132e+00
-6.740627371886442898e-01
-1.299653205753432905e+00
7.911374806014214167e-01
1.426431601179910247e-01
-8.698371444645485173e-01
1.483590736846147062e-01
-3.845688727191663991e-01
1.591907303365278081e-01
-8.333091714105603232e-02
-2.443215982129890163e-01
-8.939868525137667499e-01
-1.430045959211438504e-02
-9.555989312761066223e-01
-1.463595859475046446e-01
2.000566800033516834e+00
8.901488990023669334e-01
-8.687241385185888454e-02
-6.214335373790282058e-02
-3.537461537994524008e-01
-4.189570080967978116e-01
1.027798677657886794e-01
1.253693076314893462e+00
1.804976720432562631e+00
-2.372745316452940512e-01
8.899080390109335159e-01
-5.604808237675705795e-01
6.160970201098361354e-01
5.743257901123436371e-01
1.993560743972037086e+00
4.639526710763351991e-01
8.336498025437121262e-01
-4.267243150533598928e-01
-3.152133655528168571e-02
-8.431708642983583024e-01
-1.266289876272603143e+00
2.715511220052085894e-01
2.644476084371496505e-01
-2.064675614098526069e+00
1.194955951003972838e-01
-1.153174241704429281e+00
-9.386389803863109949e-01
-5.121397612034778168e-02
2.700644963535853149e-01
-1.694775755359976044e+00
-4.643434323351599002e-01
-1.731002841229863698e+00
-3.938561330912490610e-02
-3.330459040921869285e-01
-1.228015742042092517e+00
4.811027075585063706e-01
-1.306345985846581459e-01
4.512211533584460366e-01
8.206339169957101998e-01
-3.563196646605406581e-01
9.129828572041929213e-01
4.418353119931680006e-01
1.044694756705167316e-01
-4.810971096290829474e-02
-6.063331645540673831e-01
2.714621947423986326e-01
-2.101791604144425119e-01
-1.443183175305917665e+00
8.761095857966830214e-02
6.503243023028517644e-01
-3.458673776209052891e-02
5.075606476290219771e-01
5.694174675938279417e-01
1.749346444588873117e+00
-1.491055753695687214e+00
1.093692853740832749e-01
-7.787759594482093206e-01
4.476312968092449607e-01
8.843078477676928895e-01
1.942481084647016132e-01
-9.160041032751776724e-01
1.792258484209681368e+00
2.817493982386041762e-01
-2.701948043852800740e+00
1.907243252719661650e-02
5.750029412319045408e-01
1.499406162580358526e+00
8.937564012819975146e-01
-5.030022328922858499e-01
-1.104071750281069519e+00
-6.164805440174040418e-01
5.319722810585849615e-01
1.370650239098236467e+00
-1.917410953762107850e-01
-4.596588621242501671e-01
-1.575452414107757715e+00
-8.269934318265429463e-01
-2.818032512679435886e-01
1.314607573475250923e+00
-1.035559814052541716e+00
-1.632390665399183094e+00
2.469811985171817825e-01
-7.459502731227269923e-01
7.444143802937074339e-01
3.364424799569990521e-01
6.813440360165174958e-01
2.182466401068771322e+00
6.982072976768713413e-02
-6.024313026642530433e-01
3.412015827750636832e-01
-2.903588355705491453e-01
1.654307042055768173e-01
3.266219436965301925e-01
8.350117970452864968e-01
4.353731393725159271e-01
-8.710616374710395959e-01
-1.741105896009206289e-01
1.131607448801498661e+00
-4.613420085290175221e-01
-1.054503460941284221e+00
6.868168973275839972e-01
-5.448822269154901532e-01
-6.901786633471128640e-01
-3.054503644668281059e-01
-1.062911069383675855e+00
-3.559703055634518276e-01
