2.767747043557699474e-06
2.722879575254977597e-06
2.722657111189987960e-06
2.740059588589942964e-06
2.846473428901882081e-06
2.737024638912250272e-06
2.720362544067040863e-06
2.729548473421820131e-06
2.781785084431206141e-06
2.719931768132334960e-06
2.721365821281716703e-06
2.767405911682816466e-06
2.728059963423052203e-06
2.726010894140642360e-06
2.721324805298166799e-06
2.722879575254977597e-06
2.721998907046784913e-06
2.743755741412645820e-06
2.719598121546124109e-06
2.720961349204862704e-06
2.720969414496616354e-06
2.727282035594566172e-06
2.722657111189987960e-06
2.738651916152371689e-06
2.721376629985915998e-06
2.720738789443224439e-06
2.755815434714128631e-06
2.720653507476720800e-06
2.720318804724858661e-06
2.722305937226227685e-06
2.720969414496616354e-06
2.729299079440242842e-06
2.752071790849831790e-06
2.722616256552980888e-06
2.719598121546124109e-06
2.721998907046784913e-06
2.725454064415441088e-06
2.735379220020243349e-06
2.749810200347765115e-06
2.719676572567787907e-06
2.741408487790931943e-06
2.720808019765099275e-06
2.726663704258279961e-06
2.719598121546124109e-06
2.719676572567787907e-06
2.753203693005727120e-06
2.719937251997644427e-06
2.723654512676254187e-06
2.719598121546124109e-06
2.731775346428730358e-06
2.719676572567787907e-06
2.735755916494197868e-06
2.722657111189987960e-06
2.721324805298166799e-06
2.719931768132334960e-06
2.721998907046784913e-06
2.755432542900934320e-06
2.723441014028708871e-06
2.724832564536706874e-06
2.720808019765099275e-06
2.752071790849831790e-06
2.726171314956605726e-06
2.720969414496616354e-06
2.720808019765099275e-06
2.725454064415441088e-06
2.742590398815213636e-06
2.719598121546124109e-06
2.720318804724858661e-06
2.740091548087804359e-06
2.720808019765099275e-06
2.731792830454902725e-06
2.720808019765099275e-06
2.719931768132334960e-06
2.738253468274941686e-06
2.720318804724858661e-06
2.728059963423052203e-06
2.721324805298166799e-06
2.721716719913236942e-06
2.757345684951093875e-06
2.733264827798523521e-06
2.731112771883803755e-06
2.720653507476720800e-06
2.767527855585847911e-06
2.719689849762620931e-06
2.729299079440242842e-06
2.803700005771302548e-06
2.726591647115707828e-06
2.721998907046784913e-06
2.751439864456275694e-06
2.719689849762620931e-06
2.719937251997644427e-06
2.726171314956605726e-06
2.762105002886432185e-06
2.757972681473329214e-06
2.724969379735709682e-06
2.720727127629131914e-06
2.762105002886432185e-06
2.758550507715607184e-06
2.720961349204862704e-06
2.736543118046579930e-06
2.719598121546124109e-06
2.738566802894200384e-06
2.756638242823860689e-06
2.783212543285215646e-06
2.757648910286653992e-06
2.720653507476720800e-06
2.844732448628828812e-06
2.781785084431206141e-06
2.719937251997644427e-06
2.723441014028708871e-06
2.754653351683934576e-06
2.720808019765099275e-06
2.720318804724858661e-06
2.731112771883803755e-06
2.722616886668546208e-06
2.727716477506145069e-06
2.721324805298166799e-06
2.739281963618970678e-06
3.254970526317929778e-06
2.721716719913236942e-06
2.720965269017574222e-06
2.729299079440242842e-06
2.721920287066908978e-06
2.720738789443224439e-06
2.721365821281716703e-06
2.721998907046784913e-06
2.719676572567787907e-06
2.720727127629131914e-06
2.724116109710340237e-06
2.724101471634172969e-06
2.729722316958647694e-06
2.721365821281716703e-06
2.756328344673328182e-06
2.722305937226227685e-06
2.723654512676254187e-06
2.721716719913236942e-06
2.720961349204862704e-06
2.725454064415441088e-06
2.723483540372456755e-06
2.737212378150160764e-06
2.724832564536706874e-06
2.722657111189987960e-06
2.735269172420025714e-06
2.720727127629131914e-06
2.722657111189987960e-06
2.720738789443224439e-06
2.720738789443224439e-06
2.720961349204862704e-06
2.723654512676254187e-06
2.751918825769719446e-06
2.722616886668546208e-06
2.728830272285865723e-06
2.720653507476720800e-06
2.722616256552980888e-06
2.721324805298166799e-06
2.765060104246886088e-06
2.764044412636368955e-06
2.731775346428730358e-06
2.720738789443224439e-06
2.720738789443224439e-06
2.724101471634172969e-06
2.726591647115707828e-06
2.748049914826806859e-06
2.721716719913236942e-06
2.722879575254977597e-06
2.721324805298166799e-06
2.723654512676254187e-06
2.730689813184025279e-06
2.719676572567787907e-06
2.722879575254977597e-06
2.724116109710340237e-06
2.720653507476720800e-06
2.720727127629131914e-06
2.721716719913236942e-06
2.727282035594566172e-06
2.751488878932198652e-06
2.720362544067040863e-06
2.721716719913236942e-06
2.721998907046784913e-06
2.719931768132334960e-06
2.743191291747895483e-06
2.754839172540334259e-06
2.757429142437947056e-06
2.725611998973887044e-06
2.757079865500956834e-06
2.750826651417927536e-06
2.755024148485032051e-06
2.741408487790931943e-06
2.726591647115707828e-06
2.720961349204862704e-06
2.719676572567787907e-06
2.725454064415441088e-06
2.720808019765099275e-06
2.719689849762620931e-06
2.719931768132334960e-06
2.758894065321731839e-06
2.736381699539765358e-06
2.720653507476720800e-06
2.720965269017574222e-06
2.746832269567674452e-06
2.744624489869641686e-06
2.720961349204862704e-06
2.728059963423052203e-06
2.719937251997644427e-06
2.758405845735396603e-06
2.720738789443224439e-06
2.720653507476720800e-06
2.719689849762620931e-06
2.721779419856318461e-06
2.719931768132334960e-06
2.724832564536706874e-06
2.721779419856318461e-06
2.729299079440242842e-06
2.720965269017574222e-06
2.719689849762620931e-06
2.720969414496616354e-06
2.735269172420025714e-06
2.719676572567787907e-06
2.720738789443224439e-06
2.719931768132334960e-06
2.723483540372456755e-06
2.741408487790931943e-06
2.728059963423052203e-06
2.721716719913236942e-06
2.720961349204862704e-06
2.719676572567787907e-06
2.721324805298166799e-06
2.721376629985915998e-06
2.728830272285865723e-06
2.720808019765099275e-06
2.719598121546124109e-06
2.734631713765585426e-06
2.726663704258279961e-06
2.720362544067040863e-06
2.721779419856318461e-06
2.719689849762620931e-06
2.751077532315967889e-06
2.722616886668546208e-06
2.720969414496616354e-06
2.918288313306107473e-06
2.721998907046784913e-06
2.738253468274941686e-06
2.722616886668546208e-06
2.762080707145394679e-06
2.726663704258279961e-06
2.726171314956605726e-06
2.726663704258279961e-06
2.756332268647298271e-06
2.724101471634172969e-06
2.755229937652768448e-06
2.720318804724858661e-06
3.087217126917176946e-06
2.726663704258279961e-06
2.734631713765585426e-06
2.724101471634172969e-06
2.720808019765099275e-06
2.731792830454902725e-06
2.764641392923164248e-06
2.719937251997644427e-06
2.721998907046784913e-06
2.719689849762620931e-06
2.744559595774865337e-06
2.719598121546124109e-06
2.719598121546124109e-06
2.719676572567787907e-06
2.721779419856318461e-06
2.720318804724858661e-06
2.736537662390082397e-06
2.729548473421820131e-06
2.729548473421820131e-06
2.719931768132334960e-06
2.722305937226227685e-06
2.726171314956605726e-06
2.743839357017384327e-06
2.744552857632582346e-06
2.720318804724858661e-06
2.721324805298166799e-06
2.721376629985915998e-06
2.758405845735396603e-06
2.720808019765099275e-06
2.719937251997644427e-06
2.720738789443224439e-06
2.721324805298166799e-06
2.741800343331999038e-06
2.744624489869641686e-06
2.746832269567674452e-06
2.793229911619933647e-06
2.760729086415651288e-06
2.719676572567787907e-06
2.720362544067040863e-06
2.720965269017574222e-06
2.720362544067040863e-06
2.815369609887213174e-06
2.726171314956605726e-06
2.720808019765099275e-06
2.719598121546124109e-06
2.756328344673328182e-06
2.721324805298166799e-06
2.721324805298166799e-06
2.736311552649392990e-06
2.742590398815213636e-06
2.720969414496616354e-06
2.725454064415441088e-06
2.720808019765099275e-06
2.743839357017384327e-06
2.721779419856318461e-06
2.764641392923164248e-06
2.724807065301989533e-06
2.721779419856318461e-06
2.720808019765099275e-06
2.726010894140642360e-06
2.738253468274941686e-06
2.743839357017384327e-06
2.758276692114380435e-06
2.720961349204862704e-06
2.741408487790931943e-06
2.722616256552980888e-06
2.721920287066908978e-06
