3.149589176717999990e-03
3.028509267921100211e-03
7.664213197230499743e-03
7.130858495736100075e-03
6.614189201819199726e-03
2.853652930561399997e-03
3.238036415225300016e-03
3.778186439375000143e-03
3.360434024588299963e-03
3.317952712821899911e-03
3.139484347438800064e-03
6.403415873930299630e-03
3.468539371214799868e-03
3.233333170355400053e-03
3.719004732934899984e-03
2.817277163252899889e-03
3.136408638996399881e-03
3.425760429979499838e-03
3.565614111641200127e-03
3.347702144055999911e-03
3.645828333177900029e-03
3.572427726633999913e-03
3.215393275709999953e-03
6.590916013425599657e-03
3.192507234663799921e-03
3.275239609807099883e-03
3.626483450087399866e-03
3.028190532367199851e-03
3.445746818299900028e-03
5.696353010910800395e-03
3.396868342839000181e-03
2.829027360978900001e-03
3.420568796354600018e-03
3.282783674865100056e-03
3.232948510453199920e-03
3.180797541702700022e-03
2.945601475725399994e-03
6.813263446096100122e-03
8.508037620426100664e-03
3.557240935251899938e-03
6.108899926835000341e-03
3.448959885660800046e-03
3.224739744062900173e-03
7.353182431436299654e-03
3.893941642533700013e-03
3.403709099873199976e-03
4.102947624232400163e-03
3.172066925694899935e-03
3.246168676366600111e-03
3.301227586858800165e-03
3.501230162252500205e-03
2.895753717497299897e-03
3.267596950024200149e-03
3.670132294465099868e-03
7.068374996747200066e-03
3.260157335370300179e-03
9.013671915675300350e-03
3.222075757447900000e-03
7.538413026273099900e-03
2.793912052060800073e-03
2.967513250549599912e-03
3.307300766880099784e-03
3.684082272733499828e-03
3.192728736326499919e-03
3.176987698704500113e-03
3.306126423969899929e-03
8.242279615881500238e-03
2.997459973891699984e-03
3.118876469666200055e-03
3.093917528974499901e-03
3.161388512780200031e-03
3.172294236106900072e-03
3.639600127633299976e-03
6.780536428738700126e-03
3.326849583704299951e-03
7.857974106594599675e-03
3.388214505074899942e-03
7.296691432323500030e-03
2.823335602469999837e-03
3.945859731248399851e-03
3.398230400600000135e-03
3.366143681986899939e-03
3.023672773477099895e-03
3.110666866843300044e-03
6.484196579203799736e-03
3.310312690773400002e-03
3.230081557983000180e-03
5.727872573319799793e-03
3.220066683387899815e-03
8.297620655341600773e-03
3.158022618127800159e-03
3.289302356355099967e-03
3.139674606766200068e-03
8.045142901586600434e-03
3.400843028774699819e-03
3.233309226290800083e-03
2.950039401913599844e-03
3.200517414367100039e-03
3.486076387583200188e-03
3.469049467034799814e-03
2.876874623875100203e-03
2.982627199681600096e-03
9.013671915675300350e-03
3.380322287669300114e-03
3.116652329830100002e-03
3.352972284732200128e-03
8.355150911093100694e-03
3.073310966303800101e-03
6.304208427232799866e-03
3.022798495916699784e-03
3.195884099095600180e-03
6.164250336872700332e-03
3.226754574327700062e-03
3.241742658047299958e-03
7.899116101082700667e-03
3.567958508002799962e-03
3.200651945124300107e-03
3.300690110121700174e-03
3.095351458999499959e-03
3.037940234497599982e-03
3.572996945179999963e-03
3.317790668385400127e-03
3.351252056167200108e-03
3.325047532364600131e-03
3.145381910478899784e-03
3.259909706072199910e-03
6.072530206919800333e-03
3.101388055094999804e-03
3.252870497012999920e-03
3.570661104128900094e-03
3.340426340576200127e-03
3.615344633427000024e-03
3.193808246735499890e-03
3.265149118320499842e-03
3.334193321764099792e-03
2.875674060140200050e-03
3.273330864777700046e-03
3.312821504708400155e-03
3.269018282742299896e-03
2.689341030819299844e-03
3.163431044866099953e-03
3.132628068093399991e-03
3.235327575015200033e-03
6.145668062813400279e-03
3.254286474501599802e-03
6.897112951662599800e-03
3.297678239769600075e-03
3.393022107505399860e-03
3.308454944742599858e-03
3.259866880386800073e-03
6.570921632611999644e-03
6.833028424962000157e-03
3.231615181662800002e-03
7.862681037137400630e-03
3.704812779863599949e-03
7.151789667724299873e-03
3.019902860675799817e-03
3.214195777862500093e-03
3.041321067679800174e-03
2.874053827775000132e-03
3.191454049954399810e-03
2.930438659302400054e-03
2.960061673188200005e-03
5.511272606127899827e-03
3.595337770762600110e-03
3.384480609843100105e-03
3.242457711014200012e-03
3.182354660271100033e-03
7.090979427583000115e-03
7.487856331937399641e-03
7.588787870883200240e-03
3.212534066757199991e-03
3.302435548467899835e-03
8.192620054493499407e-03
7.790154082044299828e-03
3.663187642838100066e-03
3.521383830701300174e-03
3.287211873451900170e-03
2.988520416471599980e-03
2.988167003226500137e-03
3.394261011066099839e-03
3.357710978229999903e-03
3.406900696413799924e-03
3.312887201169899785e-03
3.249213773471600064e-03
3.438866325976999792e-03
3.197222780744900152e-03
3.043936755169100120e-03
3.152459318360800213e-03
3.128618613661799872e-03
3.570919805855800148e-03
3.212113524114800119e-03
6.725329601581900123e-03
8.707566030547099489e-03
3.534446207385400201e-03
3.269987130744199996e-03
3.507873473657299908e-03
3.485987370686699938e-03
3.665464676896500011e-03
3.084750833523100186e-03
3.129414802101200196e-03
3.537478321078999909e-03
3.332005305049299919e-03
3.197217241168200021e-03
3.244470413037700129e-03
5.667902381379199758e-03
3.480900831214699814e-03
3.254511904127500160e-03
2.840944516291000164e-03
3.124440781008599836e-03
3.515508064234299825e-03
3.233528285133300054e-03
3.060315445387300042e-03
3.099353244884799942e-03
6.091590364593999982e-03
3.215650516243599970e-03
7.030151533557200266e-03
8.561029611494899369e-03
6.124890754795099708e-03
3.107987108481499814e-03
3.454388972699899869e-03
3.502195089214600165e-03
3.371944333107299973e-03
3.616961404425599914e-03
3.269984225660299993e-03
3.697637954600499922e-03
3.357034583139600036e-03
7.310096201053499672e-03
2.871132881128799896e-03
7.275450905828599775e-03
3.264378520508500088e-03
3.228250432620300044e-03
3.153640297780800107e-03
7.009600544983399933e-03
3.229872877474200023e-03
3.714191487745599918e-03
3.617353747713499858e-03
3.248273537818000076e-03
6.613199019675699598e-03
3.395903139609099917e-03
8.160858171799000374e-03
3.877895533885799845e-03
3.110323991134800008e-03
8.293439153905100142e-03
3.216115027042699970e-03
3.352469328703100177e-03
3.186271127426699903e-03
2.876477906469299909e-03
3.523505152904499952e-03
3.338919277920300143e-03
3.114875926107000138e-03
3.201061085942900203e-03
7.445293479771099981e-03
3.736179509898999822e-03
3.446343865102299842e-03
3.429108136496600203e-03
2.996562171404600072e-03
3.220242747403300170e-03
3.364790375570100075e-03
2.877652351957700038e-03
7.151789667724299873e-03
3.304950075003699941e-03
3.248454905232500082e-03
8.707566030547099489e-03
3.347823662666199896e-03
7.601799503897900198e-03
3.141823493980600100e-03
6.019956968407400195e-03
3.467079654841099829e-03
3.548112185044800197e-03
6.879476061349100099e-03
8.286993996817900235e-03
2.863414640031699838e-03
3.361224251259300154e-03
3.417719424531600030e-03
3.150897272890799961e-03
3.143900939745399806e-03
6.780536428738700126e-03
3.195162593920700036e-03
6.270800430451899804e-03
3.451766208101000183e-03
6.837507598244600172e-03
3.306576029418500061e-03
8.141642766312599463e-03
7.431289062647300318e-03
3.054990081533000019e-03
3.023678432179999816e-03
7.630832608553899700e-03
3.270561996410800178e-03
2.848209523153399925e-03
3.219917156904999935e-03
6.747611419773600142e-03
7.336053885150100283e-03
3.319623213468500100e-03
3.356879902590999883e-03
3.614972458438399806e-03
2.992980588350199842e-03
6.971332318540000156e-03
3.570735967056599958e-03
3.210537157881099973e-03
3.414265260909900117e-03
3.103217304424599806e-03
3.212923286080600089e-03
3.609936280348099991e-03
3.317584477994399862e-03
2.805734469146000092e-03
3.328960471939400052e-03
8.448638552328899265e-03
7.284856024684399634e-03
3.314842840935599937e-03
3.194220271182900139e-03
3.221037009086200054e-03
3.385470323368599925e-03
6.256866563624399573e-03
3.597523687074500199e-03
3.343277909337499798e-03
3.181514936583400115e-03
3.159253657826000157e-03
3.157511582833799884e-03
2.936639890076400174e-03
7.753642210352199894e-03
3.049766423825599811e-03
3.253655423746600137e-03
3.261300144788099875e-03
6.539098892436000232e-03
3.218510249566000191e-03
8.126576930012799349e-03
3.167377345028199887e-03
2.644229356327399989e-03
3.194885487049900150e-03
6.484196579203799736e-03
3.049026324849199877e-03
3.214622131932499960e-03
8.928848349037199830e-03
3.402939636682299988e-03
3.396923081871000040e-03
6.666791762730999923e-03
3.125829772930300166e-03
3.695112787055200056e-03
3.043444255296400090e-03
3.002484792408500070e-03
3.128767647889000008e-03
3.570134642918800210e-03
3.200523608507900141e-03
3.364093020781199969e-03
3.466362082267999880e-03
7.047587429462900260e-03
2.947938776637799851e-03
6.466041904053199986e-03
3.058774037314400049e-03
3.019438532609699990e-03
3.117415216047699812e-03
3.726328022891499999e-03
3.179232811854300084e-03
3.123604355003800105e-03
3.400483221476500052e-03
3.097327143926800145e-03
6.838088041510599624e-03
3.653532059445200198e-03
3.377198756469300053e-03
3.143228682890499871e-03
2.767962619037900047e-03
3.900380352237000151e-03
3.167830806567599987e-03
3.483241107486999971e-03
2.786916967735200094e-03
3.559174384581299984e-03
3.190927894742400048e-03
3.318925655790999976e-03
3.143433580826800015e-03
6.583819533128999583e-03
3.211401348154600214e-03
3.170117710348000113e-03
3.216037980207199845e-03
3.496124167131499805e-03
3.327331334170500077e-03
3.620245983626699856e-03
6.618408113205400019e-03
2.944962298593800046e-03
3.175867359985699856e-03
2.883539774542700010e-03
3.535438383272299871e-03
7.987450602673799860e-03
3.714250883295299854e-03
3.189459069748499902e-03
6.072530206919800333e-03
3.578732812907900115e-03
7.008886207509000196e-03
3.093047862355299826e-03
2.811743031434799870e-03
3.503271992752800181e-03
3.181760514125199935e-03
7.588787870883200240e-03
3.395038097357199955e-03
3.225979122641799840e-03
3.608446094173500124e-03
3.410432966409200194e-03
6.738477551375300113e-03
3.555682440567899984e-03
3.111320314934099950e-03
3.127270489814299934e-03
3.338888970053200018e-03
3.039310276264900208e-03
3.129213860605599851e-03
3.210578759445300006e-03
3.248166792707399969e-03
3.318167098611999981e-03
7.498758190479099840e-03
2.910981104587700031e-03
3.187404761351300166e-03
3.310094678077100082e-03
3.391625408945800075e-03
5.716102779040099606e-03
3.034873815280099939e-03
2.962672258414799937e-03
9.279865258940700468e-03
3.377047512318400151e-03
3.205569756355800166e-03
3.333040302144500179e-03
3.414692536020399929e-03
3.320359217581600030e-03
3.891144544753200041e-03
8.348464110298599999e-03
3.173859114515599922e-03
3.205706391699199992e-03
7.296691432323500030e-03
4.024554354006000360e-03
7.918503140250500796e-03
3.361512365720300058e-03
3.102449902624899915e-03
3.407026651071700090e-03
3.304177868884700022e-03
8.083771063416799602e-03
3.326712243914199934e-03
3.502768575586000157e-03
6.030305441140300197e-03
6.326884237591599673e-03
3.015330110015700203e-03
3.137574150976200037e-03
6.724401971794300055e-03
3.266212784714700012e-03
3.554230032531699793e-03
3.189357461188199912e-03
8.145100059430400441e-03
3.585877030767600174e-03
2.929195425948200211e-03
3.485553102780899852e-03
3.157174150206199913e-03
3.396209637668999928e-03
3.333273911279300162e-03
3.335698405876500166e-03
3.179265148800099975e-03
3.244440095021000094e-03
3.450893735493299960e-03
2.842469678259199918e-03
3.329923070750299974e-03
3.420872336930099854e-03
3.574253042425500071e-03
7.418777097896499598e-03
3.866363064473700081e-03
3.311659085904499877e-03
3.109575607132899783e-03
3.396575844777499891e-03
7.130858495736100075e-03
2.966641907900600082e-03
3.391544430649700171e-03
6.148915516973999656e-03
3.183472737183399952e-03
3.510899014558600036e-03
8.365180540640400342e-03
3.459990408235099832e-03
2.989019626191300079e-03
3.131824776508900215e-03
5.199311127962499834e-03
3.110634517572900045e-03
3.301841647152700156e-03
3.038876542850399865e-03
3.179862803420200040e-03
3.095096851202900137e-03
7.797565404668600070e-03
2.998202367199500132e-03
2.766021019235600110e-03
3.437959818192999877e-03
6.287040542144100262e-03
3.248063367028100005e-03
3.298670477137099870e-03
3.066978969078200216e-03
5.889400195852999981e-03
3.256547432843899872e-03
7.643747152130800360e-03
6.037863242951699641e-03
3.137846095541500183e-03
3.149382065766600115e-03
6.745396847778500037e-03
7.431289062647300318e-03
3.663882579851399784e-03
6.530356240402599918e-03
3.300214247292199837e-03
3.193192680126499903e-03
3.373915562620500002e-03
3.264914001541900125e-03
3.241195905874099791e-03
3.060958572378899827e-03
3.245424879137399823e-03
3.174522999903299850e-03
3.443868856468699884e-03
7.259015231966099713e-03
3.182428711235400168e-03
3.556202476635499793e-03
7.333037754151799752e-03
3.758771415491699800e-03
3.111861120346099893e-03
3.055404362885700068e-03
3.387152010331500023e-03
3.204682700530999892e-03
3.104643164973199844e-03
3.371136801436400154e-03
3.226664723328899996e-03
3.050233899647100157e-03
3.302236813887100136e-03
3.624531628836599826e-03
7.421488819364299890e-03
3.244304368998700023e-03
6.349853772876900421e-03
3.426039167839900045e-03
3.041348180339800093e-03
2.955512594078699845e-03
3.082833177015300088e-03
3.281389264478100018e-03
3.806570623927100095e-03
3.515248148042899885e-03
3.413081637523000204e-03
2.902989588304800191e-03
3.639964325392799818e-03
2.959121353385399823e-03
3.015472077573800192e-03
6.618408113205400019e-03
6.230604244452099885e-03
8.095690808789999388e-03
3.468023638429100150e-03
7.353647701386300216e-03
3.399601598833399893e-03
3.112898619006699858e-03
3.294269475353699822e-03
7.008886207509000196e-03
3.443682859786299875e-03
8.656257586145400112e-03
3.256695463405799833e-03
3.389163031223300145e-03
3.142528455561699810e-03
7.601029569872900203e-03
3.365382713015100183e-03
3.699580274318200156e-03
2.788413646573699965e-03
3.018005399376800114e-03
3.242362180772299842e-03
3.212701819590900020e-03
3.120481695428300051e-03
3.461500932019699866e-03
2.885242139073599960e-03
3.021660544269900214e-03
3.366059687171800169e-03
3.370880931114499882e-03
3.212448318816599983e-03
3.199931758513499883e-03
3.740787987551800076e-03
3.701442159534100006e-03
3.098186653096099939e-03
3.263159447037999785e-03
3.362865637368699957e-03
3.308773298683600084e-03
3.157392335771200091e-03
3.091617805452199792e-03
3.081263780815599995e-03
7.609167334353300269e-03
7.224404245214000389e-03
3.164705292746800187e-03
3.252577488762800183e-03
3.695458177721299906e-03
3.249842239955099809e-03
3.164419135614899865e-03
3.365896702865199801e-03
3.494389215786999903e-03
3.850231868075100049e-03
2.935785228205900141e-03
3.394808340353799858e-03
3.577180965717500008e-03
3.412373295420800031e-03
3.298428979617400170e-03
3.407721949742299836e-03
2.842359400755100143e-03
3.499261476909700137e-03
3.445251666541099961e-03
3.456977531476699856e-03
3.648993877272199877e-03
3.084240836838000183e-03
3.497365290704899932e-03
3.402641633719899993e-03
7.259179603917399748e-03
3.089782675191100197e-03
6.052968085431299772e-03
7.599304939178000429e-03
6.063347100414300320e-03
5.924980389237900422e-03
3.115951656526900169e-03
3.437909394564900127e-03
3.413870150393100156e-03
3.212492900835400150e-03
3.229550202974400177e-03
6.554960894612300339e-03
3.399623249063199806e-03
3.680600911253799866e-03
3.461470388092299962e-03
3.205968283627600151e-03
3.125566029811200144e-03
3.213384251192300152e-03
3.499788438228700060e-03
3.327025955300399931e-03
3.363732825044099799e-03
3.603938195625600027e-03
3.389800947659399842e-03
3.172654819939199882e-03
3.069964189337599965e-03
3.584587631257199914e-03
3.087731885664799988e-03
7.899116101082700667e-03
3.119407010592999824e-03
3.564994380817000045e-03
3.325841012807200132e-03
3.375438992607099949e-03
2.809158882776200197e-03
6.897112951662599800e-03
6.918499221353099742e-03
3.308024047299600121e-03
2.943649724785499851e-03
2.939264719113799783e-03
3.261678381809900162e-03
3.186663452893000181e-03
3.271666625942800093e-03
3.079041351963499821e-03
6.181150463864200362e-03
3.223143156176800153e-03
3.441127921080800161e-03
3.665320371479800169e-03
7.978606977570100456e-03
3.513211220054600001e-03
8.118839746406999666e-03
3.332500107932300209e-03
3.087874664414499981e-03
3.373201723103699898e-03
3.383334008811700062e-03
3.387753373555400013e-03
3.036882286938099879e-03
3.510223053469699837e-03
3.022573381768799920e-03
8.190549988471899912e-03
3.588428410222600090e-03
3.387528730731199835e-03
3.080079603012899920e-03
3.362401505116600128e-03
8.192620054493499407e-03
3.469920601282800061e-03
3.187512789785300078e-03
3.463751996860799792e-03
3.353583756913899871e-03
3.160675992843000031e-03
7.169764091997100387e-03
9.093933410382100055e-03
3.820755687819800146e-03
3.105597508190399789e-03
7.420155143831599735e-03
7.258470383493999950e-03
3.370513780397699916e-03
3.373895088762300046e-03
8.639276152041899456e-03
3.462844244229399803e-03
3.215197454955999890e-03
3.399820572523300048e-03
3.031170132741799889e-03
3.257165352835099913e-03
7.030404089891999740e-03
3.155319314679300158e-03
3.258318324342899825e-03
3.125823805280500065e-03
3.115432845739500144e-03
3.668436550961599873e-03
3.264140047457399999e-03
3.313250150415599903e-03
2.991050419906699995e-03
3.234792261975899964e-03
3.102423926816200161e-03
3.539716083005199979e-03
3.336673662074900182e-03
3.115276026454400025e-03
3.657776029707800192e-03
3.412356576305900207e-03
3.203591597544199875e-03
3.421496719951400145e-03
3.119123965660500035e-03
8.190549988471899912e-03
3.478581022679799999e-03
3.558158921689400216e-03
6.181150463864200362e-03
3.525081034923700004e-03
3.159667274743900058e-03
3.664520012357899963e-03
3.255705142588600012e-03
2.898919130271100132e-03
3.499853369224999785e-03
6.724401971794300055e-03
3.153802888305399978e-03
6.287040542144100262e-03
3.318736633668599879e-03
3.059722738902299986e-03
3.383501863820399889e-03
3.791433417794600001e-03
3.265443038235300161e-03
3.371579517432399861e-03
3.073761440830199976e-03
3.411590291820399811e-03
3.193794152419300071e-03
3.076413503770700133e-03
7.304773348658200049e-03
3.238913949803200014e-03
3.120972021862099873e-03
7.090979427583000115e-03
6.637919713531099594e-03
3.375088178087300161e-03
8.418741554137300701e-03
3.187690264695299935e-03
5.766081834954799902e-03
6.538079457325100124e-03
6.485518294245900227e-03
3.437087446803599889e-03
6.344016687300300071e-03
7.904858551601499569e-03
3.449416277977400067e-03
3.088963951838500071e-03
3.195449312041299863e-03
3.072848722527100201e-03
3.000693921509599987e-03
5.824043769279699939e-03
3.268611397184400212e-03
3.277662297913199949e-03
3.028421517617100114e-03
3.575341849134999837e-03
6.626014147884200060e-03
3.146910962312099956e-03
2.958800812166300070e-03
7.009600544983399933e-03
3.747596049597100038e-03
8.156676827670100716e-03
3.699946436125400081e-03
5.585141713860600036e-03
3.373802715711100159e-03
6.741293989980299758e-03
3.265046220236400044e-03
3.247201906180800009e-03
3.454991408156399876e-03
5.511272606127899827e-03
3.102601923289499946e-03
9.362657075511199647e-03
6.437702472720100051e-03
3.139971828765600066e-03
3.124661523627400052e-03
6.542612356696900049e-03
3.462247890017899985e-03
3.001266287534899799e-03
6.727749303406399713e-03
7.021904191326300108e-03
3.160689905202399962e-03
6.962779427070299801e-03
8.057816445654199938e-03
3.029194054872399837e-03
3.530258739822099943e-03
2.849084118537000086e-03
3.486290208896299959e-03
3.360671680804199878e-03
3.320491855421000161e-03
3.102232430022599900e-03
3.173047488550199881e-03
3.319134262309000102e-03
3.069083879804400134e-03
3.023240387340600088e-03
7.662870469362799940e-03
3.195550506784999942e-03
3.256127861121999815e-03
2.958612211253700084e-03
2.969000143109200122e-03
5.822001171945400018e-03
3.369391553479699798e-03
3.119104661118199829e-03
2.951357909631799944e-03
7.211521138676599968e-03
3.683018163620199997e-03
3.115074857508000165e-03
2.899657519136999810e-03
3.065939888628499942e-03
2.934533750077799805e-03
3.170197050955200161e-03
3.203414438289300167e-03
3.210268454297499855e-03
3.137857817001099992e-03
2.806794937146700128e-03
5.883378224174599762e-03
6.624471236025399577e-03
7.797565404668600070e-03
3.126781787127599996e-03
2.993764724630699949e-03
3.134413866992999918e-03
2.994123791158700195e-03
3.297967854340499994e-03
2.929460072838300112e-03
3.644294974331400028e-03
6.039376820323199939e-03
3.595341187189099886e-03
3.697369842377800156e-03
3.179959665305600106e-03
3.258638010680200113e-03
3.191746770080900169e-03
8.418741554137300701e-03
2.991672997018900073e-03
8.126576930012799349e-03
3.267927915964400146e-03
7.353647701386300216e-03
3.240965911891699903e-03
3.079308001428800005e-03
7.304773348658200049e-03
3.225753552567000009e-03
7.643747152130800360e-03
3.406204804280000154e-03
3.096540875405499882e-03
3.084528647217599836e-03
3.120251876697100000e-03
3.377312876262100142e-03
3.341654627500499804e-03
8.305983244365799587e-03
2.930487218586299951e-03
3.097479744175599820e-03
3.435699611557499911e-03
3.139442452954899817e-03
9.333489022901899496e-03
3.169593577454599825e-03
9.799467758338800683e-03
3.207591137035499789e-03
3.387461251426299950e-03
2.842995132709000110e-03
3.409800936416000020e-03
3.108092763712299797e-03
3.429590235020000145e-03
3.339441014560599972e-03
7.558365780262900346e-03
6.403415873930299630e-03
3.225212074104700111e-03
3.234075420946200090e-03
3.453388808076700116e-03
7.286924512397900330e-03
7.258470383493999950e-03
3.861482048367100104e-03
5.883378224174599762e-03
3.238176759177300180e-03
3.159229714511499823e-03
3.716164422250299929e-03
3.202619922425600178e-03
3.252191311743500134e-03
3.625912999079400172e-03
2.879993400463699924e-03
8.136735239928000185e-03
3.456041754553999985e-03
3.278673570661800110e-03
6.561929795581900038e-03
3.187737677699900053e-03
3.477201799264200040e-03
2.995391952638200121e-03
3.043928615758500177e-03
8.293439153905100142e-03
3.315501290320100203e-03
3.104790855821599853e-03
6.724663799471199827e-03
3.381386866441600005e-03
3.039495001125100144e-03
3.325868896252000186e-03
7.152791577138199568e-03
3.711408985635599855e-03
3.435402205284000029e-03
8.242279615881500238e-03
3.104475627026699863e-03
3.672932825803000047e-03
7.284856024684399634e-03
3.763079652784300042e-03
5.706800274059300147e-03
2.962119710891599964e-03
3.369129142096799825e-03
3.118661942737199939e-03
3.090195013953799929e-03
3.015848655745200120e-03
3.300644550662399940e-03
3.181605121575799885e-03
3.224272383563599968e-03
6.962779427070299801e-03
2.898876030263600103e-03
3.033671185197300141e-03
3.868291561809099940e-03
3.269345741617899793e-03
7.224404245214000389e-03
3.275826715761999929e-03
3.188854529599000152e-03
3.143433580826800015e-03
6.902541591426799780e-03
3.131053507437899820e-03
3.317694728660400185e-03
3.552009431946400158e-03
3.389242492953799951e-03
2.831919051970300041e-03
3.405737655920899887e-03
3.457980385694899884e-03
3.318189725605799872e-03
3.263488711010400015e-03
3.097444172273700058e-03
7.835417268645700206e-03
6.776808575406199735e-03
3.606654892301399806e-03
3.383266840376699877e-03
3.066779388985699933e-03
3.255178948398399809e-03
6.978901476815900159e-03
8.193892567157499279e-03
3.357584227963400156e-03
7.196959529098099703e-03
8.737202512332899532e-03
3.479958376265700030e-03
3.389316735717200126e-03
3.028029083405299818e-03
3.136021671649399847e-03
3.495811802079099896e-03
7.566395350362200255e-03
7.052395714451400316e-03
6.879476061349100099e-03
3.382825014285900048e-03
2.984567668174099853e-03
7.054375176430800407e-03
3.285932610240299787e-03
3.436413146095800095e-03
6.948478555991200248e-03
3.673483771225300159e-03
3.033159178863399901e-03
3.225448017196199876e-03
3.585919993067500106e-03
7.445293479771099981e-03
3.451189444026199829e-03
3.069236219541100069e-03
6.951465422966700280e-03
3.001772394065399877e-03
3.388325653300400080e-03
7.498758190479099840e-03
3.334059146179600003e-03
3.024576753715199802e-03
8.156676827670100716e-03
3.982532636201000301e-03
7.372102658300299857e-03
6.561429790964299832e-03
6.538079457325100124e-03
3.437806092225199981e-03
3.044855343015000042e-03
3.031129857415299812e-03
3.033858918356099887e-03
3.155421713120399804e-03
3.212915644202200046e-03
3.379130595888799830e-03
3.081768474962799913e-03
2.902249619541000074e-03
3.292294445934899980e-03
3.252124495905700085e-03
2.986034856992700152e-03
7.086450265103599877e-03
3.647134741511100144e-03
3.104397759801699914e-03
3.927433624449800167e-03
3.265312737430900013e-03
3.135336094170900097e-03
6.693688748249299915e-03
3.068899292394000004e-03
3.265174646307599914e-03
3.410568802627599906e-03
3.423844450843700152e-03
3.499045972824100029e-03
3.213420538233599869e-03
3.447062006891799934e-03
3.329867692032000091e-03
3.162428636470099828e-03
3.251248148172299936e-03
6.918499221353099742e-03
3.300917251796200210e-03
3.029444295354100179e-03
3.080716937944099829e-03
3.300802960419700182e-03
6.897075892106799798e-03
3.149580571096699793e-03
3.433125635249599863e-03
3.324286090139599859e-03
3.201722709274499971e-03
6.680523818325999688e-03
3.089771521380700169e-03
7.627508639292899725e-03
3.987676440061500155e-03
3.584171720125099887e-03
2.754025546879599988e-03
2.816935896815499912e-03
8.582102855480099393e-03
3.204116881889500137e-03
2.846291167174299936e-03
2.981442479668700105e-03
3.393945773959699923e-03
3.450375094903900160e-03
3.383109875391000169e-03
3.511163638103300105e-03
3.236942839370000186e-03
3.434164051125300141e-03
3.463674303283299869e-03
2.866574646508599899e-03
3.180258192768499990e-03
3.286494888185199914e-03
6.456944411036700388e-03
8.325027534336899848e-03
3.368038847322700133e-03
3.719499470662399922e-03
6.019956968407400195e-03
6.394519384751699669e-03
3.052334217756900048e-03
6.091590364593999982e-03
6.542612356696900049e-03
3.082244518966100171e-03
3.513816228059899859e-03
3.684918901358899979e-03
7.333037754151799752e-03
3.458434309014199893e-03
3.166189494876400085e-03
3.138274176835099873e-03
3.431236122366500014e-03
3.744817048544700055e-03
3.693051149980300027e-03
3.414307124185599843e-03
2.762622858710699937e-03
3.759201351228599799e-03
7.001673977517999629e-03
3.381612291981200055e-03
3.384604551803600033e-03
3.363658065696399982e-03
5.924980389237900422e-03
6.962456383432599587e-03
3.383846703203500020e-03
6.483333101124100391e-03
3.368174523832700128e-03
5.463569748813499639e-03
3.343447444682799957e-03
3.188687728961800156e-03
7.182647235895399905e-03
3.522613816063500155e-03
6.717634127669899931e-03
3.513097249920400095e-03
3.103364666891900159e-03
4.997997547860900426e-03
3.354162214194099899e-03
3.389904248942499868e-03
3.366524256905600171e-03
3.333908010766899969e-03
3.794146138962699831e-03
3.248777127394100045e-03
3.233819911050199881e-03
3.157617079337200153e-03
3.064614055351599833e-03
2.971513480381100195e-03
2.975495524916900187e-03
3.218794080915700004e-03
3.330235923445299794e-03
3.114756884870600179e-03
2.797967935891600057e-03
3.571096395883400013e-03
3.307747611657899881e-03
3.232064849746400185e-03
2.838007279027199813e-03
3.332048824767500170e-03
3.584395144320700125e-03
3.028714580676100145e-03
2.963138830493500069e-03
3.199025484917300197e-03
8.118839746406999666e-03
3.156842046352999979e-03
3.305307639454700078e-03
7.044996418910200349e-03
8.629104531740299650e-03
3.172101136663599795e-03
3.108710696080200196e-03
3.338895619222200135e-03
3.298256983813300201e-03
3.061282456544800034e-03
3.016245547146099992e-03
3.667922689848500048e-03
2.901130986629100062e-03
7.558365780262900346e-03
3.436417318910900062e-03
8.924032625481999673e-03
8.629849666488199900e-03
3.188363745010100100e-03
3.509767199912099903e-03
3.127207935883899795e-03
3.294897572979499974e-03
6.036634931239900220e-03
3.061296740385200006e-03
3.504828751700299859e-03
8.297620655341600773e-03
3.588423342030700076e-03
3.347619334982800208e-03
3.219621134354899803e-03
3.695991035362799961e-03
3.098747582763899857e-03
6.420480251541799653e-03
3.523577099945099898e-03
6.659365777577699701e-03
2.726104744325200026e-03
3.019828590551899925e-03
3.458963811442999827e-03
3.351318471726000107e-03
2.722934409997799805e-03
6.490922933403400243e-03
3.104850132653900162e-03
3.391504301328999993e-03
6.659767054659099760e-03
3.292961128112700201e-03
2.911893074462600182e-03
3.863487572546200205e-03
3.633599018805699996e-03
3.355713240683900079e-03
3.572713716620099997e-03
3.132087285972499999e-03
8.671580342410499173e-03
3.269421601563900041e-03
6.399593459353700338e-03
3.363698837102599946e-03
3.227437795262500051e-03
6.080975660959699915e-03
6.727749303406399713e-03
3.411854225199900149e-03
2.984633739363599849e-03
3.763930284052299877e-03
3.038613070068199844e-03
3.152647329627800057e-03
3.098864600790399854e-03
2.985250712352999995e-03
3.138140955051199783e-03
3.149982133915399992e-03
3.575470663601899857e-03
3.222437368221300110e-03
3.163228071387700138e-03
6.613199019675699598e-03
3.685174563445000120e-03
3.439492208326799978e-03
3.349261930447800049e-03
3.567906932873999865e-03
3.367960095196300199e-03
8.814436763969400040e-03
2.839279476613300150e-03
2.986997740402199970e-03
8.154281233367500006e-03
3.419941284897499816e-03
3.399809087322899943e-03
3.044557735777199837e-03
3.134640442892099900e-03
3.175633356675599834e-03
6.066630360802300302e-03
3.119131930488100012e-03
3.329570122511399909e-03
2.995148307781100080e-03
3.375644184692700063e-03
3.671345414030199785e-03
3.200736336989399959e-03
3.318971799342200057e-03
6.437702472720100051e-03
3.195440473917000174e-03
3.078485527923500217e-03
6.256866563624399573e-03
3.135895625724300154e-03
6.561929795581900038e-03
3.203121707622700199e-03
3.071396114029400180e-03
3.452076258508999899e-03
3.061483909509599838e-03
8.057816445654199938e-03
6.918518991567599967e-03
5.886464193155500381e-03
3.532285107914099991e-03
6.860688319247500166e-03
3.230291297773300093e-03
3.506341618072999957e-03
3.499658710562899861e-03
3.275773185505499903e-03
9.010334369854799616e-03
3.516825370102799869e-03
3.646282077731299951e-03
8.348464110298599999e-03
7.487856331937399641e-03
3.477811707693899933e-03
7.304540294108099845e-03
3.264736927066499809e-03
6.902541591426799780e-03
3.618414294997799978e-03
3.523746414484300090e-03
3.542528755727700120e-03
3.322692544859100032e-03
3.067561371357900059e-03
5.727872573319799793e-03
3.506561011309099977e-03
3.215525491107800154e-03
3.286833681536700195e-03
3.377629201063000065e-03
3.099990963513099985e-03
3.494528044144800012e-03
3.569504233380800182e-03
7.152334827348500249e-03
2.825250731484099925e-03
3.087134004548899944e-03
6.891168894502099594e-03
3.243434947703000178e-03
3.190998155059800081e-03
2.936722916553400134e-03
3.355826686118700171e-03
3.240118363984600004e-03
3.125421140419699928e-03
3.226731057394900074e-03
3.512555806505500075e-03
2.818363495138199917e-03
2.861470014243599862e-03
8.816999692559199936e-03
3.390626709945200167e-03
3.658183399312600094e-03
3.385106474236699962e-03
3.626527317900299884e-03
3.700492974257600046e-03
3.311611447940000091e-03
3.836102834804900209e-03
6.669592501401799649e-03
3.143741498890699829e-03
3.162784435975799814e-03
3.768744757894600030e-03
3.114207543967100009e-03
6.498107598020899656e-03
3.214388224759899809e-03
7.420155143831599735e-03
3.437554764456100202e-03
8.419166465200200039e-03
3.027211170775500216e-03
3.240308616151800058e-03
6.679598757490200038e-03
7.658233364892800404e-03
3.526342352678300211e-03
3.524317068982500169e-03
3.107101743506499991e-03
6.243553481975899939e-03
3.286955235938199792e-03
3.097036887936300067e-03
3.329243624019099807e-03
3.211730347870000047e-03
3.026101049257400033e-03
3.157885229612599799e-03
6.725205878876199840e-03
3.217622438531399839e-03
3.140734814280900147e-03
7.069015891404599981e-03
7.107072372602599684e-03
5.824043769279699939e-03
7.912833969722999142e-03
3.396316785775099854e-03
