6.745706301556631824e-08
6.644485414620357457e-08
6.643912131313265442e-08
6.686060621177321119e-08
6.935385127148897763e-08
6.678882427136927916e-08
6.638355015949927144e-08
6.660497885492649307e-08
6.775854069603318155e-08
6.637337374950850981e-08
6.640774565107781365e-08
6.751032673807579553e-08
6.656996667873981135e-08
6.651866819692671802e-08
6.640752792035692301e-08
6.644485414620357457e-08
6.642343304572041088e-08
6.694549973512910038e-08
6.636574223306921913e-08
6.639782984224875806e-08
6.639894093856402097e-08
6.654858765643641902e-08
6.643912131313265442e-08
6.682587717030347440e-08
6.640859418154126839e-08
6.639330312349862626e-08
6.723225953885453066e-08
6.639111231667566646e-08
6.638330415743475535e-08
6.643109251791156959e-08
6.639894093856402097e-08
6.659767758769647750e-08
6.714664081471604965e-08
6.643776898725945804e-08
6.636574223306921913e-08
6.642343304572041088e-08
6.650680681166519136e-08
6.674932184153656115e-08
6.709259237121492177e-08
6.636744106138232000e-08
6.689290111710373471e-08
6.639501769206993922e-08
6.653623739848962174e-08
6.636574223306921913e-08
6.636744106138232000e-08
6.717308454930593759e-08
6.637411821245545133e-08
6.646289909353519662e-08
6.636574223306921913e-08
6.665787738116865534e-08
6.636744106138232000e-08
6.674950330361715591e-08
6.643912131313265442e-08
6.640752792035692301e-08
6.637337374950850981e-08
6.642343304572041088e-08
6.722247487716662435e-08
6.645775877500433016e-08
6.649153156481012242e-08
6.639501769206993922e-08
6.714664081471604965e-08
6.652401211293325959e-08
6.639894093856402097e-08
6.639501769206993922e-08
6.650680681166519136e-08
6.692150898038778686e-08
6.636574223306921913e-08
6.638330415743475535e-08
6.685932437446294349e-08
6.639501769206993922e-08
6.665777685152140971e-08
6.639501769206993922e-08
6.637337374950850981e-08
6.681680221776739801e-08
6.638330415743475535e-08
6.656996667873981135e-08
6.640752792035692301e-08
6.641597413617294961e-08
6.726673500495901492e-08
6.669096400051752376e-08
6.664037201330080547e-08
6.639111231667566646e-08
6.745111809658971222e-08
6.636809008591558219e-08
6.659767758769647750e-08
6.830482285002256793e-08
6.653368784883880319e-08
6.642343304572041088e-08
6.713017413180444323e-08
6.636809008591558219e-08
6.637411821245545133e-08
6.652401211293325959e-08
6.737533254492803827e-08
6.728155677155333572e-08
6.649407196942253032e-08
6.639271031182192929e-08
6.737533254492803827e-08
6.729530589827621977e-08
6.639782984224875806e-08
6.677738899293700047e-08
6.636574223306921913e-08
6.681558677720827720e-08
6.725012865539609501e-08
6.779893755839757027e-08
6.727617969433874189e-08
6.639111231667566646e-08
6.922354779185020280e-08
6.775854069603318155e-08
6.637411821245545133e-08
6.645775877500433016e-08
6.719747121513312450e-08
6.639501769206993922e-08
6.638330415743475535e-08
6.664037201330080547e-08
6.643772335912333834e-08
6.656127075732487527e-08
6.640752792035692301e-08
6.684215279822090622e-08
7.829919684176138624e-08
6.641597413617294961e-08
6.639825967385185646e-08
6.659767758769647750e-08
6.642100318065473100e-08
6.639330312349862626e-08
6.640774565107781365e-08
6.642343304572041088e-08
6.636744106138232000e-08
6.639271031182192929e-08
6.647455450362492045e-08
6.647349878372171676e-08
6.660964139561810044e-08
6.640774565107781365e-08
6.724482449573744195e-08
6.643109251791156959e-08
6.646289909353519662e-08
6.641597413617294961e-08
6.639782984224875806e-08
6.650680681166519136e-08
6.645935498097340702e-08
6.679212891361347700e-08
6.649153156481012242e-08
6.643912131313265442e-08
6.674689141428133666e-08
6.639271031182192929e-08
6.643912131313265442e-08
6.639330312349862626e-08
6.639330312349862626e-08
6.639782984224875806e-08
6.646289909353519662e-08
6.714103364385578227e-08
6.643772335912333834e-08
6.658494002959712225e-08
6.639111231667566646e-08
6.643776898725945804e-08
6.640752792035692301e-08
6.744723961134333155e-08
6.742098778728848202e-08
6.665787738116865534e-08
6.639330312349862626e-08
6.639330312349862626e-08
6.647349878372171676e-08
6.653368784883880319e-08
6.704754002678143960e-08
6.641597413617294961e-08
6.644485414620357457e-08
6.640752792035692301e-08
6.646289909353519662e-08
6.662853695851784047e-08
6.636744106138232000e-08
6.644485414620357457e-08
6.647455450362492045e-08
6.639111231667566646e-08
6.639271031182192929e-08
6.641597413617294961e-08
6.654858765643641902e-08
6.711830419741046169e-08
6.638355015949927144e-08
6.641597413617294961e-08
6.642343304572041088e-08
6.637337374950850981e-08
6.693610318109745834e-08
6.719895672994725633e-08
6.727124934642882297e-08
6.651038128723487809e-08
6.723772048710846447e-08
6.711609776557713523e-08
6.721385503284522353e-08
6.689290111710373471e-08
6.653368784883880319e-08
6.639782984224875806e-08
6.636744106138232000e-08
6.650680681166519136e-08
6.639501769206993922e-08
6.636809008591558219e-08
6.637337374950850981e-08
6.729782565407505534e-08
6.677319548569796073e-08
6.639111231667566646e-08
6.639825967385185646e-08
6.701950346796856184e-08
6.696990210766746834e-08
6.639782984224875806e-08
6.656996667873981135e-08
6.637411821245545133e-08
6.729390752867135279e-08
6.639330312349862626e-08
6.639111231667566646e-08
6.636809008591558219e-08
6.641845845383297393e-08
6.637337374950850981e-08
6.649153156481012242e-08
6.641845845383297393e-08
6.659767758769647750e-08
6.639825967385185646e-08
6.636809008591558219e-08
6.639894093856402097e-08
6.674689141428133666e-08
6.636744106138232000e-08
6.639330312349862626e-08
6.637337374950850981e-08
6.645935498097340702e-08
6.689290111710373471e-08
6.656996667873981135e-08
6.641597413617294961e-08
6.639782984224875806e-08
6.636744106138232000e-08
6.640752792035692301e-08
6.640859418154126839e-08
6.658494002959712225e-08
6.639501769206993922e-08
6.636574223306921913e-08
6.672352712628986013e-08
6.653623739848962174e-08
6.638355015949927144e-08
6.641845845383297393e-08
6.636809008591558219e-08
6.712169865345592867e-08
6.643772335912333834e-08
6.639894093856402097e-08
7.093923802162291207e-08
6.642343304572041088e-08
6.681680221776739801e-08
6.643772335912333834e-08
6.733785786871905661e-08
6.653623739848962174e-08
6.652401211293325959e-08
6.653623739848962174e-08
6.724502422394535877e-08
6.647349878372171676e-08
6.720408557337652191e-08
6.638330415743475535e-08
7.336248189431922646e-08
6.653623739848962174e-08
6.672352712628986013e-08
6.647349878372171676e-08
6.639501769206993922e-08
6.665777685152140971e-08
6.744877930419003520e-08
6.637411821245545133e-08
6.642343304572041088e-08
6.636809008591558219e-08
6.696930541321233465e-08
6.636574223306921913e-08
6.636574223306921913e-08
6.636744106138232000e-08
6.641845845383297393e-08
6.638330415743475535e-08
6.677656997072217870e-08
6.660497885492649307e-08
6.660497885492649307e-08
6.637337374950850981e-08
6.643109251791156959e-08
6.652401211293325959e-08
6.695183747254522272e-08
6.696521775424665281e-08
6.638330415743475535e-08
6.640752792035692301e-08
6.640859418154126839e-08
6.729390752867135279e-08
6.639501769206993922e-08
6.637411821245545133e-08
6.639330312349862626e-08
6.640752792035692301e-08
6.690142108674589137e-08
6.696990210766746834e-08
6.701950346796856184e-08
6.811054217813182272e-08
6.734913563056604414e-08
6.636744106138232000e-08
6.638355015949927144e-08
6.639825967385185646e-08
6.638355015949927144e-08
6.865296252687022338e-08
6.652401211293325959e-08
6.639501769206993922e-08
6.636574223306921913e-08
6.724482449573744195e-08
6.640752792035692301e-08
6.640752792035692301e-08
6.677177567671331091e-08
6.692150898038778686e-08
6.639894093856402097e-08
6.650680681166519136e-08
6.639501769206993922e-08
6.695183747254522272e-08
6.641845845383297393e-08
6.744877930419003520e-08
6.649113689703290505e-08
6.641845845383297393e-08
6.639501769206993922e-08
6.651866819692671802e-08
6.681680221776739801e-08
6.695183747254522272e-08
6.725185648463306991e-08
6.639782984224875806e-08
6.689290111710373471e-08
6.643776898725945804e-08
6.642100318065473100e-08
