-5.971532752922552589e-01
1.496242986825695898e+00
5.166327262461730685e-01
1.511120485828533755e-01
-5.104270429409337728e-01
-4.927771856324592720e-02
5.960629674947987011e-01
1.860253924886961840e+00
3.955427527152718392e-01
-1.342227200514124474e+00
4.193502513846819046e-01
3.655686342179517712e-02
-7.399855761420868205e-01
1.530118049095427368e+00
1.392642169954299680e+00
-1.580096459560438593e-02
-1.825019338187880535e+00
-6.388283311429576727e-02
-9.019699036084502519e-02
3.629964320826802870e-01
-1.519718185053763548e+00
1.619073473213109349e+00
-7.836386474805434599e-01
-1.929375361681834045e-01
2.978286923016826848e-01
-1.130450681498961218e+00
-5.205649081896617236e-01
-8.034964569770210174e-02
-7.881250098934741155e-01
-1.404009993301431614e+00
-8.171668150862541058e-01
-9.882994524743816678e-01
-7.417161179638466217e-01
-9.853727103892306882e-01
5.390842403254187953e-01
-9.869032294530947214e-01
-2.331724334331881088e-01
-7.558016237830657014e-01
-1.511443000550867222e-01
-8.022290396825410008e-01
3.019333985941308196e-01
1.630325648610460254e+00
1.102882924115605734e+00
-1.030187868575334287e+00
-9.479948837342074830e-01
-3.712118888815906237e-01
-1.575756150243645015e+00
-5.925832183965121791e-01
-1.518721807653242051e+00
-6.073085026238133066e-01
-1.309861425792284706e+00
7.849772989708995174e-01
7.193841000081402370e-01
1.837484628486256044e+00
1.600834550913809995e+00
-3.332822084255514933e-02
-2.942094761661008806e-01
-8.794752209173228863e-01
9.011617779717007171e-01
5.574996369108161653e-01
-2.632580097666742391e-01
1.805680627356449630e+00
-9.195147888740511366e-01
1.550343438207738567e+00
4.122504268426462337e-01
4.885186848378643698e-01
1.834178505427002781e+00
-1.114292608387269956e+00
-3.737264906233940254e-01
-1.035038740278698688e+00
9.788936598192387040e-01
3.328255717387894608e-01
2.105981983829391668e-01
-1.217211252766286916e-01
-6.749151611515263882e-02
-7.216013925996862532e-01
8.131457943504172281e-01
-7.487986776422705937e-02
-8.858398494089400610e-02
9.178626956204283260e-01
1.509166520550524249e+00
5.066080683469238455e-01
-1.170378145342092641e-01
-1.370797482124130884e-01
-1.067936665054435741e+00
1.673055595326983225e-01
-1.941587536596761643e+00
1.198440451499958037e+00
1.558496657805395480e-01
-1.662140724732242170e+00
2.613433938230638187e-01
-8.481271501016665049e-01
4.004879525018193998e-01
-5.416660410307676532e-01
-1.972899726323338321e+00
2.095336054875684972e+00
-7.439553357722791804e-02
1.012459379527678172e-01
-6.977912685490761380e-01
-3.219918192184254013e-01
-1.566174114921760285e+00
1.202144183033977187e+00
-3.055491339034177023e-01
-7.758323835952189718e-02
-3.196896908218662126e-01
-3.872129291447360400e-01
-6.974869438740880501e-01
7.006623900547991335e-01
-1.226963961158559657e+00
-3.055692195056576854e-01
2.129079929304592347e-02
1.484811318429143823e+00
3.561146095031155756e-01
-4.188235106376049788e-01
-6.728494451253164144e-01
-7.950769537546913401e-01
1.235323144069363055e+00
7.682847473120266724e-01
3.738159673176877917e-01
-1.922553438831019479e-01
1.311056188652127696e+00
1.630355153690949077e+00
-1.149722002214792038e+00
-8.064305542473059196e-01
-9.268505372354393090e-01
-1.738854390414929230e-01
-1.110702344978476086e+00
-4.821122361282433322e-01
2.779096844116671683e+00
2.217753836817258239e+00
1.511138480920785510e+00
-1.058910610690818599e+00
-2.235796233798001409e-01
1.268298850031055913e+00
-3.504905971396978237e-01
-8.127141012342390392e-01
-2.874551250915854950e-01
-7.734089694518269109e-01
-1.717425069075794841e+00
-3.765755405358132135e-01
2.311074828018520488e+00
1.644534697792129629e-01
-4.540561012763215665e-01
4.217496450154009091e-01
1.153715827422114870e+00
2.545883662474373033e-01
-1.106429784612987355e+00
-4.545427352057115344e-01
1.266107732390895135e+00
1.320373503634849621e-01
-1.504793941026392190e-01
8.845261285896962589e-01
-6.324888540478234011e-01
9.616302558948146562e-01
-1.517752897489832220e+00
-6.250148591448287938e-01
9.829839024699812411e-01
1.255173867390095177e+00
1.528385013796754177e-01
-1.581821950471887561e+00
2.048960971235612494e+00
-1.614016117379738935e+00
-5.506757101517800734e-01
4.614072750424220992e-02
1.021008922205943970e+00
1.770468459911114900e+00
-1.010820639475309646e+00
9.293252472801394326e-01
-8.330283758641265912e-01
-3.678230372895372469e-01
2.416062992976634405e+00
1.150418814486286800e+00
1.771294911399459826e+00
-7.214417478014073515e-01
-4.672117582685658133e-01
1.041476866176661992e-01
1.139843904455585921e+00
1.148046140959956496e+00
1.896058817405927410e+00
4.037311940554730305e-01
2.352233102637060203e-01
2.727654869500904522e-01
-2.326046492470917187e-02
7.893767438282878190e-01
5.942637136939223907e-01
-3.250253976033141701e-01
7.212077032143536792e-01
-1.402688288184484877e-01
6.582965753114183860e-01
1.737670870202598083e-01
9.088986781513892499e-01
-8.480944838034173427e-01
1.833246256480487002e+00
-1.231076345410703876e+00
1.308463388684278028e+00
-1.017399969686348521e-01
7.074339370333852794e-02
-1.469899913776918643e+00
2.288324454345777692e+00
-5.360074865816440992e-01
3.007583227604671006e-01
-4.150536384725210248e-01
-7.799098939785309437e-01
5.222016795645563203e-01
7.946378336978196510e-02
4.934229202732752229e-01
1.446921695165482413e+00
-1.530154515024290562e+00
-1.408822580037639938e+00
-1.166285360456482900e+00
7.963650023132567979e-01
-1.175496526051178048e+00
-9.009414185527279129e-01
1.182930098283610398e+00
-9.896674243771415302e-02
7.560274380218933166e-01
5.329814302889273048e-01
-6.538302502607510336e-01
3.507984429466527998e-01
3.826044627712753554e-01
2.361438126511277602e+00
-1.339135660784692705e-01
-5.887608529918524347e-01
2.183093912952435378e+00
7.987598577264040101e-01
-8.201054299890068178e-01
1.886881431995371505e+00
-1.353473360697505568e+00
1.904738047704528148e+00
-1.857575907484939615e+00
7.311149961119515206e-01
-6.062399447397592844e-01
6.166759051564107974e-02
-7.202985631565913538e-01
1.831519780474244685e+00
-1.609464878167577995e+00
-3.677756124128201409e-01
1.675764576722023724e+00
1.310980541175276404e+00
5.250185907315524370e-01
-1.915364488669557108e+00
3.500112089297084395e-01
5.211333381454997804e-01
6.368548292879421258e-01
-7.965176672404880032e-01
1.959596250008490914e+00
-7.303843024271587936e-01
-9.458740131103285376e-02
6.945819561464265934e-01
1.511139881466654067e-01
1.640838567222535405e+00
8.155611355475680391e-01
-7.589503783020914440e-01
-5.923841308806148120e-01
1.208810211078839680e+00
1.525495392937399997e+00
5.281836225897412751e-01
3.025467085871624273e-01
2.472902186857229290e-01
-7.345889694848710405e-02
-1.073618981808949435e+00
5.424579450778691525e-01
-1.118670312036127434e+00
1.092740893045470507e+00
1.648426807249471659e+00
-1.547441477833826129e+00
1.649646829455929220e+00
-2.895741528679769416e-01
1.375859856459258568e+00
1.101788493619812348e+00
8.048875682913210483e-02
7.528263187637306286e-01
1.963326645076602928e+00
2.913672831138285901e-01
-5.569814432925855874e-01
-7.319205380629284496e-01
-1.835597505524725059e-01
-4.250007895868277430e-01
-5.743579192451413185e-02
1.353893661373460677e+00
1.474867355255669699e+00
-1.450383256668165810e+00
-1.543496937400362423e+00
-4.558091781239814178e-01
1.113854638241715156e+00
3.776317905972010891e-01
5.757016651638852123e-01
1.921133280834370627e-01
-6.903100462791131875e-01
-1.786365169063237612e-01
8.964187986842675482e-01
-1.323491182951144651e+00
8.111509708202728763e-01
-7.622796711445182227e-01
1.874858289441744041e+00
-1.274931009892040557e+00
-2.899816432783204334e-01
1.773603594116391069e-01
-7.317260281971755820e-01
-7.995769093055207777e-02
4.885186848378643698e-01
-1.408546899485189040e-02
-8.717369332056140729e-01
1.154628946400096723e+00
8.271860357151657184e-02
9.031632390174351155e-01
3.025467085871624273e-01
-9.771756735725203313e-01
5.242554699753398939e-01
1.406641148469560454e+00
9.355678261684077235e-01
-1.217211252766286916e-01
-2.748208809670580829e-02
-4.674704064197193754e-01
2.933102928888863814e-01
-1.339135660784692705e-01
-7.285252992207923439e-01
6.356705452304279858e-01
