2.624272203705775748e-03
2.634031868636675829e-03
2.711760775737731121e-03
2.620573951101430859e-03
2.608647035221870521e-03
2.627480739313806102e-03
2.630201857459781543e-03
2.636241489222823815e-03
2.630101140960918859e-03
2.611949851905237020e-03
2.609886618861578800e-03
2.616005205484803024e-03
2.599917271342109572e-03
2.636987723947064547e-03
2.608435101525225387e-03
2.739923137685821523e-03
2.608435101525225387e-03
2.660104516097292014e-03
2.608435101525225387e-03
2.616005205484803024e-03
2.711188827401983092e-03
2.635289413573053269e-03
2.609454818310757030e-03
2.655047059722677981e-03
2.608435101525225387e-03
2.613668596200853424e-03
2.608435101525225387e-03
2.616005205484803024e-03
2.638261184063272688e-03
2.681305681510152712e-03
2.617653763580988970e-03
2.628006198605179616e-03
2.611910186117578653e-03
2.642721661076802026e-03
2.672890797841275066e-03
2.729149132060537143e-03
2.731881528258141029e-03
2.636987723947064547e-03
2.635289413573053269e-03
2.638987666177398158e-03
2.594739355839134620e-03
2.719131242423352725e-03
2.703991279647089546e-03
2.666102002180749993e-03
2.636241489222823815e-03
2.622912283635231868e-03
2.736864567746613054e-03
2.615486394988159134e-03
2.743054490713970305e-03
2.650879674394401083e-03
2.558217451870268850e-03
2.608435101525225387e-03
2.671167987084741968e-03
2.593719639053602977e-03
2.624359267337099660e-03
2.642721661076802026e-03
2.688048758572135835e-03
2.593931572750248112e-03
2.622912283635231868e-03
2.624272203705775748e-03
2.697045313266108711e-03
2.689275817175467136e-03
2.704415779951730315e-03
2.626402813851461387e-03
2.640331597251055571e-03
2.636164211922778673e-03
2.624272203705775748e-03
2.598953133729231015e-03
2.594739355839134620e-03
2.617653763580988970e-03
2.550305289277398149e-03
2.742886940132892911e-03
2.711760775737731121e-03
2.622912283635231868e-03
2.638987666177398158e-03
2.703991279647089546e-03
2.725207675214199113e-03
2.697045313266108711e-03
2.620573951101430859e-03
2.558217451870268850e-03
2.636241489222823815e-03
2.642414799626169146e-03
2.717166065786518619e-03
2.680272513248520110e-03
2.734845550589799518e-03
2.606325979597153876e-03
2.696021143981775121e-03
2.593931572750248112e-03
2.614632733813731982e-03
2.620573951101430859e-03
2.688048758572135835e-03
2.711760775737731121e-03
2.665557050776897700e-03
2.613438974639362318e-03
2.597234389433614610e-03
2.611949851905237020e-03
2.620573951101430859e-03
2.638146346868384343e-03
2.727809555160487336e-03
2.632369226052611380e-03
2.622272261475442137e-03
2.688048758572135835e-03
2.628006198605179616e-03
2.609643804865477250e-03
2.608435101525225387e-03
2.725207675214199113e-03
2.660104516097292014e-03
2.632787269279759229e-03
2.619316406165052985e-03
2.630201857459781543e-03
2.624272203705775748e-03
2.704415779951730315e-03
2.672890797841275066e-03
2.636987723947064547e-03
2.635289413573053269e-03
2.593719639053602977e-03
2.622912283635231868e-03
2.688048758572135835e-03
2.704415779951730315e-03
2.637627746106854278e-03
2.645389053625669604e-03
2.638987666177398158e-03
2.645389053625669604e-03
2.696021143981775121e-03
2.627480739313806102e-03
2.599917271342109572e-03
2.642721661076802026e-03
2.729149132060537143e-03
2.609643804865477250e-03
2.621526026751201405e-03
2.611949851905237020e-03
2.711760775737731121e-03
2.647502731751381639e-03
2.599917271342109572e-03
2.740655018508672287e-03
2.642721661076802026e-03
2.608647035221870521e-03
2.639906820810308634e-03
2.697045313266108711e-03
2.647502731751381639e-03
2.620573951101430859e-03
2.617731264047949181e-03
2.603015801576326772e-03
2.608435101525225387e-03
2.621041442068776286e-03
2.595171156389956390e-03
2.622272261475442137e-03
2.641118276323083797e-03
2.636164211922778673e-03
2.593719639053602977e-03
2.622912283635231868e-03
2.669888618535952527e-03
2.665557050776897700e-03
2.615486394988159134e-03
2.656452524613119558e-03
2.641118276323083797e-03
2.642721661076802026e-03
2.694051395009816781e-03
2.688048758572135835e-03
2.673333296100513425e-03
2.599917271342109572e-03
2.595171156389956390e-03
2.711760775737731121e-03
2.655047059722677981e-03
2.734845550589799518e-03
2.594739355839134620e-03
2.627480739313806102e-03
2.601289743013180614e-03
2.620573951101430859e-03
2.619316406165052985e-03
2.594739355839134620e-03
2.636987723947064547e-03
2.636241489222823815e-03
2.740655018508672287e-03
2.620573951101430859e-03
2.704325818471123820e-03
2.614632733813731982e-03
2.713094092688864926e-03
2.632787269279759229e-03
2.624272203705775748e-03
2.696021143981775121e-03
2.672890797841275066e-03
2.651386539709127584e-03
2.736864567746613054e-03
2.731881528258141029e-03
2.697045313266108711e-03
2.684604081007574937e-03
2.626402813851461387e-03
2.625191358338686224e-03
2.722149105274990644e-03
2.637627746106854278e-03
2.666102002180749993e-03
2.720130088118177109e-03
2.599917271342109572e-03
2.669888618535952527e-03
2.734845550589799518e-03
2.638261184063272688e-03
2.650879674394401083e-03
2.619316406165052985e-03
2.638261184063272688e-03
2.640331597251055571e-03
2.743054490713970305e-03
2.612765276842183692e-03
2.717166065786518619e-03
2.669888618535952527e-03
2.621041442068776286e-03
2.606325979597153876e-03
2.603015801576326772e-03
2.719131242423352725e-03
2.608647035221870521e-03
2.669888618535952527e-03
2.725939556037049877e-03
2.617731264047949181e-03
2.614632733813731982e-03
2.594739355839134620e-03
2.626402813851461387e-03
2.615486394988159134e-03
2.624359267337099660e-03
2.636241489222823815e-03
2.593719639053602977e-03
2.740655018508672287e-03
2.620573951101430859e-03
2.639906820810308634e-03
2.657130262097791556e-03
2.621041442068776286e-03
2.616005205484803024e-03
2.615486394988159134e-03
2.632787269279759229e-03
2.614632733813731982e-03
2.620573951101430859e-03
2.621041442068776286e-03
2.644816603432541269e-03
2.617731264047949181e-03
2.640331597251055571e-03
2.606325979597153876e-03
2.608647035221870521e-03
2.613438974639362318e-03
2.725939556037049877e-03
2.637627746106854278e-03
2.651386539709127584e-03
2.655047059722677981e-03
2.655047059722677981e-03
2.550305289277398149e-03
2.731881528258141029e-03
2.638987666177398158e-03
2.720130088118177109e-03
2.627480739313806102e-03
2.660104516097292014e-03
2.635289413573053269e-03
2.725939556037049877e-03
2.615486394988159134e-03
2.617653763580988970e-03
2.622912283635231868e-03
2.594739355839134620e-03
2.614632733813731982e-03
2.609454818310757030e-03
2.703991279647089546e-03
