4.596211615610200189e-03
4.159977482138799837e-03
5.710356561329500008e-03
5.931367583159000145e-03
4.904448722956000241e-03
3.729275972055399926e-03
4.077037440904199804e-03
4.995531081236900123e-03
4.241841998271899707e-03
4.557465767181799986e-03
3.889751778619299997e-03
5.317220288325000266e-03
4.464519078590300193e-03
4.073547225485099621e-03
4.783495679158899713e-03
4.095661825094100254e-03
3.991984428504199642e-03
4.421374429689199637e-03
4.592836302719199848e-03
4.206259537664100261e-03
4.691857532101799920e-03
4.695726474170600247e-03
3.944277634924600248e-03
6.042525411731600182e-03
3.951618883358499687e-03
4.067455673361499574e-03
4.719398395179499883e-03
3.748926473243899878e-03
4.376289414104199936e-03
4.837595342022799928e-03
4.158161124048800374e-03
3.701636717533199859e-03
4.406444687978699863e-03
4.145094775328500396e-03
4.108048413150099630e-03
3.947718138760400106e-03
4.171420122834799959e-03
5.760476859147699649e-03
6.065563005199100209e-03
4.745693123345800200e-03
4.757338326502100374e-03
4.496974899297999720e-03
4.365198731508099575e-03
5.966395463306699634e-03
5.311374968469000091e-03
4.336933924547499604e-03
5.345709980219700251e-03
3.995694063040899913e-03
4.238485660610799739e-03
4.082275052345599869e-03
4.603523813055099799e-03
3.947813641380699956e-03
4.422363018194800169e-03
5.056338481607899893e-03
5.186371976122899907e-03
4.404534045891000081e-03
5.803171006593699742e-03
4.164191414800000150e-03
5.321691146976399722e-03
4.095676232758900179e-03
4.107722082764399783e-03
4.565116593530599808e-03
4.581005244070000294e-03
4.205028426242400294e-03
4.450745688122899682e-03
4.204861859422800129e-03
5.717566346778900181e-03
4.184897327869399955e-03
4.295834617449399880e-03
4.376700013847299904e-03
4.364371649167099985e-03
4.245817705381099705e-03
4.743564440344199933e-03
5.631599311257899816e-03
4.399364409503899766e-03
5.909172077182899691e-03
4.383213598066699850e-03
5.318566671174199817e-03
3.993793578817799936e-03
4.924168167824699918e-03
4.521605885991799613e-03
4.743384109664799606e-03
4.236224668540899962e-03
4.134543698003799797e-03
4.854581606051800065e-03
4.149026912670700402e-03
4.369729472514100044e-03
5.412478740997500419e-03
4.154887585251600124e-03
6.279812829568700260e-03
4.003755910108900036e-03
4.279007478161799688e-03
4.140644983570400221e-03
6.147942009509700309e-03
4.372974894057799974e-03
4.199974030633000024e-03
4.001763208985100254e-03
4.175457763286200344e-03
4.486803885416400066e-03
4.447138600290100399e-03
3.847184949258800057e-03
3.891893439580899894e-03
5.803171006593699742e-03
4.229449579506400041e-03
4.015345284402599586e-03
4.270562857164600032e-03
5.836397068334900351e-03
4.002187456097100124e-03
4.652721524190999922e-03
4.026519824826000141e-03
4.130395404737099985e-03
5.398911377489899743e-03
4.347849568121500349e-03
4.517895286965800151e-03
5.903830863022999954e-03
4.461123002150900116e-03
3.942898348827899961e-03
4.819661195998099952e-03
4.005861378763800155e-03
3.944664866576999898e-03
4.530161899909300287e-03
4.631485599846800125e-03
4.371809584583600215e-03
4.250872976455800055e-03
4.181215581442099608e-03
4.050500616783600169e-03
5.319704627649700195e-03
4.126386544068900292e-03
4.118947911350400067e-03
4.454849082980799624e-03
4.450985233167200142e-03
4.610973058931100432e-03
4.220719634886799763e-03
3.987404757230099753e-03
4.836139918491399840e-03
4.086167797241500171e-03
4.591501381060399817e-03
4.234195097273499644e-03
4.224227148639000083e-03
3.931283858293900188e-03
4.092036342903599896e-03
4.456834678566399914e-03
4.105677422810399824e-03
4.868525100383600153e-03
4.502468460895099785e-03
5.949880473333800379e-03
4.251697263697700423e-03
4.425529045534499877e-03
4.345450281236800175e-03
4.456017604826899986e-03
5.885734709675199787e-03
5.560702016654300167e-03
4.034340184267900392e-03
6.285380927467200396e-03
4.704538224914300154e-03
5.579431671061000318e-03
4.088388319938999864e-03
4.327213929391299924e-03
3.669977304489599815e-03
3.833345686733500082e-03
4.084785627454099594e-03
4.320720236652199689e-03
4.129828457418400350e-03
5.264701222382099817e-03
4.707509047768900293e-03
4.444071510179200060e-03
4.195070993302799783e-03
3.924311410271600319e-03
5.192795645759600356e-03
5.111927981195799574e-03
6.454389958259899862e-03
4.008501201138200097e-03
4.181306660910700385e-03
5.938831303963200414e-03
5.709651629425299690e-03
4.514514873500899937e-03
4.604968334613500185e-03
4.154954751949400081e-03
4.145169143821099758e-03
3.795731629363000188e-03
4.427441430696899861e-03
4.317962962244299707e-03
4.416595171391600287e-03
4.285675937001400156e-03
4.214083738903200323e-03
4.442453003167499970e-03
4.047149088070600177e-03
4.053929806863199904e-03
4.060251242700699779e-03
4.029182079594099616e-03
4.503057174396399645e-03
4.030367950459699637e-03
5.120092332501700351e-03
5.788756617831800413e-03
4.467174170383400068e-03
4.222501591546399570e-03
4.388510379759799976e-03
4.510992673037000390e-03
4.553686946934000328e-03
4.057208811771900216e-03
3.977899356149700028e-03
4.537368927355300147e-03
4.199800815875599780e-03
4.488595086439200153e-03
4.468901317397199618e-03
5.745534587946099850e-03
4.419204109965199634e-03
4.247406727217100351e-03
3.756251390727799889e-03
4.057310053274599745e-03
4.559427070061600196e-03
4.355734570906599767e-03
4.120348355263800388e-03
4.542439929107700176e-03
5.840499773704799745e-03
4.367618025122400015e-03
5.580393509175400092e-03
5.973916535939600113e-03
4.694125864878299567e-03
4.174747183305900326e-03
4.181361211437400333e-03
4.449157056911500277e-03
4.588004388533500205e-03
4.480801379326200193e-03
4.204845225206300247e-03
4.716342486554100065e-03
4.358535765234999686e-03
5.627075684912399844e-03
3.868435043044000151e-03
6.232961316497699980e-03
4.620435151269399777e-03
4.127956961545799913e-03
4.409047490345200347e-03
6.167912539339399751e-03
4.177120743580600183e-03
4.557633139721500165e-03
5.050360910589499902e-03
4.197970240645099854e-03
5.599827291584399784e-03
4.202369682556999705e-03
6.021040258155300161e-03
4.813891787298200421e-03
4.046860174066999744e-03
5.987271975213599717e-03
3.919309770541300197e-03
4.377831592073599780e-03
4.234743497816300349e-03
4.031346812515599828e-03
4.508260631809099875e-03
4.262718733078200116e-03
3.927367268489400168e-03
3.974945500288799664e-03
5.639954713920599695e-03
4.999572661838499674e-03
4.355669092882799923e-03
4.503552759444399804e-03
4.397053289775399582e-03
4.037823931585299633e-03
4.165359652744900221e-03
4.241441667055799794e-03
5.579431671061000318e-03
4.266314117508700036e-03
4.193637603235700166e-03
5.788756617831800413e-03
4.114907203362900417e-03
5.559708858821100184e-03
3.994503066649400351e-03
5.156012193939300131e-03
4.563013267498100371e-03
4.728044998814199575e-03
4.602095101827999649e-03
6.767370380439200091e-03
3.964672185242599720e-03
4.349228329174699773e-03
4.525191942990500378e-03
4.090546227845700232e-03
4.101778425041099907e-03
5.631599311257899816e-03
4.105595859011999631e-03
5.640055246761400097e-03
4.392652661113299883e-03
4.910308283343999686e-03
4.233722549335999959e-03
5.983813015735499861e-03
5.366728247785000280e-03
3.814743514239099867e-03
4.039016611371099887e-03
5.630057681684699951e-03
4.029980589563099576e-03
3.872734267790400170e-03
4.256855661391999689e-03
5.366077561961900104e-03
4.921454292467999925e-03
4.470220802024599954e-03
4.551905273794900134e-03
4.739730806105699711e-03
3.815050198396000101e-03
5.983431255310200057e-03
4.430240105698099798e-03
4.102165030188400022e-03
4.524384670227600200e-03
3.975534693578999974e-03
4.364617243515799862e-03
4.602466824678399723e-03
4.280749900076600417e-03
3.966863723943199818e-03
4.576645345534699656e-03
5.878526563880099969e-03
5.914737792534200365e-03
4.305168716017399727e-03
4.322086560968599854e-03
4.614830854491200340e-03
4.334495335546699642e-03
5.969240502225799799e-03
4.767851470603600393e-03
4.441137192588699711e-03
4.319006964425799872e-03
3.916249372177000275e-03
4.444359353535099789e-03
3.807509571717400138e-03
5.726410268648099780e-03
3.995835772181599577e-03
3.975493889324699902e-03
4.151586958148699782e-03
6.048982093437799655e-03
3.986302431708100419e-03
6.305907847028300282e-03
3.974045325416800112e-03
3.901060432819799997e-03
4.683178529372799583e-03
4.854581606051800065e-03
3.921602750206599694e-03
4.414687052834100414e-03
6.886233503703500201e-03
4.346553123154700375e-03
4.682781329868400400e-03
5.838705383190400007e-03
4.014731810401000328e-03
4.529871944193700206e-03
3.715409849712700188e-03
3.864335101428899993e-03
3.886378049847300127e-03
4.611415272607300234e-03
4.113312319091099942e-03
4.172303490111600212e-03
4.553015313659800056e-03
5.846965742226400108e-03
3.850449965925600068e-03
5.900924741684600121e-03
3.974327045610999941e-03
4.156114902035000329e-03
3.924762477100499775e-03
4.912122361964199602e-03
4.105185184575400013e-03
4.484474718342700006e-03
4.395255076856400406e-03
4.240093902291300169e-03
5.966964510666699847e-03
4.500758165256000393e-03
4.640165873257999681e-03
3.678045671062200178e-03
3.710734062116500132e-03
5.278775658735699976e-03
4.190303726773699639e-03
4.404978328191799623e-03
4.086243863412699663e-03
4.500201259239699700e-03
4.662150076566599737e-03
4.161094669904600273e-03
4.020299201416300053e-03
5.578131033621799850e-03
4.140309295847400400e-03
4.350480319700700260e-03
4.162459474936400401e-03
4.504850722243799836e-03
4.263850923440000266e-03
4.437485048380300327e-03
5.604483457523799610e-03
3.980268421660100413e-03
4.548568131586700099e-03
3.867481818906000172e-03
4.629449750642299945e-03
6.028233807676399748e-03
4.902644908770599844e-03
4.502432864976800043e-03
5.319704627649700195e-03
4.551526055861499637e-03
5.785031870847200282e-03
4.029698288610299682e-03
3.628122887713100195e-03
4.164894318566800258e-03
3.987969681613100226e-03
6.454389958259899862e-03
4.636645128588800201e-03
4.471151413842400051e-03
4.994415648329600388e-03
4.358251499850700379e-03
4.785054115335999822e-03
4.443891077963300039e-03
4.093299039547700080e-03
4.183976429018999854e-03
4.418150174671600129e-03
4.183808065330699849e-03
4.336475363369000045e-03
4.156026045987399817e-03
4.361469292255199838e-03
4.200924339137200071e-03
5.141686351697099741e-03
4.156988058632800354e-03
4.245827776538299569e-03
4.744559839984699608e-03
4.049081333390099763e-03
5.269442162016899946e-03
4.153036445227900261e-03
3.751871443799399946e-03
6.213360483121300147e-03
4.333892085067399952e-03
4.151390519068499582e-03
4.253251204575800304e-03
4.251247638013100349e-03
4.170714397606000053e-03
4.946138089109100404e-03
5.617001287730899808e-03
4.032302599830899989e-03
4.133666634040999641e-03
5.318566671174199817e-03
5.379418547386299876e-03
5.932645434391399866e-03
4.380087217435099829e-03
4.334392558624800343e-03
4.290576414003199716e-03
4.481602081444300417e-03
6.109204067285999712e-03
4.254748844519200268e-03
4.672579406092500394e-03
5.331604236209899934e-03
5.312177632557899681e-03
3.968878305881200046e-03
4.148812474548900162e-03
5.071767326440500094e-03
4.505405527024400336e-03
4.713351793662499609e-03
4.192862468022500420e-03
5.496334365105800049e-03
4.967203100134799654e-03
4.107340975399899861e-03
4.556345272908900179e-03
4.526166048232600075e-03
4.164253526538999606e-03
4.391082700865299969e-03
4.049309342695399903e-03
4.217852608384400383e-03
4.112416088733999997e-03
4.455015880576800383e-03
3.661263538742499934e-03
4.274748098722499882e-03
4.342780686169700130e-03
4.455871187248199722e-03
5.745378152717199767e-03
5.181035107970500229e-03
4.478130798651800380e-03
4.110197984385900380e-03
4.442605753087000391e-03
5.931367583159000145e-03
4.057728916107099931e-03
4.456613974391099818e-03
5.246021054522999848e-03
4.304430265124599940e-03
4.853569173760999798e-03
5.670884285400800383e-03
4.441007684171400377e-03
4.407666397520100358e-03
3.995459119679399887e-03
5.077062361946100069e-03
4.288678425182400333e-03
4.194276009750699634e-03
4.091040801590299994e-03
4.316732718813999850e-03
4.156568212358700311e-03
6.120798592243299752e-03
4.050591121873500094e-03
3.687750786916699827e-03
4.303601924388799661e-03
5.866634490887899685e-03
4.462760788057199869e-03
4.278496782463100077e-03
4.007976731805199672e-03
5.125733745141899944e-03
4.212226603200500304e-03
6.324556520551199643e-03
5.995429817963000320e-03
4.140452357411899750e-03
3.879404104003599928e-03
5.966181860817599582e-03
5.366728247785000280e-03
4.645067340260499583e-03
5.054751293340999617e-03
4.336466549885899593e-03
3.980593095254000152e-03
4.467413880674100425e-03
4.210618398338699872e-03
4.143558939567399887e-03
3.944265414378899867e-03
4.096292274336999807e-03
4.168679290087600429e-03
4.393334290213500408e-03
6.095677906667799732e-03
4.479266132834600067e-03
4.548507346114800259e-03
5.475697352081400349e-03
4.835553160813899770e-03
3.979314595384899657e-03
4.037174680721599893e-03
4.250445315925300074e-03
4.522311472389400379e-03
3.931933829134100222e-03
4.505257192367700253e-03
4.130450538228000283e-03
4.281187787616999932e-03
4.311840694355500124e-03
4.718206758226199671e-03
5.877379630240000229e-03
4.251823608791800019e-03
5.975852067249300126e-03
4.224654987086499773e-03
3.867561966241200161e-03
4.102653176732000070e-03
4.140216948071999761e-03
4.013253401290600188e-03
4.917264582924900373e-03
4.873864144259399886e-03
4.176892622789999884e-03
3.977788153846199999e-03
4.605960157244399882e-03
3.960321132849000184e-03
4.308583694814799823e-03
5.604483457523799610e-03
5.354110257153500349e-03
5.370867979549699689e-03
4.721582916778099825e-03
5.452352534763399948e-03
4.376649111646199915e-03
3.840561713190299934e-03
4.628640941901399596e-03
5.785031870847200282e-03
4.479968824677199764e-03
6.248003456255000164e-03
4.199257932727100059e-03
4.406090961715399684e-03
4.413879797493700310e-03
6.801748762791800032e-03
4.280288573702899571e-03
4.773025601933199649e-03
3.916038408362599969e-03
4.225457985412899888e-03
4.129136236052100006e-03
4.126518484705199614e-03
3.986230236549700295e-03
4.760394941890100026e-03
4.052206074368400364e-03
4.314171747634400027e-03
4.632160784996700205e-03
4.456398954202399690e-03
4.502107340671600288e-03
4.328555184701400431e-03
4.795074394983400018e-03
4.671339278063299863e-03
4.180219825475100376e-03
4.024361815383999640e-03
4.100255659473400066e-03
4.375424780033799858e-03
4.335526317726300267e-03
4.196436059511600078e-03
4.247803604705700092e-03
5.902304654971999957e-03
5.962975851462599779e-03
3.776595129502599828e-03
4.152092846781799650e-03
4.823100169372499836e-03
4.142796654644199765e-03
4.212857734905799817e-03
4.387990627396000202e-03
4.582429726807099590e-03
4.862589475915200105e-03
4.092054426698199694e-03
4.506666622788499908e-03
4.532791387234999698e-03
4.587528208557099980e-03
4.168213236271800341e-03
4.605990256199100040e-03
3.623020392291999899e-03
4.332275193778900059e-03
4.634832929518099831e-03
4.497057900658200415e-03
4.687074063100199819e-03
3.928602996057900011e-03
4.386124473058100430e-03
4.262018418912699898e-03
6.018523334439999581e-03
3.976198680201500392e-03
5.633259686939300417e-03
5.197284064554000098e-03
5.432193968360999985e-03
4.862464853160699575e-03
4.017521756216000002e-03
4.424337966873100221e-03
4.376799712461800287e-03
4.213253570620400026e-03
4.414567884747500406e-03
6.548192535901600428e-03
4.331395160441600146e-03
4.722462089941799855e-03
4.527398623889899998e-03
4.084709086409100097e-03
3.991431205633700317e-03
4.220434830616399784e-03
5.002486778714799673e-03
4.212066364904100413e-03
4.315160614079400353e-03
4.630208663569199828e-03
4.362337233584300325e-03
4.034082237619700424e-03
4.274594862226599630e-03
4.599929051666800175e-03
4.297288365198600329e-03
5.903830863022999954e-03
4.012482333370800090e-03
4.519156446329200029e-03
4.182482928487400199e-03
4.566894603068099960e-03
3.700594667476399865e-03
5.949880473333800379e-03
5.373538439566500138e-03
4.262688848886400129e-03
3.784639457236400016e-03
3.882253538749999913e-03
4.238643514050299994e-03
4.132199258699700145e-03
4.635841252196099861e-03
3.773810723382500006e-03
5.267446724195199749e-03
4.016203332633500045e-03
4.275656625549099574e-03
4.749850829679799595e-03
5.391699828326500070e-03
4.484244430290999957e-03
5.860396658863499704e-03
4.503822980840200066e-03
4.073002297588899749e-03
4.367031135434800045e-03
4.410092939958100075e-03
4.099506868996000315e-03
4.220588243386599880e-03
4.567755834564499705e-03
3.928849926975799822e-03
5.702827614899400217e-03
4.594272376004800151e-03
4.461872028812700029e-03
4.261733593109400323e-03
4.229203103238699663e-03
5.938831303963200414e-03
4.229931338475799614e-03
4.133172845910600308e-03
4.401828720799899793e-03
4.374480575467899930e-03
4.024918917595699669e-03
5.273742305165200067e-03
5.890878299024199932e-03
5.392198720172099863e-03
4.006762492719500267e-03
5.696672012131200405e-03
5.447597287628200106e-03
4.249075174427700309e-03
4.303515479196899987e-03
5.694943255805400353e-03
4.390604397998499817e-03
4.435671747500800378e-03
4.315829064343299978e-03
4.253461806407300358e-03
4.043612953103500017e-03
5.290771473564099929e-03
3.968699490235899630e-03
4.257252099636700364e-03
4.038764850512100227e-03
4.221926111381500354e-03
4.773307501535300340e-03
4.445874445874399734e-03
4.513773231130899580e-03
3.884224266070099903e-03
4.055772256058499947e-03
4.389594792889899705e-03
4.575831435588700348e-03
4.324419524711600044e-03
4.199584664545500355e-03
4.731882132611399915e-03
4.383485056653499932e-03
4.057036876918099742e-03
4.512755554929100306e-03
4.024082467063300368e-03
5.702827614899400217e-03
4.303504306473400140e-03
4.616228048887000349e-03
5.267446724195199749e-03
4.476020026564600171e-03
4.284488079360500301e-03
4.588990515594099789e-03
4.400412606724000281e-03
3.785349224749500179e-03
4.453988888576200338e-03
5.071767326440500094e-03
4.080967526282600413e-03
5.866634490887899685e-03
4.289193972406599858e-03
4.293955397381600189e-03
4.278387254542600354e-03
4.939695519133299739e-03
4.304785408720900215e-03
4.417165735994699888e-03
4.180414711855399632e-03
4.300149872607600399e-03
4.001101233407799995e-03
4.090453889106699693e-03
5.469423295152599576e-03
4.202096064273500367e-03
4.022126016872100071e-03
5.192795645759600356e-03
6.137775679199999890e-03
4.245012098501199649e-03
5.869037344275500161e-03
4.200161828354099722e-03
5.851041216167800207e-03
4.877768308822000298e-03
5.303633199844199654e-03
4.420777694150499967e-03
5.642299034282200268e-03
6.209542335406699996e-03
4.353267637326400062e-03
3.945930362808700020e-03
4.254155565264400307e-03
3.819131922816299853e-03
4.327116662731000062e-03
5.061361502307000146e-03
4.447851605617000187e-03
4.800298981696599597e-03
3.846195503731099970e-03
4.565606473868700187e-03
5.576986574848600067e-03
4.402822283981499586e-03
4.227933881115900419e-03
6.167912539339399751e-03
4.923540928895899990e-03
6.105074857044000269e-03
4.818258495504800128e-03
5.204860174722799986e-03
4.291876931501100237e-03
6.159409683190599817e-03
4.359572902043899571e-03
4.490959424738000076e-03
4.164364221742000022e-03
5.264701222382099817e-03
4.001781811100099673e-03
6.596034741294200254e-03
5.447578664658800016e-03
4.029194740317899696e-03
3.958484712447999862e-03
5.951271631923799911e-03
4.362503819081000288e-03
4.242613617472200220e-03
5.272479236235199859e-03
5.408150042293799996e-03
4.189764055488699908e-03
4.984943507265199823e-03
5.846265756985999720e-03
3.692009419635199855e-03
4.236204247312099977e-03
4.086486977244299656e-03
4.554798546351100305e-03
4.371730706231500251e-03
4.076733531221300375e-03
4.159105153409500127e-03
3.915875470549499623e-03
4.095295264841700318e-03
4.314404241440399773e-03
4.322341306662499591e-03
5.707647855313800409e-03
4.452445689024999570e-03
4.154173537000100357e-03
4.242962537438500249e-03
3.897760339645999807e-03
5.283745130771400067e-03
4.315108507699600034e-03
4.484597338530600143e-03
3.991435497408499580e-03
4.857496205240500152e-03
4.686272370055100285e-03
4.199128323392900021e-03
3.916867504209700125e-03
4.126347921094899833e-03
4.242850221833400007e-03
4.200798011662900192e-03
4.112905180479299941e-03
4.505653187382399616e-03
3.929191542407100418e-03
3.725338639571099987e-03
5.027692308861500016e-03
5.052810459790300045e-03
6.120798592243299752e-03
4.247231181751000284e-03
4.189506006464899755e-03
4.410383602180399654e-03
3.846205995816799790e-03
4.408288102852099891e-03
4.113024281997499851e-03
4.690424918602199844e-03
5.414175675677299938e-03
4.867205255155099622e-03
4.853586341854499581e-03
4.130604171129599600e-03
4.336740929514200371e-03
4.060915648187999813e-03
5.869037344275500161e-03
4.089715694018799738e-03
6.305907847028300282e-03
4.542262041715899867e-03
5.452352534763399948e-03
3.985526340368099676e-03
3.742721032369699871e-03
5.469423295152599576e-03
4.020094999937699580e-03
6.324556520551199643e-03
4.358063382890800357e-03
4.078233976535300224e-03
4.349447554094499659e-03
4.257871723404100389e-03
4.414438917071100178e-03
4.685054094707400037e-03
5.729115490597599773e-03
3.690075891634900154e-03
3.995814286735699730e-03
4.286940101429499717e-03
4.146206752358700016e-03
6.368463648074300376e-03
4.462297552179600273e-03
6.268914501321999969e-03
4.086266192182700166e-03
4.185800873469899645e-03
4.051026527534900418e-03
4.488343086528699677e-03
4.236445786088700351e-03
4.468458574831100059e-03
4.097480755976700209e-03
5.619799110617900231e-03
5.317220288325000266e-03
4.502690521593900180e-03
4.102672567302500031e-03
4.717370915495899819e-03
5.289999913357299605e-03
5.447597287628200106e-03
4.835860217864499863e-03
5.027692308861500016e-03
4.535731007862599772e-03
4.066018451554300264e-03
4.717557130741300425e-03
4.400551040915100243e-03
4.423445222123100103e-03
4.987113255009699604e-03
3.531924379143300177e-03
6.520981108122700376e-03
4.192591654421900203e-03
4.368849396412500218e-03
5.484727325198599825e-03
4.335245948984599827e-03
4.847769897867199897e-03
4.190722034864999800e-03
4.003458687713699893e-03
5.987271975213599717e-03
4.181776456620299627e-03
4.110083731336099805e-03
4.796506085463099998e-03
4.403327647688600084e-03
4.084953076356199683e-03
4.782171748058600298e-03
6.750990233512900104e-03
4.707718347787700174e-03
4.410259722960699694e-03
5.717566346778900181e-03
4.316128015917000162e-03
5.031219441654699760e-03
5.914737792534200365e-03
4.601825074067700250e-03
4.857185193022899722e-03
4.021810600872100135e-03
4.461400486095499704e-03
4.383473649534700041e-03
4.225333388771199648e-03
4.461382148855700183e-03
4.158127506136800183e-03
4.695200183710100152e-03
4.241512136650100323e-03
4.984943507265199823e-03
3.906636137774599678e-03
4.175984602267600147e-03
5.153033183543699776e-03
4.644970630805000250e-03
5.962975851462599779e-03
4.238782684133199710e-03
4.402700599255199992e-03
4.020299201416300053e-03
5.690612059689400398e-03
3.822047927058300210e-03
4.244974174409299819e-03
4.342366119728599712e-03
4.861463453253099878e-03
3.663716429988399942e-03
4.340826573105399828e-03
4.746489653056299579e-03
4.356461657882500053e-03
4.165322842547099745e-03
4.059689801114800371e-03
6.062465400965400160e-03
4.814209032725100257e-03
4.680275506833400136e-03
4.159981008114300126e-03
4.080297904428800172e-03
4.340911089991499744e-03
4.865751534287299923e-03
6.033983092293700168e-03
4.400400967432400307e-03
5.739225615436100228e-03
6.371018810914200366e-03
4.411283853118200433e-03
4.231261330311399810e-03
4.404101381785600205e-03
4.440188027058499833e-03
4.383871814300600162e-03
5.339489596405700214e-03
4.995120615366300046e-03
4.602095101827999649e-03
4.329532478709900364e-03
3.951939669035399796e-03
5.358202137484000156e-03
4.202794832298299872e-03
4.696161547267800433e-03
5.734687548088600144e-03
4.717876480714900365e-03
3.995052216731199632e-03
3.942107630291199691e-03
4.597434287381700103e-03
5.639954713920599695e-03
4.489679063553100175e-03
4.009439971007299798e-03
6.243072264790700335e-03
4.027568619001799938e-03
4.407266266127800314e-03
5.141686351697099741e-03
4.564370059624799775e-03
4.234318939603000376e-03
6.105074857044000269e-03
4.847813299140700354e-03
5.518828873135799701e-03
5.409194884811800198e-03
4.877768308822000298e-03
4.364367774522299667e-03
3.894022518750899896e-03
4.299765998864299964e-03
4.164955954868000340e-03
4.263032984600700383e-03
4.366966950699599677e-03
4.476350943766299953e-03
4.073558592192099738e-03
3.989225280430799998e-03
4.323861362753800112e-03
4.481915818664600031e-03
4.187361672064699586e-03
5.568948498543900387e-03
4.576782576023099604e-03
3.966939762200700180e-03
5.009055905956700389e-03
4.691511451005699572e-03
4.469532674670400295e-03
5.764577816153399967e-03
4.099684017617099760e-03
4.436955384466900396e-03
4.343841509379199606e-03
4.462778844234700087e-03
4.586471760152300431e-03
4.146113420019000365e-03
4.405641993602599574e-03
4.094119917370899961e-03
4.140782393835400026e-03
4.083289379927699907e-03
5.373538439566500138e-03
4.404279843273699660e-03
3.928238328135900091e-03
4.181690762264899698e-03
4.137772289320600094e-03
5.703237209875199575e-03
3.916715346901400267e-03
4.341308361901399793e-03
4.235740115384399943e-03
4.326877934932999749e-03
5.874436212661199655e-03
4.122148860088799618e-03
5.207513806348399929e-03
5.027758633913400298e-03
4.512546023736099983e-03
3.755909803917299901e-03
3.986240185844600395e-03
5.669874021710000211e-03
4.478966723816899670e-03
3.566923567150799904e-03
4.006738130111199732e-03
4.390596597621699605e-03
4.290205911099499725e-03
4.395948956313599706e-03
4.497605036384499586e-03
4.158206290670599797e-03
4.564686250147299666e-03
4.366673876135799930e-03
4.003159940114900048e-03
4.047924282463599872e-03
4.230159420756799890e-03
5.345140334465399781e-03
5.858098281166300263e-03
4.409586897420400206e-03
4.828050908942799896e-03
5.156012193939300131e-03
6.259918958173200237e-03
3.945371122842099808e-03
5.840499773704799745e-03
5.951271631923799911e-03
4.009782734687599749e-03
4.789499889183100427e-03
4.847930968742000107e-03
5.475697352081400349e-03
4.176304567088599644e-03
3.980923239935900068e-03
4.069749703513100315e-03
4.396809315927100240e-03
4.775970545593699601e-03
4.980756731558499788e-03
4.350695900459800383e-03
3.802636740428399879e-03
4.774575545685899765e-03
5.308960576177399783e-03
4.195994702903700288e-03
4.490761279247500355e-03
4.276074391406900314e-03
4.862464853160699575e-03
6.096757150021100101e-03
4.473036816639399879e-03
5.052061184966799741e-03
4.316208814748700127e-03
5.523418016524599822e-03
4.119399102742600169e-03
4.139389265502300096e-03
5.764234811637500289e-03
4.575918488757899603e-03
5.786017287834800335e-03
4.352748632890099736e-03
3.856346290789599944e-03
4.853378225158600304e-03
4.483845626733600105e-03
4.442035660383800155e-03
4.582282593076500259e-03
4.705968235506399582e-03
4.714345225394599680e-03
4.262485510189899761e-03
4.227857669520600215e-03
3.814959997165899910e-03
3.868878285512500001e-03
4.005685130149499833e-03
4.125365573888599598e-03
4.101375549186400335e-03
4.272323006026299864e-03
4.489596173661800430e-03
4.124068200479700380e-03
4.405953346190799765e-03
4.129680974688100352e-03
4.535669803985300196e-03
3.795477968496000203e-03
4.066754870088800169e-03
5.074938729358500003e-03
3.863432353696899871e-03
3.938985602732599824e-03
4.062441798753499943e-03
5.860396658863499704e-03
4.248420184299699781e-03
4.249529824654699715e-03
4.634429981693199627e-03
6.126906857636000084e-03
4.442515998645199700e-03
3.972981627542900018e-03
4.257595887729099735e-03
4.362950353115500370e-03
3.877502770353299932e-03
3.949556636241600104e-03
5.384901831521999790e-03
4.076020278180899833e-03
5.619799110617900231e-03
4.323931933669499829e-03
6.091910212108700255e-03
5.482324759612599609e-03
4.211015115321299629e-03
4.677986260306700103e-03
4.395059812657299732e-03
4.667576953205299951e-03
5.026873616092200105e-03
4.033079582149700151e-03
4.362609389067799610e-03
6.279812829568700260e-03
4.523050449221299729e-03
4.303826913853899851e-03
3.933538942190200303e-03
4.749508626100299585e-03
4.178126487651000198e-03
4.847199782572199703e-03
4.433272122936000176e-03
5.933847435871299897e-03
3.963034184812699694e-03
4.119149073247199873e-03
4.142888618756100129e-03
4.384787793607500261e-03
3.857403834283800164e-03
5.465432656194899735e-03
4.046521311531399608e-03
4.594569503318099608e-03
4.929148204415099814e-03
4.115465054937500304e-03
4.085568227518100205e-03
4.956038673069499724e-03
4.667218638857700136e-03
4.447408216048999788e-03
4.458572594751400095e-03
4.236419318158999962e-03
5.487944536112399942e-03
4.605222860637399850e-03
5.112617386473400014e-03
4.261973443706700351e-03
3.884857134107700012e-03
4.862297575904400357e-03
5.272479236235199859e-03
4.426538625990399968e-03
4.041845856051699652e-03
5.060873240139199779e-03
3.929452576343799887e-03
4.309426185199600329e-03
4.108500687393800040e-03
3.558059395947000148e-03
4.213648287529399988e-03
4.252138005172600120e-03
4.172088092887600401e-03
4.360222255171199678e-03
4.209289018543600422e-03
5.599827291584399784e-03
4.769777559596500432e-03
4.296464220393999764e-03
4.310560969633100113e-03
5.005443755792099957e-03
4.239758816670500044e-03
5.791574581310799698e-03
4.053978190470900085e-03
4.117213231807500054e-03
5.643841616703100181e-03
4.387540658146399895e-03
4.410140052817100413e-03
4.426959909693000024e-03
4.139364051427700184e-03
4.443205475350400085e-03
5.018335189445899576e-03
4.224452701713899729e-03
4.591036701053000102e-03
3.611717468080500107e-03
4.457550526839900058e-03
4.729752788272300126e-03
4.167966505328199803e-03
4.234145457270400287e-03
5.447578664658800016e-03
4.386570472038300167e-03
4.078554457306300327e-03
5.969240502225799799e-03
4.005331690533900021e-03
5.484727325198599825e-03
4.120546769395499673e-03
3.930852663308300084e-03
4.012639153204099716e-03
3.694853582225000096e-03
5.846265756985999720e-03
5.530223510151400200e-03
4.914795826424499595e-03
5.006976123951400147e-03
5.367772045879700034e-03
3.953805035414400051e-03
4.271476706163199709e-03
4.525597499767699573e-03
4.182057040442099631e-03
5.578845881878399977e-03
4.389776777213100049e-03
4.575960176635100220e-03
5.617001287730899808e-03
5.111927981195799574e-03
4.653594434982200045e-03
5.491116666929299860e-03
4.085452009182500080e-03
5.690612059689400398e-03
4.802062876043700426e-03
4.230682829152300137e-03
4.457732306409899897e-03
4.469396274565500156e-03
4.016605062351200073e-03
5.412478740997500419e-03
4.559824665215099666e-03
4.404763197237499678e-03
4.168937662378399689e-03
4.264951852445199830e-03
4.045520034905199756e-03
4.113318897610100319e-03
4.106093050548999777e-03
5.808457448066500078e-03
3.741816629545399991e-03
3.946043107948700099e-03
5.046517548984700077e-03
4.534533640214000183e-03
4.504048294437799742e-03
3.808858586051400152e-03
4.338801853657600106e-03
4.651411591547000013e-03
4.012089538693500330e-03
3.980591379578400299e-03
4.390451581393600006e-03
3.906679606173499991e-03
3.738824954033900024e-03
6.270545431501299734e-03
4.321592242902299805e-03
4.829076479277799594e-03
4.379894817659799738e-03
4.523632985632300256e-03
4.655433534700099789e-03
4.182053516016599921e-03
4.865322201512500312e-03
5.426133002318599824e-03
4.153768507369199996e-03
4.050973915013100259e-03
5.006420687735300273e-03
4.109875261025600253e-03
6.033766160136300356e-03
4.370109487002600199e-03
5.696672012131200405e-03
4.431602208926899850e-03
5.894512446976399658e-03
4.098824613524500345e-03
4.232443330851900359e-03
5.993148035366700245e-03
6.277221494600899662e-03
4.532816371759399582e-03
4.393712816050199775e-03
4.192175220154199800e-03
5.064545196907800119e-03
4.225618870841999636e-03
3.858661804231700108e-03
4.271802231085099731e-03
4.478619712698900419e-03
3.828500446647099820e-03
4.143571427612399889e-03
5.842974603373500379e-03
4.401503651976199777e-03
3.987975710789199574e-03
5.682267657146800044e-03
5.854593161220799681e-03
5.061361502307000146e-03
6.307701604853200271e-03
4.325252629461800308e-03
