4.792436969292500175e-03
6.355085718020199621e-03
6.923279215529600308e-03
6.500795911771799739e-03
5.536226640350400303e-03
7.196399809944600129e-03
6.208095658177600375e-03
5.769085838177300321e-03
6.803737744724000155e-03
7.049100661169800316e-03
6.534440296464300024e-03
6.844647539445400386e-03
6.330855792185500173e-03
6.705753043178000299e-03
6.944754322097000145e-03
7.701937503868199614e-03
6.915889801128800168e-03
6.120051091961600277e-03
7.711057420901399999e-03
5.573062482410399976e-03
6.613016303695500378e-03
7.043091084219799992e-03
7.899780804685400254e-03
7.165230534510499960e-03
5.260149211289900061e-03
7.543835723067900297e-03
7.778824278724500232e-03
6.956694580943200042e-03
6.453894522109199575e-03
7.000001229134500055e-03
7.393578025637300051e-03
6.349757952184799902e-03
7.754312573810999767e-03
6.281750872054400053e-03
6.659251276564299819e-03
5.398959685123499649e-03
6.729519517979100363e-03
6.456546969704699858e-03
5.797848224250399911e-03
7.165002120296999968e-03
6.523934766029799819e-03
6.853865595140299673e-03
7.791897931430099601e-03
6.971936425803700217e-03
5.914461722760699577e-03
8.237376314321299270e-03
6.436224020762299804e-03
6.418666794438900036e-03
6.909673011695699821e-03
4.925128801600099637e-03
7.666623467335400427e-03
6.898299369601300184e-03
6.190545497271499574e-03
7.329380392588400080e-03
6.819688070504199666e-03
6.555950594887899850e-03
6.668675347239400204e-03
6.205710033868899571e-03
7.217081996025599862e-03
6.512119291136399951e-03
7.150473309746500222e-03
5.196841792971400135e-03
9.005345571149200520e-03
6.943781741090800270e-03
6.584117659536600255e-03
7.392495878405299682e-03
5.242425675475200289e-03
8.014742285658299145e-03
7.126082862261099923e-03
5.880807006626799852e-03
6.278719393524400012e-03
7.970328153329500620e-03
5.564992890994499911e-03
7.239728659881999699e-03
6.941200667217000200e-03
6.865927209955000401e-03
7.103218050901000113e-03
7.500933170598599910e-03
6.497621237429199864e-03
6.250765106831200277e-03
6.130786419444100160e-03
5.982062773916899980e-03
6.869328264530500001e-03
7.265215084940299800e-03
6.213952507478299851e-03
6.974805758409599599e-03
7.233622265820200369e-03
6.907068050639899974e-03
6.819889890351299618e-03
6.236414856479500189e-03
5.382113796856299696e-03
6.162703993716700350e-03
6.354123479667599626e-03
6.220678327465799587e-03
7.421055917631799725e-03
5.794902764455999583e-03
6.780492912730600244e-03
5.725942468441500358e-03
6.810760473993300243e-03
7.858517888113300542e-03
7.475063929330500248e-03
7.285293293386999568e-03
5.924007790074499978e-03
5.782232779409900332e-03
7.579563484560900184e-03
6.564313275996900253e-03
6.996302389380099594e-03
6.430693944088300071e-03
6.655236059163300265e-03
6.718314442087599571e-03
6.940819762406499893e-03
6.970857440776700303e-03
6.418157743455599890e-03
8.310887229497200199e-03
6.095386303057399868e-03
7.121975336694399798e-03
6.864184441659600122e-03
4.769713117140099781e-03
5.818195548192599785e-03
6.859804500750300328e-03
6.197228145200700360e-03
6.034934173984100175e-03
7.415013572986100220e-03
6.982749328717900023e-03
6.470938668969800425e-03
6.864291761940800179e-03
5.959742169678100207e-03
7.595801485591999885e-03
6.716532890779900247e-03
5.829330770333899722e-03
6.899746433443400100e-03
6.171608468066599670e-03
8.089998279401499487e-03
7.832479530714399341e-03
7.023989905597200108e-03
5.996440121654099571e-03
6.571061703998499690e-03
6.772780908898799919e-03
6.565359428661200064e-03
7.320127577887800170e-03
5.006511429458899813e-03
7.596428874201499939e-03
6.597258114589699650e-03
6.818341113651400255e-03
6.445159217791899750e-03
5.042386083119200155e-03
5.543933826471099911e-03
6.259785556393900052e-03
6.971144761763300307e-03
6.728099913932099677e-03
7.410203328305300235e-03
6.377189131702300229e-03
6.687812791393000188e-03
7.305978565645699849e-03
6.722746207962399835e-03
5.784962864290300183e-03
7.883239421054599391e-03
6.478152718570000419e-03
6.635329808737500286e-03
6.056928087666200305e-03
6.546685397864500031e-03
6.748145208333999889e-03
6.538412041471599982e-03
6.924022438170500046e-03
5.486915843923599601e-03
6.852600998816399738e-03
6.415210336313199695e-03
6.312776296653099632e-03
6.594455618859100185e-03
6.136300875788000195e-03
6.766230784996199801e-03
7.576271954774400040e-03
6.028662836828099607e-03
5.434328953049400238e-03
5.669616038397200068e-03
6.016527326738600398e-03
6.108967416250699577e-03
6.985794459966099962e-03
5.981042137712100186e-03
6.859525258380200045e-03
7.583840755385500357e-03
5.698172737130600095e-03
6.995374131409000384e-03
6.834314803383700031e-03
6.219711065696499619e-03
6.838785714770000135e-03
7.589686181184099843e-03
7.476328791228599967e-03
6.235117694843499668e-03
7.689392389200499708e-03
6.551231811137500291e-03
6.969445252579800285e-03
7.060373660815200299e-03
6.829592783483999681e-03
6.038458411701100315e-03
7.668631182299600300e-03
5.534399317469299723e-03
6.471432796066400352e-03
8.481387636484800582e-03
6.552209228003300079e-03
6.518808860235899942e-03
7.637202782496599687e-03
7.162761147544699676e-03
7.075132587977499624e-03
6.179579867731499650e-03
5.988300920091600352e-03
6.810376291009699774e-03
8.312297233833100193e-03
7.476665647870400083e-03
6.402418499748699886e-03
5.462802465247999957e-03
7.138120672680900100e-03
6.324766368647099721e-03
6.404822519024700074e-03
6.329005296090099882e-03
6.378809412220299603e-03
6.145401022033100159e-03
5.657164187013699781e-03
6.919295644850500041e-03
5.721327005086499808e-03
6.705439189136799642e-03
6.697697765928800270e-03
7.022815445401600111e-03
7.510399813657899805e-03
7.261867848551799981e-03
6.222899057556899836e-03
6.935079935932200040e-03
6.457087724698800345e-03
6.601006115840100073e-03
7.645602334110299797e-03
7.201179842148399887e-03
5.893904922502700254e-03
6.353088542286699711e-03
6.760217180252399601e-03
6.093053398447100151e-03
5.420176591426200188e-03
7.802446372154299772e-03
7.253117959420500409e-03
7.815745823009399157e-03
6.545728462470100199e-03
8.595472459857899858e-03
7.310037802896699778e-03
6.961628048902299831e-03
7.558408910669700206e-03
6.048525893661899598e-03
6.310027706201500226e-03
5.790433986969200156e-03
5.867197535529299936e-03
6.156960885615099868e-03
7.636442701047600409e-03
7.230244538601799699e-03
6.884084735188700233e-03
6.826655722390800006e-03
5.335760405968800399e-03
7.176187884369999645e-03
7.331809603205999802e-03
7.692004307168399772e-03
8.162554381610899815e-03
6.681717769650099940e-03
5.858885455021599700e-03
6.013871958717800087e-03
5.979386010962600348e-03
6.832416614773999947e-03
7.539100387281200133e-03
6.385526062142599969e-03
7.033718951027999843e-03
7.987012735959300377e-03
7.198809622007300291e-03
6.792771872402600213e-03
7.745490552241199658e-03
6.043099873926900158e-03
6.867181443209600077e-03
7.062289846532799828e-03
5.649854898182899744e-03
7.501799359712599952e-03
7.241257242711500279e-03
7.302154621409500182e-03
7.254565736040900249e-03
6.412692121948599874e-03
6.510274072304800090e-03
6.264890621524400044e-03
6.854173610644199999e-03
5.906627327248900085e-03
6.600925462204299682e-03
7.116597261228500317e-03
7.609393312886399835e-03
5.723379762883899942e-03
7.063308671466099649e-03
6.833244732414800286e-03
6.779115150968299981e-03
6.479743215422199658e-03
5.883831351803699844e-03
4.767084136683500013e-03
5.506262683112399595e-03
6.752577258812200028e-03
6.289464131050699625e-03
6.915554213115299685e-03
7.015704929143299837e-03
6.408763799599700300e-03
6.919215299984100322e-03
7.619906396911900123e-03
6.534450200485799644e-03
7.516774300409499732e-03
7.106707811647399765e-03
4.379598528457299793e-03
7.342558553551900395e-03
7.349614776821600075e-03
7.252658087757799660e-03
6.239129239589099804e-03
6.763648293914599832e-03
7.166872461860099991e-03
6.340147643856900057e-03
6.886903548913200258e-03
6.805077735772100019e-03
6.826093655927199799e-03
7.003111909817299856e-03
5.843371572106500177e-03
6.337313960363900184e-03
5.367277824280400171e-03
7.194069119694400209e-03
5.757088812603099875e-03
7.437359436277999995e-03
6.510990406111799925e-03
7.672043692625200167e-03
6.337337729045699856e-03
5.990731952463699932e-03
7.100733252702500116e-03
7.054049376305799625e-03
7.471194826286399991e-03
6.419890923390399878e-03
6.511588438010400097e-03
6.685384217928799951e-03
6.915676365252100208e-03
6.172279350224000108e-03
6.261011080765900398e-03
4.894515433855799701e-03
6.332085728166200397e-03
6.174957730079999943e-03
6.993831177533799993e-03
6.740555176035400303e-03
6.621423174290199873e-03
6.799232271273400116e-03
7.149407817691699925e-03
6.346690130044099938e-03
7.208243477772999577e-03
5.624176312551400388e-03
6.405398146348799913e-03
6.397309160358299884e-03
6.989339434135899767e-03
7.162336693134699860e-03
6.066300586087799984e-03
6.177299296795699807e-03
6.895970938830599598e-03
5.994207691064600170e-03
6.412343090568700145e-03
6.858204704959399572e-03
7.332147115196700066e-03
6.838741641355700063e-03
7.677827714222499635e-03
5.813358739400699762e-03
8.154417389604200206e-03
7.386263411249600029e-03
6.462134313531899682e-03
6.862228404839200088e-03
6.824242823119899826e-03
6.627513049183199854e-03
7.206335181151099674e-03
6.999236061812900110e-03
7.496866961753999824e-03
7.545873357488900278e-03
7.420725665991500207e-03
6.754407124717300322e-03
6.019042771009300297e-03
5.954084114417800000e-03
5.965532928816399613e-03
6.151938651798600360e-03
7.638760274210900161e-03
7.340535208612800240e-03
7.324092001983699592e-03
7.487234428290299657e-03
6.759974852260299850e-03
7.438699689189499746e-03
5.859616062688199900e-03
6.808114809904800002e-03
7.614456166620700225e-03
6.596653688381099584e-03
6.536239865833200387e-03
5.859527886100599804e-03
6.487688347668899881e-03
6.116095658020399665e-03
6.642367416838999665e-03
6.935144696970200161e-03
6.975415477192799599e-03
6.697878670845799909e-03
7.134032994831399771e-03
5.969872403324300372e-03
6.315139839521800164e-03
6.775270745788900158e-03
6.623286441929499870e-03
6.493496144434900315e-03
6.505727768694300264e-03
7.283371194160499600e-03
5.605115330143899989e-03
6.033604698236900293e-03
7.149366507112299950e-03
6.106151154452999635e-03
6.853663492988800246e-03
7.147351049598900212e-03
6.713443312202900179e-03
6.653491704245799790e-03
5.095100219780699692e-03
6.856461453125899976e-03
6.388191010493199720e-03
5.851769378963299698e-03
7.369094705991299787e-03
6.541251921043899666e-03
6.836603068866500300e-03
7.299577541689699842e-03
6.874570068078999889e-03
6.820157612608099967e-03
6.494062781317399766e-03
7.654648317757299647e-03
6.819167672626400001e-03
5.906672709037700045e-03
5.654229794718200301e-03
6.197520531181600206e-03
8.113791861867600264e-03
6.616416015444300316e-03
6.612553546854999832e-03
7.588752336006200118e-03
6.478653775146299594e-03
5.967734055493100279e-03
6.603587071436899970e-03
5.814969286481600289e-03
7.177209810408900076e-03
7.209079807465000427e-03
6.628541430276500140e-03
7.069348445982499667e-03
5.961310725200300031e-03
6.247200077118499582e-03
8.052362226087100838e-03
7.052586895115699889e-03
6.535670876388299973e-03
6.979369292198099942e-03
7.261615556069900106e-03
6.950875573574000384e-03
6.585215553423599648e-03
6.275198158314799698e-03
7.044148989800800426e-03
5.995630583642700198e-03
5.734505200217000082e-03
6.056671744143599621e-03
5.295133326524199650e-03
5.332527697273500324e-03
5.865958666287999709e-03
6.677580693464999634e-03
6.431262185854399668e-03
5.679036579324899837e-03
6.678597776057800146e-03
5.582646343103799848e-03
5.624187517078100065e-03
7.100401887097700093e-03
7.151058610065100067e-03
6.528734438573400266e-03
7.350837560206299574e-03
6.293243735138899855e-03
6.991689309969800412e-03
5.895363013534799836e-03
7.156610926756200308e-03
6.382167499857900085e-03
5.992542314254599781e-03
5.981638643470700394e-03
6.543425210653699628e-03
6.864947750764300270e-03
7.597125127725700387e-03
6.439957609343600377e-03
6.068321542152600376e-03
6.550086447006099773e-03
7.327012501178000077e-03
7.225211220155500214e-03
7.224980698530600320e-03
8.191564696999000320e-03
6.604921749819300109e-03
6.066297412140000088e-03
6.703844694518699965e-03
6.051629905392300404e-03
6.939556743849700088e-03
7.446582976893099601e-03
7.120945479336999832e-03
7.213303079005899815e-03
7.041268880679700005e-03
8.622069417648299192e-03
7.314812300736099615e-03
6.949283128494900159e-03
6.076699956217099935e-03
7.441061811411100319e-03
7.322971947322999726e-03
8.999441516946300387e-03
7.351631601847400006e-03
7.513905172858099772e-03
6.951029013746799767e-03
6.623344077768000132e-03
7.432148333180199976e-03
6.296344885350199996e-03
6.174630016890000211e-03
6.013390325980000339e-03
6.562945753661299751e-03
5.679552469096300037e-03
7.025568520481599924e-03
6.530097367542999839e-03
6.714001442686100274e-03
6.753517560121199970e-03
7.002678903726300419e-03
6.952574455439100055e-03
6.822422918584100139e-03
7.082167424390399882e-03
7.769852102435100168e-03
6.968682827254799733e-03
6.115868407222600257e-03
6.849508581711100108e-03
6.023699709202400346e-03
6.887705337417599979e-03
6.818549497200499659e-03
6.294663641071999993e-03
7.018965731794800378e-03
6.552420169715199999e-03
6.443713704369900298e-03
7.174260213831399648e-03
6.954370935866299903e-03
7.408374381580500392e-03
7.114225370015100219e-03
6.669241516969200319e-03
7.849680102445400626e-03
6.240512553567800248e-03
7.523038641144499591e-03
6.045096848677399860e-03
6.750372309335999667e-03
6.943076823631800197e-03
6.808006256818799860e-03
6.335704425974300266e-03
8.107750402751299698e-03
5.516018723202899612e-03
7.160836805577199850e-03
5.539220850339999884e-03
6.167684327614999899e-03
5.055174771439000306e-03
7.787012526145300345e-03
6.833808569464299744e-03
6.981852520753099693e-03
7.744004201197899999e-03
7.536524552329500019e-03
6.418559393168800364e-03
6.470776393867600125e-03
5.867397840742799922e-03
6.170731479236199815e-03
7.358547152205299584e-03
7.929192451530800434e-03
5.601454071297600271e-03
7.025943104865199629e-03
6.188328611512999844e-03
7.139741847200799761e-03
5.394803002414400375e-03
5.403772303553600054e-03
6.310407393295400236e-03
5.726984309522199605e-03
6.765855438286299921e-03
7.651869245246900424e-03
6.175526595735400005e-03
7.156066154746699819e-03
6.731730216167199597e-03
7.122525791473600411e-03
7.691874847395000110e-03
7.059137617976300391e-03
6.052346861869900216e-03
6.204515959419800407e-03
6.677673690873500191e-03
6.672009390785199785e-03
6.785316635707699592e-03
7.366768454286299651e-03
7.001474436710499946e-03
6.071054619896300297e-03
7.487688425660299699e-03
7.298007108003400079e-03
5.512840921857000212e-03
6.485973825592600273e-03
6.881612716118400315e-03
6.630382932959800329e-03
6.193095297465100318e-03
4.967443091210999896e-03
5.825737487123799734e-03
8.719482880658399257e-03
6.195304639574499700e-03
7.784319950326399652e-03
7.397482457362799906e-03
7.172053276889399712e-03
5.942553813922500303e-03
7.620987069020999927e-03
6.478545165770100388e-03
7.347727717037199659e-03
7.174410939246800116e-03
6.786521648994000254e-03
5.850795347798599597e-03
5.480736765197800030e-03
7.334332022381200022e-03
7.404312391063199751e-03
6.190169575990600408e-03
7.295158481462600195e-03
7.703419703035500020e-03
5.281318987094000411e-03
6.552012135507300113e-03
7.063221802113200248e-03
6.939262677092899838e-03
5.772852464563400093e-03
6.821357590621899593e-03
6.854656580228300072e-03
6.275072297616600230e-03
6.381840293357099632e-03
6.437365595648399975e-03
6.024194041271800290e-03
6.829198099179200308e-03
6.772355188431500306e-03
6.574791195009199729e-03
6.434581987514700202e-03
6.006316486828799754e-03
6.557473992617600389e-03
6.814067758415399967e-03
6.351107590399599802e-03
5.504260151628500089e-03
6.147108203742200280e-03
7.546827040138800145e-03
7.133030738773899967e-03
6.088458053859499911e-03
6.160664697384399952e-03
8.206398463370000521e-03
7.294000706313500011e-03
5.704591023444999590e-03
7.754795426348700359e-03
6.414396236309400159e-03
4.879751822076600250e-03
6.720919741612800362e-03
6.870137515214300161e-03
6.640758418208999626e-03
6.289132312950100091e-03
5.956493716365100256e-03
6.081503702821500039e-03
6.421045077588299725e-03
5.585425383682300106e-03
6.874722474002399608e-03
6.025283375920799898e-03
6.541186042734299655e-03
6.995065036481800183e-03
7.391380690799300053e-03
6.876446631659600094e-03
5.909446515369699664e-03
7.636449344162600343e-03
5.478998576137100382e-03
7.257807388114699901e-03
6.259986299790400339e-03
6.888447218908200394e-03
7.891370144725700156e-03
7.518036454385800330e-03
6.203992754797499863e-03
6.097803181149099791e-03
6.716351207376800372e-03
6.791938976793500220e-03
6.120019803350000218e-03
5.795934967064200402e-03
6.311625632597700312e-03
6.706863665893499603e-03
5.962207783191999719e-03
7.136024034249900151e-03
6.306596462821299764e-03
6.262953032190100335e-03
6.406545284954199594e-03
7.171571782805100104e-03
6.653931700463700145e-03
6.368610800463900268e-03
7.828309914548199633e-03
8.547647414483999437e-03
6.933567300331899830e-03
6.851173785567800378e-03
6.310323054022499642e-03
7.392926107754899806e-03
6.178350629546400241e-03
7.145884993228999831e-03
5.985484847663200166e-03
7.334304010944399724e-03
6.410753100157800394e-03
6.615965026715900019e-03
6.464121438762999647e-03
7.280882606965500235e-03
6.783879652922999992e-03
7.001089884267499772e-03
6.753991980359299804e-03
8.171206441316700500e-03
6.928702895882100400e-03
7.287154802319900301e-03
5.851372190895200338e-03
6.276691629422299912e-03
7.302707039335099709e-03
6.498992923835000129e-03
6.576069631341699764e-03
7.091990618046300175e-03
5.882678535163299652e-03
7.592062022957700093e-03
6.113829800780600128e-03
5.826456432119300234e-03
5.833753600108899755e-03
5.612566009843699896e-03
6.838143814316400421e-03
6.685472731684899764e-03
6.715738225182599740e-03
6.992780899151800414e-03
6.465253051330600159e-03
6.723785136292299847e-03
7.012900140590400296e-03
7.810911625222100030e-03
7.718678322220700293e-03
7.968797882474100425e-03
5.568775157074499875e-03
6.048169008122299649e-03
6.574224412987899994e-03
7.678341382084699802e-03
6.842112933704800129e-03
6.775830380837300111e-03
6.901801142144500106e-03
6.794321239824799644e-03
5.954376986149200433e-03
5.781667603137599643e-03
6.403685658276699749e-03
7.370143213663500094e-03
7.430030765497299891e-03
6.601188397079699871e-03
7.640605948783300155e-03
6.807554813020699758e-03
6.983480427291999769e-03
6.088945216644900058e-03
6.864014091806799889e-03
6.916481555433499906e-03
6.585860423762799828e-03
6.732443737901499733e-03
6.942668775306600100e-03
5.996204084565900060e-03
6.863861498738899752e-03
6.654239709572899730e-03
5.484494289393000363e-03
5.524899060640399602e-03
7.303229293272700019e-03
7.100782908968599969e-03
6.901847601724100251e-03
6.278030171863699903e-03
5.637624891144999741e-03
6.713827965629600054e-03
6.401957069877800381e-03
6.751003678453299829e-03
7.125154294332500075e-03
6.748785153746899960e-03
5.308957168439700121e-03
6.800471614809299598e-03
7.699635917168799921e-03
5.671690656710600027e-03
6.273442130059500230e-03
7.034478771035600209e-03
5.377409765601100407e-03
7.713312397398999938e-03
6.622097874230400277e-03
6.494085928756099940e-03
5.789593685669099619e-03
7.218090500060100022e-03
6.024694774698799611e-03
6.527873077973599808e-03
6.930403025002599728e-03
6.947372142892599932e-03
6.053313119544600183e-03
5.900273366614999793e-03
6.647083045516699595e-03
7.607325325192500383e-03
6.197123789961799661e-03
5.936498493901300189e-03
6.857670779375499640e-03
6.746547864763499831e-03
7.904371862068600846e-03
7.417751166571100001e-03
6.928038347801200245e-03
7.274688398849400196e-03
6.097140237678400423e-03
5.945729540713699801e-03
7.496344978071199823e-03
6.976737749216700181e-03
6.695209420497500244e-03
7.240358461772999736e-03
7.487340465987499770e-03
6.349275830697699574e-03
7.043881294933200359e-03
6.674418614141399732e-03
6.202161937203999609e-03
5.935309294849499574e-03
6.294831035856100071e-03
6.689686692652499836e-03
6.245030787768299750e-03
7.419621672606300025e-03
6.842192193684299914e-03
7.532022968987400063e-03
6.927909553626000402e-03
5.941661013567699906e-03
7.259400790128500008e-03
6.145581225555500279e-03
6.346707928627200353e-03
7.223764731094600364e-03
6.452874066327799960e-03
5.997703888337100123e-03
6.330430329813899887e-03
6.897152346257200140e-03
5.127313691391400391e-03
6.672869854335699950e-03
7.530040802244999595e-03
7.804927750339600047e-03
6.192436937269600421e-03
6.851610244347799972e-03
7.080197147067699912e-03
6.695835161695399933e-03
6.849557636098600050e-03
6.696259142834300356e-03
7.217795108553200223e-03
5.015348522894600217e-03
7.578978068442100181e-03
7.597356563086799831e-03
5.663600575736799786e-03
5.952792412468699973e-03
5.964815683105100311e-03
5.590245756233800170e-03
6.827824927358200346e-03
6.727303663230200376e-03
6.691562182951400414e-03
7.839579237537100398e-03
6.056411608183999949e-03
7.022765683438499627e-03
8.216710192361899312e-03
7.903871468814899909e-03
6.300076663915499774e-03
7.581249163645499903e-03
6.067928977381799836e-03
7.131207893583999848e-03
7.406185874659100381e-03
7.621177780971899809e-03
7.132655243157299749e-03
7.240043196763200177e-03
6.108326137601799606e-03
6.125246435048300325e-03
8.116765596419200229e-03
5.902148450639299604e-03
7.806835529631100078e-03
6.348924621324900097e-03
6.750490591278000135e-03
5.684541903882200410e-03
5.763914627583999715e-03
6.060387907780099767e-03
6.161632514132400068e-03
6.742581452595200128e-03
7.910630868236699642e-03
6.234128911411999929e-03
6.782524367205900080e-03
6.713515118413299759e-03
6.089173335102299883e-03
6.839198950667899762e-03
5.385026415700699780e-03
7.589062029416500203e-03
6.436659292544899720e-03
6.185331707543999594e-03
7.855036377006600554e-03
6.498454847233800340e-03
7.289610181949400178e-03
6.010305774094599693e-03
6.703899758076999754e-03
7.389882545244400372e-03
6.773619464470999676e-03
6.432730490752600234e-03
6.383126598372299877e-03
6.351773462866500131e-03
6.801397688231800367e-03
6.817275403630599674e-03
6.147425784720400403e-03
5.699773281007299887e-03
6.824011278370100027e-03
7.063279782183400080e-03
7.948301669889199297e-03
7.700072927911100033e-03
7.636030839380900104e-03
6.853076059028799689e-03
6.820855121343900006e-03
6.932243296272000248e-03
6.604631381232400379e-03
4.754826870226099705e-03
6.298396210922099607e-03
6.461223560933699976e-03
7.359827509115499967e-03
6.364553471491399966e-03
6.479557990614700017e-03
7.810304200740999896e-03
6.420713515213599849e-03
7.564676558760899741e-03
8.098415531918900720e-03
6.144695486165600330e-03
6.582277006549700112e-03
7.440258998171699750e-03
7.703271690218600407e-03
4.952869332415000408e-03
6.743877647082400367e-03
6.597348694226999946e-03
6.834141513091299656e-03
7.803270633821300303e-03
6.351100789095599775e-03
6.383877659222700340e-03
7.987498825996499491e-03
8.382520704137299758e-03
7.457664321770999735e-03
5.511067817522199812e-03
7.044593350643099661e-03
7.445085451715799905e-03
6.727899409322100378e-03
5.799415984195100023e-03
6.551829364897399956e-03
6.480511356020100117e-03
5.231345731571799759e-03
7.108440409096999923e-03
6.005465834991200076e-03
7.233551948404800397e-03
5.952984030212600357e-03
8.074273317016699217e-03
8.171495662470600052e-03
6.724954185443400220e-03
8.123171168663500044e-03
6.491110513189299672e-03
7.117486464067599577e-03
5.820830140916799858e-03
7.367141584977500261e-03
6.583512396629099921e-03
7.580083218305800133e-03
6.752230730753199829e-03
6.840604213476799735e-03
7.916175156521900597e-03
6.473545110453999933e-03
5.922348396809200104e-03
6.896725980620899837e-03
6.791503201821200326e-03
6.999871736225299866e-03
7.000927714188600291e-03
6.117922130610200203e-03
6.828509962218800265e-03
7.372797307826000311e-03
6.646380548250999630e-03
6.482388211522399808e-03
6.837501858552800203e-03
7.000438027953999678e-03
7.157495532723000091e-03
6.762807451763100039e-03
5.783485999282800272e-03
6.647589025172100270e-03
5.869616119770999785e-03
7.513217644523099807e-03
7.198090435034499614e-03
6.490554546977000093e-03
5.659554028346900148e-03
5.956461976654000429e-03
6.179480605964599894e-03
6.781758809320899938e-03
7.981590941693700661e-03
6.231511278647399767e-03
6.896559721644500256e-03
5.179826251001699682e-03
6.806706808256199857e-03
7.144923931092599795e-03
6.027002466993200240e-03
6.863443370540099793e-03
7.496519031594099831e-03
6.761491050844699660e-03
6.569522383071200143e-03
6.335596034348600115e-03
7.874619437184100790e-03
7.265451207777400347e-03
5.784789579835299816e-03
6.649367760197800320e-03
7.039445752024400295e-03
6.388364441759299822e-03
6.274240849376100208e-03
7.587340751085899782e-03
6.201569794509900237e-03
6.492802062088800022e-03
5.842765349705200326e-03
5.255519908310499894e-03
7.561476396295700383e-03
6.676429863131099797e-03
5.997807936430899801e-03
7.171008766848899901e-03
7.543932290387100371e-03
6.698376777288100013e-03
6.394345551086600028e-03
7.533795460585700036e-03
7.318994094658600076e-03
7.369986998990199836e-03
7.410348642640300111e-03
7.110335108063199627e-03
6.959758759606999613e-03
7.390159538092099835e-03
7.626655098242300125e-03
6.518447968702600036e-03
7.125080665442600110e-03
7.803460178385899712e-03
7.093305838344899847e-03
6.446229910529600003e-03
6.696685858701300134e-03
7.497697215832099804e-03
6.944665572216499917e-03
7.790499627590799850e-03
6.441657205082799639e-03
6.939355128458200156e-03
7.234551357219100309e-03
6.508177088237999779e-03
6.821736105796999752e-03
6.633637619217000111e-03
6.211240316696399824e-03
6.489744739203500042e-03
6.512150350752200258e-03
6.225403869909099629e-03
5.230894194558100355e-03
6.303654790356300053e-03
7.208036619041799722e-03
