6.921514426252926323e-03
6.549175913397169493e-03
6.658141759212457024e-03
6.831746664426351263e-03
6.398673432527843090e-03
6.501140649257563381e-03
6.516003469702193185e-03
6.585282066365269645e-03
6.976195646478233064e-03
6.431909182974737335e-03
6.416111269141518483e-03
6.304042436083652848e-03
6.711226883924521075e-03
6.603691786744265296e-03
6.379171652024464255e-03
6.525069665776142211e-03
6.379171652024464255e-03
6.730292201729809638e-03
6.379171652024464255e-03
6.304042436083652848e-03
6.889362412931199220e-03
6.567010975638574999e-03
6.357181906522135946e-03
6.729985878152870693e-03
6.379171652024464255e-03
6.706705563674395659e-03
6.379171652024464255e-03
6.304042436083652848e-03
6.639737521127195806e-03
6.953154815128035834e-03
6.796809967261822731e-03
6.965142685856863178e-03
6.332280174911614733e-03
6.700406997069086913e-03
6.721212701246463521e-03
6.811065573202788014e-03
6.607591059473186257e-03
6.603691786744265296e-03
6.567010975638574999e-03
6.656778737465150059e-03
6.621917595309912211e-03
6.641601754502145238e-03
6.673872346937460495e-03
6.727280333991480718e-03
6.585282066365269645e-03
6.886678426730347483e-03
6.590869151828328623e-03
6.780739158489969449e-03
6.559864172962345287e-03
6.726546797065338125e-03
7.168037578112272830e-03
6.379171652024464255e-03
6.560032088431816920e-03
6.643907340812240520e-03
6.487182032687948026e-03
6.700406997069086913e-03
6.701407706083957298e-03
6.663409121315619354e-03
6.886678426730347483e-03
6.921514426252926323e-03
6.922877448000233289e-03
6.938608035725236760e-03
6.906337443289922370e-03
6.952146563056862613e-03
6.994721566940646958e-03
6.991282485853114390e-03
6.921514426252926323e-03
6.971441252462171924e-03
6.621917595309912211e-03
6.796809967261822731e-03
7.083596910904119658e-03
6.534606918240645074e-03
6.658141759212457024e-03
6.886678426730347483e-03
6.656778737465150059e-03
6.673872346937460495e-03
6.789805354563918476e-03
6.922877448000233289e-03
6.831746664426351263e-03
7.168037578112272830e-03
6.585282066365269645e-03
6.850665349969442888e-03
6.872326748260962521e-03
6.712463694831657599e-03
6.518118974141873766e-03
6.738439287671880822e-03
6.688419126340259570e-03
6.663409121315619354e-03
6.446491195136744810e-03
6.831746664426351263e-03
6.701407706083957298e-03
6.658141759212457024e-03
6.977199383619433863e-03
6.923468961552988604e-03
6.696644871762514467e-03
6.431909182974737335e-03
6.831746664426351263e-03
6.413986675200276759e-03
6.514261513592107568e-03
6.532074278474046466e-03
6.868427475532041561e-03
6.701407706083957298e-03
6.965142685856863178e-03
6.751917721475724291e-03
6.379171652024464255e-03
6.789805354563918476e-03
6.730292201729809638e-03
6.985008046087979802e-03
6.813911602184945758e-03
6.516003469702193185e-03
6.921514426252926323e-03
6.906337443289922370e-03
6.721212701246463521e-03
6.603691786744265296e-03
6.567010975638574999e-03
6.643907340812240520e-03
6.886678426730347483e-03
6.701407706083957298e-03
6.906337443289922370e-03
6.621942737942571218e-03
6.995027890517585903e-03
6.656778737465150059e-03
6.995027890517585903e-03
6.688419126340259570e-03
6.501140649257563381e-03
6.711226883924521075e-03
6.700406997069086913e-03
6.811065573202788014e-03
6.751917721475724291e-03
6.850017755153045909e-03
6.431909182974737335e-03
6.658141759212457024e-03
6.720272357300203538e-03
6.711226883924521075e-03
6.574835392545750473e-03
6.700406997069086913e-03
6.398673432527843090e-03
6.672768988123444107e-03
6.922877448000233289e-03
6.720272357300203538e-03
6.831746664426351263e-03
6.460281326736784339e-03
6.725017015524560604e-03
6.379171652024464255e-03
6.473703598884104557e-03
6.680846957929294748e-03
6.868427475532041561e-03
6.687410874269086349e-03
6.991282485853114390e-03
6.643907340812240520e-03
6.886678426730347483e-03
6.805162191780704181e-03
6.977199383619433863e-03
6.780739158489969449e-03
6.824767777219593184e-03
6.687410874269086349e-03
6.700406997069086913e-03
6.782694478684831926e-03
6.701407706083957298e-03
6.966143394871733563e-03
6.711226883924521075e-03
6.680846957929294748e-03
6.658141759212457024e-03
6.729985878152870693e-03
6.518118974141873766e-03
6.621917595309912211e-03
6.501140649257563381e-03
6.568778124871429112e-03
6.831746664426351263e-03
6.813911602184945758e-03
6.621917595309912211e-03
6.603691786744265296e-03
6.585282066365269645e-03
6.574835392545750473e-03
6.831746664426351263e-03
6.778766098952363969e-03
6.446491195136744810e-03
6.778997202379883832e-03
6.985008046087979802e-03
6.921514426252926323e-03
6.688419126340259570e-03
6.721212701246463521e-03
6.992016022779256983e-03
6.590869151828328623e-03
6.607591059473186257e-03
6.922877448000233289e-03
6.540426502992927917e-03
6.952146563056862613e-03
6.937504676911220372e-03
6.855604840616104888e-03
6.621942737942571218e-03
6.727280333991480718e-03
6.782854662929650030e-03
6.711226883924521075e-03
6.805162191780704181e-03
6.518118974141873766e-03
6.639737521127195806e-03
6.726546797065338125e-03
6.813911602184945758e-03
6.639737521127195806e-03
6.994721566940646958e-03
6.559864172962345287e-03
6.765876338045339645e-03
6.872326748260962521e-03
6.805162191780704181e-03
6.473703598884104557e-03
6.738439287671880822e-03
6.725017015524560604e-03
6.641601754502145238e-03
6.398673432527843090e-03
6.805162191780704181e-03
6.839571081333526738e-03
6.460281326736784339e-03
6.446491195136744810e-03
6.621917595309912211e-03
6.952146563056862613e-03
6.780739158489969449e-03
6.487182032687948026e-03
6.585282066365269645e-03
6.643907340812240520e-03
6.574835392545750473e-03
6.831746664426351263e-03
6.672768988123444107e-03
6.585929661181665756e-03
6.473703598884104557e-03
6.304042436083652848e-03
6.780739158489969449e-03
6.985008046087979802e-03
6.446491195136744810e-03
6.831746664426351263e-03
6.473703598884104557e-03
6.711459957690456800e-03
6.460281326736784339e-03
6.994721566940646958e-03
6.738439287671880822e-03
6.398673432527843090e-03
6.923468961552988604e-03
6.839571081333526738e-03
6.621942737942571218e-03
6.992016022779256983e-03
6.729985878152870693e-03
6.729985878152870693e-03
7.083596910904119658e-03
6.607591059473186257e-03
6.656778737465150059e-03
6.782854662929650030e-03
6.501140649257563381e-03
6.730292201729809638e-03
6.567010975638574999e-03
6.839571081333526738e-03
6.780739158489969449e-03
6.796809967261822731e-03
6.886678426730347483e-03
6.621917595309912211e-03
6.446491195136744810e-03
6.357181906522135946e-03
6.673872346937460495e-03
