4.530304498990132036e-07
4.533630466442987506e-07
4.533960333897143330e-07
4.534086291120430678e-07
4.547780544716755195e-07
4.531557248146229945e-07
4.532457331118381459e-07
4.532539035611908089e-07
4.534239768674534457e-07
4.542171905679715614e-07
4.545558853446167480e-07
4.563895613419520396e-07
4.537218374053678487e-07
4.531426571652108611e-07
4.548728576986492757e-07
4.548518993586815342e-07
4.548728576986492757e-07
4.537210429228078632e-07
4.548728576986492757e-07
4.563895613419520396e-07
4.538545432734802768e-07
4.533346234183453224e-07
4.549425602111993455e-07
4.536931119979968672e-07
4.548728576986492757e-07
4.672944390597409224e-07
4.548728576986492757e-07
4.563895613419520396e-07
4.529362153490696486e-07
4.533555176005366400e-07
4.533659980852667609e-07
4.532588768280814545e-07
4.552686668770167535e-07
4.530985361116912308e-07
4.535526365002402032e-07
4.547900928814521055e-07
4.540883555535222933e-07
4.531426571652108611e-07
4.533346234183453224e-07
4.528891237465855030e-07
4.546669196037563777e-07
4.535795786444875373e-07
4.532891616529008094e-07
4.536650083423196923e-07
4.532539035611908089e-07
4.531472959416616542e-07
4.543485553729962933e-07
4.532611545023443516e-07
4.547159582635794875e-07
4.535892628532944234e-07
4.880573328311058169e-07
4.548728576986492757e-07
4.623330578578801138e-07
4.546342438814957280e-07
4.531355398942361451e-07
4.530985361116912308e-07
4.533173633377222024e-07
4.545744927441159718e-07
4.531472959416616542e-07
4.530304498990132036e-07
4.534570705535563046e-07
4.533646330068620280e-07
4.536267448862270284e-07
4.531282611585242012e-07
4.538498102971364612e-07
4.537501955876991620e-07
4.530304498990132036e-07
4.669982422205598769e-07
4.546669196037563777e-07
4.533659980852667609e-07
5.471289701118354266e-07
4.548134838627064609e-07
4.533960333897143330e-07
4.531472959416616542e-07
4.528891237465855030e-07
4.532891616529008094e-07
4.548593283356617751e-07
4.534570705535563046e-07
4.534086291120430678e-07
4.880573328311058169e-07
4.532539035611908089e-07
4.636442146341757128e-07
4.541111681705556786e-07
4.534237778512614773e-07
4.550310490498357252e-07
4.531851474662505250e-07
4.532654733923014810e-07
4.545744927441159718e-07
4.538312864327887193e-07
4.534086291120430678e-07
4.533173633377222024e-07
4.533960333897143330e-07
4.535416853450599356e-07
4.656077611727214819e-07
4.540781307717254645e-07
4.542171905679715614e-07
4.534086291120430678e-07
4.933498681278383994e-07
4.555016833283940247e-07
4.533297015291191127e-07
4.532485010588574350e-07
4.533173633377222024e-07
4.532588768280814545e-07
4.531053279485997695e-07
4.548728576986492757e-07
4.548593283356617751e-07
4.537210429228078632e-07
4.535979307124196594e-07
4.534188954354747870e-07
4.532457331118381459e-07
4.530304498990132036e-07
4.536267448862270284e-07
4.535526365002402032e-07
4.531426571652108611e-07
4.533346234183453224e-07
4.546342438814957280e-07
4.531472959416616542e-07
4.533173633377222024e-07
4.536267448862270284e-07
4.530279155543754750e-07
4.538711702295577701e-07
4.528891237465855030e-07
4.538711702295577701e-07
4.532654733923014810e-07
4.531557248146229945e-07
4.537218374053678487e-07
4.530985361116912308e-07
4.547900928814521055e-07
4.531053279485997695e-07
4.533445984230099594e-07
4.542171905679715614e-07
4.533960333897143330e-07
4.534350276979805352e-07
4.537218374053678487e-07
4.545663143046906647e-07
4.530985361116912308e-07
4.547780544716755195e-07
4.529000450172844386e-07
4.534570705535563046e-07
4.534350276979805352e-07
4.534086291120430678e-07
4.534828407253177408e-07
4.534013496202383338e-07
4.548728576986492757e-07
4.532402530319193963e-07
4.543854814695087743e-07
4.532485010588574350e-07
4.529723082164299611e-07
4.537501955876991620e-07
4.546342438814957280e-07
4.531472959416616542e-07
4.607832175611688009e-07
4.535416853450599356e-07
4.532611545023443516e-07
4.623348054080126980e-07
4.529723082164299611e-07
4.530985361116912308e-07
4.576305161934467292e-07
4.533173633377222024e-07
4.534216944605238166e-07
4.537218374053678487e-07
4.543854814695087743e-07
4.533960333897143330e-07
4.536931119979968672e-07
4.550310490498357252e-07
4.546669196037563777e-07
4.531557248146229945e-07
4.560336211976325801e-07
4.534086291120430678e-07
4.534188954354747870e-07
4.546669196037563777e-07
4.531426571652108611e-07
4.532539035611908089e-07
4.545663143046906647e-07
4.534086291120430678e-07
4.563920110172459233e-07
4.538312864327887193e-07
4.555300156767668359e-07
4.535979307124196594e-07
4.530304498990132036e-07
4.532654733923014810e-07
4.535526365002402032e-07
4.538062385319543962e-07
4.543485553729962933e-07
4.540883555535222933e-07
4.534570705535563046e-07
4.607552890235494366e-07
4.531282611585242012e-07
4.530496356374265941e-07
4.543617344951503580e-07
4.530279155543754750e-07
4.536650083423196923e-07
4.550482190327937141e-07
4.537218374053678487e-07
4.607832175611688009e-07
4.550310490498357252e-07
4.529362153490696486e-07
4.535892628532944234e-07
4.534188954354747870e-07
4.529362153490696486e-07
4.538498102971364612e-07
4.547159582635794875e-07
4.531489950331940153e-07
4.541111681705556786e-07
4.607832175611688009e-07
4.532402530319193963e-07
4.531851474662505250e-07
4.534013496202383338e-07
4.535795786444875373e-07
4.547780544716755195e-07
4.607832175611688009e-07
4.545721216154307844e-07
4.534828407253177408e-07
4.538312864327887193e-07
4.546669196037563777e-07
4.531282611585242012e-07
4.532611545023443516e-07
4.531355398942361451e-07
4.532539035611908089e-07
4.546342438814957280e-07
4.545663143046906647e-07
4.534086291120430678e-07
4.529000450172844386e-07
4.636850067721275287e-07
4.532402530319193963e-07
4.563895613419520396e-07
4.532611545023443516e-07
4.535979307124196594e-07
4.538312864327887193e-07
4.534086291120430678e-07
4.532402530319193963e-07
4.532612953263170700e-07
4.534828407253177408e-07
4.538498102971364612e-07
4.531851474662505250e-07
4.547780544716755195e-07
4.656077611727214819e-07
4.545721216154307844e-07
4.530279155543754750e-07
4.538062385319543962e-07
4.536931119979968672e-07
4.536931119979968672e-07
5.471289701118354266e-07
4.540883555535222933e-07
4.528891237465855030e-07
4.550482190327937141e-07
4.531557248146229945e-07
4.537210429228078632e-07
4.533346234183453224e-07
4.545721216154307844e-07
4.532611545023443516e-07
4.533659980852667609e-07
4.531472959416616542e-07
4.546669196037563777e-07
4.538312864327887193e-07
4.549425602111993455e-07
4.532891616529008094e-07
