-8.297860252202207132e-01
1.867140157585895355e-01
1.949996734046664182e+00
2.433776096155803106e-02
1.880853903177740927e+00
1.042007734873633684e-01
-4.439309242591595317e-01
-3.565180952710645945e-01
-4.956898060573529108e-01
-5.758883658058472355e-01
-4.967435468768202078e-01
-2.178565542951131084e-01
2.205112519589465525e-01
-1.500072644664285360e-01
-1.132280119060200679e-01
-5.046178596445820563e-01
5.342249642865118942e-01
-6.935244361683869929e-01
-5.150197982674573072e-02
1.272577674019558458e+00
9.572658813299085578e-02
-6.041475276592609411e-01
-3.041817833912351388e-01
-1.147965385437973024e-01
-3.600955533887367221e-01
6.124398243918026674e-01
-9.905131922258048754e-03
2.779457986384914037e+00
1.006395210107739135e+00
-1.082020376101589854e+00
-5.392649689485563558e-01
-1.074200913393510204e+00
-3.799921205637146748e-01
-5.099904874824734424e-01
-4.736763148322756245e-01
-6.874434928213923879e-01
-7.745657326361737871e-01
1.408697636576117906e+00
1.741708476691036012e+00
6.160515918901765531e-01
2.612317501029111533e+00
-9.349212407928357838e-01
1.013780843848417490e-01
-9.117891903066603632e-02
-6.854415766485976169e-01
-5.138267841736735564e-01
1.069919947145936412e+00
-3.958792263430719327e-01
-7.838227141300561085e-01
2.366606086062921221e+00
2.030689636973460388e+00
2.031113432200276903e-01
-2.303451897183136921e-01
-7.173953941328200523e-01
-4.229370339941304069e-01
-8.389618053114216156e-01
-4.718479259084362720e-01
-8.030762923538513620e-01
-5.269674239666795323e-02
-8.483306021574951172e-01
-3.114328364617952594e-01
1.308996345302491371e-01
-4.083102559620515604e-01
-4.585263849362145039e-02
1.670383104010430886e+00
1.352665253597013173e+00
-1.198021371894087306e+00
2.313660971368123764e+00
-8.433124255481309894e-02
-7.333339870969304286e-01
-2.316203156176268596e-01
8.642979477425904999e-01
-1.009601805154802134e+00
-5.617267287683656019e-01
-6.322074471728998946e-01
-1.205411618588002387e+00
9.603978837780717814e-01
-5.405602766821984151e-01
-6.825562083501452992e-01
1.207997453793357101e+00
6.178072351148989894e-01
1.676752831870734761e+00
1.683145294178861606e-01
3.919150741545441435e-02
1.507714627629568316e-01
-3.202819154316641770e-01
-8.102350330974629200e-01
1.291802189853509919e+00
1.987914040302872221e-01
-7.539417354857238518e-01
-8.915893137773849286e-01
5.455498588889855921e-02
-2.408485768258764870e-01
2.959380076829402073e-01
1.272635336137305229e-01
7.212335345409044418e-01
3.967828989980188847e-01
-8.798091426026158901e-01
1.354075603873481803e+00
-2.314179938239692147e-01
-7.463762914412337690e-02
-1.088049564399902636e+00
-6.706976633296947155e-01
-6.156185553340766115e-01
-5.718749514550198754e-01
2.168371494172457670e+00
4.446767367603239318e-01
-1.243556150095019408e+00
9.236455288224501015e-01
9.744419984208538832e-01
-9.598970634265787671e-01
-6.607428088593170212e-01
2.459791597583668443e-01
-6.540154399279052289e-01
7.401304778955694053e-01
2.245998403752875738e+00
-3.460299512624421814e-01
-4.390147221065788252e-01
-3.088520043056266692e-02
1.917040987595128310e-01
-2.436214203774668408e-02
-4.989668663254872016e-01
-9.970655557460021967e-01
-1.135494834361740590e+00
-3.087570998256552457e-01
-4.471943807010494432e-01
1.013978947402172093e+00
-8.702328347672748654e-01
1.122506465654783847e+00
3.665096716607612048e+00
1.815348865963488434e+00
-1.046135366074180784e+00
-8.996361456852728367e-01
-1.232965042043855652e-01
7.612316920504725859e-01
6.636554285598501579e-01
-4.266124851090763448e-01
-4.763536836220693682e-01
-4.644560347836955705e-01
4.597392701293696038e-01
-4.237265664613266147e-01
-1.695089278827749679e-01
-4.024127830528502203e-01
1.674422487896564116e-01
3.665507807082684089e-01
2.880064976468263982e-01
2.958674119721736440e-01
-9.152014461861376349e-01
-6.846438526154428050e-01
-9.759260875365404209e-01
6.622654497687323616e-01
-1.494685610980699408e+00
1.148915421512695989e+00
-6.047587720718157998e-03
8.283172403113823190e-01
-6.459454739865905237e-01
-4.646208170690570571e-01
-1.291390663494717206e+00
-1.132495175321261316e+00
-9.127584569914437562e-01
-1.385014068136740384e-01
6.322269592436736696e-01
-2.254531294207234582e-01
-7.058575557762398756e-01
2.421655827249459048e+00
2.759168546455205151e-01
-7.499837164370407594e-01
-7.532298924165320431e-01
-5.160625304344804154e-02
-1.943838329415587818e-01
3.255937052068624382e+00
-2.009522797632468938e-01
-5.433255420376000844e-01
-2.121693907922773126e-01
-5.861124456189130694e-01
-5.867319481260570013e-01
-3.661316025755617654e-01
2.095072368583250633e+00
-9.117474463638121085e-01
4.840291765063725604e-01
-5.279513916886834357e-01
3.343168627219013089e+00
-1.215867409780074571e+00
-7.329153011955201746e-01
1.784072464801426117e-01
4.033236081500493952e+00
5.632794128132455613e-01
-9.517769071040416140e-01
-4.981306342694954425e-01
-1.199213632143138808e+00
1.383346415719397815e-01
-5.114241625618839437e-01
-1.064760499967921881e+00
2.861687318588171033e-02
3.401348809204777890e+00
4.677911050856646269e-01
-4.046430137584267617e-01
-6.704784421851744947e-01
-6.987427101756631398e-01
8.669871810057713790e-02
-7.433430532160613113e-01
2.425270702391662536e-01
-5.507586277041850442e-01
1.172415534801586612e-01
-1.293045771405736177e+00
4.543412998239240719e-01
-5.508994003615262924e-01
-2.796235523087888253e-01
4.470288734910924378e-01
4.482057783091045189e-01
-6.522463303323779160e-02
-6.509217721554513281e-01
3.506662713123613329e-01
2.408174079834299597e-01
-6.546594944086338019e-01
-1.247611459381224419e+00
-2.148034823164271800e-01
3.497762926327988020e-01
-3.779051000579041752e-01
-9.386683161348308158e-01
-1.097439916773873758e+00
-6.746784296938974634e-01
2.234264029923746786e-01
-6.647722556710161657e-01
-6.752886360612684324e-01
5.955202135499928703e-03
1.852277137523622441e-01
3.324043899918089462e+00
-6.027325808945185326e-01
-9.409367368211564442e-02
1.049443537328383913e+00
-2.108800205213944567e-01
-3.476338583213773974e-03
-6.890358689037302531e-01
-2.750160337373951380e-01
-3.828075065353573891e-01
-1.315413710512118417e+00
-7.159718727811399397e-01
3.959079380217925270e-01
3.235222171849904127e-01
-8.147787932570180747e-01
2.250185678289755575e+00
2.572773997998911710e-01
4.791446129236437423e-01
-3.942479301586576113e-01
-8.289504276605880184e-01
7.521529537250131181e-01
-4.080779710403578120e-01
-3.421824780629911245e-01
7.043936792153823179e-01
-6.476101486534895368e-01
-9.834121357868114144e-01
-5.066893947891728534e-01
1.004366572446009492e-01
-3.265126176197373220e-01
-1.846844113474956361e-01
-3.147187838625012390e-02
