7.043858306267163603e-03
7.086957871027687109e-03
7.145272371048075333e-03
7.026342455497675693e-03
7.005467374419491536e-03
7.069341793997036341e-03
7.075825167208186529e-03
7.095964199446533685e-03
7.053464918830270290e-03
7.027111019257099335e-03
7.016637765988894757e-03
6.953630663463092332e-03
6.971537252609842639e-03
7.099796507715281507e-03
6.993590656465550372e-03
7.134621865024024477e-03
6.993590656465550372e-03
7.128023328900843884e-03
6.993590656465550372e-03
6.953630663463092332e-03
7.082471833246856835e-03
7.091701525195277626e-03
6.980998424043729361e-03
7.125584526807028467e-03
6.993590656465550372e-03
7.075580086080813201e-03
6.993590656465550372e-03
6.953630663463092332e-03
7.106372482040569476e-03
7.075751154506489116e-03
7.016323553312330506e-03
7.051227982291887776e-03
6.967681489070690071e-03
7.116587051989488842e-03
7.133304988312186463e-03
7.077518060389599228e-03
7.148302418658612593e-03
7.099796507715281507e-03
7.091701525195277626e-03
7.109217375964764669e-03
6.915639354346127428e-03
7.146793367790456319e-03
7.143350470568796302e-03
7.130616936920538759e-03
7.095964199446533685e-03
7.037889994237749719e-03
7.148125357081438168e-03
7.010466097510584596e-03
7.145495270647207742e-03
7.123272112002812344e-03
7.023383090065257565e-03
6.993590656465550372e-03
7.087487106552556662e-03
6.928231586767948438e-03
7.062216410984726786e-03
7.116587051989488842e-03
7.138634189805438332e-03
6.940108304721889602e-03
7.037889994237749719e-03
7.043858306267163603e-03
7.079913301350473399e-03
7.077991400871194369e-03
7.081434298092854386e-03
7.048914977307794462e-03
7.060225457109426533e-03
7.057913042305210410e-03
7.043858306267163603e-03
7.010221016383212135e-03
6.915639354346127428e-03
7.016323553312330506e-03
7.112604476090874858e-03
7.139280180829964302e-03
7.145272371048075333e-03
7.037889994237749719e-03
7.109217375964764669e-03
7.143350470568796302e-03
7.069262795326422544e-03
7.079913301350473399e-03
7.026342455497675693e-03
7.023383090065257565e-03
7.095964199446533685e-03
7.016908721122193729e-03
7.082943348961010660e-03
7.136004925224310839e-03
7.128884133783087301e-03
6.989080760390316630e-03
7.141110224204091049e-03
6.940108304721889602e-03
7.036896322307444572e-03
7.026342455497675693e-03
7.138634189805438332e-03
7.145272371048075333e-03
7.070645855526708906e-03
7.010650714946700147e-03
6.961751949559497402e-03
7.027111019257099335e-03
7.026342455497675693e-03
6.824545623322714194e-03
7.122306974081592419e-03
7.081682623009932440e-03
7.034437438017679574e-03
7.138634189805438332e-03
7.051227982291887776e-03
6.996857341287124853e-03
6.993590656465550372e-03
7.069262795326422544e-03
7.128023328900843884e-03
7.055676400856768227e-03
7.021598801330085175e-03
7.075825167208186529e-03
7.043858306267163603e-03
7.081434298092854386e-03
7.133304988312186463e-03
7.099796507715281507e-03
7.091701525195277626e-03
6.928231586767948438e-03
7.037889994237749719e-03
7.138634189805438332e-03
7.081434298092854386e-03
7.103249063935351652e-03
7.062664259203241951e-03
7.109217375964764669e-03
7.062664259203241951e-03
7.141110224204091049e-03
7.069341793997036341e-03
6.971537252609842639e-03
7.116587051989488842e-03
7.077518060389599228e-03
6.996857341287124853e-03
7.030605129748931752e-03
7.027111019257099335e-03
7.145272371048075333e-03
7.121035470554370160e-03
6.971537252609842639e-03
7.147217160361461936e-03
7.116587051989488842e-03
7.005467374419491536e-03
7.111834359641764323e-03
7.079913301350473399e-03
7.121035470554370160e-03
7.026342455497675693e-03
7.046002863223271503e-03
6.980643793525669570e-03
6.993590656465550372e-03
7.054439830087918563e-03
6.951278696291292823e-03
7.034437438017679574e-03
7.114274047005396395e-03
7.057913042305210410e-03
6.928231586767948438e-03
7.037889994237749719e-03
7.028334899764895199e-03
7.070645855526708906e-03
7.010466097510584596e-03
7.022128036854954729e-03
7.114274047005396395e-03
7.116587051989488842e-03
7.042493283357821078e-03
7.138634189805438332e-03
7.073275120107836399e-03
6.971537252609842639e-03
6.951278696291292823e-03
7.145272371048075333e-03
7.125584526807028467e-03
7.128884133783087301e-03
6.915639354346127428e-03
7.069341793997036341e-03
6.888271593765490398e-03
7.026342455497675693e-03
7.021598801330085175e-03
6.915639354346127428e-03
7.099796507715281507e-03
7.095964199446533685e-03
7.147217160361461936e-03
7.026342455497675693e-03
7.049835812161562784e-03
7.036896322307444572e-03
7.056947904383990486e-03
7.055676400856768227e-03
7.043858306267163603e-03
7.141110224204091049e-03
7.133304988312186463e-03
7.065257867222936826e-03
7.148125357081438168e-03
7.148302418658612593e-03
7.079913301350473399e-03
7.093693969462497133e-03
7.048914977307794462e-03
7.046475289944162390e-03
7.082766287383837102e-03
7.103249063935351652e-03
7.130616936920538759e-03
7.063525064085485368e-03
6.971537252609842639e-03
7.028334899764895199e-03
7.128884133783087301e-03
7.106372482040569476e-03
7.123272112002812344e-03
7.021598801330085175e-03
7.106372482040569476e-03
7.060225457109426533e-03
7.145495270647207742e-03
7.003982724299434408e-03
7.082943348961010660e-03
7.028334899764895199e-03
7.054439830087918563e-03
6.989080760390316630e-03
6.980643793525669570e-03
7.146793367790456319e-03
7.005467374419491536e-03
7.028334899764895199e-03
7.081858090663860003e-03
7.046002863223271503e-03
7.036896322307444572e-03
6.915639354346127428e-03
7.048914977307794462e-03
7.010466097510584596e-03
7.062216410984726786e-03
7.095964199446533685e-03
6.928231586767948438e-03
7.147217160361461936e-03
7.026342455497675693e-03
7.111834359641764323e-03
7.082267790819795662e-03
7.054439830087918563e-03
6.953630663463092332e-03
7.010466097510584596e-03
7.055676400856768227e-03
7.036896322307444572e-03
7.026342455497675693e-03
7.054439830087918563e-03
7.118823988527872224e-03
7.046002863223271503e-03
7.060225457109426533e-03
6.989080760390316630e-03
7.005467374419491536e-03
7.010650714946700147e-03
7.081858090663860003e-03
7.103249063935351652e-03
7.065257867222936826e-03
7.125584526807028467e-03
7.125584526807028467e-03
7.112604476090874858e-03
7.148302418658612593e-03
7.109217375964764669e-03
7.063525064085485368e-03
7.069341793997036341e-03
7.128023328900843884e-03
7.091701525195277626e-03
7.081858090663860003e-03
7.010466097510584596e-03
7.016323553312330506e-03
7.037889994237749719e-03
6.915639354346127428e-03
7.036896322307444572e-03
6.980998424043729361e-03
7.143350470568796302e-03
