9.297065829758282383e-09
9.297822642740373917e-09
9.351517256254928795e-09
9.335858133969144074e-09
9.305733279524866227e-09
9.324934963326505743e-09
9.295434709054346565e-09
9.317912905565183302e-09
9.294978889395674985e-09
9.837333166583765413e-09
9.294978889395674985e-09
9.298174205252857506e-09
9.415117904868503642e-09
9.332065520822834102e-09
9.297031574423562837e-09
9.296773052881664074e-09
9.306753040361112562e-09
9.388180069949511626e-09
9.297822642740373917e-09
9.296773052881664074e-09
9.297031574423562837e-09
9.297031574423562837e-09
9.295434709054346565e-09
9.370959134230580215e-09
9.306753040361112562e-09
9.318236668132860753e-09
9.298407844693755573e-09
9.297599192993892276e-09
9.304405468312560662e-09
9.317912905565183302e-09
9.294978889395674985e-09
9.364515286915752188e-09
9.299235757645593307e-09
9.297031574423562837e-09
9.305733279524866227e-09
9.292979658009054054e-09
9.294978889395674985e-09
9.669705733700377480e-09
9.299235757645593307e-09
9.294273421032519447e-09
9.711174607623314202e-09
9.301110951603830253e-09
9.299235757645593307e-09
9.292979658009054054e-09
9.301930614100147747e-09
9.632920593584591120e-09
9.339398770673370027e-09
9.297599192993892276e-09
9.314858277694368892e-09
9.293718166021400585e-09
9.316393210179900153e-09
9.313459263458981696e-09
9.309090939011363045e-09
9.294978889395674985e-09
9.299331675643254209e-09
9.297599192993892276e-09
9.299116813428547933e-09
9.306753040361112562e-09
9.350247131511664176e-09
9.304405468312560662e-09
9.302858158907731929e-09
9.329219337903848357e-09
9.301930614100147747e-09
9.323830098261585727e-09
9.297031574423562837e-09
9.295434709054346565e-09
9.292979658009054054e-09
9.294978889395674985e-09
9.385249135071593727e-09
9.314858277694368892e-09
9.312553128678338829e-09
9.828320804866234141e-09
9.330665977927018259e-09
9.305978353641146120e-09
9.295434709054346565e-09
9.316393210179900153e-09
9.293718166021400585e-09
9.350967997764673646e-09
9.299235757645593307e-09
9.375300606812845913e-09
9.299116813428547933e-09
9.381418787786535241e-09
9.879999762853214321e-09
9.350247131511664176e-09
9.454413347527974110e-09
9.332065520822834102e-09
9.297599192993892276e-09
9.320729740115752770e-09
9.294978889395674985e-09
9.302858158907731929e-09
9.301110951603830253e-09
9.295434709054346565e-09
9.625893293540551928e-09
9.312553128678338829e-09
9.425044083907006815e-09
9.293059945651995571e-09
9.323830098261585727e-09
9.364515286915752188e-09
9.312553128678338829e-09
9.578976352604579181e-09
9.302858158907731929e-09
9.296773052881664074e-09
9.302858158907731929e-09
9.293718166021400585e-09
9.325811920218970785e-09
9.292979658009054054e-09
9.297599192993892276e-09
9.325811920218970785e-09
9.299331675643254209e-09
9.316393210179900153e-09
9.308014593862871806e-09
9.297031574423562837e-09
9.298407844693755573e-09
9.299564134029087662e-09
9.311032162844785753e-09
9.299564134029087662e-09
9.410720184108537779e-09
9.304405468312560662e-09
9.300257092329360416e-09
9.294978889395674985e-09
9.299116813428547933e-09
9.295434709054346565e-09
9.299116813428547933e-09
9.386018160414976963e-09
9.381418787786535241e-09
9.302533872993682239e-09
9.309090939011363045e-09
9.625893293540551928e-09
9.294978889395674985e-09
9.298407844693755573e-09
9.297031574423562837e-09
9.350247131511664176e-09
9.304405468312560662e-09
9.309248028758284438e-09
9.294273421032519447e-09
9.308014593862871806e-09
9.298407844693755573e-09
9.324934963326505743e-09
9.296822457952452486e-09
9.301110951603830253e-09
9.375300606812845913e-09
9.309722082820885803e-09
9.293059945651995571e-09
9.304066947555265184e-09
9.294273421032519447e-09
9.298407844693755573e-09
9.300257092329360416e-09
9.300936766287343981e-09
9.294978889395674985e-09
9.295434709054346565e-09
9.294273421032519447e-09
9.293718166021400585e-09
9.448468383763827675e-09
9.299235757645593307e-09
9.293059945651995571e-09
9.319507926356884710e-09
9.299116813428547933e-09
9.293059945651995571e-09
9.305978353641146120e-09
9.320729740115752770e-09
9.293718166021400585e-09
9.386018160414976963e-09
9.309090939011363045e-09
9.298407844693755573e-09
9.297599192993892276e-09
9.293415696444662979e-09
9.313459263458981696e-09
9.303242525415562925e-09
9.301930614100147747e-09
9.297031574423562837e-09
9.673138926833735366e-09
9.299331675643254209e-09
9.296773052881664074e-09
9.300936766287343981e-09
9.294273421032519447e-09
9.381418787786535241e-09
9.320729740115752770e-09
9.320729740115752770e-09
9.386018160414976963e-09
9.358297268126218647e-09
9.388241509480431462e-09
9.299564134029087662e-09
9.298174205252857506e-09
9.301930614100147747e-09
9.293415696444662979e-09
9.294978889395674985e-09
9.297031574423562837e-09
9.303242525415562925e-09
9.298174205252857506e-09
9.296773052881664074e-09
9.292979658009054054e-09
9.297822642740373917e-09
9.295434709054346565e-09
9.301930614100147747e-09
9.299331675643254209e-09
9.302137496945154504e-09
9.294978889395674985e-09
9.298407844693755573e-09
9.598673693949162905e-09
9.305483753682479835e-09
1.072230187682566853e-08
1.060769749109973773e-08
9.294978889395674985e-09
9.293059945651995571e-09
9.598673693949162905e-09
9.393659079038852981e-09
9.302137496945154504e-09
9.299235757645593307e-09
9.300936766287343981e-09
9.299116813428547933e-09
9.297599192993892276e-09
9.296822457952452486e-09
9.300936766287343981e-09
9.296831193987941717e-09
9.309248028758284438e-09
9.330665977927018259e-09
9.297599192993892276e-09
9.297065829758282383e-09
9.390697288277248280e-09
9.330665977927018259e-09
9.313459263458981696e-09
9.304066947555265184e-09
9.295434709054346565e-09
9.401839985407259177e-09
9.417718074022056859e-09
9.294978889395674985e-09
9.294978889395674985e-09
9.297031574423562837e-09
9.297599192993892276e-09
9.325811920218970785e-09
9.296822457952452486e-09
9.297031574423562837e-09
9.296773052881664074e-09
9.293059945651995571e-09
9.300936766287343981e-09
9.299564134029087662e-09
9.308014593862871806e-09
9.292979658009054054e-09
9.297065829758282383e-09
9.297822642740373917e-09
9.386018160414976963e-09
9.296831193987941717e-09
9.296831193987941717e-09
9.300257092329360416e-09
9.578976352604579181e-09
9.297031574423562837e-09
9.299331675643254209e-09
9.299116813428547933e-09
9.295434709054346565e-09
9.313421922602587058e-09
9.297031574423562837e-09
9.297031574423562837e-09
9.303242525415562925e-09
9.301930614100147747e-09
9.298407844693755573e-09
9.332065520822834102e-09
9.297031574423562837e-09
9.308014593862871806e-09
9.302137496945154504e-09
9.294978889395674985e-09
9.295434709054346565e-09
9.543889183568456211e-09
9.293059945651995571e-09
9.299235757645593307e-09
9.292979658009054054e-09
9.305483753682479835e-09
9.297031574423562837e-09
9.301110951603830253e-09
9.298407844693755573e-09
9.296822457952452486e-09
9.294273421032519447e-09
9.376642300585601176e-09
9.332065520822834102e-09
9.295434709054346565e-09
9.340144351722962735e-09
9.292979658009054054e-09
9.305483753682479835e-09
9.476303923253409431e-09
9.324934963326505743e-09
9.448468383763827675e-09
9.309090939011363045e-09
9.293718166021400585e-09
9.324934963326505743e-09
9.320729740115752770e-09
9.302137496945154504e-09
9.297822642740373917e-09
9.294978889395674985e-09
9.294273421032519447e-09
9.294978889395674985e-09
9.425044083907006815e-09
9.350967997764673646e-09
9.293415696444662979e-09
9.302137496945154504e-09
9.294273421032519447e-09
9.293718166021400585e-09
9.301110951603830253e-09
9.302858158907731929e-09
9.293415696444662979e-09
9.297599192993892276e-09
9.311032162844785753e-09
9.309248028758284438e-09
9.295434709054346565e-09
9.386018160414976963e-09
9.305483753682479835e-09
9.340144351722962735e-09
9.318236668132860753e-09
1.004278473402654618e-08
9.296831193987941717e-09
9.298174205252857506e-09
9.297031574423562837e-09
9.325811920218970785e-09
9.306753040361112562e-09
9.300936766287343981e-09
9.305483753682479835e-09
9.303242525415562925e-09
9.296773052881664074e-09
1.004278473402654618e-08
9.293415696444662979e-09
