1.243433562351739128e-03
1.362969416247846203e-03
1.361348648931508644e-03
1.993606633171252172e-03
1.300424819991246239e-03
2.008302701720962591e-03
1.287117053374489022e-03
1.235392053892878312e-03
1.943242887484051933e-03
1.295321274605585986e-03
1.294260070583893099e-03
1.747559301566432074e-03
1.246777461595044651e-03
1.376044717481219280e-03
1.342748272364559020e-03
1.362969416247846203e-03
1.355826399038442126e-03
2.015888135879329891e-03
1.311862253943407112e-03
1.279081438656072241e-03
1.335100828554111911e-03
1.378145754018590512e-03
1.361348648931508644e-03
2.022529724119689464e-03
1.349632869667625589e-03
1.327155387928328134e-03
1.883080900711213597e-03
1.319005271152811189e-03
1.335605255155154943e-03
1.356775886877029666e-03
1.335100828554111911e-03
1.386905647578179140e-03
1.865504648466740408e-03
1.278450768325342570e-03
1.311862253943407112e-03
1.355826399038442126e-03
1.257634475430676477e-03
2.021235659769147867e-03
1.872647665676144269e-03
1.303600781683759849e-03
1.981890853907368900e-03
1.342861381484662100e-03
1.251841703259710514e-03
1.311862253943407112e-03
1.303600781683759849e-03
1.861815744165330223e-03
1.327957811344707834e-03
1.256919440232935397e-03
1.311862253943407112e-03
1.239207852447027228e-03
1.303600781683759849e-03
1.389578205036653708e-03
1.361348648931508644e-03
1.342748272364559020e-03
1.295321274605585986e-03
1.355826399038442126e-03
1.886158048626093361e-03
1.271032328629096006e-03
1.250491458221272400e-03
1.342861381484662100e-03
1.865504648466740408e-03
1.244698686050306436e-03
1.335100828554111911e-03
1.342861381484662100e-03
1.257634475430676477e-03
1.967863239394898253e-03
1.311862253943407112e-03
1.335605255155154943e-03
2.015386706910285604e-03
1.342861381484662100e-03
1.232064835237623151e-03
1.342861381484662100e-03
1.295321274605585986e-03
2.005510758664091897e-03
1.335605255155154943e-03
1.246777461595044651e-03
1.342748272364559020e-03
1.271307751115938493e-03
1.840445877023769595e-03
1.388977675529404557e-03
1.388111052694281046e-03
1.319005271152811189e-03
1.928035942652635455e-03
1.320012370718924057e-03
1.386905647578179140e-03
1.969023378497507075e-03
1.383187734690623357e-03
1.355826399038442126e-03
2.025783739903412595e-03
1.320012370718924057e-03
1.327957811344707834e-03
1.244698686050306436e-03
1.393525755663669067e-03
1.833674388840805889e-03
1.373386831803557334e-03
1.310743798893163926e-03
1.393525755663669067e-03
1.826418262511298948e-03
1.279081438656072241e-03
2.010403738258333822e-03
1.311862253943407112e-03
1.389985330169132968e-03
1.846639406394586132e-03
1.241246421989758344e-03
1.845018639078248573e-03
1.319005271152811189e-03
1.321935505103393567e-03
1.943242887484051933e-03
1.327957811344707834e-03
1.271032328629096006e-03
1.892610409348621705e-03
1.342861381484662100e-03
1.335605255155154943e-03
1.388111052694281046e-03
1.263889311419692145e-03
1.239634444385640574e-03
1.342748272364559020e-03
1.998367741454688037e-03
1.257720463784830784e-03
1.271307751115938493e-03
1.302464291814990063e-03
1.386905647578179140e-03
1.286224455865476318e-03
1.327155387928328134e-03
1.294260070583893099e-03
1.355826399038442126e-03
1.303600781683759849e-03
1.310743798893163926e-03
1.373252774424348586e-03
1.370099408032500639e-03
1.242535071102282389e-03
1.294260070583893099e-03
1.868190976505956433e-03
1.356775886877029666e-03
1.256919440232935397e-03
1.271307751115938493e-03
1.279081438656072241e-03
1.257634475430676477e-03
1.368491666140912721e-03
2.022243314408876495e-03
1.250491458221272400e-03
1.361348648931508644e-03
2.017546755467738116e-03
1.310743798893163926e-03
1.361348648931508644e-03
1.327155387928328134e-03
1.327155387928328134e-03
1.279081438656072241e-03
1.256919440232935397e-03
1.866857724837363286e-03
1.263889311419692145e-03
1.379762630368775063e-03
1.319005271152811189e-03
1.278450768325342570e-03
1.342748272364559020e-03
1.395002448109735737e-03
1.387859430900331660e-03
1.239207852447027228e-03
1.327155387928328134e-03
1.327155387928328134e-03
1.370099408032500639e-03
1.383187734690623357e-03
2.016778970598960032e-03
1.271307751115938493e-03
1.362969416247846203e-03
1.342748272364559020e-03
1.256919440232935397e-03
1.380968035484876968e-03
1.303600781683759849e-03
1.362969416247846203e-03
1.373252774424348586e-03
1.319005271152811189e-03
1.310743798893163926e-03
1.271307751115938493e-03
1.378145754018590512e-03
1.383990548804026402e-03
1.287117053374489022e-03
1.271307751115938493e-03
1.355826399038442126e-03
1.295321274605585986e-03
1.960215795584451144e-03
1.899753426558025565e-03
1.873466909696304677e-03
1.380529849012961411e-03
1.905758940507162186e-03
1.873941730026685865e-03
1.876107160614405144e-03
1.981890853907368900e-03
1.383187734690623357e-03
1.279081438656072241e-03
1.303600781683759849e-03
1.257634475430676477e-03
1.342861381484662100e-03
1.320012370718924057e-03
1.295321274605585986e-03
1.392437170467665433e-03
2.013226019724620279e-03
1.319005271152811189e-03
1.302464291814990063e-03
2.023921987808364326e-03
1.943001783132907237e-03
1.279081438656072241e-03
1.246777461595044651e-03
1.327957811344707834e-03
1.839496389185181838e-03
1.327155387928328134e-03
1.319005271152811189e-03
1.320012370718924057e-03
1.350004398694066177e-03
1.295321274605585986e-03
1.250491458221272400e-03
1.350004398694066177e-03
1.386905647578179140e-03
1.302464291814990063e-03
1.320012370718924057e-03
1.335100828554111911e-03
2.017546755467738116e-03
1.303600781683759849e-03
1.327155387928328134e-03
1.295321274605585986e-03
1.368491666140912721e-03
1.981890853907368900e-03
1.246777461595044651e-03
1.271307751115938493e-03
1.279081438656072241e-03
1.303600781683759849e-03
1.342748272364559020e-03
1.349632869667625589e-03
1.379762630368775063e-03
1.342861381484662100e-03
1.311862253943407112e-03
1.229746109085478375e-03
1.251841703259710514e-03
1.287117053374489022e-03
1.350004398694066177e-03
1.320012370718924057e-03
1.868958761374734517e-03
1.263889311419692145e-03
1.335100828554111911e-03
1.289041921021902943e-03
1.355826399038442126e-03
2.005510758664091897e-03
1.263889311419692145e-03
1.920340248572851519e-03
1.251841703259710514e-03
1.244698686050306436e-03
1.251841703259710514e-03
1.879015031416689067e-03
1.370099408032500639e-03
1.898817216124036762e-03
1.335605255155154943e-03
1.883873657391720371e-03
1.251841703259710514e-03
1.229746109085478375e-03
1.370099408032500639e-03
1.342861381484662100e-03
1.232064835237623151e-03
2.043009616689398910e-03
1.327957811344707834e-03
1.355826399038442126e-03
1.320012370718924057e-03
1.944120238183150422e-03
1.311862253943407112e-03
1.311862253943407112e-03
1.303600781683759849e-03
1.350004398694066177e-03
1.335605255155154943e-03
2.012787833252704939e-03
1.235392053892878312e-03
1.235392053892878312e-03
1.295321274605585986e-03
1.356775886877029666e-03
1.244698686050306436e-03
1.952270354958667367e-03
2.023391550253173573e-03
1.335605255155154943e-03
1.342748272364559020e-03
1.349632869667625589e-03
1.839496389185181838e-03
1.342861381484662100e-03
1.327957811344707834e-03
1.327155387928328134e-03
1.342748272364559020e-03
1.975006256604302547e-03
1.943001783132907237e-03
2.023921987808364326e-03
1.962275381024557262e-03
1.811627801491447545e-03
1.303600781683759849e-03
1.287117053374489022e-03
1.302464291814990063e-03
1.287117053374489022e-03
1.309212858445664950e-03
1.244698686050306436e-03
1.342861381484662100e-03
1.311862253943407112e-03
1.868190976505956433e-03
1.342748272364559020e-03
1.342748272364559020e-03
2.012020614608518373e-03
1.967863239394898253e-03
1.335100828554111911e-03
1.257634475430676477e-03
1.342861381484662100e-03
1.952270354958667367e-03
1.350004398694066177e-03
2.043009616689398910e-03
1.377242425241904716e-03
1.350004398694066177e-03
1.342861381484662100e-03
1.376044717481219280e-03
2.005510758664091897e-03
1.952270354958667367e-03
1.232402427109632447e-03
1.279081438656072241e-03
1.981890853907368900e-03
1.278450768325342570e-03
1.286224455865476318e-03
