1.407447125245889661e-07
1.408486378786775154e-07
1.408584435121340353e-07
1.408627728478751914e-07
1.412900832674165864e-07
1.407836286917550518e-07
1.408117145188141905e-07
1.408148459852764807e-07
1.408672593564987767e-07
1.411165469040115300e-07
1.412217827187332064e-07
1.417969349187182534e-07
1.409623548031013739e-07
1.407801731904903640e-07
1.413183324945047252e-07
1.413111056773774601e-07
1.413183324945047252e-07
1.409600430689052932e-07
1.413183324945047252e-07
1.417969349187182534e-07
1.410012833651258081e-07
1.408399280220235840e-07
1.413391893245184291e-07
1.409513245476187251e-07
1.413183324945047252e-07
1.451892053539254045e-07
1.413183324945047252e-07
1.417969349187182534e-07
1.407156639738498956e-07
1.408458226304047530e-07
1.408492339008863402e-07
1.408157714325993650e-07
1.414419337741429286e-07
1.407659064927225936e-07
1.409074755168399779e-07
1.412923482381826313e-07
1.410742731112751890e-07
1.407801731904903640e-07
1.408399280220235840e-07
1.407008689898084053e-07
1.412535306549503771e-07
1.409156679482570364e-07
1.408251359804880227e-07
1.409425542611625356e-07
1.408148459852764807e-07
1.407813138671890415e-07
1.411553418441961961e-07
1.408164613947939965e-07
1.412695991553954948e-07
1.409189194757290834e-07
1.516732423826922537e-07
1.413183324945047252e-07
1.436440532935020971e-07
1.412443586696178919e-07
1.407775498917159438e-07
1.407659064927225936e-07
1.408340068729293890e-07
1.412271143229172966e-07
1.407813138671890415e-07
1.407447125245889661e-07
1.408774003563393691e-07
1.408486139450127077e-07
1.409302800575284812e-07
1.407750701278337400e-07
1.410001705093991690e-07
1.409690631336962496e-07
1.407447125245889661e-07
1.450972896842885979e-07
1.412535306549503771e-07
1.408492339008863402e-07
1.701277327875500920e-07
1.412994498012588511e-07
1.408584435121340353e-07
1.407813138671890415e-07
1.407008689898084053e-07
1.408251359804880227e-07
1.413133741165305805e-07
1.408774003563393691e-07
1.408627728478751914e-07
1.516732423826922537e-07
1.408148459852764807e-07
1.440530812483396862e-07
1.410812603846844943e-07
1.408672427535950929e-07
1.413666952896773567e-07
1.407937247013751910e-07
1.408177810296376137e-07
1.412271143229172966e-07
1.409960426012042073e-07
1.408627728478751914e-07
1.408340068729293890e-07
1.408584435121340353e-07
1.409040036967674627e-07
1.446641711153056844e-07
1.410736863438046206e-07
1.411165469040115300e-07
1.408627728478751914e-07
1.534874606822659321e-07
1.415133002766807523e-07
1.408380533726808522e-07
1.408129148055588367e-07
1.408340068729293890e-07
1.408157714325993650e-07
1.407682702089518118e-07
1.413183324945047252e-07
1.413133741165305805e-07
1.409600430689052932e-07
1.409215355171631692e-07
1.408658592318080661e-07
1.408117145188141905e-07
1.407447125245889661e-07
1.409302800575284812e-07
1.409074755168399779e-07
1.407801731904903640e-07
1.408399280220235840e-07
1.412443586696178919e-07
1.407813138671890415e-07
1.408340068729293890e-07
1.409302800575284812e-07
1.407443479854314548e-07
1.410068551585516936e-07
1.407008689898084053e-07
1.410068551585516936e-07
1.408177810296376137e-07
1.407836286917550518e-07
1.409623548031013739e-07
1.407659064927225936e-07
1.412923482381826313e-07
1.407682702089518118e-07
1.408428724067418578e-07
1.411165469040115300e-07
1.408584435121340353e-07
1.408708058140532417e-07
1.409623548031013739e-07
1.412231230625503552e-07
1.407659064927225936e-07
1.412900832674165864e-07
1.407041647160672274e-07
1.408774003563393691e-07
1.408708058140532417e-07
1.408627728478751914e-07
1.408868849073813041e-07
1.408618284234871905e-07
1.413183324945047252e-07
1.408106566898562419e-07
1.411691733194273515e-07
1.408129148055588367e-07
1.407266069465261389e-07
1.409690631336962496e-07
1.412443586696178919e-07
1.407813138671890415e-07
1.431611089931412489e-07
1.409040036967674627e-07
1.408164613947939965e-07
1.436449936353589782e-07
1.407266069465261389e-07
1.407659064927225936e-07
1.421774894943050455e-07
1.408340068729293890e-07
1.408665207563998851e-07
1.409623548031013739e-07
1.411691733194273515e-07
1.408584435121340353e-07
1.409513245476187251e-07
1.413666952896773567e-07
1.412535306549503771e-07
1.407836286917550518e-07
1.416857281505082868e-07
1.408627728478751914e-07
1.408658592318080661e-07
1.412535306549503771e-07
1.407801731904903640e-07
1.408148459852764807e-07
1.412231230625503552e-07
1.408627728478751914e-07
1.417910711967284528e-07
1.409960426012042073e-07
1.415222018125018785e-07
1.409215355171631692e-07
1.407447125245889661e-07
1.408177810296376137e-07
1.409074755168399779e-07
1.409865981768851903e-07
1.411553418441961961e-07
1.410742731112751890e-07
1.408774003563393691e-07
1.431520597630710836e-07
1.407750701278337400e-07
1.407506125873749803e-07
1.411593167556018105e-07
1.407443479854314548e-07
1.409425542611625356e-07
1.413720536254170309e-07
1.409623548031013739e-07
1.431611089931412489e-07
1.413666952896773567e-07
1.407156639738498956e-07
1.409189194757290834e-07
1.408658592318080661e-07
1.407156639738498956e-07
1.410001705093991690e-07
1.412695991553954948e-07
1.407815637541113411e-07
1.410812603846844943e-07
1.431611089931412489e-07
1.408106566898562419e-07
1.407937247013751910e-07
1.408618284234871905e-07
1.409156679482570364e-07
1.412900832674165864e-07
1.431611089931412489e-07
1.412247974751869397e-07
1.408868849073813041e-07
1.409960426012042073e-07
1.412535306549503771e-07
1.407750701278337400e-07
1.408164613947939965e-07
1.407775498917159438e-07
1.408148459852764807e-07
1.412443586696178919e-07
1.412231230625503552e-07
1.408627728478751914e-07
1.407041647160672274e-07
1.440653639335088502e-07
1.408106566898562419e-07
1.417969349187182534e-07
1.408164613947939965e-07
1.409215355171631692e-07
1.409960426012042073e-07
1.408627728478751914e-07
1.408106566898562419e-07
1.408166307343867676e-07
1.408868849073813041e-07
1.410001705093991690e-07
1.407937247013751910e-07
1.412900832674165864e-07
1.446641711153056844e-07
1.412247974751869397e-07
1.407443479854314548e-07
1.409865981768851903e-07
1.409513245476187251e-07
1.409513245476187251e-07
1.701277327875500920e-07
1.410742731112751890e-07
1.407008689898084053e-07
1.413720536254170309e-07
1.407836286917550518e-07
1.409600430689052932e-07
1.408399280220235840e-07
1.412247974751869397e-07
1.408164613947939965e-07
1.408492339008863402e-07
1.407813138671890415e-07
1.412535306549503771e-07
1.409960426012042073e-07
1.413391893245184291e-07
1.408251359804880227e-07
