6.589466316023600070e-03
6.176607100095100368e-03
6.347872539415299817e-03
6.856853302915399788e-03
6.505099084004599581e-03
6.724186560686199778e-03
6.384807179811700407e-03
6.508113217481199982e-03
6.737426513052899996e-03
6.712907262571400115e-03
6.346358909085399701e-03
7.337316339623900160e-03
6.992064284457800288e-03
5.582571437011099764e-03
6.920341532974499596e-03
6.461479021940700132e-03
6.353561456147300245e-03
6.093875510900299830e-03
6.089067254124800287e-03
6.830083345242599947e-03
6.619431923434500147e-03
7.205456459227900338e-03
6.551407543669099734e-03
6.643486487463400036e-03
5.797541796017499985e-03
6.278226562100800399e-03
6.280878173888699602e-03
6.063398300749699675e-03
6.194290609293700428e-03
6.536915125097800087e-03
6.550505776939799692e-03
6.402181004966100292e-03
6.306419386674999919e-03
7.002756665418099699e-03
6.767063897855699756e-03
6.959516838654300312e-03
5.946549320285299776e-03
6.293143162640999801e-03
6.203771529886900268e-03
6.119969576378199785e-03
6.083118860060099733e-03
6.736827187201700241e-03
6.681645572364900212e-03
6.243567163493999803e-03
6.850781218680699648e-03
6.712175132147500320e-03
6.919696825797400433e-03
5.895179053207300068e-03
5.615036004300099672e-03
6.340481128502900403e-03
7.131338646289999902e-03
6.620792298722100351e-03
6.380429601961000105e-03
6.313134238077699675e-03
5.487741040120000177e-03
6.949151188615799828e-03
6.642271030834499823e-03
7.428204685336400361e-03
6.987474595971999644e-03
6.146831107501899913e-03
5.871757664604899778e-03
6.923644920249200259e-03
6.347709588949200163e-03
6.274578011448699900e-03
6.543065786981199644e-03
6.534674578115700141e-03
6.056923556612099808e-03
6.559051949655000241e-03
6.873755836290500014e-03
6.618225080757199688e-03
7.362819620876999600e-03
5.804562544005499591e-03
5.804217454079299739e-03
6.438365717399000161e-03
5.672532701621900431e-03
6.720246259657200287e-03
6.256556618327599982e-03
6.425076519122399632e-03
6.717940087375399820e-03
6.016336649209400381e-03
6.594667866188799743e-03
6.125163846884799576e-03
6.315963087845499931e-03
5.838971165193099742e-03
6.289004772302399932e-03
7.124954227902599753e-03
6.584046525993500140e-03
6.529056300040600100e-03
6.339143558831699873e-03
7.175225041742900288e-03
6.909530818239699619e-03
7.620101405275099722e-03
6.310147444104800135e-03
6.699981537954999809e-03
6.776620783943800193e-03
6.805403384698600032e-03
6.354786320776900123e-03
6.434585553546400168e-03
6.349658432457600324e-03
6.577998241263999929e-03
7.170458493553900220e-03
7.200523217089500362e-03
6.625854439052399937e-03
6.307021151296400216e-03
6.126955162439299760e-03
6.780042711161200254e-03
7.063711452071999922e-03
6.194383059148199713e-03
6.216820348475499830e-03
7.681721694777200043e-03
6.270932748099700138e-03
6.855577439396899793e-03
6.444202697194300125e-03
6.738122406304200389e-03
6.213647411443199917e-03
6.160468483573999961e-03
6.338977277828499769e-03
6.248401965113999784e-03
5.836780037866499612e-03
6.118748423890900054e-03
6.949982184247499584e-03
7.229443691744499682e-03
6.009685087135599804e-03
6.399985151235599960e-03
6.381435195098600008e-03
5.927935865033999788e-03
6.767462859638600017e-03
6.295469475234499908e-03
6.706634550370500422e-03
6.721216762163299829e-03
6.287183546762199760e-03
6.805623466054800015e-03
6.082011123282199568e-03
6.128392105365700407e-03
5.952800389592899886e-03
5.978991251476199580e-03
5.913727078914699994e-03
5.998082506864699584e-03
5.710833924187399581e-03
6.429247616806700247e-03
6.396410251472899738e-03
6.019854148690899701e-03
5.184539723782100387e-03
6.510512925482699574e-03
6.543263613473800089e-03
5.955664057823799838e-03
6.463076388464700402e-03
5.081234415315999918e-03
6.176383808242300044e-03
6.799183434106500189e-03
6.239469414182899874e-03
6.678321830446700205e-03
6.985953687974400146e-03
6.939333058122600269e-03
6.980830714368900340e-03
6.240841794455999694e-03
6.128036086589699720e-03
6.735935232966799684e-03
5.632043181037199760e-03
6.291409460368300316e-03
6.346484370722800007e-03
7.326313693010000176e-03
6.045104291740600357e-03
6.355924247397599577e-03
8.164898150135199706e-03
6.508344357278600043e-03
6.690169264742899628e-03
6.558102360006299626e-03
6.831125290650499719e-03
6.884408850976999651e-03
5.708330254590199791e-03
6.398374914104699995e-03
6.363755401103499826e-03
6.207873132905500010e-03
5.825654310230399952e-03
6.844097258222699674e-03
5.858646057485500207e-03
6.829154822215299792e-03
7.301446382218500404e-03
6.892002153999800262e-03
6.763094913493900191e-03
5.926742288299699686e-03
6.090001948750699799e-03
6.927787049988700166e-03
7.055245325358699970e-03
5.865178970526899703e-03
7.377212684613099897e-03
7.139015476244100003e-03
6.277964479552899588e-03
5.948052106125799668e-03
7.073335134732900223e-03
6.173924050483500098e-03
6.058567835992800105e-03
6.367300060083100170e-03
7.293988250701899725e-03
5.806417891585100369e-03
6.297757978355299734e-03
6.390050837514899863e-03
7.381243570319800072e-03
6.010690801474399825e-03
5.879833061856299704e-03
6.421387404204799594e-03
6.752069940834400270e-03
6.561032994133000375e-03
6.315836359222700216e-03
6.891243496242100385e-03
6.434899838693599813e-03
6.769284565689700356e-03
6.936037152308899799e-03
5.744650033225299698e-03
6.379243395041400352e-03
6.694051002484800034e-03
6.024895573256699652e-03
5.847788801234699713e-03
6.697542125306200217e-03
7.085188753036699913e-03
6.278958607255399893e-03
6.711276499699899908e-03
7.007207295147100008e-03
7.143283409546299922e-03
5.523093929763200211e-03
6.651277461730000298e-03
6.172065385934399906e-03
6.256811367471500421e-03
7.032108299702900106e-03
7.377194084105300094e-03
6.539389700672199567e-03
6.551019235728500027e-03
6.548626942703600178e-03
7.322054303383799569e-03
6.294128523059499755e-03
6.686957327047300149e-03
7.259628190799500072e-03
7.570130010221999897e-03
6.042415518916400066e-03
6.704272778491900120e-03
6.497557560830600001e-03
6.236129857396699623e-03
6.719508871146399713e-03
5.649184464971500341e-03
6.003609453587299694e-03
6.447023983108900354e-03
6.623515817739200097e-03
6.978191078091299827e-03
6.855430721626199798e-03
5.942811949334899854e-03
6.283765577473300265e-03
5.926778839446800000e-03
6.529842779295000170e-03
6.194465871137999971e-03
6.222186051664599891e-03
6.631297910541599991e-03
6.125303944060500258e-03
5.834725538335999717e-03
6.325283765870400206e-03
6.582362192681399937e-03
6.616539393733199964e-03
7.264078771338800325e-03
6.563285312264400401e-03
6.726055914185700112e-03
5.988405923632800047e-03
6.864795673318499838e-03
6.166107423752600382e-03
6.464364276205799772e-03
6.385079691529099710e-03
6.846147811399400269e-03
6.356168689279399764e-03
6.797440650685299991e-03
5.890112811942099791e-03
6.257836567394799675e-03
5.502120290373200412e-03
6.137047817523300433e-03
6.522540208993100018e-03
6.573537595405599780e-03
5.944445895425599577e-03
6.731239319219300271e-03
6.421523966918800397e-03
5.725837581944900369e-03
7.099006197437800203e-03
6.437964619962199646e-03
7.126489526090499897e-03
6.147194680758199734e-03
6.507538050987400277e-03
6.917027045863000101e-03
6.878186065508100355e-03
6.553934972697600392e-03
6.153078320239700402e-03
5.608575743444099877e-03
7.566217144557499732e-03
6.324523027111400228e-03
6.033502833345700221e-03
5.691703934297000222e-03
6.476328750784300127e-03
7.286111540311400285e-03
6.430538021989100177e-03
5.605504731110899988e-03
7.056054619237099937e-03
5.998230463098199773e-03
6.773486310879799771e-03
6.411073117972499597e-03
6.650858472959499633e-03
6.532645730285499726e-03
6.945823172168800325e-03
6.373671952522100281e-03
7.045136394617300228e-03
5.891481254745300003e-03
7.207111164981399622e-03
6.502502607470900253e-03
6.796175443921599786e-03
7.169321383619999682e-03
6.956658887217899954e-03
6.304169375589499698e-03
6.574689195562800209e-03
5.744527582342300390e-03
6.304746715669599932e-03
6.803919905667399869e-03
6.561958261198400262e-03
6.174789319239299898e-03
6.269654427603799964e-03
7.006911938169000167e-03
6.776307546862699732e-03
6.711785195189699967e-03
6.982996136400299904e-03
6.827685749668299664e-03
6.234204329676700136e-03
7.536916545133999848e-03
7.324290192053399887e-03
7.414706749814099773e-03
6.351265798688300428e-03
6.752576676300099841e-03
6.707801383065199567e-03
6.694791142787700350e-03
5.871561207053900035e-03
6.626003655207699829e-03
7.125368064534299758e-03
5.889680387946000413e-03
6.654006560984099955e-03
6.342528562201400072e-03
6.899901186786299920e-03
6.534437937582199957e-03
6.654910055935299787e-03
6.254912439883000309e-03
5.853692742063899661e-03
6.793132118726800429e-03
5.886207960215999666e-03
6.474032643730799792e-03
6.529238477431299932e-03
7.152793664936800237e-03
7.265850572755899912e-03
7.074294071394300262e-03
6.421736429080399620e-03
6.422990587760599689e-03
5.814997072047399865e-03
6.274145603869699973e-03
7.518990357732200334e-03
5.560620495231999999e-03
6.874335407339600065e-03
8.027557721295300666e-03
6.492977697007299570e-03
6.868152293571500207e-03
4.313126023049399654e-03
5.411848644605799646e-03
6.190908727816199844e-03
6.062609939787799718e-03
6.469936230930699826e-03
6.646401758332099938e-03
6.916810055862999788e-03
6.731388285360399848e-03
5.536066658845899789e-03
6.816698460237900249e-03
6.681176713226299677e-03
7.585259972192000093e-03
5.116962477800000159e-03
7.209794072415800191e-03
5.614572134106500176e-03
6.217659322632299729e-03
6.533110762983899977e-03
6.716633016002100318e-03
7.186798662745999891e-03
6.627256080115199836e-03
6.084303503334199947e-03
7.531622172816400049e-03
6.945071977125299653e-03
6.746493816450500197e-03
5.759482953217200281e-03
6.913446455308600025e-03
6.433149260536900199e-03
6.632164768974700177e-03
7.361398698578399888e-03
6.811619489027099725e-03
6.138868802112500134e-03
5.926241660737700291e-03
6.377098265122499790e-03
6.062375612118299679e-03
6.829677842403699892e-03
6.652303587343200153e-03
6.480420614559100415e-03
7.639327622710000328e-03
6.050638553448299886e-03
6.325550170610700143e-03
6.207069279243099952e-03
6.510208806954700077e-03
6.343089466511200002e-03
6.785330384560300278e-03
6.570357925593999643e-03
5.864499929720700180e-03
6.078553097882299916e-03
6.032231119278999749e-03
7.184172325304999905e-03
6.155744444737499751e-03
7.196387940784999653e-03
6.559069939005800036e-03
5.754684425271300308e-03
7.052506374504300020e-03
6.040575871174800118e-03
6.221064275022399927e-03
6.467997218814299648e-03
6.626354136756800427e-03
6.215188470245799728e-03
6.416037862402900263e-03
6.066661249717200145e-03
5.697874555341399944e-03
6.182022840209199649e-03
6.377318827764500049e-03
6.770095545736700034e-03
6.746125450295500058e-03
7.362237704642600120e-03
6.419421139458200004e-03
7.161862887943700080e-03
6.761040827560699934e-03
7.090317835315099702e-03
6.328757608514199925e-03
7.461469480634699662e-03
5.987093472237099874e-03
6.988146753729799696e-03
6.568216036680600382e-03
6.426020836710300173e-03
5.928665046766100170e-03
6.879150319308299961e-03
6.671514937781899794e-03
6.491083285497600310e-03
5.944453832503599627e-03
6.648583122679700176e-03
5.939892496920199869e-03
5.603599711305000050e-03
6.263063426970499892e-03
6.253077407362899603e-03
6.467327596238199583e-03
6.636939095324399969e-03
6.007118286613199847e-03
6.133403516062299610e-03
6.348123830397799788e-03
6.221154192721899644e-03
7.068563267199600049e-03
7.147868838798299845e-03
6.878602000103899682e-03
7.710086734772200225e-03
6.279240074143799775e-03
5.362116522068900368e-03
6.564958748709799966e-03
6.189602509491100128e-03
6.282154724261200356e-03
6.501976524892799821e-03
6.795513639850200155e-03
6.902276185469499725e-03
6.926232651171699943e-03
6.886298018206699935e-03
6.707037093044499951e-03
7.239446378873399743e-03
6.952040959270600062e-03
6.410903063739099850e-03
5.981306923752699803e-03
6.023648815618699685e-03
6.095492252699500312e-03
6.223528664099500091e-03
6.774558104805599931e-03
6.237224459934899608e-03
6.990857170241699704e-03
7.513091325549400325e-03
6.356973990066299915e-03
6.328587358070300074e-03
6.733638191781300165e-03
6.525685518925200372e-03
6.503813533463199612e-03
6.796730693532499618e-03
6.871282589628599675e-03
5.820907531655100317e-03
6.677445152510900345e-03
6.654845824839100178e-03
6.422897511743200227e-03
7.465977235738299918e-03
7.109802070994200238e-03
6.919485597266499671e-03
5.872764903777400076e-03
5.421844739047300236e-03
6.627137865682099747e-03
6.195546077549300007e-03
6.850256185984200143e-03
6.176890809445200088e-03
6.044237117121800153e-03
6.104705816033799762e-03
6.275299702719499585e-03
6.693344151901300075e-03
6.689415301270799745e-03
6.241814166000700208e-03
6.298382520324200332e-03
6.052988721310200403e-03
4.788047115433499701e-03
6.540101726810999827e-03
6.533161807504499902e-03
6.433196772703600290e-03
6.783084546480099876e-03
6.504152763060100373e-03
6.850602784066999601e-03
6.277382907917099762e-03
6.186063094649600115e-03
6.715100675129299576e-03
6.058211376021799613e-03
6.229315716289499961e-03
6.065587757622800322e-03
6.925293687919400164e-03
6.405783913220299691e-03
5.482678294511600381e-03
6.388250244040999913e-03
6.081047550292800058e-03
7.321122925315600403e-03
6.537555389991000013e-03
6.671882072600599650e-03
5.618267882187899694e-03
6.604507046920699877e-03
6.340407711927000152e-03
5.594142442576799726e-03
6.464393259749200149e-03
5.874741918641899693e-03
7.002904860315299802e-03
7.455652732260600359e-03
6.428900355077700295e-03
6.636557317995699611e-03
6.146568374582399644e-03
6.312159534788099567e-03
6.482568712162100309e-03
6.898599293040800010e-03
5.986490733210199713e-03
5.847779708880399691e-03
5.407829690721999844e-03
5.598048060896800189e-03
7.597659195564800128e-03
7.197490656117099851e-03
6.681918121077099967e-03
7.249763695073899693e-03
6.337397627077499991e-03
5.814585533354299680e-03
6.798089398564999795e-03
6.144757858876400379e-03
6.787835260779099579e-03
7.386758262084900002e-03
6.487698416493900208e-03
6.276681313133400386e-03
6.982169269171999669e-03
5.435320574227599927e-03
5.879238958896600316e-03
6.247681071229500317e-03
6.463871256448599709e-03
6.546822426832099931e-03
5.816704574489500040e-03
5.681107803118199892e-03
6.956278814291299954e-03
7.089850393459399581e-03
6.476824054642300182e-03
6.935327532849399831e-03
6.141319849529600430e-03
7.388876444832499779e-03
6.240906440572600161e-03
6.016369397215499785e-03
7.404304356817300106e-03
7.229710559190300270e-03
6.162830632259100327e-03
5.596461924699199647e-03
6.690672995378199941e-03
6.592342026311800128e-03
6.233375934626000058e-03
6.513095281278300126e-03
5.723617377486400065e-03
6.920063657391900200e-03
6.853630878258199985e-03
5.461626510315000134e-03
6.833539997999900188e-03
5.962961318317400346e-03
7.383532526149899633e-03
6.594090524304699850e-03
6.551360042485200250e-03
6.380189612487799714e-03
6.111454644041099636e-03
6.145882528221300115e-03
5.754938549407799878e-03
6.676727627281099815e-03
7.457291270671799650e-03
6.558421710245399862e-03
6.357445728208299847e-03
6.814976971105800307e-03
6.025562695581500317e-03
6.068179779800400402e-03
6.195101773815599872e-03
6.662230044457400323e-03
6.345646919488100168e-03
6.475483778776499645e-03
6.084897180693899649e-03
6.334442010163699767e-03
7.193331868621199998e-03
6.406373046208499629e-03
7.065738112193999977e-03
7.172627125482299894e-03
7.525829281781500416e-03
5.696780891969999844e-03
6.652001028864600214e-03
7.121508518974899865e-03
6.365680846700800047e-03
6.758525452494600419e-03
6.616565935216200088e-03
6.635266060515699997e-03
6.759016544049799638e-03
6.752678510209399708e-03
5.869372901828800310e-03
6.705997469777100033e-03
6.504865072569100334e-03
6.617561568279899803e-03
5.737795220552299909e-03
6.254092390100899658e-03
6.216848379852199687e-03
6.261384802248399703e-03
6.924559253764299774e-03
6.018573552808900370e-03
5.662186837943600400e-03
7.220142110871100201e-03
6.186689568702499580e-03
5.448150690951900424e-03
6.024472565814799861e-03
6.053709769460000056e-03
6.594851877491299773e-03
6.521099062775499895e-03
7.781892802601200233e-03
5.567379886263599739e-03
5.768721726128800409e-03
6.343085619129800422e-03
6.112547833161699647e-03
6.338784176420199715e-03
6.678178373447399632e-03
5.290325672793499967e-03
5.897845058908899978e-03
6.624017941090500072e-03
5.292846764980299948e-03
6.872256280504999634e-03
6.010245654083100179e-03
6.984146598817100177e-03
6.666343526543700056e-03
6.360581967205299926e-03
6.021527139325699891e-03
5.918846794017300003e-03
5.810164173413900034e-03
6.161953330554800073e-03
6.109575757496900177e-03
7.167344943912299857e-03
7.604056550575300291e-03
5.981702841217799611e-03
6.442654111344999976e-03
6.450629940760100288e-03
6.093830627770699740e-03
6.375950155414100012e-03
5.888642066640300404e-03
5.968218579402899751e-03
6.611177934913299754e-03
5.655702397210999634e-03
6.886981665437399980e-03
7.345430303272999610e-03
6.268274678751599958e-03
6.180144137046699772e-03
7.333096671583699995e-03
7.004585809439000006e-03
6.938994603910500145e-03
7.492286569467899830e-03
6.410497167362899824e-03
6.156051006976400418e-03
6.027842048197100226e-03
6.197205407022400060e-03
8.354687023980400529e-03
5.702992206164500012e-03
6.451956938335499589e-03
6.285954674565900381e-03
6.897661289818699665e-03
6.406239406371500023e-03
6.495813064371300412e-03
6.441862920713899675e-03
6.271689805450999730e-03
6.885610043833200432e-03
5.680103973556899742e-03
6.970523054022399571e-03
6.894573762891299806e-03
6.914154029995000020e-03
6.674045309960400206e-03
6.596730187791499667e-03
6.166739460222899795e-03
6.728486267471600092e-03
6.635413540275100427e-03
6.783145801474600202e-03
5.997067021627699654e-03
6.929796012888999983e-03
6.809092178663400143e-03
6.628519263708399986e-03
6.195424705223299619e-03
6.311431038274999648e-03
6.363710306986099588e-03
6.545446912238700281e-03
6.331618476954299635e-03
7.310133125931300019e-03
6.714368785600900377e-03
6.588182793398100409e-03
6.443722634065200336e-03
6.221747880849499805e-03
6.019581300610399831e-03
6.541143580827899796e-03
5.815847828759100266e-03
6.685893552084199581e-03
5.682757843291100230e-03
7.482093134019100061e-03
6.186803968662999906e-03
6.907731125447499898e-03
6.992851629603499992e-03
6.774801152804200283e-03
7.013524276317399664e-03
6.484143019140999921e-03
7.602236709713400091e-03
6.502614668133299865e-03
6.479427007193300052e-03
7.011655240062900432e-03
6.739446594230399760e-03
6.689068001487399884e-03
5.959812824231299627e-03
7.493323227377200052e-03
5.960689861728100253e-03
6.325133798957599876e-03
7.525460156879800258e-03
7.289793955875200314e-03
6.644221825216600416e-03
7.157799931428300219e-03
6.392482827286900121e-03
6.229467649603500148e-03
5.708993177018099711e-03
7.540872483299000326e-03
7.036098569165300139e-03
6.736744735595499682e-03
5.977692589693299995e-03
5.681110794181499710e-03
6.636894462847300370e-03
6.985745302739199830e-03
6.379011784386199625e-03
6.345827237290300321e-03
5.989162225576500319e-03
6.808409318920300400e-03
6.285125220456500190e-03
6.400215976693800386e-03
5.739504784978599790e-03
6.372602111936400034e-03
7.351142865319000227e-03
7.055334028998000093e-03
6.026612788032899987e-03
6.386557562850599633e-03
7.454543668999199894e-03
7.475459701720099832e-03
5.901890044189199956e-03
6.813700831226700109e-03
6.709316307268799705e-03
6.661012803281399740e-03
5.772459007620600081e-03
6.194061646071400210e-03
6.816975988909499719e-03
6.506437101917100091e-03
6.593936144350200090e-03
7.613979095748999761e-03
6.120167345110900069e-03
7.671111586356999835e-03
6.279920235776500353e-03
7.072357543912600325e-03
6.969455874921899954e-03
6.813730417655500075e-03
6.245597981235600019e-03
6.271451439951499646e-03
6.377276128006499796e-03
6.623038359475699570e-03
6.119772265086900233e-03
6.853978729784699839e-03
6.631688608591100424e-03
6.215243756543900079e-03
6.079335254986399997e-03
5.852259718580999671e-03
5.634118362884600432e-03
7.145175098480899788e-03
6.770736930122500143e-03
6.226955714120100023e-03
6.747827798882600342e-03
4.454953012766599621e-03
6.440258057332600393e-03
5.406407762559999747e-03
6.579037802898700035e-03
6.142083072456699933e-03
6.322274192805400241e-03
6.334865884203099914e-03
6.431006591899900149e-03
6.392497725235799823e-03
6.007557213853800294e-03
5.899599080668799927e-03
5.748637478125800254e-03
7.345631929986900024e-03
6.356890423247299644e-03
6.876156828213000373e-03
7.182404592412999604e-03
7.185692614425900383e-03
7.036702737203399602e-03
6.696392141251499876e-03
6.235038233160099773e-03
6.196421461149900084e-03
6.566249903946000215e-03
6.029143002973199640e-03
5.830074150365799866e-03
7.209126687270600402e-03
7.036748870295399770e-03
5.867197585714199574e-03
6.318672035234100363e-03
6.826933812789100220e-03
7.037735996785699812e-03
6.417745742728400357e-03
6.752366834294700262e-03
7.668992526596800363e-03
5.912985089042899732e-03
7.066933487767199963e-03
6.193630217780000079e-03
6.914651172539199898e-03
6.430550299037099925e-03
5.825403387758900341e-03
6.654032725166499594e-03
7.563995819067700389e-03
7.166835734333699623e-03
6.749188207750499678e-03
6.171732961074200344e-03
6.336690579380000431e-03
6.778490831155800297e-03
6.616857231225400232e-03
7.028905665096600412e-03
6.274406169214300291e-03
6.697613094099099870e-03
6.746340593557000401e-03
7.276526679944100330e-03
6.349007384279100122e-03
6.833052140282899929e-03
6.202127333056800008e-03
6.262344763455300264e-03
7.207416211717799885e-03
6.372920161237899568e-03
5.742456418259700261e-03
6.786946324922499794e-03
6.553337115916499714e-03
6.876041079516200319e-03
5.793592433901299625e-03
6.506976968488700080e-03
6.631840322406700253e-03
7.573269865137699855e-03
6.093843341528199647e-03
6.829600700823899688e-03
6.545415610046599782e-03
6.524966075808500202e-03
6.616570558284099943e-03
7.152853869029500086e-03
6.211162338892100253e-03
6.324740672023100065e-03
5.800553040203800317e-03
5.844933191222600327e-03
7.868422677653200831e-03
7.186828944039099637e-03
7.596525378905900384e-03
6.409219283148500160e-03
6.219557463092700161e-03
6.649521839066399945e-03
6.582027731459300091e-03
5.784331807670500120e-03
5.775455489909000172e-03
6.273523465880099723e-03
6.107616103444699594e-03
6.082653415172400296e-03
5.469588721606900156e-03
6.856612786738000044e-03
6.773001167271200211e-03
5.585912665216599855e-03
7.495447463051600236e-03
5.993945588537000040e-03
7.296253929440900052e-03
7.312526612190299938e-03
6.555084592975799623e-03
6.400813809830699884e-03
5.661591262421999601e-03
6.434035199696800170e-03
6.731266859379399746e-03
5.923725822093099669e-03
6.963725972536499720e-03
6.034301951186100098e-03
6.122867779978199802e-03
7.158634097447399633e-03
6.322040800419300409e-03
6.598232278970599975e-03
6.887648424896799723e-03
6.394921489646999621e-03
6.250115408139800266e-03
6.019868636424500173e-03
7.305638029974299667e-03
7.114887644685899577e-03
7.398048354424899969e-03
6.443947733147500391e-03
6.171031896635300294e-03
6.003813883988499793e-03
7.094222509331099720e-03
6.958635880682799597e-03
5.907865489209800265e-03
6.457683148675399769e-03
6.492041320493200166e-03
6.602268965566199591e-03
5.712214164708799731e-03
5.955313403613099812e-03
6.442116665840600005e-03
6.482187508885899931e-03
6.969975442956999855e-03
6.858907089019800236e-03
2.612780779807500134e-03
7.511671998188199778e-03
7.146179543946499721e-03
5.812736498023799922e-03
7.010130535017000154e-03
6.817978672659499861e-03
6.482818801459899749e-03
5.983378498175800225e-03
7.056398716232300215e-03
6.651104780435199669e-03
6.858154774181599890e-03
5.967226816724300123e-03
6.487985595205999871e-03
6.012219155327400318e-03
6.205930596154299664e-03
6.756323955725800426e-03
6.300346826532399885e-03
7.346156847433900350e-03
6.110350897158899758e-03
6.546782456739600256e-03
6.938456546533000244e-03
6.164991563862899822e-03
6.765895372913200388e-03
5.732608635389499843e-03
6.361997657467899879e-03
6.384784270386099914e-03
6.595658497554100254e-03
6.255862040362700216e-03
5.866650248566599758e-03
6.377422445262500260e-03
6.537405749227899812e-03
6.366523512373800306e-03
6.345844023522000110e-03
7.267195420681799890e-03
6.656051010249300175e-03
6.451069900472300271e-03
6.553003248139299859e-03
6.756641639599400215e-03
7.296602482640799844e-03
6.494464119392699859e-03
7.150062506460700198e-03
6.196287106043900199e-03
5.784190358609500419e-03
6.635657012211499707e-03
6.565559252304900388e-03
7.423434319392799990e-03
6.915874002103900194e-03
6.973029113688700327e-03
6.586798072426599919e-03
6.715340530717300166e-03
7.250143946228700120e-03
6.247885809473800386e-03
6.000780818658299834e-03
6.027165951028899855e-03
6.343229655152399921e-03
6.192897583227699801e-03
6.909079783342600249e-03
5.959267137105900281e-03
6.245751161445400358e-03
7.135440423748000069e-03
6.400561773874599743e-03
6.347289993294399739e-03
6.278784132756900019e-03
7.033612436482200060e-03
7.740420383313299964e-03
6.961206499654200124e-03
6.418821895042400340e-03
7.108053930384899792e-03
7.031709869386999594e-03
6.770686929651900318e-03
6.202173582977000069e-03
6.323073806030799632e-03
6.418211880119899758e-03
6.415185658724600372e-03
5.797109760772099774e-03
7.379094194040300425e-03
6.397142352443699852e-03
6.401933011931699828e-03
6.506374429581800352e-03
6.372120738658000431e-03
6.237847326137800283e-03
6.491122740520400419e-03
6.710956014376799790e-03
5.899182466095899934e-03
6.223901253823899832e-03
6.083196624895000244e-03
6.831583832560699648e-03
6.230699971993000109e-03
6.752570627588499672e-03
6.719100933815299811e-03
5.770391305773299624e-03
7.079612715674300089e-03
7.762672445872500354e-03
7.076549423859899990e-03
7.172320221855300014e-03
5.313465547352299624e-03
6.636553964932800226e-03
7.142858817305399767e-03
