2.020917586359799803e-03
1.493324944326200002e-03
4.809428802421999646e-03
4.376758296143299677e-03
3.668542806049899900e-03
1.900418888965999952e-04
2.773726160329900194e-03
4.030772538581199778e-03
2.048058528588899817e-03
1.908114975320100107e-03
2.168903393192599810e-03
4.563502922427300004e-03
1.422296146876100018e-03
2.851871760050900002e-03
4.832532033394099612e-03
1.986086343059799940e-03
1.616962370104499998e-03
2.686046886093799990e-03
3.135651621003399895e-03
1.907944806177200043e-03
4.136688545032399765e-03
4.063495852089599701e-03
2.579067332979699794e-03
4.234453419732300133e-03
3.249577441305800084e-03
3.030563980148300203e-03
3.788170310140099792e-03
1.518461333400999980e-04
3.055309528936399864e-03
3.651166781602599876e-03
2.939988518359899859e-03
2.250967312018999870e-04
2.737592178967200064e-03
1.819628652488399900e-03
1.438194811281499940e-03
5.341129100959999708e-04
1.724168726070400082e-03
4.281461763084799636e-03
4.463093009124100355e-03
3.469131984609000099e-03
3.544380301893199862e-03
3.372568659592499810e-03
1.544461184583900042e-03
4.180942229179000422e-03
4.085137394789000072e-03
2.594579202366499929e-03
3.592855701990499851e-03
1.525512124085000006e-03
3.720571669444199935e-03
2.552411616429499982e-03
2.992644494906800037e-03
1.615659616337999926e-03
3.340524510269900216e-03
4.408458375822600118e-03
4.881113866179299585e-03
2.396621557809000200e-03
4.141879069377300132e-03
2.106381061836199841e-03
4.840393313448700281e-03
1.233508304011499915e-03
2.999064261552799888e-03
2.572724343773499876e-03
3.230602631050199895e-03
2.672049459383000081e-03
3.155064261026700213e-03
2.464280318530799943e-03
4.494097619866000391e-03
3.791482015275000114e-03
1.965482957664600131e-03
8.527248104428000177e-04
3.903315137385000161e-03
4.001062504877799832e-03
4.271587755615100304e-03
4.576705945788899811e-03
3.263110513606799941e-03
4.066100136227999810e-03
2.918235642671500145e-03
4.932426337932599610e-03
1.584604856901900005e-03
4.648176756763299985e-03
3.568463586130800162e-03
2.694327297249199914e-03
2.736201962507899942e-03
1.821672028008499908e-03
4.162043476414900404e-03
2.881169318278900028e-03
3.154085038407299958e-03
4.160016145629499666e-03
2.640009232545799910e-03
4.468848706593199840e-03
2.252199931101300096e-03
2.732752758942099888e-03
2.765713186349500006e-03
4.101545125159899649e-03
2.005408148996299864e-03
3.270002951345800032e-03
1.626508865022899914e-03
3.197984756288299851e-03
3.258780706173199961e-03
2.858145246513300094e-03
1.918606811448200083e-03
2.693131674204599785e-03
4.141879069377300132e-03
2.038912108765399828e-03
2.386592682893799982e-03
3.305746125012100096e-03
5.066845328898700318e-03
2.198696404923199989e-03
4.305830552290700226e-03
2.511512750266800108e-03
5.601943619870999869e-04
3.997807523991699780e-03
3.307980620273499959e-03
3.588483914147099982e-03
4.892646527473900123e-03
2.771803346163499975e-03
8.423294914318000442e-04
2.665301974892599936e-03
2.837665430053400075e-03
1.150489637655400035e-03
2.910507386044799971e-03
3.400478026040599979e-03
2.598988845611500086e-03
2.576961817672600210e-03
3.836878698219799849e-03
8.056862174404000061e-04
4.078957842966499797e-03
3.225381183356400196e-03
2.626769125553800148e-03
3.814588454218699812e-03
1.995188859660800181e-03
3.253448051855900146e-03
2.598529570952799825e-03
2.146821114288799924e-03
3.166314779298099943e-03
2.094660211364800153e-03
3.117586127717700013e-03
1.284985600878599905e-03
2.906920900645800030e-03
1.879133683689699968e-03
4.654807563937000026e-04
2.749593585147900015e-03
1.249691063214299937e-03
4.321443265718900341e-03
3.287026695570900107e-03
4.354307155297200416e-03
3.148738057113100158e-03
1.338527658404399957e-03
4.017852369511699592e-03
2.517268695466100097e-03
4.644617908821500017e-03
4.856955003036699837e-03
3.211422078711099939e-03
4.988519264647399767e-03
3.378871457641199980e-03
4.219457518706899724e-03
8.765037492752999473e-04
8.519115512244999737e-04
3.480463730840999853e-04
2.085081716262399999e-03
1.578430001059599914e-03
1.070894763434000014e-03
1.210527083574099985e-03
4.289851962183800424e-03
4.195066576246500069e-03
1.904661030529700063e-03
3.030541522333799788e-03
1.633613293465699997e-03
3.961665768466299774e-03
4.249510973557899841e-03
4.136109726851600402e-03
2.790632858862799812e-03
2.126428473349600053e-03
4.675503850577199944e-03
4.285167099813700156e-03
3.842808842719299799e-03
2.642441108097299922e-03
2.763373189081100127e-03
1.084064270726400100e-03
6.483419442097999516e-04
2.736924620316499943e-03
2.947914531729500104e-03
3.103380069152600080e-03
2.907689207452000216e-03
3.924770999156899746e-03
3.333359632476799814e-03
3.051587889100800064e-03
2.750935438631600151e-03
1.235602461079699952e-03
2.292364280812099996e-03
2.762820797933399943e-03
1.372722993046800004e-03
4.030544163423100193e-03
4.637033259619400237e-03
2.528507574166199978e-03
2.555386481658599926e-03
2.931112713700099928e-03
3.278140189314600154e-03
2.672420595555100031e-03
6.231968290173000267e-04
1.677986734338999999e-03
2.447002815712900209e-03
2.602178096036599809e-03
1.590045931605699918e-03
9.609824667864999516e-04
4.672730689471300304e-03
3.516697363746499987e-03
2.277751540707999810e-03
2.378261050365800076e-03
2.732967840752600127e-03
2.577828926040400068e-03
1.799623433804999929e-03
1.315479577103400048e-03
2.421109290936699927e-03
3.994363240988000295e-03
2.341759828680999803e-03
5.727542115513399590e-03
4.414821946556299684e-03
4.424821296121099652e-03
2.621250180042699815e-03
1.672451767047500098e-03
2.426990579935999794e-03
2.603797306489200047e-03
3.119513160862400197e-03
3.159533289095300176e-03
2.490002018667799785e-03
3.306632262583699897e-03
4.076400386135699792e-03
1.109141159116500044e-03
4.464473545221499945e-03
2.629528162640699853e-03
1.095924611243700043e-03
1.078406379032000083e-03
4.926650659386000095e-03
3.313069991841800181e-03
3.146489338028999900e-03
4.392927411615899815e-03
1.849522009559400075e-03
3.996008667718599708e-03
3.599753316881600194e-03
4.687486803980099766e-03
4.110128799248199960e-03
2.877141515425299823e-03
4.628834917433199796e-03
1.428415579898799923e-03
2.057675756759700172e-03
2.985669201454399860e-03
1.841733158801799964e-03
2.407054052917100007e-03
2.658776746432299932e-03
1.367720643077499892e-03
1.257683034645399938e-03
4.457556288550100151e-03
3.284717358156399869e-03
3.609362884808800086e-03
3.314532626878900160e-03
2.907836988639300214e-03
2.800105847469200066e-03
2.132106700409999896e-03
2.699591192874700035e-03
4.219457518706899724e-03
3.014567157284900063e-03
3.368505999886800030e-03
4.637033259619400237e-03
1.653228017545799958e-03
4.665995450885700342e-03
1.514594619399300046e-03
3.647514265260800009e-03
3.259221358582000110e-03
3.134176565161400120e-03
4.180866737737300165e-03
4.711738219070799732e-03
1.946405022941699982e-03
4.028771057189800206e-03
1.823613265809699959e-03
2.479044821384699965e-03
4.150837688144999745e-04
4.576705945788899811e-03
3.117753229449099928e-03
4.714206294917600189e-03
3.478077412563700208e-03
4.776403184234399683e-03
2.074136551056200099e-03
5.413445725795200218e-03
4.517169235522300146e-03
1.000455367024899976e-03
1.945496075734200062e-03
4.578356167449999618e-03
1.781853592697700073e-03
1.030832935151099975e-03
1.589704014720499936e-03
3.876370274784999952e-03
4.231506078507699803e-03
3.091544824644899998e-03
2.898180106952699935e-03
3.740183538852000136e-03
4.406890839024000237e-04
4.708456479685999875e-03
3.165869099214100018e-03
2.959720274033799878e-03
3.367114391658999981e-03
2.166602691623100048e-03
3.458370750063799806e-03
3.420219114189200146e-03
2.884870640478199872e-03
2.919411754796000236e-04
3.630724212870899831e-03
5.427708269343399852e-03
4.464431874193800290e-03
1.958404457302300155e-03
2.117526903236300207e-03
1.773145261059699959e-03
3.026415457210399930e-03
4.387611705778900195e-03
3.894818225537799786e-03
2.106822124048700080e-03
1.848885557802000101e-03
2.503388777318399806e-03
3.822374056313500214e-03
1.118253617586699921e-03
3.841006047947200137e-03
3.258687367036999880e-04
1.139625225752799930e-03
2.071377805938800186e-03
3.834857279780300165e-03
2.740490408176800025e-03
4.564536694027399900e-03
1.890980294045099906e-03
9.476254340489999838e-04
2.374747328450900127e-03
4.162043476414900404e-03
3.133720243822400199e-03
3.406242884295899824e-03
4.471948357086500021e-03
3.685969861989899909e-03
2.438528105113199965e-03
4.443045571473400353e-03
2.444230801758900083e-03
3.410507710133900156e-03
3.438298142785999826e-04
4.311335666570000166e-04
3.081957514662200196e-03
3.646058017502700008e-03
2.439263530291800163e-03
3.269344863511399954e-03
3.162881732349999853e-03
5.193771363305800179e-03
2.513560864199800016e-03
4.581203636955500334e-03
3.153540943866499965e-03
2.316881575129700176e-03
1.280332677179000069e-03
4.066549715963699817e-03
3.156386896461999859e-03
3.125949366506699818e-03
3.782251050010800118e-03
2.168460593519899986e-03
3.786791152413399898e-03
3.848135797596699981e-03
2.903606921052799984e-03
4.643654819455000048e-04
1.408858118631299908e-03
3.930892834969300365e-03
1.508131459436499924e-03
2.368593420345900015e-03
2.266057240073400102e-03
2.748174078524400019e-03
3.921871755906699598e-03
3.848650890325200184e-03
2.267783325416600129e-03
4.355737527068299746e-03
3.087575316247499931e-03
3.178475273141800027e-03
2.211889406093299915e-03
3.952020074651000324e-03
2.561979008790499831e-03
2.964399999137899960e-03
3.919480067140699610e-03
1.272925459036699982e-03
3.612525541664400076e-03
1.880635682258200098e-03
3.520665746795599831e-03
4.249963086343000289e-03
4.123050366230300058e-03
3.492591012813399832e-03
4.078957842966499797e-03
3.279273685150499787e-03
4.109823572549600040e-03
2.819175512071899793e-03
5.002211018109000091e-04
2.175816413108700147e-03
3.346554162044899916e-03
4.136109726851600402e-03
2.381466501184999803e-03
2.352599642925199980e-03
4.083044918046400268e-03
3.453421868860800069e-03
4.151884541161000343e-03
2.610534461846099850e-03
9.104283636811000106e-04
3.107874683299899788e-03
2.606499996838200061e-03
3.879509426985899932e-03
1.570272152631500048e-03
6.824828420553000425e-04
2.559744131067200144e-03
2.843820816512100062e-03
4.364869404268599887e-03
2.158544132732699919e-03
3.332467820917200084e-03
2.796757639168700148e-03
2.825239577326700124e-03
4.034130811906199744e-03
5.611587901247999752e-04
1.526472910222100021e-03
4.590518912921799817e-03
1.851726366065700041e-03
2.444959054665300086e-03
2.998525782449100018e-03
2.337124509152399814e-03
2.015021331393699894e-03
3.436504417844400087e-03
5.339666456339700260e-03
2.860340973730099868e-03
3.035093773844700117e-03
4.932426337932599610e-03
3.870893492200999826e-03
4.129185425898299761e-03
2.950341142615500126e-03
4.025243751669499610e-03
3.019828240326800136e-03
3.563590491583500195e-03
4.559003359600399645e-03
2.336749024274200216e-03
3.774035934071300145e-03
4.157427841561299811e-03
4.052330014911000207e-03
2.900555440269199977e-03
2.125998690260499837e-03
4.358881390224799736e-03
3.533827505446899848e-03
3.283800037769399934e-03
3.894688740769299950e-03
3.540342111798499853e-03
4.346961335489600391e-03
2.694809823997099986e-03
3.167454860361699955e-03
2.552683164750399990e-03
3.382635429256999893e-03
1.946916594052000007e-03
1.143276158289600105e-03
2.501361409784100005e-03
1.790077549556500077e-03
2.277268807055699874e-03
1.991150250600999983e-04
3.633910643368299786e-03
1.616725916566799951e-03
3.058406386790799968e-03
5.119110839389699741e-03
3.933045428826299587e-03
3.225181594666900065e-03
1.999613489921899835e-03
2.847603128571399821e-03
4.376758296143299677e-03
2.651322790362100213e-03
1.405994830694200096e-03
4.130994194459200290e-03
1.276112694074300023e-03
3.583779709356200126e-03
4.519117129132399664e-03
2.586515385812200064e-03
2.151805401691000031e-03
8.863636913422999605e-04
3.991405345215200129e-03
1.677365238411099996e-03
1.683721210973800064e-03
2.719903071917200137e-03
2.938633705604799806e-03
3.127474451681999841e-03
4.358187788167399747e-03
2.403218825364900058e-03
7.367146154493999606e-04
3.695082448793299973e-03
4.470233316383499800e-03
3.582151505392899837e-03
3.640387935544599825e-03
1.981622862460600057e-03
4.391615963611699737e-03
2.243701007144799798e-03
4.048856225700899793e-03
3.972556103512899991e-03
3.125634830232999826e-04
4.916003530863999847e-04
4.557570918086200316e-03
4.517169235522300146e-03
3.253606498297000049e-03
3.274460728735200093e-03
3.317877895528599953e-03
8.049955567971000441e-04
2.107491640001899966e-03
3.312978936075600123e-03
2.019570146174800174e-03
2.346965474652600112e-03
2.125709760112799891e-03
4.799507685950000200e-04
3.225668214033299876e-03
4.027244562776100163e-03
2.679000801672500043e-03
3.799773198116300054e-03
3.928535801927200352e-03
2.253108539119000071e-03
2.464628049391699889e-03
2.112028229931299864e-03
2.664462730222499909e-03
2.459429061699899919e-03
2.595741145994900131e-03
3.429145062544099870e-03
1.517665572208099986e-03
2.416413914848899828e-03
3.712848821091499843e-03
3.372407525298399839e-03
4.413172378664400111e-03
2.252681665884599931e-03
4.291464532214700305e-03
3.419207505903899998e-03
2.350084387425900069e-03
1.912226082876299950e-03
3.898264121532899872e-03
2.598306767215400031e-03
3.299041007030200159e-03
3.439244001319999820e-03
3.535018910588199909e-03
1.300575330009999899e-04
3.426404365398599914e-03
7.679803160061999699e-04
2.229109044228299794e-03
3.919480067140699610e-03
3.970890640323299949e-03
4.492997052738099788e-03
2.327975728348299998e-03
4.289039647392399804e-03
3.935993165839199621e-03
2.352426372828500187e-03
2.132300181666599900e-03
4.109823572549600040e-03
3.553078766089200202e-03
4.759113032918599849e-03
3.110623207148000002e-03
1.346631101601699970e-03
1.158987757299500014e-03
4.135808556619400243e-03
3.440724982433699970e-03
4.390213849062399830e-03
2.689976661548099893e-03
1.784160817818899970e-03
1.599048712027900014e-03
2.311618253699999903e-03
2.889706229703499843e-03
3.240762164018300140e-03
2.450866700058000180e-04
3.645318033179500202e-03
3.851234305723299795e-03
2.417630672870599989e-03
3.550997156162099926e-03
2.613397331746300078e-03
4.352712461271599810e-03
2.965231434107499977e-03
3.298374032766400021e-03
1.458538914982599995e-03
3.012615817118299844e-03
3.949268604870499744e-03
2.081688300638700074e-03
2.546198631212099901e-03
2.077710286356399937e-03
4.488846520838699755e-03
4.246151010683900037e-03
3.655949965724999886e-04
2.010683655491399963e-03
3.262572915861100108e-03
2.596921872322500123e-03
3.364462472377299958e-03
2.541181595137399860e-03
2.628326850584700169e-03
3.781874563989900094e-03
1.557196688904399946e-03
2.607674942080800019e-03
2.769658664915400012e-03
2.290455200772800130e-03
2.714209522882400118e-03
2.658122663049300102e-03
1.540189610922199949e-03
2.633354199588299957e-03
2.958750848807800097e-03
3.914222655628200355e-03
4.125249960174599655e-03
2.546337461831599952e-03
2.788415887557899823e-03
2.886757029300399992e-03
4.712164410937099909e-03
2.605134277836900023e-03
3.648036856632599825e-03
4.807999845793799881e-03
4.051274396302100185e-03
4.162414872439900403e-03
1.470007217820600053e-03
3.004401126256999940e-03
9.655566150107000372e-04
2.566838145382399801e-03
2.821647651358299806e-03
5.028997369230300309e-03
3.044890855488099814e-03
3.351369681207199899e-03
3.408161457079600127e-03
2.530519406085399853e-03
2.961325816536700128e-03
3.012952275279600061e-03
3.976547396729699854e-03
3.225407823227899925e-03
3.592102042494600082e-03
3.572949170756400082e-03
1.428944251078299995e-03
9.919022125515000732e-04
2.212689552767599811e-03
2.391431482028600047e-03
1.847751287026600095e-03
4.892646527473900123e-03
2.410155710069400176e-03
3.317878542878999800e-03
2.273989741453400111e-03
2.526064742539300186e-03
2.109190664655900133e-03
4.354307155297200416e-03
4.072236551105499688e-03
3.732954202353499975e-03
1.511768498879000099e-03
1.319027515710799979e-03
2.873544750802199937e-03
2.372178810960899956e-03
2.751209594838200084e-03
4.735345853125999928e-04
3.814167682513800069e-03
2.598181938996099814e-03
1.879789820813500050e-03
3.085959930838599874e-03
4.324844556903399695e-03
2.893839247496999938e-03
4.808964066460199964e-03
3.031867062212899918e-03
3.652357445046200152e-03
2.802211615351600169e-03
2.756638044002399871e-03
1.877871079100999980e-03
2.996366126698800196e-03
3.003648020776200026e-03
8.076107591861999635e-04
4.120912332350799671e-03
2.972349312534100160e-03
3.408138580006500086e-03
2.559741361176199985e-03
8.975622129937999754e-04
4.675503850577199944e-03
3.105437540617600120e-03
6.767907650261000083e-04
2.155550184612299840e-03
2.471931621164799846e-03
2.117267633644000051e-03
3.968135856587599701e-03
4.636783611485200372e-03
4.422335325429000048e-03
9.390779856813000030e-04
4.550312954321500229e-03
4.269227201109699645e-03
2.863081143535400105e-03
1.966120445362899791e-03
4.221874349501699743e-03
3.279202492238599866e-03
2.414996570576700020e-03
2.356884063584200033e-03
2.988402172967100090e-03
2.893683249058700072e-03
4.253474468352299795e-03
2.334173349542899983e-03
3.264815982042099888e-03
2.955786659151500052e-03
4.265890225714900376e-03
4.176104347798100143e-03
3.811047042111200076e-03
2.435303054813699793e-03
1.482044866067200014e-03
2.017981381036300023e-03
2.897264701789699793e-03
4.012762528428800296e-03
2.201486474645900169e-03
2.751160415164699818e-03
3.710085013839100124e-03
3.395450837700100203e-03
3.442099652310899854e-03
3.409113704622299817e-03
1.629700978263800030e-03
4.120912332350799671e-03
2.860705014771799948e-03
2.682375040043399883e-03
3.814167682513800069e-03
3.714334743597000072e-03
2.469938101895999966e-03
3.440962648311800178e-03
1.080180608306299892e-03
9.612360778385000467e-04
3.396080049773099810e-03
4.358881390224799736e-03
2.533272518887499849e-03
4.470233316383499800e-03
9.933214264192999614e-04
2.382343906311899968e-03
2.659160827594700058e-03
3.744761130426600172e-03
5.822952124832999786e-04
2.120392607834999804e-03
1.824087575542500004e-03
3.637833736239100106e-03
2.022447443833600214e-03
6.188861736577999694e-04
4.645880712663299703e-03
3.190552264392099938e-03
2.210440219801899919e-03
3.961665768466299774e-03
4.808503158634800170e-03
2.163361682230699815e-03
4.136051133841600093e-03
3.028606009822399931e-03
3.594113309458800073e-03
4.398561824591700094e-03
4.840376991748099843e-03
2.888768293049299996e-03
4.386537998687999734e-03
4.480822698139000360e-03
1.173750738727199951e-03
2.564363083153700131e-03
3.222761554523599983e-03
2.364109556937799787e-03
1.198391574136799991e-03
4.351789142349399633e-03
3.066505859100300199e-03
3.779968653962199800e-03
9.894826289718000687e-04
3.056069896691800038e-03
4.006582999438799801e-03
2.802336593420099841e-03
1.581259511195199892e-03
4.926650659386000095e-03
4.147178707227599896e-03
4.766267798153999737e-03
4.313479471753299890e-03
4.761470258109100351e-03
1.225778323055900024e-03
4.618246461121899675e-03
2.029524687412500184e-03
3.893928846539899871e-03
2.059992992157499894e-03
4.289851962183800424e-03
1.974731466342799849e-03
4.771812164538900142e-03
4.581143079894700425e-03
1.575507474114000092e-03
9.877323756342999868e-04
4.038613719837699789e-03
3.414347101326600190e-03
1.267256704780199937e-03
4.188923199622000132e-03
4.039649244726700034e-03
2.671719078066799903e-03
4.597108945000499651e-03
4.587307563898900334e-03
2.033242619119000200e-03
2.896836072631300135e-03
1.863187052075699962e-03
3.447661235792600157e-03
2.867756700090799953e-03
2.650763594875600159e-03
9.269479552778000196e-04
1.021775130508499997e-03
1.339674109017699932e-03
3.465290077302300188e-03
2.920260109643199944e-03
4.277280458546000273e-03
2.569465388036100157e-03
2.530332285755000112e-03
1.513559747859500064e-03
2.006064256070000113e-04
4.284834725308299917e-03
2.712504698493799823e-03
3.450914593123500206e-03
2.874511987906900115e-03
4.374479309229299846e-03
2.950943662287799831e-03
2.723179709193699911e-03
1.594171360535699949e-03
4.604206785219999926e-04
2.048639073576699957e-03
3.739218504786799915e-03
1.932806838894100040e-03
2.018094085602000105e-03
3.237792957353300121e-03
3.991334338845000263e-04
3.763267192731900145e-03
4.034376532699999671e-03
4.358187788167399747e-03
1.330624912516399985e-03
2.902323269741500025e-03
2.777313806919600152e-03
2.224559415976799966e-03
2.950737814280100096e-03
9.224474906656000145e-04
1.565653933760500095e-03
4.051066211377200334e-03
4.275358401426300123e-03
4.082564142901899847e-03
1.266589259207999939e-03
2.078237024055199812e-03
3.369683896228200214e-03
4.136051133841600093e-03
1.670309392126200030e-03
4.564536694027399900e-03
3.945017110440100089e-03
4.289039647392399804e-03
3.057389321458299850e-03
1.340427618468799983e-03
4.645880712663299703e-03
2.778472109491700141e-03
4.048856225700899793e-03
3.526377908052200083e-03
2.860510901960400167e-03
2.461999814229700028e-03
1.673087193764899927e-03
2.817811059311300156e-03
1.768494149732600029e-03
5.387899168202699846e-03
2.297615296808800008e-03
2.669818911578700129e-03
2.279526661920799890e-03
2.805807888894099825e-03
4.955089081970100173e-03
4.047383635171200242e-03
4.921525464731200082e-03
1.850190881253899969e-03
2.530768590943600124e-03
1.736791382102200040e-03
2.957420309423600124e-03
9.009690732763000120e-04
1.746023674576299960e-03
2.117876076342100049e-03
4.131640305284000128e-03
4.563502922427300004e-03
3.934620876100800198e-03
2.915226195216800119e-03
3.432448665228000125e-03
4.400267519450200109e-03
4.269227201109699645e-03
4.194664843898600164e-03
3.763267192731900145e-03
3.628228151555999790e-03
2.038767847729299875e-03
2.447099655147899795e-03
3.597507681171100216e-03
3.165085642269400198e-03
4.480846093360400274e-03
7.050691810431000076e-04
4.371161344659899722e-03
2.325267614056699805e-03
3.045457289661299832e-03
4.176511949529599851e-03
3.152298429832699807e-03
2.572973558192700062e-03
6.019919407297000475e-04
3.199649743072100101e-03
4.628834917433199796e-03
2.058798390165999907e-03
1.554601213508799906e-03
4.808213661927299848e-03
2.414375314373000143e-03
3.653521759034000001e-03
2.338346848336999868e-03
4.048549262932499802e-03
2.444152207033400189e-03
2.071006994890300153e-03
4.494097619866000391e-03
3.129918983295499908e-03
4.615548151420700330e-03
4.464431874193800290e-03
2.661806718970199850e-03
3.448077444232300164e-03
2.689160985434400214e-03
3.953793208084400122e-03
3.660531478922800144e-03
2.174031726704799949e-03
1.061092353152199999e-03
1.927247881389800108e-03
3.876141611057700147e-03
2.886219704208400124e-03
4.597108945000499651e-03
2.551943891692100026e-03
2.677712855964100008e-03
3.495308697061100169e-03
1.871594881136900068e-03
4.246151010683900037e-03
2.609927714769700192e-03
8.255101988839999832e-04
2.267783325416600129e-03
4.783245610659899588e-03
5.231979628957999715e-04
2.758533719607100115e-03
2.912367311819299889e-03
3.595440021869700156e-03
3.495344137041999982e-04
2.647211682232500102e-03
3.146054979147000150e-03
1.628611088782399912e-03
2.144020423903699856e-03
1.556986077856299970e-03
4.140921355042500272e-03
3.873016124871200144e-03
3.321574684522999796e-03
2.856842255057100068e-03
5.071026601584999660e-04
3.616197921654499929e-03
3.865822608278000113e-03
4.594595068517099909e-03
3.511348612065999953e-03
4.766503031469000208e-03
5.529156475205999899e-03
7.076023086223000172e-04
1.714777122353100102e-03
3.696599033351199905e-03
4.053938404105800024e-03
2.942280167567399869e-03
4.621362759699700236e-03
3.987647750788399746e-03
4.180866737737300165e-03
3.125331030981900061e-03
5.662313563280000316e-04
4.310393108271500309e-03
2.482620067090699802e-03
1.700326442372699937e-03
3.705071973873499958e-03
4.189757385269400267e-03
7.989559614718000271e-04
1.434911688994300067e-03
2.623716380535200034e-03
4.457556288550100151e-03
3.051413899717499937e-03
1.265081257896000060e-03
4.749966171024399934e-03
3.537052380338899862e-03
3.004045334564899982e-03
4.364869404268599887e-03
1.004599267907200014e-03
1.100460231383699897e-03
4.766267798153999737e-03
4.139016724163000101e-03
4.461658864610700166e-03
3.843171383903300035e-03
4.398561824591700094e-03
3.821094516805699937e-03
2.777696456812999825e-03
2.582246071487799902e-03
1.851109903517299910e-03
5.319218797663000445e-04
3.049309780086599964e-03
1.871386329170599905e-03
3.713302610432399863e-03
2.105807711473599991e-03
2.889215587427600151e-03
2.726338265616000140e-03
1.119789257991699993e-03
4.134296840850900170e-03
3.419485314821299991e-03
2.321836184083599791e-03
4.831950976138300186e-03
2.680914703605500205e-03
2.553282954785999863e-03
4.364619943690500013e-03
2.829609666471299880e-03
2.959950429125500146e-03
2.329267055173799873e-03
3.096068780080599939e-03
2.462012877466399855e-03
1.088224223371900019e-03
2.847019068244500007e-03
1.166204170423299933e-03
8.247429556377999576e-04
2.261807644866700197e-03
4.072236551105499688e-03
3.763216546847200118e-03
1.472856202746099892e-03
2.119271332646899871e-03
2.617625220983799995e-03
4.863228726479499643e-03
2.088625661744399932e-03
1.715324031470700020e-03
3.515693822250700110e-03
2.834614730760100058e-03
4.160650039976200414e-03
2.742373603676100200e-03
4.999967755662700075e-03
4.188318055334000305e-03
2.736474966041400111e-03
1.406002598168000104e-03
2.637263970037299985e-03
4.143219162789599577e-03
2.852771770815600190e-03
1.858877131743199998e-03
9.982043851440999208e-04
3.336401004975900024e-03
3.192117194373299965e-03
3.757313069007200100e-03
3.505249322903200050e-03
2.193140785457499929e-03
2.125628305471000123e-03
1.758382769693700009e-03
2.435544364014400210e-03
5.015439952211999579e-04
1.027791599692800097e-03
4.150067601464700433e-03
5.056729783858199961e-03
3.252704183977999861e-03
4.181398506009599905e-03
3.647514265260800009e-03
4.912676836356599797e-03
2.276500066836400007e-03
3.994363240988000295e-03
4.038613719837699789e-03
6.472513089439999945e-04
3.568739626937900058e-03
3.557020889123700159e-03
3.928535801927200352e-03
2.300992930553099822e-03
1.893246432586999980e-03
2.606629697032100072e-03
2.508426667034100062e-03
3.778522775552000095e-03
3.359760001638300003e-03
3.033034319721500133e-03
2.047542571512600117e-03
3.955495695454100402e-03
3.981516836356300236e-03
3.032642466464099875e-03
9.033088688191000162e-04
2.095246141516700095e-03
4.162414872439900403e-03
4.533620717602900203e-03
2.837209960839299876e-03
4.703332836065800097e-03
3.082649993841099934e-03
3.812336640605699933e-03
8.207960542240000119e-04
5.415857853577999781e-04
4.890757861679500239e-03
3.343080730049800137e-03
4.799899120648399957e-03
2.914777726102199974e-03
1.111697248632600001e-03
3.681123525545600215e-03
2.114444703030599927e-03
3.644919343029700068e-03
2.473484778593900042e-03
2.462906015747000008e-03
3.529530138022199913e-03
1.398059885591300053e-03
2.620145144160299956e-03
2.333292219960599913e-03
1.917515058935800095e-03
1.086640504635399919e-03
2.026655836154299915e-03
5.168459103392000070e-04
2.866599604275299994e-03
2.404437273905899852e-03
2.152785402510599879e-03
2.592140013706599813e-03
1.890052623689600104e-03
4.167544131828299601e-03
9.947183924207000059e-04
2.870393968088900006e-03
4.320368239303399790e-03
2.386839264976400171e-03
8.391059439966999656e-04
1.829325065930700054e-03
4.808964066460199964e-03
9.099453286568999835e-04
3.164631146920799960e-03
4.080815204998899590e-03
3.853777339133100145e-03
3.326737816131700165e-03
7.746179897454000176e-04
3.257596863813300159e-03
3.394774763659699855e-03
1.066603542131300091e-03
5.490154535037999710e-04
4.124111019448599598e-03
1.591354865303499979e-03
4.131640305284000128e-03
2.439772116656900060e-03
5.349302886171400373e-03
4.435440188933699977e-03
2.548981379782499796e-03
2.367242868041399915e-03
2.656260116827300136e-03
3.336179106848199873e-03
4.112044004245200141e-03
2.272296238356899794e-03
1.673158116820499999e-03
4.468848706593199840e-03
2.456107620160099831e-03
3.623827294988999845e-03
5.577730125571000140e-04
2.346872901119800153e-03
3.209168369951800187e-03
3.278960194896699942e-03
2.709449541453000116e-03
4.186866824429099666e-03
1.653381395385200049e-03
6.272547823020999938e-04
2.660713145816000214e-03
2.247823740852300002e-03
1.029997878091400100e-03
3.842109276195799974e-03
1.792225628285499953e-03
1.818630313368899956e-03
3.915201520775199971e-03
2.052466482540999965e-03
1.723240899468499914e-03
4.375526126405100170e-03
3.049616096910999843e-03
3.088673051441800151e-03
3.818504221741199963e-03
1.779803790851999931e-03
4.563129642162200121e-03
3.362349898934400162e-03
4.139806697967199876e-03
3.420156403654900021e-03
5.861206720137999461e-04
4.260466097031100248e-03
4.188923199622000132e-03
2.543700913931799899e-03
1.492831673840600091e-03
4.217688722009700110e-03
1.875068376344599932e-03
3.401025555627600148e-03
2.752418782477400114e-03
2.416081920715499980e-03
2.050720803385499853e-03
3.095196605929999897e-03
2.943898843625300174e-03
3.808353919496500206e-03
2.395960576815299881e-03
3.996008667718599708e-03
3.563229931763600093e-03
1.515029256737100097e-03
2.186009721649099895e-03
3.111996052064100113e-03
2.153193022244600120e-03
4.741165396812300342e-03
1.517013087293200011e-03
3.521352994057300179e-03
4.688904883041899833e-03
3.349284679496699908e-03
2.889601281584100109e-03
1.827331879297500010e-03
2.830341232112100047e-03
3.476854229565600179e-03
4.626790327081900175e-03
1.544783797467499898e-03
3.848853934997000133e-03
6.988953760562000104e-04
2.515456996881000173e-03
3.766648106815800173e-03
2.326738694913000043e-03
2.778196274272999849e-03
4.581143079894700425e-03
1.320453322724099909e-03
3.981795735616799892e-03
4.387611705778900195e-03
2.595218337240399933e-03
4.176511949529599851e-03
8.148611430101000220e-04
1.295299738835499915e-03
2.044805935192800170e-03
9.137022111103999551e-04
4.587307563898900334e-03
4.561272574868400174e-03
4.374148671231200408e-03
4.054545321527499614e-03
4.804224867394400397e-03
5.207773428617000142e-04
3.718622636113800076e-03
2.982380911596299936e-03
2.259616784308499972e-03
3.686805913235900126e-03
3.123809871390000048e-03
2.990107683530500091e-03
5.339666456339700260e-03
4.249510973557899841e-03
3.005743414918500122e-03
4.233372227105800314e-03
2.425842109424300019e-03
4.783245610659899588e-03
3.771194787250999915e-03
1.125830278154600021e-03
2.508221901631700005e-03
1.374472190288500081e-03
2.443312197062800107e-03
4.160016145629499666e-03
2.068284051543300105e-03
3.294850430567499832e-03
8.635260831991000471e-04
2.959229633907399949e-03
1.700595841486299969e-03
2.787919275090599853e-03
2.956443624779900130e-03
4.881992230534100419e-03
1.837521852391800102e-03
2.799324974378499930e-03
4.178409740973000087e-03
1.748302490202700019e-03
3.427541923157200084e-03
2.372195890022600010e-03
3.641773981181900110e-03
2.017158924984599998e-03
1.023511261183700054e-03
2.352838056130499879e-03
2.900138924752699784e-03
1.815627934166400047e-03
1.052036645174600060e-03
5.231472064072000341e-03
2.079407678428899994e-03
3.703069558192900127e-03
2.284423884152900035e-03
3.300404773415999918e-03
2.923543920720000043e-03
2.507491526232800104e-03
4.447264586328199786e-03
4.261945338092499799e-03
2.127095551137800182e-03
2.312856320012600039e-03
3.895959801288300089e-03
3.258367855636600061e-03
5.246357998736899710e-03
1.984366498355599837e-03
4.550312954321500229e-03
3.667389749378400111e-03
4.864869361290899939e-03
2.555987207227300006e-03
1.434777673602000061e-03
4.516486112059400065e-03
4.324827743583999767e-03
3.072584029359400060e-03
2.687793062826600212e-03
2.795092868728300123e-03
4.607263097822600177e-03
3.116762496327099997e-03
4.924662517282999861e-04
3.253262686319299823e-03
3.860591391799300057e-03
4.919010364168000145e-04
4.321968517593000069e-04
5.627856773284200219e-03
2.527492313478599956e-03
6.305526757371999634e-04
4.088070514023199944e-03
4.508245455021600394e-03
4.351789142349399633e-03
4.189829874406699774e-03
3.734243238946200003e-03
