1.940279942869119851e-03
2.816454588924639877e-03
2.882046313375043883e-03
4.261668995441084302e-03
1.512223959029523803e-03
4.393432196187060587e-03
2.377033918546988655e-03
2.027132567587025622e-03
4.636659960870370689e-03
2.430483986555326791e-03
2.353367392758801482e-03
3.574083608404395040e-03
2.035272901776190909e-03
3.013809514121020168e-03
2.673617059548814758e-03
2.816454588924639877e-03
2.840121114712826616e-03
4.534056439915864004e-03
2.538700777393764017e-03
2.324647981289798982e-03
2.621880353153552886e-03
3.038550491335972881e-03
2.882046313375043883e-03
4.491854754380419229e-03
2.795039637580466318e-03
2.568863105719833718e-03
4.526424858091805323e-03
2.515034251605577278e-03
2.697283585337001931e-03
2.771373111792279579e-03
2.621880353153552886e-03
3.036806188287062992e-03
4.445925535209600474e-03
2.250128583353492792e-03
2.538700777393764017e-03
2.840121114712826616e-03
2.111457701142767287e-03
4.452742319543610307e-03
4.422259009421413735e-03
2.484529250956892497e-03
4.174662319646506303e-03
2.747270816335884748e-03
2.071426433010140674e-03
2.538700777393764017e-03
2.484529250956892497e-03
4.387689863279816728e-03
2.645546878941740059e-03
2.178564297604335728e-03
2.538700777393764017e-03
1.976474787436005923e-03
2.484529250956892497e-03
3.087973497498288592e-03
2.882046313375043883e-03
2.673617059548814758e-03
2.430483986555326791e-03
2.840121114712826616e-03
4.533823777865293204e-03
2.201277710672364454e-03
2.135124226930954026e-03
2.747270816335884748e-03
4.445925535209600474e-03
2.095092958798327413e-03
2.621880353153552886e-03
2.747270816335884748e-03
2.111457701142767287e-03
4.076906267403042350e-03
2.538700777393764017e-03
2.697283585337001931e-03
4.515521280168605968e-03
2.747270816335884748e-03
2.000141313224192662e-03
2.747270816335884748e-03
2.430483986555326791e-03
4.276317044052522012e-03
2.697283585337001931e-03
2.035272901776190909e-03
2.673617059548814758e-03
2.273795109141679531e-03
4.120512483736123860e-03
3.073119637477569888e-03
3.056140973335408958e-03
2.515034251605577278e-03
4.614615687495521312e-03
2.592529631508020457e-03
3.036806188287062992e-03
4.631313771637911303e-03
2.990142988332833429e-03
2.840121114712826616e-03
4.537692125527514886e-03
2.592529631508020457e-03
2.645546878941740059e-03
2.095092958798327413e-03
3.158069443461474900e-03
4.072743662491541856e-03
2.986018465645648781e-03
2.460862725168705759e-03
3.158069443461474900e-03
4.022756431492658172e-03
2.324647981289798982e-03
4.418173173402013300e-03
2.538700777393764017e-03
3.100933870182310485e-03
4.165593960868484158e-03
1.979084014993052684e-03
4.231185685318887731e-03
2.515034251605577278e-03
1.918563928976504962e-03
4.636659960870370689e-03
2.645546878941740059e-03
2.201277710672364454e-03
4.585906214594336928e-03
2.747270816335884748e-03
2.697283585337001931e-03
3.056140973335408958e-03
2.224944236460551193e-03
2.058939427564377648e-03
2.673617059548814758e-03
4.299983569840708751e-03
9.919241687691246912e-04
2.273795109141679531e-03
2.406817460767139618e-03
3.036806188287062992e-03
2.300981455501612243e-03
2.568863105719833718e-03
2.353367392758801482e-03
2.840121114712826616e-03
2.484529250956892497e-03
2.460862725168705759e-03
2.896694361986481593e-03
2.954946029125113307e-03
2.003466041798838450e-03
2.353367392758801482e-03
4.518235408750047484e-03
2.771373111792279579e-03
2.178564297604335728e-03
2.273795109141679531e-03
2.324647981289798982e-03
2.111457701142767287e-03
2.858379787586857144e-03
4.480556552248350470e-03
2.135124226930954026e-03
2.882046313375043883e-03
4.394506647613825694e-03
2.460862725168705759e-03
2.882046313375043883e-03
2.568863105719833718e-03
2.568863105719833718e-03
2.324647981289798982e-03
2.178564297604335728e-03
4.339282360276677276e-03
2.224944236460551193e-03
3.060472714075250164e-03
2.515034251605577278e-03
2.250128583353492792e-03
2.673617059548814758e-03
3.164209321702719444e-03
3.187875847490906182e-03
1.976474787436005923e-03
2.568863105719833718e-03
2.568863105719833718e-03
2.954946029125113307e-03
2.990142988332833429e-03
4.548718718872244056e-03
2.273795109141679531e-03
2.816454588924639877e-03
2.673617059548814758e-03
2.178564297604335728e-03
3.079807499123596130e-03
2.484529250956892497e-03
2.816454588924639877e-03
2.896694361986481593e-03
2.515034251605577278e-03
2.460862725168705759e-03
2.273795109141679531e-03
3.038550491335972881e-03
3.162133349034501086e-03
2.377033918546988655e-03
2.273795109141679531e-03
2.840121114712826616e-03
2.430483986555326791e-03
4.025169561007780478e-03
4.562239688806150190e-03
4.543343461401998240e-03
2.962351939857461609e-03
4.611465932056108864e-03
4.461371444258222657e-03
4.501025984105332459e-03
4.174662319646506303e-03
2.990142988332833429e-03
2.324647981289798982e-03
2.484529250956892497e-03
2.111457701142767287e-03
2.747270816335884748e-03
2.592529631508020457e-03
2.430483986555326791e-03
3.151886612161489045e-03
4.459430181189636549e-03
2.515034251605577278e-03
2.406817460767139618e-03
4.525052193084057317e-03
3.840485407234746178e-03
2.324647981289798982e-03
2.035272901776190909e-03
2.645546878941740059e-03
4.189260486656670029e-03
2.568863105719833718e-03
2.515034251605577278e-03
2.592529631508020457e-03
2.723604290547698009e-03
2.430483986555326791e-03
2.135124226930954026e-03
2.723604290547698009e-03
3.036806188287062992e-03
2.406817460767139618e-03
2.592529631508020457e-03
2.621880353153552886e-03
4.394506647613825694e-03
2.484529250956892497e-03
2.568863105719833718e-03
2.430483986555326791e-03
2.858379787586857144e-03
4.174662319646506303e-03
2.035272901776190909e-03
2.273795109141679531e-03
2.324647981289798982e-03
2.484529250956892497e-03
2.673617059548814758e-03
2.795039637580466318e-03
3.060472714075250164e-03
2.747270816335884748e-03
2.538700777393764017e-03
1.978434598833800091e-03
2.071426433010140674e-03
2.377033918546988655e-03
2.723604290547698009e-03
2.592529631508020457e-03
4.364023337491629989e-03
2.224944236460551193e-03
2.621880353153552886e-03
1.361588616970207293e-03
2.840121114712826616e-03
4.276317044052522012e-03
2.224944236460551193e-03
4.601427101784136622e-03
2.071426433010140674e-03
2.095092958798327413e-03
2.071426433010140674e-03
4.557490303653479943e-03
2.954946029125113307e-03
4.598153018893423941e-03
2.697283585337001931e-03
4.174404649988815857e-03
2.071426433010140674e-03
1.978434598833800091e-03
2.954946029125113307e-03
2.747270816335884748e-03
2.000141313224192662e-03
4.581983186559917230e-03
2.645546878941740059e-03
2.840121114712826616e-03
2.592529631508020457e-03
3.918323459459804002e-03
2.538700777393764017e-03
2.538700777393764017e-03
2.484529250956892497e-03
2.723604290547698009e-03
2.697283585337001931e-03
4.341974621923501594e-03
2.027132567587025622e-03
2.027132567587025622e-03
2.430483986555326791e-03
2.771373111792279579e-03
2.095092958798327413e-03
3.972152313574060442e-03
4.518089505312353898e-03
2.697283585337001931e-03
2.673617059548814758e-03
2.795039637580466318e-03
4.189260486656670029e-03
2.747270816335884748e-03
2.645546878941740059e-03
2.568863105719833718e-03
2.673617059548814758e-03
4.053239741614854744e-03
3.840485407234746178e-03
4.525052193084057317e-03
4.612827337339758457e-03
3.994686250885583906e-03
2.484529250956892497e-03
2.377033918546988655e-03
2.406817460767139618e-03
2.377033918546988655e-03
1.641877254889045337e-03
2.095092958798327413e-03
2.747270816335884748e-03
2.538700777393764017e-03
4.518235408750047484e-03
2.673617059548814758e-03
2.673617059548814758e-03
4.440095396141290583e-03
4.076906267403042350e-03
2.621880353153552886e-03
2.111457701142767287e-03
2.747270816335884748e-03
3.972152313574060442e-03
2.723604290547698009e-03
4.581983186559917230e-03
2.931279503336926134e-03
2.723604290547698009e-03
2.747270816335884748e-03
3.013809514121020168e-03
4.276317044052522012e-03
3.972152313574060442e-03
1.953703097166326411e-03
2.324647981289798982e-03
4.174662319646506303e-03
2.250128583353492792e-03
2.300981455501612243e-03
