-1.499109547257595709e+00
1.395800041545892434e+00
1.156145492530734842e+00
3.657319530811486974e-01
-1.141361880092882641e+00
2.766735643129706324e-01
1.022139736946148458e+00
1.981618628852183095e+00
-3.562447525616330157e-01
-3.185815820734865245e-01
-5.299587187472989402e-01
4.799284347991933930e-01
-5.390690616457162188e-01
6.300168815853860460e-01
7.439577985464256304e-01
2.227435898895707700e-01
-1.072460875118564694e+00
2.511056481152068587e-01
6.584054365728806424e-01
-1.772270231780472827e+00
-6.019983890792858228e-01
6.194801147532309482e-01
1.361428906547609841e-01
-3.772969616987705832e-01
-2.059141634546020949e+00
-6.023099766585652270e-01
1.394535668843908394e-01
6.994687347986328074e-01
-7.920850058707662456e-01
-1.772821204544526186e+00
-1.662094466861615327e+00
1.429799668656507039e-01
-1.507003448736578821e-01
-3.249462142763989148e-01
9.751772350353767882e-01
-1.962805249159771614e+00
8.234595940673040682e-01
-9.770805341619839268e-01
-1.365844063691921684e-01
-4.084040591441692736e-01
-1.138278301717145224e-01
9.784915351236687098e-01
6.796192768748092750e-01
2.018224035093901247e-01
6.475005185749972692e-02
3.968616990889912155e-01
-2.465330592594348946e+00
-1.119658765741022188e+00
-1.748192194404178057e+00
-3.342022913952014118e-01
1.847717634623121941e-01
-1.100636776976596648e-01
6.957801277752447833e-01
9.164472708010645841e-01
7.555084590214627971e-01
6.166491566295234650e-01
9.083960018026091335e-03
-9.973303694174131540e-01
2.620899906538685542e+00
3.238394383213777927e-01
-2.631980065943040348e-01
8.352245410083499744e-01
-1.085923782850719693e-01
1.143975160667802360e+00
-2.491620528156872905e-01
2.165269342410956754e-01
6.024435411565373100e-01
-6.074486716965381561e-01
4.446069717758577844e-01
8.636664769047632806e-01
-1.462055127459450876e+00
3.741069845790206960e-01
1.352622283680578574e+00
-2.950109084423479522e-01
-8.305571789029203567e-01
2.242820422904804323e-01
-1.935603534898818312e+00
1.766572551792244594e+00
-8.021620932118699310e-01
1.547417447305324378e+00
2.070944222160080006e+00
-1.293007880086268324e+00
4.758135021668224995e-01
-1.359364123005215808e+00
-5.520024483109314817e-01
-3.350400701055138430e-01
-2.704732764155167724e-01
7.036066778815065481e-01
-6.430486199519871438e-01
-2.255864323535923699e+00
-1.220278701797699927e+00
-1.143486959866318597e-01
5.090958304278702107e-01
2.213573144118099467e-01
-1.261161703334134465e+00
8.961195696798651689e-01
3.509516702739108318e-01
-5.447493143355144340e-01
-7.590602292268533446e-01
-1.896533989332746251e-01
-1.556800240750834563e+00
1.731767289870267623e+00
-1.027785654635176460e+00
-8.649427525374119297e-01
5.627130464510445018e-02
5.020673356964960865e-01
-9.787908715727888787e-01
-1.634758259398917946e-01
-8.101563889806678853e-01
-1.338721375520332657e+00
-7.158922543045409537e-01
5.751099652508306903e-01
-3.330455995770358890e-01
-5.318045115325589212e-01
-1.190183800997633767e+00
-2.001693346780285321e+00
1.822450676172745920e+00
4.719042251511528230e-01
2.718396488166647362e+00
7.989625031050815451e-01
-4.806194738080961648e-01
1.886181668507160625e+00
-1.647333241264442583e+00
-5.772734971972220963e-01
-2.843801234119296972e-01
3.427264938537724070e-01
-1.455777330870178021e+00
1.787654349690603051e-01
1.759766956840048246e+00
3.367793831149026307e-01
7.248706207296640169e-01
-6.409111126789618362e-01
2.549649370341252608e-01
1.642777527227204271e+00
-1.607228981305562465e+00
-3.344859757658230071e-01
9.462038500389980955e-01
-2.692455980546387129e-01
-1.262343581967626083e+00
-5.351824088133985136e-01
9.436571582206214615e-01
8.059610678419651952e-01
-8.371329152587352329e-01
-4.166850075706110546e-01
7.512490409858408880e-01
-7.553023589192030263e-02
-1.836992715974524737e+00
1.159736063160295427e-01
1.346670495197257233e+00
-2.538030899726247402e-01
-1.628462960439198692e+00
1.108112403355091757e+00
-7.873578361865539443e-02
5.702493713912526463e-02
-2.232536281030026715e-01
-7.741768719911644725e-01
-1.401177428307216755e-01
2.289798626960643235e-01
-6.539162715513119339e-01
-2.513395939760377562e+00
5.940078449748984468e-01
-7.786271837254116202e-01
-4.807690096836861882e-01
2.958051312083212481e-01
1.078263182902003736e+00
8.593996131799065408e-01
-6.063699447437172901e-02
1.185209131491683943e+00
-2.799348285658544988e-01
7.014832279703220319e-01
1.943245368763956815e+00
5.312522314459103279e-02
1.089016692243697682e+00
-2.093181879439226289e+00
3.687552312290481860e-01
-3.254001187608742129e-01
1.126680820286315221e+00
5.493840276242356602e-01
9.845540947016573341e-01
1.841749300779005338e-01
-2.206756592324364830e-01
7.378799506978920286e-01
6.409282685391340939e-01
7.646458119632024708e-01
6.092415928943212267e-01
2.181935444892250942e-01
3.040127691679500033e-01
-4.092465499015290192e-02
4.579781348937457808e-01
5.851752957144923384e-01
4.536597029113378365e-01
1.698518433964137098e-01
8.263917297494097758e-01
-7.178299614675683060e-02
-1.222124896445258013e+00
5.375961320329496473e-01
1.794679977704281282e-01
4.773638103869896621e-01
1.204287935818238564e+00
3.431247981614681253e-01
4.096353621825968294e-01
-1.604391495770946252e-01
-1.699819539040914762e+00
1.152937992718885640e+00
1.226543965366847788e-01
-1.067587889663220158e-01
1.587874307773037508e+00
-5.936901560915482934e-01
-8.915932777156234668e-01
6.135812528818720413e-01
3.187090095897796571e-01
-4.922965608124475756e-02
-2.460393045578129212e-01
6.754595167126418165e-01
1.235465646219918723e+00
2.850117939448327808e-01
4.637105924684158942e-01
4.499046562081739919e-01
-1.137484152505552487e-01
9.162991969057420194e-01
6.882662449854692888e-01
6.578503084226577924e-01
5.507036362763978454e-01
1.503041918119558895e+00
9.463522289822946520e-01
2.812945164082538141e-01
-1.533655543237461449e+00
-1.759605448984167264e+00
1.198779893652487161e+00
-4.255675252885685045e-01
3.607026161960411592e-01
1.810665187325555172e-03
1.012877630215715419e+00
3.003421921926822669e-01
1.460626944963327789e+00
-1.346925105409892964e+00
-2.632660685496524544e-01
1.284332468392479720e+00
1.574332152174571786e-01
3.120992549358872492e-01
-2.872258354549764192e+00
2.914684758465675984e-01
1.152708289534057906e+00
1.085525116403830426e+00
-8.966970675912404598e-01
1.585364283693237786e+00
-1.074461694354468880e-02
5.453726371383893490e-01
3.857639795764731261e-01
-8.626429612888412146e-01
1.037569138588654072e+00
5.614662645058156043e-01
2.865152948205120231e-01
1.227766662484654492e-01
6.784562633630955020e-01
7.752985164787413730e-01
8.721857626059907886e-01
-3.208032108715764830e-01
7.103073576686755874e-01
1.074766998888739389e+00
-1.913243372817733379e-01
-7.805002333568181738e-01
1.425136136268468079e-01
8.207856677727308758e-01
5.284028351984505489e-01
8.845785337406783522e-02
7.923904279611024837e-01
-9.731512131883603978e-01
-1.313761296417665703e+00
-2.134579994821593107e+00
1.126117816468638289e+00
9.027258253293358736e-01
2.012417111622572641e+00
3.749985273208265024e-01
-3.250373401624925829e-01
2.620637339427220880e-01
2.311359892245442582e-01
2.349980258484645201e-01
-2.940669538950322348e-01
1.133342139791913450e+00
9.297610249149032002e-01
-2.133611805622076307e+00
-6.047457203465115283e-01
-2.636123344836129034e-03
6.942170525681923277e-01
3.821189327741103536e-01
3.861364492852312758e-01
-1.113918629687012052e+00
4.833293751214990941e-01
-1.046260928037862303e+00
7.302353701814092712e-01
-6.531497691604053468e-01
1.528239763158772302e+00
-1.445235737296214795e+00
9.923580682128881891e-01
-1.318971499984820106e+00
3.945131830789893601e-01
6.589546620706037139e-01
-7.303709692470043979e-01
-7.965825296744888373e-02
2.165269342410956754e-01
1.461910537816500266e+00
4.975126667563063432e-01
1.020759464026826935e+00
5.190354577952549509e-01
-4.678792241076947800e-01
-3.208032108715764830e-01
3.769752848394289368e-01
1.306040333442181345e-01
7.771055043380399319e-01
5.968674858606239919e-01
-2.950109084423479522e-01
6.264262766815804628e-01
-4.389739486829305481e-01
7.604340308110447699e-01
6.578503084226577924e-01
5.616519294941070273e-01
4.185588384011346696e-01
