9.538630413783444442e-09
9.539408548837980601e-09
9.594558156472676541e-09
9.578483957060899127e-09
9.547526016464141679e-09
9.567253807016927222e-09
9.536954239369034178e-09
9.560045366561612997e-09
9.536492047388675850e-09
1.009795572935617136e-08
9.536492047388675850e-09
9.539767364051043283e-09
9.660026550640290241e-09
9.574555352234560015e-09
9.538593890271330130e-09
9.538328537536201800e-09
9.548578145960630935e-09
9.632282034077024244e-09
9.539408548837980601e-09
9.538328537536201800e-09
9.538593890271330130e-09
9.538593890271330130e-09
9.536954239369034178e-09
9.614526707463505157e-09
9.548578145960630935e-09
9.560363395229781040e-09
9.540006791316302840e-09
9.539176498090341324e-09
9.546166456640681267e-09
9.560045366561612997e-09
9.536492047388675850e-09
9.607913802711568913e-09
9.540865052011246678e-09
9.538593890271330130e-09
9.547526016464141679e-09
9.534434826382253146e-09
9.536492047388675850e-09
9.923347629942664857e-09
9.540865052011246678e-09
9.535761939867124724e-09
9.963975835017271441e-09
9.542781673855278936e-09
9.540865052011246678e-09
9.534434826382253146e-09
9.543622570229344350e-09
9.884431298190778527e-09
9.582095134876942169e-09
9.539176498090341324e-09
9.556900470157277823e-09
9.535195943741000031e-09
9.558469576604911383e-09
9.555461888803526617e-09
9.550978335107580384e-09
9.536492047388675850e-09
9.540955372178536021e-09
9.539176498090341324e-09
9.540738452661555571e-09
9.548578145960630935e-09
9.593264183704629731e-09
9.546166456640681267e-09
9.544574232032280069e-09
9.571663157041066201e-09
9.543622570229344350e-09
9.566103714359598410e-09
9.538593890271330130e-09
9.536954239369034178e-09
9.534434826382253146e-09
9.536492047388675850e-09
9.629179383732124115e-09
9.556900470157277823e-09
9.554530374090553592e-09
1.008856583897351861e-08
9.573122666515816647e-09
9.547784142206296375e-09
9.536954239369034178e-09
9.558469576604911383e-09
9.535195943741000031e-09
9.593989809629167959e-09
9.540865052011246678e-09
9.618966872504505861e-09
9.540738452661555571e-09
9.625253886731435709e-09
1.013869353248466204e-08
9.593264183704629731e-09
9.700501771216401328e-09
9.574555352234560015e-09
9.539176498090341324e-09
9.562918371992701542e-09
9.536492047388675850e-09
9.544574232032280069e-09
9.542781673855278936e-09
9.536954239369034178e-09
9.876649229835433960e-09
9.554530374090553592e-09
9.670247159668618153e-09
9.534518536876386077e-09
9.566103714359598410e-09
9.607913802711568913e-09
9.554530374090553592e-09
9.828336895016769764e-09
9.544574232032280069e-09
9.538328537536201800e-09
9.544574232032280069e-09
9.535195943741000031e-09
9.568133904893974106e-09
9.534434826382253146e-09
9.539176498090341324e-09
9.568133904893974106e-09
9.540955372178536021e-09
9.558469576604911383e-09
9.549869281578850724e-09
9.538593890271330130e-09
9.540006791316302840e-09
9.541194590192718387e-09
9.552969364838954046e-09
9.541194590192718387e-09
9.655477149712784857e-09
9.546166456640681267e-09
9.541905413756460230e-09
9.536492047388675850e-09
9.540738452661555571e-09
9.536954239369034178e-09
9.540738452661555571e-09
9.629966441413970392e-09
9.625253886731435709e-09
9.544244117829946946e-09
9.550978335107580384e-09
9.876649229835433960e-09
9.536492047388675850e-09
9.540006791316302840e-09
9.538593890271330130e-09
9.593264183704629731e-09
9.546166456640681267e-09
9.551141407043778126e-09
9.535761939867124724e-09
9.549869281578850724e-09
9.540006791316302840e-09
9.567253807016927222e-09
9.538379690482371576e-09
9.542781673855278936e-09
9.618966872504505861e-09
9.551628726787404578e-09
9.534518536876386077e-09
9.545814951478063878e-09
9.535761939867124724e-09
9.540006791316302840e-09
9.541905413756460230e-09
9.542607958952699600e-09
9.536492047388675850e-09
9.536954239369034178e-09
9.535761939867124724e-09
9.535195943741000031e-09
9.694465898234776989e-09
9.540865052011246678e-09
9.534518536876386077e-09
9.561677835540481449e-09
9.540738452661555571e-09
9.534518536876386077e-09
9.547784142206296375e-09
9.562918371992701542e-09
9.535195943741000031e-09
9.629966441413970392e-09
9.550978335107580384e-09
9.540006791316302840e-09
9.539176498090341324e-09
9.534881680198162384e-09
9.555461888803526617e-09
9.544975700005825968e-09
9.543622570229344350e-09
9.538593890271330130e-09
9.926962918871111457e-09
9.540955372178536021e-09
9.538328537536201800e-09
9.542607958952699600e-09
9.535761939867124724e-09
9.625253886731435709e-09
9.562918371992701542e-09
9.562918371992701542e-09
9.629966441413970392e-09
9.601519146546102686e-09
9.632245850575644528e-09
9.541194590192718387e-09
9.539767364051043283e-09
9.543622570229344350e-09
9.534881680198162384e-09
9.536492047388675850e-09
9.538593890271330130e-09
9.544975700005825968e-09
9.539767364051043283e-09
9.538328537536201800e-09
9.534434826382253146e-09
9.539408548837980601e-09
9.536954239369034178e-09
9.543622570229344350e-09
9.540955372178536021e-09
9.543844338459930626e-09
9.536492047388675850e-09
9.540006791316302840e-09
9.849220716406669448e-09
9.547278877211479146e-09
1.100526156667371430e-08
1.089859602410919385e-08
9.536492047388675850e-09
9.534518536876386077e-09
9.849220716406669448e-09
9.637846152635696643e-09
9.543844338459930626e-09
9.540865052011246678e-09
9.542607958952699600e-09
9.540738452661555571e-09
9.539176498090341324e-09
9.538379690482371576e-09
9.542607958952699600e-09
9.538395324914949106e-09
9.551141407043778126e-09
9.573122666515816647e-09
9.539176498090341324e-09
9.538630413783444442e-09
9.634765345990818091e-09
9.573122666515816647e-09
9.555461888803526617e-09
9.545814951478063878e-09
9.536954239369034178e-09
9.646266498777509510e-09
9.662694686701262304e-09
9.536492047388675850e-09
9.536492047388675850e-09
9.538593890271330130e-09
9.539176498090341324e-09
9.568133904893974106e-09
9.538379690482371576e-09
9.538593890271330130e-09
9.538328537536201800e-09
9.534518536876386077e-09
9.542607958952699600e-09
9.541194590192718387e-09
9.549869281578850724e-09
9.534434826382253146e-09
9.538630413783444442e-09
9.539408548837980601e-09
9.629966441413970392e-09
9.538395324914949106e-09
9.538395324914949106e-09
9.541905413756460230e-09
9.828336895016769764e-09
9.538593890271330130e-09
9.540955372178536021e-09
9.540738452661555571e-09
9.536954239369034178e-09
9.555430503547031644e-09
9.538593890271330130e-09
9.538593890271330130e-09
9.544975700005825968e-09
9.543622570229344350e-09
9.540006791316302840e-09
9.574555352234560015e-09
9.538593890271330130e-09
9.549869281578850724e-09
9.543844338459930626e-09
9.536492047388675850e-09
9.536954239369034178e-09
9.792886327005065278e-09
9.534518536876386077e-09
9.540865052011246678e-09
9.534434826382253146e-09
9.547278877211479146e-09
9.538593890271330130e-09
9.542781673855278936e-09
9.540006791316302840e-09
9.538379690482371576e-09
9.535761939867124724e-09
9.620356520260633305e-09
9.574555352234560015e-09
9.536954239369034178e-09
9.582856953795960362e-09
9.534434826382253146e-09
9.547278877211479146e-09
9.723195782044405324e-09
9.567253807016927222e-09
9.694465898234776989e-09
9.550978335107580384e-09
9.535195943741000031e-09
9.567253807016927222e-09
9.562918371992701542e-09
9.543844338459930626e-09
9.539408548837980601e-09
9.536492047388675850e-09
9.535761939867124724e-09
9.536492047388675850e-09
9.670247159668618153e-09
9.593989809629167959e-09
9.534881680198162384e-09
9.543844338459930626e-09
9.535761939867124724e-09
9.535195943741000031e-09
9.542781673855278936e-09
9.544574232032280069e-09
9.534881680198162384e-09
9.539176498090341324e-09
9.552969364838954046e-09
9.551141407043778126e-09
9.536954239369034178e-09
9.629966441413970392e-09
9.547278877211479146e-09
9.582856953795960362e-09
9.560363395229781040e-09
1.030539130376818584e-08
9.538395324914949106e-09
9.539767364051043283e-09
9.538593890271330130e-09
9.568133904893974106e-09
9.548578145960630935e-09
9.542607958952699600e-09
9.547278877211479146e-09
9.544975700005825968e-09
9.538328537536201800e-09
1.030539130376818584e-08
9.534881680198162384e-09
