4.019151605940907701e-01
-3.797911752539970820e-01
-8.087005025220357357e-01
2.737746990916900103e+00
-8.331458708441347172e-02
-8.877096611661562386e-01
1.474009356152217176e-01
-1.370992735552387876e+00
5.930246151333926630e-01
5.427202281293391772e-01
-9.213917135728595664e-02
8.959909779009435082e-01
-2.168064682750789618e-01
-1.078115996589542325e-01
-6.335442309492000934e-02
-2.309626500439236896e-01
1.374279456700301938e-01
-3.479030964907304235e-01
5.654588481431683800e-01
-2.025221480264068064e-01
-3.577132837515568098e-01
3.734730214940006898e-01
3.415326756411626308e-01
-8.838643638138223846e-01
-1.263006588145294762e+00
-2.036116602186244587e-02
2.228700508033650829e-01
8.277818883290834207e-02
-3.715715957757286692e+00
6.418707839115136426e-01
-1.973140806518606516e-01
-1.946639023606700158e+00
-7.521905563965447516e-02
5.737031989225513939e-01
-1.228949956092451501e+00
2.147722468004553409e-01
6.926291461295562557e-02
-3.979159120438477970e+00
3.922670175571130180e-01
-2.560205549769836164e-01
-2.016002897141792524e-02
-8.714491077649033635e-01
-4.504784226374561884e-01
2.509396327819252703e-01
8.523072532152053959e-02
-1.441183618715621950e+00
3.418397784494789926e-01
3.270971177358270587e-01
-2.185559731984489107e-01
3.647449558267684688e-01
5.367416176509977044e-01
2.991467722145454977e-01
-4.352934301190585775e-01
-6.259635614143405080e-01
-1.040755017775822022e+00
9.758375603506259932e-02
-2.987723170203721024e-01
-1.263006588145294762e+00
3.855798071885086636e-02
7.501662863256879366e-01
-4.295953778871488549e-01
-1.064933969379312728e+00
-1.304684159303511892e-01
-2.005835095182992300e-02
1.991143877744840640e-01
2.357009149923596225e-01
6.842319964910973384e-01
4.245227403459287396e-01
1.255270348369276201e-01
7.351914886546985217e-01
2.479623053504176333e-01
-1.116211036002018542e+00
3.215826623384826499e-01
1.449748997631851721e-01
-3.095466169861079211e-02
-2.996888490356824919e-01
3.642121084446023338e-01
-1.249915901700689724e-01
2.729146515940388332e-02
-1.046870147141806262e+00
1.124513884397136260e-01
-6.113492926885776280e-01
1.450816004047951191e-01
2.132411392601990252e-01
-1.324959395245433602e-01
-1.616029601842360885e-01
2.835485749004157952e-01
1.869116069479652975e-01
2.082233254764688790e-01
3.462384726033322369e-01
5.877638436553113799e+00
1.666738431354354219e-02
3.506620774649392702e-01
-8.233817189087891952e-01
3.826713313939179795e+00
-2.430990899988015319e-01
2.988764899109692119e-01
-7.144678977255046748e-01
2.054816707647898755e-01
-2.778742095546728574e+00
5.666639460576811116e-01
-6.632589849701721330e-02
1.099076189673455078e-01
-6.734974783026997924e-01
5.431282568769716379e-01
1.602027974536107680e-01
3.348171959010886045e-01
5.140179495672637655e-01
2.854819012744413409e-01
7.481239068346777765e-01
1.275757679543850776e-01
-3.210262730669390052e+00
4.361733756786977390e-01
1.023797403412900209e-01
9.129399227885467427e-01
1.866229101921792477e+00
9.378809013338632594e-01
-6.304714990677583453e-01
7.916213413080388506e-01
-6.663764101274906038e-01
1.718862115315365591e+00
1.181482051630451613e+00
-1.620093129733326809e-01
1.649427326787389569e+00
1.524051188784626198e+00
5.554465959099827987e-01
-1.020946014984236705e-01
-9.825458487965414711e-02
3.635234906377837194e-01
6.238791236439409360e-01
4.788211600407247803e-01
-1.446677556931351027e+00
-6.941749724455328341e-01
7.565299332929275034e-01
-2.567808971584307765e-01
1.066482451932030812e-01
-2.929195639823258812e-01
8.632920248174896782e-01
-7.742145105246407422e-01
5.877638436553113799e+00
-1.871832472980436979e+00
-2.220841982103153089e+00
-6.945101735545090582e-01
-5.257576573455828850e-01
3.906097594835055142e-01
-7.932503341571039979e-01
-2.215361795652203369e+00
-2.036370028430933843e-01
2.565204095740939438e-01
1.628665322087461675e-01
8.282114694798176080e-01
-3.286558529947870566e-01
1.611442557855553126e+00
-2.026226142599618085e-01
7.906134206359570760e-01
1.107555679518084757e+00
-5.997249355747154009e-01
1.762065410829522505e-01
-2.766035408420063346e-01
2.595505523718317775e-01
-4.215139895170981199e-01
-3.521343475725270400e-01
1.740476605763568163e-01
1.513702846325772011e+00
5.294057383184400667e-01
-6.873767209442014359e-01
4.611574526705158883e-02
2.380173683854923672e-01
-5.336084864407403261e-01
-2.080318758532869461e-01
-1.430964148838516747e+00
3.344062732039678743e-01
-8.988811667632196079e-01
5.510588189098872824e-01
1.059827059001972327e-01
1.582317693181219065e+00
-2.686106826523450564e-01
-1.494031763175790728e-01
3.706824182935564149e+00
-1.874490959609964591e+00
3.441447538937089656e-01
1.108902073780430708e+00
-5.518443062975717517e-01
-8.974532874077822964e-01
-1.858544964406296518e-01
-5.103024238641513249e-02
3.572101720092322741e-01
-4.494486310881590230e-01
1.640642319587620523e+00
-1.959365014754747003e-01
3.688091614920716022e-01
4.755032965974591019e-01
5.050701483714830076e-01
5.232238379971876352e-01
7.696147913013490216e-01
-1.344711111609782350e-03
2.826926225403950110e-01
1.513702846325772011e+00
-8.405141577633138406e-01
-5.859990831950802059e-01
-9.316317144563792535e-03
-1.444931874541738548e+00
-4.545092921342527292e-01
1.193261608804843554e+00
1.260928018699007502e+00
5.814114726815877709e-01
-3.773864413590492517e-01
1.818396858759709356e-01
-8.956845759997986156e-02
-7.868569419185864056e-02
3.044240579547908832e-01
9.421167867616746239e-02
2.177110299007944116e-01
2.397678541600018476e-01
-3.405325256897482888e-01
6.600509514114500931e-01
6.917000211979103252e-02
5.906851075048746152e-02
-3.421990158518660174e-01
6.655479200525550761e-03
1.199730562848416504e+00
-6.032104640843573007e-01
3.909897515851845085e-01
-7.874398278477964253e-01
7.033911789979599982e-01
-2.973241539757347507e-01
-1.228626215740803163e-01
2.048682096205040604e-01
1.829640716426043923e-01
-4.160419794883154498e-01
2.712893532306252520e-01
-1.974695785291264993e+00
1.694380621615778182e+00
1.259599974418962764e+00
-8.578679620440545772e-01
1.866229101921792477e+00
1.306453153564249403e+00
-4.135390882448569672e-01
-2.445459859324323748e-01
3.210719469939642967e-01
-8.527650189997143526e-01
7.910062579819817641e-01
-3.983773308618520637e-01
2.340231474250549226e-01
-3.225770308188190327e+00
3.417082991212523790e+00
1.703994380310468182e-01
3.256456660327938096e-02
7.033159082069329049e-02
-5.562492094891968719e-02
-3.891401480990661077e-01
-3.453657507986427344e-01
-4.280440547571399967e-02
3.123177090233205111e-01
-4.137925704908182456e-01
-1.780451848464475184e-01
1.377123742939456053e+00
3.405801355013893250e-02
-2.521450628821829687e-01
-7.463208602291973026e-01
-2.600053040425379436e+00
-9.238289831493171622e-01
-1.205874470791569592e-01
4.703856588823101537e-01
1.014112484358659305e+00
-1.580426634992635956e-02
2.117125889995624122e-01
7.967142147121529794e-01
-6.170441049498063268e-01
-1.534953747766389098e-01
-3.910219476744008493e-01
-7.103597920093144280e-01
3.683629523666661076e-01
-3.927723571217409115e-01
-2.223424297468857558e-01
2.972943377823103472e-01
-3.573156114295230057e-01
-1.813282080181408684e-01
1.680913091393569092e-01
6.432058490258509842e-01
1.789158600309574687e-01
-2.937272282054131933e-01
-1.622973966099877652e+00
4.304632014960592112e-01
-1.872277200882574433e-01
4.796175371281747868e-01
-6.186078145054262345e-01
1.008624026805813978e+00
2.200758721473247137e-01
-8.338580222248844764e-01
8.726044933582641216e-02
7.151321488067116094e-01
5.437006914037888494e-01
-7.468797386300644048e-01
2.227493590888171907e-02
-1.463816537180524513e-01
5.223733473296173768e-01
-2.835637194013057027e-01
1.777240886989175095e-01
7.337977491022190657e-01
-4.455778396170685940e-01
1.912243772774258055e-01
-2.967092555814208610e-01
5.626996789805146504e-01
1.355356187052927409e-02
1.179149571526441287e+00
2.406645928437516069e-01
2.769901494639280815e-01
5.387776911128453472e-01
-5.193703226872754125e-02
3.563544551208366884e-02
1.450965621951914308e-01
3.254738688073587349e-01
-7.177502782999617414e-01
-9.769763196012526407e-02
4.188222702872210768e-01
-2.499043404627338816e-01
1.358266903541587745e+00
