2.036261914431298625e-03
2.031017037004739963e-03
2.062201090513425365e-03
2.071613578172342828e-03
2.069676001952917323e-03
2.067317550684753379e-03
2.060403547590598881e-03
2.074539160066908756e-03
2.031136703795735025e-03
2.169841973826106604e-03
2.031136703795735025e-03
2.067376690889911797e-03
1.981980609726053874e-03
1.985609167213613340e-03
2.046207859172531705e-03
2.064147293133979447e-03
2.075126651136294676e-03
1.986473461444875684e-03
2.031017037004739963e-03
2.064147293133979447e-03
2.046207859172531705e-03
2.046207859172531705e-03
2.060403547590598881e-03
2.065077697054152044e-03
2.075126651136294676e-03
1.997404287508789712e-03
2.054952898407221527e-03
2.050766178879996626e-03
2.074577897365939994e-03
2.074539160066908756e-03
2.031136703795735025e-03
2.066325856019294444e-03
2.020501919327920282e-03
2.046207859172531705e-03
2.069676001952917323e-03
2.046799962271807997e-03
2.031136703795735025e-03
2.154362332469844567e-03
2.020501919327920282e-03
2.056216828063374413e-03
2.014775284827974473e-03
2.064572209327385915e-03
2.020501919327920282e-03
2.046799962271807997e-03
2.066623567952916105e-03
2.091269080201525743e-03
1.988793343544620253e-03
2.050766178879996626e-03
2.069088510883531403e-03
2.036467686188117316e-03
1.995888888977631875e-03
2.001339538161009228e-03
2.004928551456689346e-03
2.031136703795735025e-03
2.058696643950602093e-03
2.050766178879996626e-03
2.025686054612357671e-03
2.075126651136294676e-03
2.069007132003559870e-03
2.074577897365939994e-03
2.068125842210268191e-03
2.072768199868131166e-03
2.066623567952916105e-03
1.993953922319582385e-03
2.046207859172531705e-03
2.060403547590598881e-03
2.046799962271807997e-03
2.031136703795735025e-03
2.062281729264115685e-03
2.069088510883531403e-03
2.000237651289258831e-03
2.164391324642729250e-03
1.991059816396990693e-03
2.009890215676319106e-03
2.060403547590598881e-03
1.995888888977631875e-03
2.036467686188117316e-03
1.987225877566074946e-03
2.020501919327920282e-03
2.057556768410066361e-03
2.025686054612357671e-03
2.063007417593443714e-03
2.033343933244780889e-03
2.069007132003559870e-03
1.983922909278850941e-03
1.985609167213613340e-03
2.050766178879996626e-03
1.991953638325412359e-03
2.031136703795735025e-03
2.068125842210268191e-03
2.064572209327385915e-03
2.060403547590598881e-03
2.116759562701962024e-03
2.000237651289258831e-03
2.067432484622671110e-03
2.041712563614676412e-03
1.993953922319582385e-03
2.066325856019294444e-03
2.000237651289258831e-03
2.141163390313155241e-03
2.068125842210268191e-03
2.064147293133979447e-03
2.068125842210268191e-03
2.036467686188117316e-03
1.988503273136205032e-03
2.046799962271807997e-03
2.050766178879996626e-03
1.988503273136205032e-03
2.058696643950602093e-03
1.995888888977631875e-03
2.069820319604451404e-03
2.046207859172531705e-03
2.054952898407221527e-03
2.070022858510763269e-03
2.069608417220282753e-03
2.070022858510763269e-03
2.059843260370611794e-03
2.074577897365939994e-03
2.061926041706534009e-03
2.031136703795735025e-03
2.025686054612357671e-03
2.060403547590598881e-03
2.025686054612357671e-03
2.056239686639724749e-03
2.063007417593443714e-03
2.073576491393645544e-03
2.004928551456689346e-03
2.116759562701962024e-03
2.031136703795735025e-03
2.054952898407221527e-03
2.046207859172531705e-03
2.069007132003559870e-03
2.074577897365939994e-03
2.005688300472636184e-03
2.056216828063374413e-03
2.069820319604451404e-03
2.054952898407221527e-03
2.067317550684753379e-03
2.041349313088430643e-03
2.064572209327385915e-03
2.057556768410066361e-03
2.075270968787828758e-03
2.041712563614676412e-03
2.069127248182562207e-03
2.056216828063374413e-03
2.054952898407221527e-03
2.061926041706534009e-03
2.020340341057757800e-03
2.031136703795735025e-03
2.060403547590598881e-03
2.056216828063374413e-03
2.036467686188117316e-03
2.064638350019314464e-03
2.020501919327920282e-03
2.041712563614676412e-03
2.068308816677315656e-03
2.025686054612357671e-03
2.041712563614676412e-03
2.009890215676319106e-03
1.991953638325412359e-03
2.036467686188117316e-03
2.056239686639724749e-03
2.004928551456689346e-03
2.054952898407221527e-03
2.050766178879996626e-03
2.051658508355909058e-03
2.001339538161009228e-03
2.015051270144542928e-03
2.066623567952916105e-03
2.046207859172531705e-03
2.159812981653221921e-03
2.058696643950602093e-03
2.064147293133979447e-03
2.020340341057757800e-03
2.056216828063374413e-03
2.063007417593443714e-03
1.991953638325412359e-03
1.991953638325412359e-03
2.056239686639724749e-03
2.060875206835917090e-03
2.061826629979628470e-03
2.070022858510763269e-03
2.067376690889911797e-03
2.066623567952916105e-03
2.051658508355909058e-03
2.031136703795735025e-03
2.046207859172531705e-03
2.015051270144542928e-03
2.067376690889911797e-03
2.064147293133979447e-03
2.046799962271807997e-03
2.031017037004739963e-03
2.060403547590598881e-03
2.066623567952916105e-03
2.058696643950602093e-03
2.015340864859696893e-03
2.031136703795735025e-03
2.054952898407221527e-03
2.091024985375361522e-03
2.010379200640066699e-03
1.991474302095226460e-03
2.185841176365982581e-03
2.031136703795735025e-03
2.041712563614676412e-03
2.091024985375361522e-03
2.057116378043029933e-03
2.015340864859696893e-03
2.020501919327920282e-03
2.020340341057757800e-03
2.025686054612357671e-03
2.050766178879996626e-03
2.041349313088430643e-03
2.020340341057757800e-03
2.025790990241135153e-03
2.005688300472636184e-03
1.991059816396990693e-03
2.050766178879996626e-03
2.036261914431298625e-03
2.061690335823102536e-03
1.991059816396990693e-03
2.001339538161009228e-03
2.069127248182562207e-03
2.060403547590598881e-03
2.063676444952476305e-03
1.987431258909431227e-03
2.031136703795735025e-03
2.031136703795735025e-03
2.046207859172531705e-03
2.050766178879996626e-03
1.988503273136205032e-03
2.041349313088430643e-03
2.046207859172531705e-03
2.064147293133979447e-03
2.041712563614676412e-03
2.020340341057757800e-03
2.070022858510763269e-03
2.069820319604451404e-03
2.046799962271807997e-03
2.036261914431298625e-03
2.031017037004739963e-03
2.056239686639724749e-03
2.025790990241135153e-03
2.025790990241135153e-03
2.061926041706534009e-03
2.141163390313155241e-03
2.046207859172531705e-03
2.058696643950602093e-03
2.025686054612357671e-03
2.060403547590598881e-03
2.075059066403660106e-03
2.046207859172531705e-03
2.046207859172531705e-03
2.015051270144542928e-03
2.066623567952916105e-03
2.054952898407221527e-03
1.985609167213613340e-03
2.046207859172531705e-03
2.069820319604451404e-03
2.015340864859696893e-03
2.031136703795735025e-03
2.060403547590598881e-03
2.075682479570977249e-03
2.041712563614676412e-03
2.020501919327920282e-03
2.046799962271807997e-03
2.010379200640066699e-03
2.046207859172531705e-03
2.064572209327385915e-03
2.054952898407221527e-03
2.041349313088430643e-03
2.056216828063374413e-03
2.063955478884495990e-03
1.985609167213613340e-03
2.060403547590598881e-03
1.983342694361242900e-03
2.046799962271807997e-03
2.010379200640066699e-03
2.067809498985031125e-03
2.067317550684753379e-03
2.064638350019314464e-03
2.004928551456689346e-03
2.036467686188117316e-03
2.067317550684753379e-03
1.991953638325412359e-03
2.015340864859696893e-03
2.031017037004739963e-03
2.031136703795735025e-03
2.056216828063374413e-03
2.031136703795735025e-03
2.067432484622671110e-03
1.987225877566074946e-03
2.051658508355909058e-03
2.015340864859696893e-03
2.056216828063374413e-03
2.036467686188117316e-03
2.064572209327385915e-03
2.068125842210268191e-03
2.051658508355909058e-03
2.050766178879996626e-03
2.069608417220282753e-03
2.005688300472636184e-03
2.060403547590598881e-03
2.056239686639724749e-03
2.010379200640066699e-03
1.983342694361242900e-03
1.997404287508789712e-03
2.004469523421364887e-03
2.025790990241135153e-03
2.067376690889911797e-03
2.046207859172531705e-03
1.988503273136205032e-03
2.075126651136294676e-03
2.020340341057757800e-03
2.010379200640066699e-03
2.015051270144542928e-03
2.064147293133979447e-03
2.004469523421364887e-03
2.051658508355909058e-03
