-1.462903695782858185e-02
-5.170822901431048058e-01
-3.932577612671965817e-01
-5.602198059208586545e-02
-1.326271682519245543e-01
-1.020427619187281032e-01
-3.815776977454391483e-01
-2.861537085971999073e-01
1.345506892512839947e+00
5.728892403489613955e-02
-1.769666911225656669e+00
2.567647987674845478e+00
1.211882714352711776e+00
7.887414576657806320e-01
-1.184908993569158575e+00
-2.491487864350303560e-01
-1.043885537851718115e-01
9.541641613736145944e-01
4.226112673286550603e-01
4.735819994868604166e-01
-2.446155331964039004e+00
7.297989799126365362e-01
-1.779661841204478179e-01
-2.787310598166892195e-01
-9.750525147124829983e-01
9.351137004703845568e-01
1.035832833872161150e-02
3.914659968625217590e-01
-8.942289949669143256e-01
2.620200239347532101e-01
-5.971908830658140266e-02
-6.058791419889193453e-01
3.961162600086901020e-01
-8.261460199652351788e-01
1.184462790218392680e-01
-2.969860025111077384e-01
-1.287233401504784158e+00
-4.317176822643426504e-01
7.672354263098060123e-01
-9.146392733414990817e-01
-9.715362967959861873e-01
-5.456935002056129136e-01
-9.369494250374587052e-01
1.283263362974137456e-01
-9.007409252701423785e-01
1.834163903256895711e-01
4.500762767198542846e-01
-3.360628790531115517e-01
-3.115395254779320111e-01
4.277230706329355203e-01
-1.369092488779655448e-01
3.882485867637440746e-01
-1.388893902301222338e+00
-3.778290549220992833e-01
-1.236329419979745603e-01
-1.013319502930613236e+00
8.670193653279703039e-01
-9.750525147124829983e-01
9.892215659912803050e-01
2.490342947090884884e+00
-8.073364771822133523e-01
-1.442038352582349248e+00
4.750181684146303485e-01
-1.121684499384581146e+00
7.636003937749834547e-01
1.213306530441443876e+00
1.774078181726089498e-01
1.429980452328459384e+00
1.076969687125827607e-01
1.024844470009726338e+00
-6.018003802698250748e-01
1.440707536840057645e-01
-2.266825832666461149e-01
6.968755950676442171e-03
9.854398060743583265e-01
-3.852949069874250787e-01
1.439871332217124600e+00
7.335078483432764251e-01
8.017312944485206483e-01
-4.623806542330189950e-01
3.095188090781028079e-01
-5.841062120721988299e-02
-4.743280939375841831e-01
1.435567024927818514e+00
1.352380947539012723e+00
6.350911967958632331e-01
7.240886674734396955e-01
2.853292282152737891e-01
3.429866144860272553e-02
-2.894209490121678607e-01
8.822389063581241864e-01
1.490315460474877396e+00
5.395274526454397757e-01
-6.727442607692515342e-01
8.826302662775906485e-03
-1.383366200001482582e+00
2.086867145576304594e+00
-5.106173955156353278e-02
2.100723967321574737e+00
-4.607040531484370982e-01
8.213962146146958077e-01
6.423337745765187456e-01
-4.358005904485628967e-01
-9.319367406232943463e-01
2.895769124704350994e-01
5.773179592156856277e-01
-1.199028678943659498e+00
1.775434428258438224e+00
8.722604033742282770e-01
4.822554265626385894e-01
-1.794725524278335260e-01
1.215780770319283173e-02
7.446808833041789200e-01
-5.682793458385251295e-01
1.264680491369351900e+00
-6.989047158952791383e-01
9.025921646377828012e-01
-8.962359756090325646e-01
1.940234566304890107e+00
-1.161295891076745468e+00
1.142825784824344160e+00
1.991791928318062954e-01
-8.017933075694615441e-01
-9.685898619050596625e-02
-8.165626755427995986e-01
-8.492317550831324224e-02
6.956405251998024619e-01
-1.737367002760537293e-01
2.020594671605284720e-01
7.893407040657390850e-01
-1.076557365098660179e+00
-1.053231342813613969e+00
-9.372901316454427256e-01
5.128094893355183981e-01
-4.284980687499641561e-01
1.880633966249781464e-01
-1.650975331954464664e+00
1.298242456564859371e+00
-8.186383853996404003e-01
8.822389063581241864e-01
8.279151435763083544e-01
-7.248521048605237604e-01
-5.551182983474349797e-01
-2.285398900437039416e+00
-2.123637303574600621e-01
-9.252393797760586347e-01
-1.369682448281513421e-01
-1.428504858382974030e+00
4.379527340600472551e-01
1.230638644909961554e+00
2.420673343962760904e-01
-6.031523695688968401e-01
5.719546498032694881e-01
-1.543573535679484188e+00
8.589819294026398433e-01
3.119766011754699919e-01
-7.289841016101751281e-01
-1.667061718741919829e-01
2.716001609926122981e-02
-9.291953832551438364e-01
-2.107493645972146279e+00
4.158327917622605119e-01
9.823739671062922119e-01
-2.679059828660752540e-01
1.015406459027714980e+00
-3.152112434527876594e+00
-5.402091812221653244e-01
-1.693887383020919457e-01
5.227628489141288304e-01
-8.877264005025501392e-01
-3.996715924217828508e-01
1.467385257094693030e+00
-1.252360255403111022e+00
1.254071288672421458e+00
5.352757417285892126e-03
-4.470373670699178126e-01
8.687672906865216982e-01
1.103374216761290771e+00
1.660290689236254835e-01
-5.392181025806319639e-01
4.780126215265049217e-01
1.427322471230261458e+00
2.430826513307766945e-01
-1.444748999187200234e+00
-5.678430757617307645e-01
1.238248031746461836e-01
-5.395793974374563096e-01
6.004362103922463723e-01
-6.860781740608319357e-01
5.314291518210984173e-03
-3.286525492787932268e-01
-1.747852472622556164e+00
-4.258181393955082217e-01
1.447587008465599290e+00
1.672891014694991352e+00
6.797804034693276654e-01
-6.590327065393425908e-03
-2.679059828660752540e-01
-7.930246895582263034e-02
-9.841551448219032494e-01
-7.699895405902129619e-01
3.294079057739506822e-01
-2.729585667049912345e+00
1.180864311491263807e+00
2.667963795616126732e-01
3.802443519032852048e-01
-1.020878387798354936e+00
2.098642968698324562e+00
-7.259048209326872669e-01
-9.707439588477507764e-01
9.342099663911379581e-01
-7.721975234070169170e-02
4.862113634006603319e-02
6.296776123870183595e-01
1.211197307906355936e-01
1.200607723717544317e+00
4.443343699201860453e-01
1.115007973715409495e+00
-3.438759741032103023e-01
6.356454010982545144e-01
1.151312822866354280e+00
-1.272879428117682288e+00
7.306409697291328664e-03
-1.170380209956810164e-01
1.196341324098818992e+00
-3.394019208727617753e-01
-2.886899235710109202e-01
4.568461500633962946e-01
6.280558173471070260e-01
4.715125967675706797e-01
-1.174033843843365288e+00
1.210338842531989867e+00
2.969322430306017058e+00
1.432631598304306531e+00
3.569190204353860363e-01
-6.989047158952791383e-01
1.245667680480591288e+00
-1.263480170932778757e+00
6.762175322426465796e-01
-8.950331240415184686e-01
3.460747680218957401e-01
4.554213864240950205e-01
-1.462775238083558138e+00
3.099741460485435085e-01
-2.680575637142436074e-01
8.544135953809648409e-01
-1.534766615215772623e+00
-1.232189380785975619e+00
-7.219366130948814408e-01
-7.657478359893321596e-01
-6.695147666321276114e-01
-9.116757609828145537e-01
-6.812811751505321034e-01
5.361028705804941064e-01
-7.785043731047586180e-01
3.242612249533076696e-01
7.615055323212180927e-01
5.728014977546674880e-01
1.077941626957458210e-01
-1.508626550570708602e+00
4.636753524601555099e-01
1.212820285291625222e+00
-7.376332089173582851e-01
1.828452376256561873e-01
1.005668232277884711e+00
-1.731287998561000796e-01
-1.041265124338207615e+00
2.155808897573674443e+00
-4.937710130722119395e-01
-1.212330253326643570e+00
-7.285191743558486754e-01
-6.977483891029385710e-01
1.703435405612580000e+00
-2.690665138512107202e-01
1.668826918834086515e-01
3.188530625476643787e-01
-1.545366120625207840e+00
-1.357886176422104796e-01
9.814325495497384644e-01
6.423679561722337450e-01
-1.772718319938060838e-01
-1.601018275253920375e+00
-9.588486133878145745e-01
1.888256133158539685e+00
8.556141602428631865e-01
4.374434580689973845e-02
-7.891099989525287572e-01
2.265032862643173051e+00
2.814832587189616819e-01
-7.472030145671558765e-01
-7.336574102953972165e-01
5.524089023599337844e-01
3.212386122861104809e+00
-2.514704648239748597e+00
1.673541421047585631e+00
2.537064680431609376e-01
1.146478827014274948e+00
-1.336799897919635605e+00
-8.656146883314899121e-01
5.180319334893576100e-01
1.084811179024888439e+00
7.146428836428753151e-01
-5.836188570195035563e-01
1.123377356135476957e+00
-2.044392268006167690e+00
1.286977307798338854e+00
-8.839969604152790872e-01
7.712727340526507325e-01
2.653945450376262283e+00
2.987792408800594712e-01
3.200031397691600055e-01
1.087127000285939560e-01
1.384826838118334180e+00
-4.227311693753980637e-01
-5.732156895722829715e-01
2.964016758856330980e-01
-7.171200645417604713e-01
1.541200162185218714e+00
