1.680914812052699972e-03
1.949027638215000040e-03
2.002644068441400155e-03
1.679255469754300069e-03
2.120252704284599811e-03
1.711395994525099964e-03
1.523974983557800080e-03
1.707248389502500100e-03
1.886833117620699942e-03
1.632290477611400082e-03
1.608155111025099922e-03
1.784265096456000028e-03
1.597426641032499966e-03
1.716559533333600037e-03
1.662763164271899947e-03
1.499647623851400012e-03
1.764264282865000066e-03
1.547474552213600005e-03
1.659597175554199935e-03
1.779221090748599925e-03
1.596392203404100067e-03
1.539301241823799998e-03
1.609671775956099957e-03
1.701250731094200008e-03
1.346892515737499940e-03
1.528764273084600020e-03
1.910679255865900062e-03
1.771719783351899998e-03
1.702083893778299920e-03
1.586575673249599958e-03
1.838738602732999930e-03
1.708565240147800080e-03
1.620187111114200018e-03
1.713317586371499975e-03
1.676841255397700046e-03
1.556083484265299941e-03
1.676941575169100000e-03
1.500931847423800022e-03
1.629015024682999935e-03
1.931365003478400068e-03
1.828552497190899994e-03
1.420637997223900013e-03
1.547207243584199999e-03
1.485472900817600035e-03
1.461003522302999893e-03
1.508251233069400100e-03
1.766874075474799896e-03
1.679292043226299908e-03
1.554401503756400052e-03
1.675665899783899959e-03
2.016791187336399848e-03
1.655864297030599933e-03
1.649172611777300007e-03
1.666838633346399978e-03
1.651090589798200102e-03
1.624825451889100021e-03
1.583170898338900076e-03
1.528282379746400072e-03
1.633830704419000088e-03
1.446789417295400032e-03
1.666783927594700076e-03
1.653577197292700014e-03
1.444826762479600041e-03
1.689424607478700073e-03
1.416869234926099912e-03
1.872349774827299909e-03
1.600183712286599958e-03
1.656341048370500073e-03
1.706757450698499941e-03
1.531545304102300024e-03
1.552400889607700009e-03
1.709150588981899919e-03
1.546343196167300005e-03
1.469498056367700076e-03
1.891050907436399916e-03
1.616531672390700020e-03
1.475268909180299905e-03
1.841598201656499938e-03
1.829326485213699990e-03
1.297372577689599911e-03
1.807765361918400003e-03
1.589190156312800034e-03
1.534552826854500025e-03
1.553368091504500007e-03
1.737384051740600106e-03
1.797933579689800108e-03
1.748941296399200056e-03
1.654440511944500107e-03
1.659712851907999909e-03
1.580081164175899978e-03
1.640487519906100094e-03
1.711485289569700035e-03
1.514554105680399965e-03
1.429306411506999896e-03
1.498589607233899923e-03
1.793531937079500052e-03
1.958037158965900051e-03
1.780565618586499961e-03
1.474031480694299899e-03
1.800449706491799931e-03
1.721651423098600033e-03
1.798982805358600090e-03
1.368630165782499944e-03
1.787452336380900052e-03
1.831546854033099967e-03
1.657608128000400078e-03
1.865967323893200080e-03
1.612504522412299898e-03
1.698711136771199936e-03
1.530069013329299907e-03
1.787244096378200024e-03
1.962208717380599810e-03
1.753702051639099892e-03
1.938508354685200075e-03
1.827488026010100049e-03
1.707320118269499898e-03
1.694737651975500043e-03
1.697323636494000015e-03
1.759644129443699995e-03
1.726636816850300000e-03
1.411523126869099892e-03
1.488673535145800106e-03
1.657386724707199908e-03
1.739142577891400043e-03
1.705993698902200052e-03
1.541150112995100067e-03
1.548269130167100093e-03
1.608663872679000004e-03
1.528129513846100034e-03
1.363163452511900048e-03
1.799370123271799892e-03
1.585534181088199979e-03
1.624880259773699934e-03
1.709682938706699957e-03
1.652006979308299952e-03
1.701899487095800100e-03
1.582828151360800078e-03
1.753641685053699975e-03
1.782953713035700027e-03
1.545916869157200032e-03
1.696015393661000001e-03
1.614062902783399995e-03
1.558714257045699936e-03
1.614061433499399973e-03
1.594625578103600052e-03
1.868646694800599932e-03
1.572980764488800037e-03
1.558381998827600015e-03
1.415338743688799921e-03
1.752395547874699942e-03
1.793067262886299936e-03
1.695838128711999902e-03
1.625339576550500001e-03
1.865831824421200014e-03
1.538862653438299996e-03
1.588019064986799988e-03
1.850613531678000105e-03
1.787048837035300078e-03
1.579520490705700088e-03
1.617032260676700079e-03
1.796138608846200094e-03
1.918033134197299951e-03
1.701944809945999965e-03
1.561636772678199996e-03
1.596919600419499955e-03
1.701351469104000038e-03
1.615301258898500054e-03
1.812595824505799967e-03
1.794144527880699993e-03
2.080923776469100102e-03
1.811242468185300008e-03
1.729762025198800001e-03
1.574304089086799897e-03
1.585624187384100095e-03
1.851176527333300023e-03
1.556999652819900017e-03
1.725430575788699942e-03
1.324816705592800044e-03
1.689502241238100087e-03
1.544485708481400021e-03
1.864360704264699962e-03
1.393121945043799929e-03
1.672839883254999922e-03
1.559416894336899994e-03
1.723343223583099961e-03
1.544149249402099969e-03
1.683015932689199906e-03
1.816902043947100096e-03
1.725980135836099969e-03
1.583616339841999957e-03
1.739412518174000095e-03
1.828603724950099993e-03
1.597513037056899924e-03
1.874752601165800012e-03
1.713285217812099892e-03
1.720165565743899923e-03
1.547225999859500045e-03
1.488402277812400035e-03
1.508824956681899905e-03
1.444862694852399893e-03
1.757528311534499975e-03
1.682499945376900088e-03
1.629925284470600021e-03
1.563902613362399977e-03
1.730836838041199940e-03
1.674793256850500012e-03
1.669324353900700003e-03
1.697501818860100084e-03
1.687196589821900053e-03
1.421124510256300058e-03
1.714319016326500003e-03
1.662895310326200022e-03
1.793178041575399896e-03
1.773805421424200050e-03
1.513347717975400009e-03
1.835155756698899927e-03
1.671804403439599912e-03
1.695541698835999981e-03
1.792212629687899971e-03
1.502412911678499899e-03
1.543693662455900093e-03
1.356308400071199989e-03
1.677587320324499913e-03
1.621493670873299948e-03
1.666417431445899955e-03
1.636003316589299938e-03
1.584048045879999896e-03
1.995716214187699938e-03
1.720692209369199940e-03
1.606165820162500091e-03
1.707230103060700067e-03
1.664467847392299979e-03
1.840795968397199991e-03
1.554903763669999908e-03
1.678513958446500084e-03
1.858110375188499900e-03
1.641569667487900079e-03
1.778516906826399947e-03
1.817139227897700011e-03
1.401385967245000023e-03
1.476664014347999930e-03
1.474915504248599943e-03
1.697257651786400002e-03
1.617449323971800095e-03
1.788972346740400066e-03
1.801946538997199971e-03
1.558980907348100041e-03
1.573692697492099900e-03
1.580871981100899926e-03
2.150677927940700118e-03
1.546917200467100035e-03
1.734305575000100056e-03
1.645587487807800018e-03
1.434453055459600050e-03
1.762331476174500014e-03
1.691262609581199988e-03
1.681439593909599952e-03
1.608191751138000024e-03
1.380260445690899892e-03
1.843887084212400074e-03
1.468588805857800033e-03
1.668365200387499992e-03
1.618867676956800040e-03
1.820483028706200088e-03
1.795503095996300045e-03
1.823552325155200059e-03
1.490980942286100099e-03
1.864632931285699997e-03
1.573902026211400091e-03
1.809479101343800011e-03
1.602791858836999893e-03
1.621742991329799951e-03
1.907802140788299964e-03
1.683121687833899960e-03
1.516223665764500090e-03
1.536390197833399944e-03
1.522809788152299903e-03
1.771402924458099961e-03
1.803095025851900049e-03
1.644150868399600098e-03
1.856494825951000068e-03
1.699862097970500103e-03
1.613232674982500049e-03
1.469212579154500087e-03
1.795916296725899976e-03
1.571871759232500079e-03
2.104278728966099948e-03
1.913146362170000054e-03
1.684393543445300003e-03
1.600435429314799951e-03
1.362086405300399995e-03
1.657671953619500090e-03
1.545187892311799920e-03
1.753256928080900020e-03
1.494604621001199970e-03
1.556962197041200039e-03
1.648248743012900065e-03
1.832863191666199952e-03
1.723204033230799938e-03
1.624659924301599971e-03
1.522943616553099934e-03
1.676444912732500065e-03
1.704729498593800024e-03
1.890077144205399998e-03
1.534526024880299893e-03
1.585612957877799998e-03
1.713041728117500103e-03
1.865172173747499905e-03
1.578438263470000090e-03
1.766819142400799904e-03
1.753802775163299920e-03
2.026096849617600032e-03
1.693848718438000032e-03
1.836959990859000089e-03
1.607777945962600040e-03
1.789369054973300073e-03
1.701303056027799951e-03
1.455405144852000079e-03
1.486215483409799969e-03
1.633121011339699977e-03
1.568006695235000039e-03
1.536800281921399912e-03
1.560461328749300101e-03
1.664019289074299959e-03
1.700807359196499944e-03
1.547069780306899916e-03
1.523083318471300058e-03
1.686233456900599909e-03
1.596242008874099909e-03
1.287889631859099942e-03
1.941603985516899937e-03
1.487712788340600023e-03
1.330857652495600046e-03
1.678852482232300091e-03
1.680098593745200019e-03
1.794634365388399905e-03
1.647396511082199972e-03
1.901494848334499971e-03
1.744120062924899928e-03
1.628707576697300012e-03
1.727407060672699968e-03
1.615229672478399933e-03
1.576105562550500060e-03
1.654177153881499938e-03
1.855875964550899974e-03
1.657375866238400015e-03
1.598248284893700024e-03
1.665071415802799916e-03
1.508039738404800059e-03
1.660122947109800079e-03
1.403339313989999991e-03
1.630086342659399978e-03
1.700006153662899895e-03
1.451105187978799903e-03
1.861045937056100006e-03
1.647109445509400104e-03
1.848450834092499892e-03
1.726296434331500013e-03
1.675791542061100042e-03
1.641648164190500064e-03
1.781986842570500076e-03
1.608203547722699984e-03
1.460407584454999960e-03
1.769001288501100043e-03
1.442388510228099965e-03
1.708766476388299919e-03
1.720754612969300004e-03
1.611758858456100070e-03
1.441319195080899935e-03
1.361428785535700103e-03
1.581351330027000023e-03
1.869125188423400056e-03
1.974620196604100035e-03
1.729746712485100103e-03
1.427166270102300013e-03
1.646186578119200085e-03
1.996855956264999982e-03
1.735836769172999965e-03
1.704080378522099910e-03
1.773949920411699906e-03
1.749909054965000012e-03
1.801685242061700030e-03
1.716580227293600059e-03
2.055269440388599912e-03
1.755703347983099969e-03
1.358497803481199936e-03
1.684802070605300036e-03
1.541882761354899977e-03
1.409203909878800056e-03
1.539216055871600033e-03
1.618009939163899975e-03
1.586416180901200051e-03
1.717505852305299934e-03
1.850687326862200015e-03
1.668401145632000078e-03
2.073941856926499964e-03
1.637691683106499898e-03
1.699276146136300108e-03
1.702538671622800094e-03
1.672690280808899902e-03
1.825532811468400006e-03
1.587783014660900044e-03
1.579752931939499986e-03
1.714395421976799925e-03
1.581566674425400037e-03
1.860637369124999935e-03
1.594318344331899966e-03
1.517867430725400009e-03
1.754792712707500032e-03
1.583082935850599901e-03
1.829441191170799903e-03
1.715515765062900107e-03
1.547442727154799916e-03
1.715599824410899950e-03
1.721262582634300060e-03
1.901445585596300055e-03
1.756980724155399924e-03
1.720835543039199965e-03
1.943706869898600108e-03
1.819715753652700104e-03
1.788644035643000094e-03
1.700945600604100022e-03
1.725830412514199911e-03
1.491881484980500010e-03
1.607138345414899951e-03
1.588538717147900108e-03
1.751751119188200067e-03
1.671242459862999977e-03
1.612301183922400108e-03
1.475516394626599911e-03
1.679021591892099945e-03
1.715255625475800008e-03
1.646581854938799919e-03
1.544999820762299947e-03
1.629338313980300016e-03
1.825649191329499921e-03
1.761334934645800024e-03
1.675151221181399959e-03
1.842981216321500039e-03
1.584026159943499948e-03
1.789551544021600023e-03
1.666889391694399963e-03
1.660205027399899941e-03
1.625853439331099949e-03
1.826851235406199954e-03
1.688193124038299972e-03
1.824103609545500108e-03
1.395246995957300081e-03
1.718115406556599894e-03
1.541134041501800037e-03
1.460640186538300026e-03
1.488153948871299981e-03
1.598504869686699983e-03
1.432319379997000052e-03
1.916976848653699972e-03
1.621712179076200029e-03
1.931429827023900016e-03
1.495999535737499962e-03
1.661518006053599962e-03
1.642318385624400067e-03
1.690586187900099992e-03
1.611853450459800000e-03
1.746594650318599937e-03
1.690191040020800001e-03
1.637491602071100040e-03
1.654157897448899983e-03
1.764413638246599934e-03
1.530590702283000058e-03
1.688522299873900043e-03
1.691093086772899913e-03
1.413804375500399930e-03
1.541808956415599910e-03
1.571407010990100031e-03
1.720799765698200010e-03
1.581750637501300053e-03
1.733128393732999992e-03
1.699810350013999938e-03
1.847810071050900050e-03
1.802655646375300085e-03
1.764603384660299928e-03
1.732898485294499975e-03
1.669091622630099973e-03
1.742280871557200022e-03
1.894806491802700091e-03
1.527171228693900099e-03
1.697246218258599906e-03
1.517068556726999893e-03
1.842715922268899900e-03
1.626383233435799896e-03
1.672293637646899951e-03
1.836821142125399974e-03
1.941040405110400083e-03
1.681878007268099899e-03
1.807923593915799912e-03
1.530878744446900015e-03
1.623309473241000070e-03
1.646868000251700036e-03
1.673244215253899938e-03
1.818784907638100034e-03
1.545394327093800027e-03
1.599006910605499897e-03
1.718498578191000013e-03
1.586054739103000093e-03
1.511457252998799983e-03
1.866102941694500065e-03
2.234765864031000061e-03
1.948355413734299997e-03
1.144015258190099905e-03
1.494457026922500070e-03
1.652058821190300090e-03
1.557221066197100011e-03
1.826496432857800103e-03
1.657328291351199906e-03
1.637005895494399958e-03
1.422117167085500036e-03
1.011702084453299996e-03
1.797354541374899910e-03
1.693603454108000023e-03
1.554957017238599911e-03
1.541935631447700038e-03
1.748378296087100018e-03
1.626046774491899998e-03
1.877950185644499965e-03
1.633888093213000043e-03
1.605748252902600062e-03
1.570645613503900096e-03
1.781381227663299954e-03
1.756115130441200092e-03
1.681625334693299945e-03
1.396973359392699983e-03
1.568408203649399946e-03
1.587756204953499981e-03
1.564861101847200018e-03
1.738798110784099942e-03
1.662606065354799980e-03
1.384374250357499987e-03
1.790098578236600044e-03
1.318763616071200054e-03
1.466981287196799993e-03
1.551482862932799947e-03
1.718475959746099992e-03
1.821626466878699998e-03
2.089637589286499897e-03
1.643863308868400005e-03
1.563018447661299959e-03
1.798689121900999945e-03
1.728749110420499911e-03
1.648720045523299977e-03
1.694318687993500057e-03
1.616218538051799941e-03
1.499560829606999893e-03
1.631755205903000086e-03
1.568223192496200069e-03
1.740312797949199923e-03
1.788597070523100007e-03
1.524577859895399944e-03
1.426846364795299931e-03
1.484814232534900072e-03
1.560515569817300064e-03
1.569397849023999912e-03
1.704575494016899928e-03
1.577555578037199936e-03
1.717406198455999995e-03
1.645584408823399895e-03
1.374867943506300101e-03
1.488224745397500031e-03
1.785321644422400078e-03
1.997130321433400035e-03
1.532242930090299982e-03
1.643470808890600075e-03
1.697723986800099907e-03
2.010893406224999961e-03
2.090519417951099829e-03
1.660608409054999991e-03
1.959444276837400082e-03
1.748623331920700057e-03
1.427439995123699987e-03
1.068918072842999943e-03
1.667888314576300088e-03
1.527534075242699971e-03
1.803891212519699930e-03
1.712031292941900047e-03
1.749167474217599907e-03
1.673669376717500101e-03
1.548489319566800004e-03
1.522622281820899901e-03
1.575239251227399974e-03
1.527983959392900095e-03
1.703433558495600101e-03
1.757718518824200092e-03
1.801050455831499936e-03
1.499171411368800015e-03
1.709056638960599955e-03
1.684161779702099968e-03
1.448559142989500103e-03
2.042903950876100074e-03
2.126699098081700004e-03
1.652314910433299927e-03
1.443336805777200096e-03
1.604396981563999906e-03
1.525179276147500037e-03
1.681208312418999967e-03
1.685669778323300007e-03
1.597025791268999939e-03
1.566463871550799990e-03
1.420859057654200001e-03
1.710306155823999950e-03
1.544349777638799907e-03
1.606918786347699994e-03
1.553418107926900042e-03
1.723968863431800001e-03
1.543742328213100002e-03
1.827806151134799949e-03
1.526829269372300020e-03
1.561139109653299911e-03
1.696823972099200046e-03
1.561275319725900041e-03
1.673915936666499999e-03
1.667247397629900100e-03
1.319007006927799992e-03
1.852437348740699910e-03
1.736051238915699898e-03
1.645007252170599919e-03
1.562310636912999902e-03
1.640329434757400052e-03
1.764002209428999941e-03
1.673702675725899933e-03
1.593297130866599921e-03
1.570333266384899961e-03
1.780427796213500087e-03
1.719192331908899916e-03
1.331055787661299941e-03
1.668553016932199920e-03
1.527544720102699946e-03
1.445833695183099989e-03
1.687807050156599946e-03
1.853308722443200007e-03
1.674684707264700000e-03
1.788741259579699908e-03
1.694092322321299983e-03
1.626146033513000072e-03
1.290688531140099906e-03
1.472996560111900074e-03
1.724458009255899977e-03
1.513586277797499989e-03
2.120994577104099929e-03
1.734174844872999905e-03
1.508272565418599916e-03
1.478781077331700047e-03
1.399845051444900028e-03
1.541933094715799979e-03
1.684887717921399993e-03
1.628692871251100072e-03
1.615833039616000047e-03
1.683943239099099922e-03
1.570941351194299947e-03
1.557271955928900102e-03
1.519281651137499968e-03
1.581785718051599999e-03
1.623299239174099936e-03
1.932609724236099974e-03
1.706674080448800004e-03
1.635821799428999971e-03
1.596612045927700086e-03
1.709525676678299915e-03
1.744874865222800081e-03
1.908866002583900056e-03
1.610548023939499963e-03
1.623282003640200101e-03
1.552430602941399975e-03
1.838539611635400025e-03
1.693512266449399969e-03
1.734405255867099921e-03
1.801817149184399905e-03
1.829798961182300086e-03
1.437086759621300069e-03
1.489542230060299970e-03
1.621154994229799919e-03
1.603319459197799978e-03
1.709334939485999917e-03
1.694182350241600068e-03
1.666561356136000028e-03
1.655232967598400029e-03
1.632114775189700022e-03
1.772569219435799924e-03
1.636010261230499930e-03
2.010910849134899848e-03
1.965711870441499889e-03
1.696698433901499973e-03
1.633415820085400020e-03
1.827442703445299925e-03
1.673974462090499927e-03
1.682188458764599919e-03
1.743986711871400039e-03
1.822786060069799896e-03
1.871494285721999901e-03
1.793888178298899943e-03
1.988868455359000045e-03
1.689255617835200068e-03
1.490384754007299936e-03
1.596174491480700005e-03
1.855504126601999941e-03
1.988421643882000000e-03
1.712774802816399971e-03
1.737265100066900068e-03
1.758680697967999898e-03
1.562855386591299918e-03
1.650785765977400097e-03
1.628951302702500012e-03
1.706938538431499982e-03
1.539684675583999915e-03
1.661184183968399987e-03
1.629983007091600090e-03
1.774473012616199904e-03
1.510099126430700101e-03
1.799734759438099962e-03
1.626324526406300016e-03
1.647907298670999929e-03
1.682143714296600043e-03
1.722409988731200044e-03
1.403937270893599936e-03
1.845333643605899911e-03
1.652560503663699906e-03
1.565802607768199952e-03
1.843500790202399911e-03
1.508412049083299915e-03
1.698519941369400080e-03
1.725331768641399964e-03
1.696879290295499974e-03
1.573453927271299940e-03
1.578582069380700002e-03
1.742887294823500070e-03
1.848400070527600079e-03
1.771467230126599944e-03
1.626133528444299913e-03
1.782247015304200006e-03
1.626879573651000095e-03
1.556450992330600091e-03
1.804156735137000004e-03
1.690118643661599933e-03
1.778172517696699918e-03
1.785376244146700013e-03
1.707844876611400034e-03
1.853417911117599985e-03
1.756442962007299978e-03
2.030296420474600027e-03
1.450101759637000085e-03
1.666377403618500086e-03
1.784102275720700044e-03
1.880292556720300056e-03
1.671547911388099978e-03
1.683767366171199991e-03
1.544135646529900012e-03
1.629702522818999915e-03
1.772242214565300034e-03
1.774994177288399897e-03
1.494015131869499925e-03
1.566375393338799958e-03
1.595522972185200008e-03
1.649297404420400036e-03
1.680011978322699896e-03
1.696734535872100038e-03
1.717748412471999976e-03
1.510646596928300013e-03
2.154001254499899893e-03
1.814666605784099902e-03
1.576190253280599935e-03
1.489959988463900042e-03
1.795489961147099999e-03
2.079490026287799873e-03
1.729883459423199989e-03
1.746488902137800043e-03
1.772132826903700074e-03
1.742347199046800086e-03
1.778773977990400022e-03
1.769002855596199996e-03
1.573484073837200020e-03
1.952341462614200001e-03
1.651551888610600051e-03
1.732825708338900025e-03
1.932677306510800080e-03
1.896714991204500071e-03
1.809761768852700048e-03
1.823885262839799971e-03
1.508559758197099967e-03
1.791415476408100014e-03
1.600083254459199996e-03
1.767050752786199956e-03
1.925877059979400020e-03
1.618557428814400073e-03
1.705110478695400075e-03
1.530646963077599964e-03
1.733794878788200069e-03
1.575840367042000102e-03
1.565304117844599965e-03
1.664407958543999942e-03
1.685888693039899961e-03
1.556233055640300058e-03
1.502334435187799994e-03
1.787000403756699909e-03
1.635720909212900077e-03
1.707205845939399960e-03
1.498116783855499897e-03
1.793466350094999936e-03
1.433719224303099931e-03
1.547570700602899979e-03
1.640459997854200021e-03
1.963962863568000181e-03
1.534142482475700075e-03
1.630825861377200063e-03
1.403523868129200091e-03
1.687680721335799898e-03
1.713114244880399985e-03
1.843104094049399918e-03
1.517068100614200020e-03
1.506895478482900069e-03
1.778190877417400043e-03
1.560256094085299980e-03
1.544052273114800058e-03
1.562847370265600102e-03
1.535462214393499940e-03
1.563735637469699982e-03
1.782134551636299895e-03
1.563018057618300108e-03
1.372621163546699921e-03
1.397450975793900060e-03
1.598320566147699981e-03
1.656355065321200035e-03
1.682981820239799970e-03
1.553483642363600063e-03
1.829207902840399892e-03
1.844015748063299953e-03
1.551654079356600035e-03
1.932339355180499960e-03
1.878100649830999943e-03
1.706985499839399961e-03
1.796375243353399943e-03
1.580726327109600003e-03
1.626146894663399976e-03
1.681531416521799905e-03
1.672512164144800096e-03
1.422386471800900090e-03
1.550828288596699895e-03
1.613849680550200061e-03
1.879809796969900094e-03
1.599688147249899925e-03
1.542981624475399903e-03
1.582645691941000085e-03
1.639008349106499960e-03
1.672165451612499980e-03
1.602670856593999991e-03
1.699461417992800078e-03
1.539991265230400029e-03
1.399558689744699906e-03
1.633207829349600081e-03
1.635206168553799983e-03
1.715801042231600033e-03
1.660279472424299949e-03
1.647474424680600048e-03
1.721864587497299974e-03
2.005368065399899900e-03
1.413596835379800094e-03
1.833732233485500058e-03
1.536568789233199936e-03
1.717568408518899961e-03
1.582831262468000063e-03
1.815837841235100076e-03
1.941848457856400071e-03
1.596931548453500065e-03
1.483331319071900037e-03
1.429277236234399945e-03
1.506720210399100073e-03
1.722491668549500088e-03
1.639009513189799983e-03
1.539488310179300094e-03
1.701510964174799941e-03
1.860473382663700064e-03
1.783411115227900075e-03
1.647447144891600037e-03
1.756154022939700058e-03
1.642059728575699954e-03
1.655598076608300094e-03
1.833525419254300026e-03
1.461118943312600090e-03
1.642504759546799947e-03
1.769555335893400029e-03
1.461582811524500059e-03
1.504459984907400086e-03
1.648455681225399934e-03
1.745228555104699980e-03
1.653223721234400000e-03
1.833260041902199993e-03
1.579295605002099942e-03
1.512611995437399904e-03
1.548342282580600056e-03
1.811558246219399908e-03
1.510440767889000046e-03
1.559551834029899997e-03
1.696213265646600004e-03
1.744527450459600016e-03
1.557643392838099989e-03
1.657730263607199925e-03
1.596585574101500038e-03
1.808509719358100025e-03
1.718178912256400088e-03
1.684041986567400093e-03
1.677690794624699935e-03
1.693091070330300044e-03
1.601853639528499906e-03
1.755134737902900015e-03
1.423807616877899914e-03
1.477368340688200044e-03
1.752611511300500042e-03
1.634884627680100030e-03
1.686298537013400031e-03
1.717671653155599960e-03
1.747557168035600034e-03
1.793030775897099969e-03
1.658538117659499964e-03
1.670806479911099950e-03
1.573980173604299987e-03
1.646828401259499940e-03
1.532441878134000032e-03
1.450818972312799921e-03
1.558116466176499978e-03
1.618513037998800096e-03
1.738447301481799981e-03
1.605823354785999987e-03
2.066598911696099911e-03
1.654447152238500097e-03
1.678947975626199915e-03
1.517048745843900103e-03
1.566863300261400098e-03
1.781797232977199927e-03
1.693817192874900101e-03
1.754372053105300025e-03
1.507324548865700059e-03
1.575719928612699921e-03
1.767915528751100090e-03
1.748381382514800023e-03
1.615628578979799897e-03
1.655636196863100084e-03
1.621060398814300066e-03
1.867948959077099990e-03
1.623457815872900081e-03
1.667763391589900104e-03
1.810930699228899916e-03
1.576413402914900045e-03
1.891720860845399902e-03
1.659732997588699932e-03
1.794956633935100056e-03
1.773694056546500043e-03
1.830807568167199971e-03
1.827405018146099902e-03
1.514049844128399942e-03
1.717651333089999970e-03
1.613495666876399968e-03
1.571138614758199993e-03
1.435873229311099893e-03
1.797969200410500000e-03
1.610708877591899950e-03
1.708804972108900070e-03
1.511471699112599968e-03
1.717894842326800082e-03
1.621660682835200087e-03
1.588280649215799900e-03
1.875327899157900029e-03
1.695108806210299983e-03
1.613255149604199976e-03
1.692936006266899896e-03
1.586518306034800018e-03
1.600064104224399944e-03
1.681929693066599963e-03
1.661562095426300000e-03
1.579547842580799992e-03
1.766424397890799898e-03
1.707248982090699965e-03
1.627693046693899984e-03
1.661233486190499993e-03
1.338801766784900038e-03
1.653848583268300058e-03
1.480228886132100088e-03
1.478239129978600047e-03
1.647209052420800079e-03
1.593445552952900022e-03
1.650689127009599992e-03
1.553944661000699950e-03
1.721473816781100060e-03
1.635346766862499912e-03
2.101531137925499813e-03
1.807943305699500009e-03
1.556827239906199934e-03
1.725472859994899976e-03
1.807051416238000070e-03
1.655568451317299995e-03
1.902670640838000039e-03
1.499078553328699959e-03
1.896430370073599967e-03
1.894949954907199910e-03
1.658344748280699953e-03
1.562074142727400096e-03
1.659232870176300008e-03
1.542057502543599939e-03
1.674486581281399954e-03
1.713021304086799913e-03
1.505605986256500000e-03
1.538998351351200059e-03
1.600852488044799933e-03
1.573992681296999905e-03
1.659034968740999948e-03
1.652701568643400072e-03
1.585008157173100002e-03
1.633635948365999915e-03
1.682663186237699999e-03
1.703400554752700037e-03
1.697652052185500077e-03
1.552538272605699958e-03
1.744730760839099948e-03
1.592235403135599994e-03
1.679488593266599940e-03
1.763335090908999935e-03
1.515723339796900106e-03
1.620093742959600059e-03
1.625726284396800028e-03
1.658389199283499989e-03
1.652511022858900057e-03
1.541459975312500048e-03
