1.679736588869610442e-03
1.685062860194381194e-03
1.655944966046915112e-03
1.684527193533326634e-03
1.658114644363938321e-03
1.680633603576266828e-03
1.682730631221344844e-03
1.685193756093334404e-03
1.671525945918553215e-03
1.664686155375397301e-03
1.661287908586669667e-03
1.650196284123095101e-03
1.667333957188829943e-03
1.684569190405061419e-03
1.655292606256709162e-03
1.655791387168644357e-03
1.655292606256709162e-03
1.664030275624971784e-03
1.655292606256709162e-03
1.650196284123095101e-03
1.654247093460241898e-03
1.685376377525111798e-03
1.652948037814488090e-03
1.665939390737860648e-03
1.655292606256709162e-03
1.605448264919085138e-03
1.655292606256709162e-03
1.650196284123095101e-03
1.682211004283079396e-03
1.656536466629772268e-03
1.683349825603344370e-03
1.673726675233940539e-03
1.651207182586781437e-03
1.674575859225725920e-03
1.660807646997354819e-03
1.654262423229065386e-03
1.654872363496734606e-03
1.684569190405061419e-03
1.685376377525111798e-03
1.680585772861395606e-03
1.652098853822702709e-03
1.655450935882053212e-03
1.656586995206715688e-03
1.662319080033386161e-03
1.685193756093334404e-03
1.682707690974520305e-03
1.654770566756073565e-03
1.681881447229559680e-03
1.654898815878234029e-03
1.668002701160393010e-03
1.545664192548807389e-03
1.655292606256709162e-03
1.645177442558734505e-03
1.654443422264923781e-03
1.678004097200149055e-03
1.674575859225725920e-03
1.658349559551543055e-03
1.657265460372152940e-03
1.682707690974520305e-03
1.679736588869610442e-03
1.655095782055129947e-03
1.655737811214930523e-03
1.654601751890268048e-03
1.675864821834921079e-03
1.665090206746075267e-03
1.667153517168607846e-03
1.679736588869610442e-03
1.604599080927299973e-03
1.652098853822702709e-03
1.683349825603344370e-03
1.489346864178093350e-03
1.655412006737688518e-03
1.655944966046915112e-03
1.682707690974520305e-03
1.680585772861395606e-03
1.656586995206715688e-03
1.654942203176859193e-03
1.655095782055129947e-03
1.684527193533326634e-03
1.545664192548807389e-03
1.685193756093334404e-03
1.637758267075182725e-03
1.654023179504949441e-03
1.659487349256774614e-03
1.656198099727747113e-03
1.674119171650711828e-03
1.657385650621557432e-03
1.657265460372152940e-03
1.668183141180615107e-03
1.684527193533326634e-03
1.658349559551543055e-03
1.655944966046915112e-03
1.658638165264989233e-03
1.618160434670678788e-03
1.663836971383611920e-03
1.664686155375397301e-03
1.684527193533326634e-03
1.655127944906888788e-03
1.656408409525544391e-03
1.684199009595129751e-03
1.683720006413276038e-03
1.658349559551543055e-03
1.673726675233940539e-03
1.677154913208363891e-03
1.655292606256709162e-03
1.654942203176859193e-03
1.664030275624971784e-03
1.669316828394771515e-03
1.684213676202596030e-03
1.682730631221344844e-03
1.679736588869610442e-03
1.654601751890268048e-03
1.660807646997354819e-03
1.684569190405061419e-03
1.685376377525111798e-03
1.654443422264923781e-03
1.682707690974520305e-03
1.658349559551543055e-03
1.654601751890268048e-03
1.683556874966305687e-03
1.663181091633186403e-03
1.680585772861395606e-03
1.663181091633186403e-03
1.657385650621557432e-03
1.680633603576266828e-03
1.667333957188829943e-03
1.674575859225725920e-03
1.654262423229065386e-03
1.677154913208363891e-03
1.684344572101549239e-03
1.664686155375397301e-03
1.655944966046915112e-03
1.670166012386556679e-03
1.667333957188829943e-03
1.654782259969940798e-03
1.674575859225725920e-03
1.658114644363938321e-03
1.678735375207267158e-03
1.655095782055129947e-03
1.670166012386556679e-03
1.684527193533326634e-03
1.671652622452816971e-03
1.670803438461031807e-03
1.655292606256709162e-03
1.674968355642496992e-03
1.660438724594884286e-03
1.683720006413276038e-03
1.676714005826706461e-03
1.667153517168607846e-03
1.654443422264923781e-03
1.682707690974520305e-03
1.649101308805486863e-03
1.658638165264989233e-03
1.681881447229559680e-03
1.644328258566949341e-03
1.676714005826706461e-03
1.674575859225725920e-03
1.654323611184157182e-03
1.658349559551543055e-03
1.657500375559757674e-03
1.667333957188829943e-03
1.660438724594884286e-03
1.655944966046915112e-03
1.665939390737860648e-03
1.656198099727747113e-03
1.652098853822702709e-03
1.680633603576266828e-03
1.649347100131309720e-03
1.684527193533326634e-03
1.684213676202596030e-03
1.652098853822702709e-03
1.684569190405061419e-03
1.685193756093334404e-03
1.654782259969940798e-03
1.684527193533326634e-03
1.655306376154931257e-03
1.668183141180615107e-03
1.655559225533759227e-03
1.669316828394771515e-03
1.679736588869610442e-03
1.657385650621557432e-03
1.660807646997354819e-03
1.661469896041600997e-03
1.654770566756073565e-03
1.654872363496734606e-03
1.655095782055129947e-03
1.649950492797272244e-03
1.675864821834921079e-03
1.677886191215481777e-03
1.653921382764288184e-03
1.683556874966305687e-03
1.662319080033386161e-03
1.655348915735961731e-03
1.667333957188829943e-03
1.649101308805486863e-03
1.656198099727747113e-03
1.682211004283079396e-03
1.668002701160393010e-03
1.684213676202596030e-03
1.682211004283079396e-03
1.665090206746075267e-03
1.654898815878234029e-03
1.679784419584481664e-03
1.654023179504949441e-03
1.649101308805486863e-03
1.674968355642496992e-03
1.674119171650711828e-03
1.670803438461031807e-03
1.655450935882053212e-03
1.658114644363938321e-03
1.649101308805486863e-03
1.653933075978155634e-03
1.671652622452816971e-03
1.668183141180615107e-03
1.652098853822702709e-03
1.675864821834921079e-03
1.681881447229559680e-03
1.678004097200149055e-03
1.685193756093334404e-03
1.654443422264923781e-03
1.654782259969940798e-03
1.684527193533326634e-03
1.678735375207267158e-03
1.638607451066967889e-03
1.674968355642496992e-03
1.650196284123095101e-03
1.681881447229559680e-03
1.669316828394771515e-03
1.668183141180615107e-03
1.684527193533326634e-03
1.674968355642496992e-03
1.672375129910338596e-03
1.671652622452816971e-03
1.665090206746075267e-03
1.674119171650711828e-03
1.658114644363938321e-03
1.618160434670678788e-03
1.653933075978155634e-03
1.683556874966305687e-03
1.661469896041600997e-03
1.665939390737860648e-03
1.665939390737860648e-03
1.489346864178093350e-03
1.654872363496734606e-03
1.680585772861395606e-03
1.655348915735961731e-03
1.680633603576266828e-03
1.664030275624971784e-03
1.685376377525111798e-03
1.653933075978155634e-03
1.681881447229559680e-03
1.683349825603344370e-03
1.682707690974520305e-03
1.652098853822702709e-03
1.668183141180615107e-03
1.652948037814488090e-03
1.656586995206715688e-03
