6.219202614122500312e-03
5.754896192699999850e-03
7.213751850689300270e-03
6.425693955656400051e-03
6.363594311049700081e-03
6.264548479683600124e-03
6.016727646675800074e-03
6.093476504826000027e-03
6.359442344406199613e-03
6.194942578185000034e-03
5.228712026443299750e-03
6.939571573236699709e-03
5.481830834513100152e-03
5.133076633129600268e-03
5.888820969360399581e-03
5.606560014489599640e-03
6.504842735266400111e-03
6.599692862913500088e-03
6.980089818842899821e-03
6.204870708280799813e-03
5.784867851100700294e-03
6.743450800921400173e-03
6.269508145942600044e-03
6.039287681746200245e-03
5.347935896936099887e-03
6.227911744948099772e-03
6.215870850818599677e-03
5.314515336204099841e-03
6.990603871803000198e-03
6.462295243740799958e-03
5.911058226656299916e-03
6.291760336487799837e-03
7.166905823825699823e-03
6.299554141396500155e-03
6.495272907747399668e-03
6.036298007659600222e-03
6.393506391134999578e-03
5.289590928926900075e-03
6.167815121948999613e-03
5.372401881556100427e-03
6.268076298835600392e-03
6.298294061170900231e-03
6.203703480627999721e-03
5.827947203584499941e-03
6.000404031193700381e-03
5.459074700029500037e-03
7.306568911212000215e-03
6.163017293488000196e-03
5.756559297116900162e-03
6.629485977356200377e-03
7.405084617391299688e-03
6.392621875762199979e-03
6.362067271900800382e-03
5.918272853946400167e-03
6.092759910082900209e-03
6.006423659538499653e-03
5.926306826236999933e-03
6.402546713342899785e-03
6.284770687867500226e-03
5.447910264441399586e-03
6.081046100772299901e-03
6.983483347217599689e-03
6.205113926651500272e-03
6.409599975487999604e-03
6.329555850023400355e-03
7.258017693252800072e-03
5.597545052392400092e-03
6.175982712880999891e-03
5.794798080547600150e-03
5.035815621987200369e-03
5.109372128788599622e-03
6.289186539131200182e-03
5.328021059897799887e-03
4.923450354959200276e-03
5.488623839299699818e-03
6.415780501988900368e-03
5.258245988128499963e-03
5.165389376319599879e-03
5.322447735479099613e-03
6.206503917677500329e-03
5.909305528177699607e-03
6.501550085920300426e-03
6.218903816948700113e-03
5.442695355838699650e-03
6.138900242654199771e-03
5.294363755854399750e-03
6.521247216029199718e-03
6.645986384423300045e-03
5.797366044359300065e-03
7.143225815509700143e-03
7.330624823039800370e-03
6.966196404721999857e-03
6.428787335708100251e-03
5.354979706476700220e-03
7.414673067111000014e-03
6.277742144825499901e-03
6.958023794450499989e-03
6.765283448526599949e-03
5.325828014891499824e-03
6.332495817534499784e-03
6.062885733742500415e-03
6.919547455249100421e-03
5.804479366437799784e-03
6.793307682437700265e-03
6.589993682979899785e-03
6.509436714268899624e-03
6.975075965576099830e-03
6.504210208708400241e-03
6.596260316344600312e-03
6.731183963366699739e-03
6.367668078115599865e-03
7.523284151677699788e-03
6.029086919136199783e-03
6.180488308603800107e-03
6.307979590637899717e-03
6.920841644898700039e-03
5.206159855135400125e-03
5.893373328354100348e-03
6.307193704690900252e-03
5.285055399683599893e-03
6.255813583052100349e-03
6.539346923459600155e-03
6.597246309884599938e-03
6.831243512437299922e-03
6.280013653308800375e-03
5.717545945862999995e-03
6.639660245524900244e-03
6.202150618163699940e-03
5.804836859885500328e-03
6.607262813191900133e-03
5.929444950265499829e-03
6.478948303543100376e-03
5.570753406520400144e-03
6.172109497981899916e-03
6.106572890337800229e-03
5.786319437238399838e-03
5.524631554762800267e-03
5.926864570489499828e-03
5.836350093818399795e-03
4.949723405585700065e-03
5.187066358644800215e-03
5.566017437655300382e-03
5.927636831516700129e-03
5.904651040549599612e-03
5.841113078575600227e-03
5.965900069683899819e-03
5.608626733366199602e-03
5.777235785291600333e-03
5.977044158193800007e-03
6.157258144215999908e-03
6.063117985245600194e-03
6.503642595100700072e-03
6.488778798057500026e-03
5.830054648207599888e-03
6.859228605426400185e-03
6.351668888433299569e-03
5.265141059788400017e-03
6.326196245606099770e-03
5.152034609972599988e-03
4.748520982541099694e-03
6.587920798760100310e-03
5.641391214402700395e-03
5.605016745784299759e-03
6.166484832406500353e-03
6.183263079692699962e-03
5.901292586849599987e-03
6.875735739599600320e-03
6.763849366887599891e-03
6.674927361379300386e-03
7.409560957890900211e-03
5.317252739739500300e-03
6.801046802761200223e-03
5.150096903585799774e-03
6.336772305190499673e-03
5.746757136354700007e-03
6.223228707703499889e-03
6.243849813178900185e-03
6.194457365664000383e-03
7.664850751491800174e-03
6.813797398106700293e-03
6.859925538985099831e-03
4.943708648002900254e-03
6.047258005771999866e-03
7.239462107489500267e-03
5.305201618894499725e-03
5.916333959692800237e-03
6.200795455353599710e-03
6.698687000857199772e-03
5.847924313419399812e-03
5.763733900733999591e-03
5.858289578279400091e-03
7.089188544842799956e-03
6.122509098278199752e-03
5.675822873281799810e-03
6.806257987404400016e-03
5.221379865933699696e-03
5.562082323800700105e-03
6.377655188798399960e-03
5.772420921176199884e-03
5.610146921907199768e-03
5.916821575419200195e-03
6.538329313989500041e-03
7.207886360392599598e-03
6.279796239055599784e-03
4.816835197013900199e-03
5.915952741567699971e-03
5.616386674441200058e-03
5.826375781000200232e-03
6.287533928808600008e-03
5.383203232627900049e-03
6.272380709749799874e-03
5.832139078469800175e-03
5.610560027954099652e-03
4.958612985500400298e-03
7.067857555645500403e-03
6.199298679653700295e-03
5.864064041928100310e-03
6.077552759958899584e-03
6.215095362710499997e-03
6.409401171453500169e-03
6.082869050222700427e-03
6.797699591609700394e-03
5.077985603974799998e-03
6.245716426285700430e-03
7.027021546221199830e-03
6.779238603554600326e-03
6.589823047043000433e-03
6.684016905854400260e-03
5.655398087684500134e-03
6.998105559470099712e-03
7.242466063236300232e-03
6.220834796189500353e-03
5.602894140965099593e-03
7.226764332715200113e-03
6.168154288481699811e-03
7.010999258480300061e-03
5.797051315604200006e-03
6.239989912389600109e-03
6.815656851441099714e-03
5.353681326843199965e-03
6.316536764768699956e-03
6.363665119451199920e-03
6.615112238392799673e-03
6.007190204246599594e-03
5.962194744643800268e-03
5.832612776493899601e-03
6.023129314184899781e-03
6.228375804206500409e-03
5.211796483435399661e-03
6.154756631143900106e-03
5.880492477805599957e-03
5.470550291178100100e-03
5.203985960188399658e-03
5.153283324110900267e-03
5.640528804242099688e-03
5.505085280973200275e-03
7.083030801331400249e-03
6.071263636053699647e-03
6.265465429959599618e-03
5.844468863717099810e-03
5.368009592348800194e-03
6.047085350388599866e-03
6.369751256326499841e-03
6.418607458484900004e-03
5.783059645100500044e-03
5.521413929186600247e-03
6.452319698374600100e-03
7.080569550461399651e-03
6.441822631016800270e-03
5.377968607704000301e-03
5.480116665407699580e-03
5.160005261046700376e-03
6.735340097435299662e-03
6.346932737634899784e-03
4.693838108021900109e-03
5.693240178298700042e-03
7.595027856895600338e-03
5.509405647853900072e-03
5.849178867204599813e-03
5.947466009069000102e-03
7.089783584671100272e-03
5.931167003076999802e-03
6.330304298840800335e-03
7.197150678537199767e-03
6.108460909894799715e-03
5.897639056081100360e-03
6.440692168668499772e-03
5.895591178553499616e-03
6.184936834402699965e-03
6.500090935570799686e-03
5.972906689184299955e-03
5.799806676049099746e-03
6.524510512118200135e-03
6.310078216857400307e-03
5.552570521431100282e-03
6.099466192141699689e-03
6.086967622333100403e-03
5.719588927710700203e-03
6.073367933519299711e-03
6.001404159850999738e-03
5.654885772343100185e-03
6.291438327430899993e-03
6.847408176877700127e-03
6.776760564863900174e-03
6.310309380389099616e-03
6.190579534844800266e-03
6.047912415306899887e-03
7.049992457895199773e-03
6.640025494406800143e-03
6.201345731352100009e-03
5.898360366432100002e-03
5.647342581971899998e-03
6.393474636989700255e-03
5.040459027726099800e-03
5.928750237487400397e-03
6.960125968530199783e-03
5.066161402417299585e-03
5.966905784212100418e-03
6.091963523797599631e-03
5.137164917748500079e-03
6.653196432307600418e-03
5.467490550941699577e-03
5.703992315186100052e-03
6.224861669166400178e-03
5.876265486688799812e-03
6.789026078518100096e-03
6.099833339784700194e-03
6.907464756229699833e-03
5.615445865935000079e-03
6.407712670283000414e-03
6.725811289104199724e-03
6.212753857582900205e-03
6.016548545851900173e-03
6.082181768392900395e-03
6.888438398734000011e-03
4.877828193724899689e-03
6.443786933178700070e-03
5.697174299727300432e-03
7.314232804307399700e-03
4.699851547588800374e-03
6.570389581428100374e-03
6.359090799575700323e-03
5.775775623367399719e-03
6.615496484529500079e-03
4.524695201800200267e-03
5.577232776584600121e-03
6.687494625073999929e-03
7.370746242114399778e-03
6.752958812144899819e-03
5.799962089794399867e-03
5.541856291129800341e-03
6.413306064013899778e-03
5.476810814566300187e-03
6.350477859756700066e-03
7.262728047413000154e-03
5.767177201630600304e-03
7.404546016878500031e-03
7.192818409535699752e-03
5.826427020634099806e-03
6.781659265676199567e-03
6.024756600033600099e-03
5.006791576102400179e-03
6.059793568064899758e-03
6.430477170975499798e-03
6.065279659845199990e-03
6.293508005538299595e-03
6.870717592169200104e-03
5.949131118244499992e-03
5.500108249571000231e-03
6.462710436443500246e-03
5.840970712400000119e-03
6.162395782324499652e-03
7.842394693876000855e-03
6.548593102751100285e-03
6.205689251158600338e-03
5.748860364939599975e-03
6.748504587998200265e-03
8.052505070294899842e-03
6.513370995325199961e-03
6.845393094746399926e-03
6.259952141855799727e-03
7.088636595833900170e-03
6.073060125802399664e-03
6.247670520227200167e-03
5.405041937150099896e-03
6.898599882248400254e-03
6.147311576545000031e-03
6.709807814129099997e-03
5.289711540614699600e-03
5.602157499185200090e-03
6.227948839474999575e-03
6.625256405700000011e-03
6.670163624691199597e-03
5.547520095082900116e-03
6.825010029568599583e-03
6.012575204268099868e-03
6.779934363876000125e-03
6.651204441981700341e-03
5.555855587018299589e-03
6.052189491148199721e-03
5.668919376914100319e-03
6.618278501410599680e-03
6.363740362914999810e-03
6.900443553448199624e-03
6.689738667379500382e-03
7.126447188584499742e-03
5.026824487874799637e-03
4.973450562029599863e-03
5.857064679590499694e-03
6.443345273770599568e-03
6.000547354340799930e-03
5.812230605597100072e-03
6.210733252086900365e-03
6.807037036931499682e-03
6.384044703286600141e-03
5.076748760759999986e-03
7.133687235680599703e-03
5.391199528868500374e-03
7.037373405769400264e-03
5.446447436338500148e-03
5.625584173227900220e-03
6.524155691903299643e-03
5.508660682765899666e-03
5.528930954081800152e-03
6.435182793395700061e-03
5.731391328001400089e-03
6.030423308375700009e-03
6.912126272384900433e-03
6.188598589464499797e-03
7.477305683047199593e-03
7.187595932360500185e-03
5.570191316003300294e-03
6.688142093423899912e-03
6.310518337427399593e-03
6.997229302457499793e-03
6.033591258381799938e-03
5.478743313537899964e-03
6.688646104504899874e-03
5.528815361478200095e-03
7.121757151222700422e-03
7.342060846991399839e-03
6.072017219467200355e-03
5.934156898585399992e-03
6.192829490462700356e-03
5.265711781497700063e-03
6.206270289286000379e-03
5.607511392253200326e-03
6.042937009714700360e-03
6.883783055146099582e-03
5.446732687512800299e-03
5.813372118525700349e-03
5.617498850423400386e-03
6.403938401789799860e-03
6.581763148161099732e-03
6.546026968764199865e-03
6.175596306205699895e-03
7.600059023947300027e-03
5.597737963891099948e-03
5.302092630144900239e-03
6.045206517837699821e-03
5.568087338568700195e-03
6.170737545466000416e-03
6.211640603150699567e-03
6.477677014621699945e-03
6.741503460995300345e-03
6.606451232953099682e-03
6.313352402265100076e-03
5.848522968979899886e-03
6.500126098892800366e-03
6.758711031445300069e-03
7.687534854159299921e-03
5.195494743624600419e-03
6.049861001512200215e-03
5.694673688368800252e-03
5.600086063861400322e-03
6.533797743687000045e-03
5.524632467963399608e-03
6.784926666007400423e-03
6.678028189047600406e-03
6.232434285227700203e-03
5.356768793577599934e-03
6.761285443356200402e-03
5.400597728164299727e-03
6.787713853983100287e-03
6.054215887642399631e-03
6.175624552796499765e-03
5.558245472431000422e-03
6.882272978386900185e-03
5.879651332285800065e-03
6.621443523113199753e-03
7.637208947022599594e-03
6.560442519763100278e-03
6.958828917790699578e-03
4.958298775485600086e-03
5.270346745133900300e-03
5.924928422747600260e-03
6.468520061162700077e-03
6.345500215217799757e-03
6.679588354058199617e-03
5.715653276141499650e-03
6.856632523888499947e-03
6.005577064882800312e-03
7.358544847161900375e-03
7.563546750239000249e-03
6.716044460282600236e-03
6.433502129235000103e-03
5.461986339810500322e-03
6.900924422552899909e-03
6.169467370895600350e-03
5.613878292654000089e-03
5.883901323745200328e-03
7.797515644141399596e-03
6.326121512357199723e-03
7.287641389951299634e-03
6.574603242212800208e-03
5.897908675999899604e-03
5.805495797827999772e-03
4.955319639965200321e-03
5.325538472401299822e-03
6.239112168416500147e-03
5.585481992496499695e-03
6.385931350828199897e-03
4.867155760722900217e-03
5.386002557073100300e-03
6.210802233904600192e-03
6.979560974006300197e-03
6.434294301865799842e-03
7.321867268629499853e-03
6.951153895193100049e-03
6.432441043784999611e-03
6.441019858665499899e-03
5.241341235874600289e-03
5.973990535600100064e-03
5.387503002756800080e-03
6.040791970973700097e-03
6.060967337357000412e-03
6.032671403223200356e-03
6.733982043270600112e-03
6.609238191857500291e-03
7.817766747922099552e-03
6.662594558406499841e-03
5.897783570957800328e-03
6.803863524781600391e-03
4.788505581763300052e-03
7.144145110621999591e-03
5.597832607408499868e-03
6.855935476161600234e-03
6.272367018517999680e-03
6.459360356347400300e-03
5.493500794245299856e-03
5.243570711441700172e-03
5.812786160159600334e-03
5.996563690697100102e-03
5.984544613650400087e-03
6.207490210140100169e-03
5.670644891639199832e-03
5.813438451773999920e-03
6.025751825816799689e-03
6.110767748040600404e-03
4.835776450685800275e-03
5.676442811322899781e-03
5.640015280845900314e-03
5.487637616300800394e-03
6.486264525065500025e-03
5.570218826062799805e-03
5.664856730913299734e-03
7.056107354145800190e-03
5.759017022955099582e-03
6.155088504020599961e-03
6.622690180230500316e-03
5.226511834499900262e-03
7.062774559566599615e-03
6.455948926255899653e-03
6.573126021190699685e-03
5.893559205906799894e-03
6.116017132150299886e-03
6.409859144775200031e-03
5.375440431542599824e-03
6.733921857477400200e-03
6.835921121150800341e-03
6.059913940168799688e-03
6.564845355012199901e-03
6.444471395203200254e-03
4.867921252728799573e-03
5.387243470037599881e-03
5.356666118281500424e-03
6.153664099040500289e-03
5.846153028696899658e-03
6.535587147126400293e-03
6.144165513859699626e-03
5.481441884202300011e-03
5.710761687771299944e-03
5.755081487597999736e-03
5.311973261980599756e-03
5.455967092048499834e-03
6.633628891442799706e-03
6.723199029829999597e-03
6.357569899698699636e-03
5.172562181755199773e-03
6.086869627766999802e-03
6.211361581734299933e-03
6.247072419469900002e-03
6.851415397054999579e-03
5.709646772471300112e-03
6.311964276143699690e-03
5.921431032432700192e-03
6.107115268416399984e-03
6.797809812757399719e-03
6.614224153472099757e-03
7.073036034166000317e-03
6.957429923500699741e-03
6.905847613248999872e-03
7.298308366369300228e-03
5.095332026654800055e-03
5.605060264755700253e-03
5.598644326468099792e-03
5.231626182579400021e-03
5.697640940092499849e-03
5.804024461816499614e-03
5.811698086816899714e-03
6.941945278766299687e-03
5.471211970934699957e-03
6.209889798418500272e-03
5.709638247797100066e-03
6.368910654019999812e-03
7.182655793549100158e-03
5.641814779243600406e-03
5.850762044349699931e-03
6.934289612853900171e-03
7.042653703230699648e-03
5.976058461567799844e-03
5.797881624501200273e-03
6.344076364236199937e-03
4.841908314029100269e-03
6.535523628474399806e-03
6.517120273387399902e-03
5.786722416081900057e-03
6.046838901930200356e-03
6.388150776071999624e-03
6.192737680093199880e-03
6.191017034835800091e-03
5.176544670924400175e-03
5.731031998291199851e-03
6.466747315712799773e-03
5.632294853567999630e-03
6.622734383617799765e-03
5.621813807552300014e-03
7.017420527126699836e-03
5.749880188152699766e-03
5.568872421368499873e-03
5.544049569666500282e-03
6.045797682518900228e-03
6.428151831936799836e-03
5.684035837952200292e-03
6.686442842191600219e-03
6.743285777515300311e-03
6.519599462108899811e-03
5.416077474635299857e-03
5.942121130508600316e-03
6.325018411965000267e-03
6.103096986038399931e-03
7.226220945611100052e-03
6.390508074470000084e-03
5.226141069513100257e-03
6.601622097687800256e-03
6.512880610958399728e-03
6.282463776851500079e-03
5.601894368501300278e-03
4.910241482967100425e-03
5.655417594976600362e-03
5.479887895432800082e-03
5.484717456133400212e-03
5.825543352115400073e-03
6.797088441174399705e-03
6.308197842668000245e-03
5.558186041392200114e-03
6.022863043832599704e-03
6.587675250299599924e-03
6.392403895419299965e-03
6.972671276286099631e-03
5.398882036850599642e-03
6.035509134864600056e-03
6.261964634810100391e-03
6.650641980548099852e-03
7.139673666952100345e-03
6.208454217618800119e-03
6.150682242473199703e-03
5.650985327901199978e-03
6.091702187248799853e-03
5.920150743492299736e-03
5.546828868064700158e-03
5.725904719590799684e-03
5.669845387101400160e-03
7.243448779517499582e-03
7.065540967801000292e-03
7.127366072759699737e-03
6.628366108844099651e-03
6.512796781244599778e-03
6.576393904642399875e-03
6.121074306638400221e-03
4.915964672438800052e-03
6.212595631360899769e-03
6.616252724251699829e-03
7.365782782756600394e-03
5.592288476015399787e-03
5.352359949313399701e-03
6.545178838285099776e-03
6.965770091932800383e-03
6.413992417075500309e-03
7.048258857422899995e-03
5.544519060428900088e-03
6.242541825636299668e-03
6.638503476665100211e-03
7.556656896894400031e-03
6.905003484261499659e-03
6.238029350225200373e-03
6.222044514718700313e-03
5.678526743531299610e-03
7.125734830402599869e-03
5.725772954643800275e-03
6.537294148581200212e-03
6.486286909545399895e-03
6.770690093450599904e-03
5.996988031890799868e-03
6.015188968163500197e-03
5.884304890762200035e-03
5.894763622155000174e-03
6.041332364590999704e-03
5.851592473379499740e-03
5.978816796183400104e-03
6.152549765942600356e-03
6.580342970634599914e-03
7.030738409243500117e-03
6.301558792369300020e-03
6.375327195683499863e-03
6.053014368558900203e-03
5.535684470194799679e-03
6.253308789772700320e-03
5.604477611940199971e-03
5.687861600140300088e-03
5.520105648912299739e-03
5.107412317361500337e-03
6.160689386038900074e-03
7.270877176485199961e-03
6.123798987273499674e-03
6.490386186768199762e-03
5.120871896997099791e-03
6.677229585404899706e-03
6.481347730176500142e-03
5.703611271658699799e-03
5.731690048682299733e-03
5.432482355155600004e-03
6.328103752420499890e-03
6.802380464056400310e-03
5.509024072104799948e-03
6.146412156497600005e-03
5.373322810741400050e-03
5.800790786540699871e-03
6.303057593160700176e-03
6.574562818365099585e-03
5.847100125399799959e-03
5.513199863208399602e-03
6.369356628961300205e-03
6.051637454717299740e-03
6.709785306617499848e-03
6.717650074884100146e-03
6.701991892846499883e-03
6.290945193808900396e-03
6.123752247068000275e-03
6.208042906264499630e-03
7.843160671882199245e-03
5.286507135090899590e-03
5.264558362776600338e-03
6.416519536255700304e-03
6.422916845146699888e-03
6.928954886058500198e-03
5.874731308332600127e-03
6.348333100481599878e-03
4.690406043319400413e-03
6.987026649922799953e-03
6.088838407539499606e-03
6.980597175212899588e-03
6.340834940715399728e-03
6.143435974995699669e-03
6.589635946910799708e-03
5.154850284832200244e-03
6.330952734148399992e-03
6.334359566865399582e-03
5.903506997766499835e-03
6.050381972467600011e-03
6.683476440473900236e-03
5.780208722310499828e-03
6.220927586805900106e-03
5.626138295257999619e-03
5.291295055950199881e-03
6.862694738873300129e-03
4.814134549706100379e-03
5.550193071932100174e-03
6.599692658542000330e-03
6.224117313643699918e-03
5.285641208732099958e-03
5.313415378904400195e-03
6.975852474037000026e-03
6.387997733933399591e-03
5.125992578671400082e-03
6.910709119831000280e-03
5.896341641830300101e-03
5.221612003078899590e-03
6.112053080658700309e-03
5.772950720313399856e-03
5.607394949386300398e-03
6.420627393484200016e-03
6.104638247249699785e-03
6.788251870155999693e-03
6.847494208169400097e-03
6.697942626287299930e-03
5.918800254854399839e-03
5.723050178533899829e-03
5.630151937426199939e-03
6.405561908716599952e-03
5.989500676901900016e-03
6.736334483917599640e-03
6.009270595179000418e-03
6.353098926480799796e-03
6.026186946807600420e-03
5.597378676747299768e-03
6.933361815572500024e-03
6.359838646220299964e-03
6.079907642233899588e-03
6.694277987548600400e-03
7.688841973650399966e-03
5.199744310689999836e-03
6.445737094835600305e-03
6.199659137750000368e-03
6.125444882738599953e-03
6.005428852009300073e-03
6.184036650668099655e-03
5.485823925915300076e-03
6.261004100518600089e-03
6.558621250239000250e-03
6.592696139883899922e-03
6.017496083762599937e-03
5.868502906036699926e-03
5.078466842719500315e-03
6.747689821825999905e-03
5.781815853596599698e-03
5.804683029384199652e-03
6.171788830007299970e-03
6.838518728093699942e-03
5.545247797395299640e-03
5.204506488395499626e-03
6.383871216118299635e-03
6.479670237364099604e-03
6.164359105159300002e-03
5.395314893097900334e-03
5.501141706446499580e-03
6.078561346398300355e-03
6.502670288661900264e-03
6.160101967003100282e-03
6.665177498858699569e-03
5.815450918004699821e-03
5.991588598200099647e-03
6.868563554242900111e-03
6.563956448550000225e-03
7.058037627371700241e-03
5.204112474175300040e-03
6.970100254051999830e-03
6.747636718396799946e-03
5.773477239138400004e-03
5.519946303572299644e-03
5.732924958605800127e-03
6.447381829097999749e-03
5.685239136438100319e-03
5.481556268643299722e-03
5.521729815942300230e-03
6.722753872815100291e-03
6.049560350037900408e-03
6.255591587339399788e-03
5.805327725974400270e-03
5.503882745081199734e-03
5.700693338078300330e-03
6.685039054398300359e-03
6.259692318877300293e-03
5.818548952256999592e-03
6.216008809608699823e-03
6.360998732818700339e-03
5.952021612173099586e-03
6.147257684151000330e-03
6.184079647490199790e-03
6.575716051210400183e-03
6.065052397828000173e-03
6.744515126338000363e-03
6.372782857932499795e-03
6.147642220839200262e-03
6.432321499457500057e-03
6.572597108799100273e-03
6.119858923215500297e-03
5.789356058210699991e-03
6.033236232459399800e-03
6.510339211285300423e-03
6.167464258422000051e-03
6.326940440815800176e-03
5.985997472127999736e-03
5.144297693854400083e-03
6.139486883547600089e-03
7.009441993407500293e-03
5.296725955500500294e-03
6.102192727876300238e-03
5.746337197359800177e-03
7.859129884246699588e-03
5.884358562894100378e-03
6.259894646977799681e-03
5.726475225447299686e-03
5.523865527495600350e-03
5.867562055431900167e-03
5.592168642976299599e-03
5.298582592504800029e-03
6.703536223498600226e-03
5.913653730425299723e-03
4.880700859699300433e-03
5.657678674089600297e-03
5.908259438898000315e-03
6.907326300675900067e-03
4.770236578828799742e-03
5.895789475087100107e-03
6.035404733752899875e-03
5.747401868876299974e-03
5.754617037592099638e-03
6.355426114983800216e-03
2.578363754823699821e-03
6.656566644187699756e-03
6.419872634170199939e-03
5.649556532554700014e-03
6.030470202900300308e-03
5.846017807780700196e-03
5.824372621519600078e-03
6.110744499162599694e-03
5.787369369701000389e-03
6.439155612657799718e-03
6.003375426877200285e-03
5.898398615899499813e-03
6.406351529081699692e-03
6.229361585348899659e-03
6.189949023519000261e-03
6.267978615248100301e-03
6.205204037447799824e-03
8.137096328079700472e-03
6.223172282365600425e-03
7.360824555140700089e-03
5.993431997155400370e-03
6.515020533657199867e-03
6.981491476759299833e-03
5.677414865678700150e-03
5.932645821819599631e-03
5.308107304083800083e-03
6.452844649421699691e-03
5.216177157696799856e-03
6.149536926490799596e-03
5.854203770327100383e-03
5.330710124568100415e-03
6.278220325628999614e-03
6.181613669773799655e-03
6.796784234718100150e-03
5.282808869628800343e-03
6.019973214313700111e-03
6.847795680839300139e-03
7.006491913790999573e-03
7.548844886159300320e-03
5.795092937116400056e-03
6.463800373629399569e-03
5.026024689475199619e-03
6.468386940580900073e-03
5.993355913073599925e-03
6.805061935336999962e-03
6.150692144378000145e-03
6.795496792651499821e-03
5.590030502137299795e-03
5.968854445096399841e-03
5.986945197437499970e-03
5.502472872174399982e-03
6.030799536398400405e-03
5.998964298722399974e-03
5.883359323799399951e-03
6.061708093270099830e-03
5.570409371618100132e-03
6.408751906401000120e-03
6.580766274430999672e-03
6.103409218649599906e-03
7.232962077040399999e-03
6.967682246743700340e-03
5.590813483057600029e-03
6.121723568759799596e-03
6.916642747704300140e-03
6.959300305054600365e-03
7.046472107608899894e-03
6.201843959172099671e-03
6.188525985797699823e-03
6.066283185827900382e-03
6.890159832090000068e-03
4.448477587570100374e-03
5.606047989534600380e-03
5.795272034996200132e-03
4.834959137010599699e-03
6.165766562899199950e-03
6.604210726998499710e-03
6.858675920020199622e-03
5.821579053777500151e-03
6.281112910171199847e-03
5.936125763765899913e-03
5.501468521687099579e-03
6.680772857848900174e-03
5.074380954184099651e-03
6.230650437547000271e-03
4.534788962699499645e-03
6.325344712951999626e-03
5.822547321424400082e-03
6.190581117483400300e-03
6.780782650965200102e-03
7.392024840025900045e-03
6.469737508333000403e-03
5.813357753513899613e-03
6.673301674391600262e-03
6.298194538136000185e-03
5.903420292604800133e-03
5.313136971236000032e-03
5.917373192056500121e-03
5.914237397587399775e-03
