9.243346157446162836e-01
-4.584555564956161455e-01
-5.120851043973624339e-01
1.413853017913980770e+00
-9.991754607565812574e-01
-6.683445629481415962e-01
1.489302098605658209e+00
2.990385322158010672e-01
8.143789988641855215e-01
-2.457422337756493214e+00
4.028063727231003810e-01
5.775583979383498434e-01
-6.843808864233839884e-02
1.574013731771166727e-02
2.992972459420475406e-01
-7.610145290403577123e-01
7.525930005078586005e-01
-1.291406612248857888e+00
7.272276358451064127e-01
-1.316226438097875873e+00
-9.601643289223055211e-01
5.635216965051780269e-01
9.947304783198036571e-01
1.305041319907039643e+00
-1.137914808910927000e+00
3.471562321246675631e-01
1.143471330748390802e+00
9.085761762013364606e-01
-1.685662943949996384e+00
-1.352616629355377353e-01
-8.220470109566122563e-01
4.946159697413391454e-01
1.348408557195650115e+00
1.626015726582153431e-01
-8.480023692760588760e-01
-3.273703363801692690e-01
-1.118238922365753840e+00
1.510826905130295272e-01
1.798137827305191505e-01
-1.748058413761907959e+00
-9.251909867451239000e-01
-6.065120554916214601e-01
5.608378987062123677e-01
9.339668939982199714e-01
-6.976124925114253195e-01
-6.656607384867007093e-01
-2.415094888113048510e-01
2.340182294204866953e-01
-4.621877483721127944e-01
8.910337976302775687e-01
1.267032291714150105e+00
1.488288024804016174e-01
4.856917419060056279e-02
-4.624160440546006001e-02
6.712724913322967168e-01
-6.921493906970435095e-01
-6.416776882033602414e-01
-1.137914808910927000e+00
8.884893402900575499e-01
1.407497201679631882e+00
-1.286250182071238202e+00
5.901501348489244375e-02
-1.518628620870608348e+00
1.309870375664874187e+00
3.814386028444129995e-01
9.627890712087604497e-01
-4.620410019870092810e+00
7.333392867892744027e-01
1.986380729838696846e+00
-3.300197697640723238e-01
5.118333763085892996e-02
8.069572227531851549e-01
-2.006962968176702888e-01
9.699098812855208585e-02
3.944869716786588709e-01
-8.353274313021125108e-01
2.712162909919178522e-01
8.220835579443255270e-01
7.505534309173857999e-01
-1.401621272901986126e-01
1.234933841422055201e+00
-4.771825269844212625e-01
-3.683651751783763029e-01
1.596969026534860836e+00
-2.738492610746602329e-01
1.129765422091103311e+00
1.754179887112538472e+00
3.299759937503512486e-01
8.819706932580584358e-01
1.058071999864827140e+00
3.865911173163036896e-01
-4.907388232769844372e+00
-3.906382566820503222e-01
-6.734212930973895173e-01
1.265026285469040390e+00
2.962310828235532045e-01
4.441754965693865409e-01
-5.684395326165516543e-02
1.617371287321897055e+00
-2.315538691264856785e-01
1.078372773699664888e+00
2.899808601320031376e-01
7.220901111787721982e-01
-2.260354367320376034e-01
-4.189224017279146173e-01
1.090448303457553392e+00
9.247699993827844800e-01
-1.155956544219674115e-01
8.181866691680783621e-01
3.742728064530835841e-01
-8.182584309666123268e-01
-1.573993720819494291e+00
6.561215164596558846e-01
1.152989989477603838e-01
-5.932908696920786706e-01
5.045363905359198098e-01
5.873044363520215638e-01
-1.289081679948764325e+00
2.100869834344752274e+00
-8.979450671281080654e-01
8.331228808787649598e-02
7.802536421377830322e-01
8.089984818971799330e-01
-7.824878166835270710e-01
2.857782116735507194e-01
6.917322801558442036e-01
2.388669774980171634e-01
-3.694088205904215716e-01
3.297206441544566213e-01
9.970662104000167503e-01
1.290336994313355801e+00
1.296228340762851428e+00
-5.341690947889130570e-01
-9.827000868504742748e-01
1.302439314550817295e+00
-4.890617219502407798e-01
1.599186590455692891e-01
2.486763618353682870e-01
-1.392721964221077302e+00
3.865911173163036896e-01
8.545571098528107479e-01
-3.930663400020231180e-01
-1.488339190678630075e+00
-1.817662422198551564e-02
7.586805272606309547e-01
-1.224492178336998194e+00
3.329142168417519726e-02
-3.450765473261339089e-01
1.745265791902762986e+00
7.640093738998054995e-01
5.729518872104440858e-02
9.430773902737262793e-01
4.576369450766046287e-01
-1.380851088664023729e+00
1.626921676541120299e+00
1.407345814765646186e-01
-4.076470287925628710e+00
-4.514287266171592705e+00
-3.816177489285264568e-01
7.380898839510253717e-01
-1.333643012279323914e+00
2.003703305067450757e-01
4.589570567520222522e-01
6.288795727166114624e-02
1.523006764046601624e+00
-1.435724677212187661e+00
-4.053860970373090455e-01
-7.153641439587307138e-01
-1.079946571635802099e+00
4.015786349705000036e-01
8.653450981472994574e-02
-6.090715607983629432e-02
-5.856486949210710780e-01
-5.268698578306909436e-02
8.669050269892151217e-01
-5.015807258032627391e-01
-4.624669861502339607e-01
2.473377888541999359e-01
4.065078117155883353e-02
2.142951164250249396e-01
-5.320689014523133364e-01
7.202993209007264586e-01
7.595437600371632847e-01
-4.561212438947785941e-01
-1.812065184726765921e+00
1.247449474666842528e+00
6.058916903817671562e-01
-8.258566648307157365e-01
1.165847588147221447e+00
4.554655595045671301e-01
9.890733913374273600e-02
1.143439086132066906e+00
-4.897742743482331740e-01
9.942934169651451715e-01
2.275835464390448593e+00
-7.470129547871141584e-01
1.646843108315841242e+00
6.288795727166114624e-02
2.985844092164400276e-01
6.164790765847428800e-01
-4.642054980204544656e-01
8.952649502657394898e-01
-8.536130765952889554e-01
6.146858416640204048e-01
9.182127422475363510e-01
-1.047662974263723346e+00
-1.781900946498273242e-01
-4.070697347816529366e+00
-7.283149200898838549e-01
4.721551405010202540e-01
3.381231858578351845e-01
-3.197316797532004928e-01
7.589486198121028204e-01
7.334370778006056302e-01
7.840417804647071831e-01
1.844571815603301079e+00
5.556344669259056790e-01
-8.215358802668691895e-01
9.516094243302161138e-01
1.745661845381870914e-01
1.094777973132325055e+00
-8.746731131825211669e-01
1.217040328493150109e-01
1.453475768299620219e-01
-2.727864515916156307e+00
7.350356084390923250e-01
-6.246388900851106429e-01
-1.498509197371557189e+00
8.550128298034269658e-01
1.111850362962022665e+00
-4.098212201340495006e-03
1.421040537205868204e-01
2.045008218824845514e+00
5.757041985276839524e-01
-2.544297080639026758e-03
5.045363905359198098e-01
-9.171431216543074472e-01
-1.144312816391294341e+00
-3.834666945256167692e-01
5.427671039679832221e-01
4.491971714180837405e-01
-5.458769922207129532e-01
-5.802616068420131112e-01
-1.064838262503424275e-02
3.942514994199954048e-02
-3.329953940664564516e-01
9.389411371139126938e-01
8.546278048414068795e-01
5.448899419476269657e-01
5.558620684068873996e-02
4.810341950368453023e-01
-1.565261002640033761e-01
7.048905884178384706e-01
9.581673749171326637e-02
-1.250451890839757441e-01
1.572006198188040382e-01
1.092313985060815673e+00
-6.723725916275959946e-01
9.357021127378976066e-01
-2.309639448674062567e+00
-1.553114241127764210e-03
3.498062076455022984e-01
9.750900583014919520e-02
1.319837509787285812e-01
9.962403275932200930e-02
1.561034966840284977e+00
1.604278673950708112e-01
2.643555510679562293e+00
-1.786681749849909906e+00
-1.167207966825487997e+00
5.954395110209826925e-01
3.849530035888463209e-01
2.218269569187365065e+00
-1.720523149454680434e+00
-1.911636468511658693e+00
1.293754039070011075e+00
-1.036705963659369178e+00
1.873537551363417819e-01
-9.273777953689963383e-01
3.193834607607624054e-01
5.554500801473870597e-01
-5.278495462439686259e-01
-5.864662612840196854e-01
4.721253117747334915e-01
1.806864783624560600e+00
2.313712128806481860e-01
-1.380064374080666845e+00
8.656924565694376072e-01
1.129062580612832489e+00
-5.815295578557235778e-01
-3.320250306628997894e-01
4.016765301368804830e-01
5.590660663438986600e-01
-4.441183253297676936e-01
1.482716570353440622e+00
-1.214848990389505029e-01
3.914390961346744247e-01
-1.855295691688365611e+00
2.968118667317196091e-01
1.025155043637576036e+00
1.722657453524807369e-01
-2.657437638075124675e-01
-8.254930728936128448e-01
8.526201661902446105e-01
8.850444293811849938e-01
7.618291183025718283e-01
-7.029945791183853654e-01
-1.020848862720997730e-01
5.530025961195272899e-01
-4.577152804920802120e-01
-4.110171031167564881e-01
5.876242778399665134e-01
-5.072718342585510465e-01
-1.657517304268206759e+00
-1.183748618560250376e+00
1.557690392818728897e+00
1.078122461663899301e-01
1.361207719049170262e+00
