4.612417662233500408e-03
4.329887990198099876e-03
6.443477622268800262e-03
6.383557000050800283e-03
5.935087085857999878e-03
4.105440404610300256e-03
4.541958497294999904e-03
5.371831337804800280e-03
4.703609664005299618e-03
4.643923394397100370e-03
4.513007658711900433e-03
6.839975714156399690e-03
4.929083733642599698e-03
4.559966636393499896e-03
5.336085962672700196e-03
4.107688497984199848e-03
4.501902730120299623e-03
4.823268489942599858e-03
5.006884965397099575e-03
4.649604996484199733e-03
5.264125232321200179e-03
5.196941228555599854e-03
4.590407056058900051e-03
5.823509091708500320e-03
4.642772228569899857e-03
4.740187770202499741e-03
5.251825266928500033e-03
4.308302347659699605e-03
4.834089774770100253e-03
4.954494893686800169e-03
4.779028055271099598e-03
4.098038963529699631e-03
4.883892456821799927e-03
4.734038970811899928e-03
4.536860175119700189e-03
4.624710012688999783e-03
4.259339009531300235e-03
5.192668391225500023e-03
7.322709941934800286e-03
4.975898641829799678e-03
5.317120146733399569e-03
4.934684616713799765e-03
4.486873025686999999e-03
7.478962120178300060e-03
5.074393023344899757e-03
4.669032366131299801e-03
5.040330851761899711e-03
4.455530291051199715e-03
4.545679903146799920e-03
4.648623653690099611e-03
4.716133833563099578e-03
4.206836269967299639e-03
4.709420144689300224e-03
4.890176015712800403e-03
5.991280811600900071e-03
4.676441976700300429e-03
6.885239556189399687e-03
4.630036045719899788e-03
6.415986373062300060e-03
4.069306619360799591e-03
4.281955308877200342e-03
4.814562783708600281e-03
5.114013993654500413e-03
4.600419757690800415e-03
4.659197310122500067e-03
4.711674974339300111e-03
5.793215064157900343e-03
4.123826822927599903e-03
4.642970779700100227e-03
4.503701458151000356e-03
4.643254579379200303e-03
4.496530285758300154e-03
5.221340366439700294e-03
5.352313904130799778e-03
4.789042048407900383e-03
6.931594859915500041e-03
4.824221674467599891e-03
5.333561291523399722e-03
4.167421700542299663e-03
5.462026896939500137e-03
4.911530242684599736e-03
4.894355379870400299e-03
4.447753287107199596e-03
4.288826780054500083e-03
6.110512589079700185e-03
4.748670380890499670e-03
4.576646815786200063e-03
5.664029669561400360e-03
4.614137348373800220e-03
6.711854744993300294e-03
4.469600057084999710e-03
4.628929450239300213e-03
4.464069354925799885e-03
7.013795841426999876e-03
4.847690899311699747e-03
4.730651390034299776e-03
3.933699428932500332e-03
4.610153546552599700e-03
4.901938202151100328e-03
5.013982451141399573e-03
4.133697909582999611e-03
4.340393385069600020e-03
6.885239556189399687e-03
4.763171052791200302e-03
4.463692983512600361e-03
4.761851687335800359e-03
6.681851921552800153e-03
4.278955126552500335e-03
5.016192608986299803e-03
4.298381891859799978e-03
4.571118442349099940e-03
5.951533422700099919e-03
4.579481934461399582e-03
4.529308142906100267e-03
7.568183669168400407e-03
4.962318830294899959e-03
4.666507813573399915e-03
4.590438883287599817e-03
4.443731723052800169e-03
4.402267647804199678e-03
5.083105530173899662e-03
4.750084068663800244e-03
4.724974823851000282e-03
4.738683441015000171e-03
4.603859134454399947e-03
4.728230091005000343e-03
5.522268432435500050e-03
4.435168577975499675e-03
4.661119216439000429e-03
5.080062917358099846e-03
4.697561583059800365e-03
5.194075343825200336e-03
4.638633739607599636e-03
4.646966799930400335e-03
4.851700782570299818e-03
4.208852054511200147e-03
4.669045866638499818e-03
4.719961717075399875e-03
4.699185703438400231e-03
3.936761393689199723e-03
4.621050497909000299e-03
4.568356268678099713e-03
4.660916212772900184e-03
5.504744408454199933e-03
4.749823608745699921e-03
6.840547152336599705e-03
4.656687548869499829e-03
4.804121978972299666e-03
4.778032816745000390e-03
4.615867047159099602e-03
6.883980600714200218e-03
6.304764357993800430e-03
4.745132007459800134e-03
6.714392120469699771e-03
5.214118625873100099e-03
6.393518490931800365e-03
4.353606994503799940e-03
4.560177060317900308e-03
4.344673866026199822e-03
4.194500438451500245e-03
4.480750677279900056e-03
4.239763468836600310e-03
4.254323351089399699e-03
5.504126968139799909e-03
5.226534945496200124e-03
4.778349761806699632e-03
4.606456559875999821e-03
4.529873318827599971e-03
5.513124150745000139e-03
7.129424556678199722e-03
7.952451844426399602e-03
4.598085499043299759e-03
4.744767506278300094e-03
6.552111674181199802e-03
6.072303359863200252e-03
4.960612260731999887e-03
4.877323880028700334e-03
4.512163514279099799e-03
4.219256373484099772e-03
4.303525688932200235e-03
4.791869472592799779e-03
4.674033956038200176e-03
4.763092841595599654e-03
4.757101207059999913e-03
4.761191652380899857e-03
4.826796470823200257e-03
4.483461657073299633e-03
4.358581126683499889e-03
4.538091268356099668e-03
4.466364228687499938e-03
5.015480855285499653e-03
4.449905321883399802e-03
6.009722518771899898e-03
5.859438136193199746e-03
4.998600052105800322e-03
4.643230015431400008e-03
4.844135080425400128e-03
4.947138074193700025e-03
4.880534884782300117e-03
4.418361398285700417e-03
4.453594824768199872e-03
4.970660854067199784e-03
4.658471518353400100e-03
4.560210155645299905e-03
4.632911947982000164e-03
6.717497346268999810e-03
4.917350317091099925e-03
4.656108415627299886e-03
4.112465686198899829e-03
4.474035087237799788e-03
4.961734577973200312e-03
4.671040583247299850e-03
4.227903462525200301e-03
4.542289503736800238e-03
6.547937631189100320e-03
4.282008023211000304e-03
5.771601663068000147e-03
5.574266925154299987e-03
5.672145893329499748e-03
4.431871141695600119e-03
4.759861305556999621e-03
4.897692025059000379e-03
4.693218512218299762e-03
5.065788283221199853e-03
4.707941885237300339e-03
5.159152823085599859e-03
4.751682464169400093e-03
5.995110071102999899e-03
4.312118318891699706e-03
7.302629980247299715e-03
4.501615044437200057e-03
4.659758550812899587e-03
4.381598858016500300e-03
6.411148621017700132e-03
4.572686628866199851e-03
4.941739254414799672e-03
5.276343141597699890e-03
4.693316146317800218e-03
5.468949670200800098e-03
4.920584286262699725e-03
6.389687263688200412e-03
5.375763758059800244e-03
4.446636096382799649e-03
5.711247609134899664e-03
4.529022895681700418e-03
4.784587817816200045e-03
4.612370166984299837e-03
4.200947608103899715e-03
4.826839860345700367e-03
4.631523488216300090e-03
4.452674134319999782e-03
4.484577820424899899e-03
6.339862321861100200e-03
5.361740634949699845e-03
5.062344100416000039e-03
4.877548088244100175e-03
4.377636953069100056e-03
4.621048292237300327e-03
4.762388159813099597e-03
4.123910860767399794e-03
6.393518490931800365e-03
4.681580295822499599e-03
4.669226552720400110e-03
5.859438136193199746e-03
4.597335197035299671e-03
7.809843715568799867e-03
4.473574726748800155e-03
4.957896092041599867e-03
4.702957211104499997e-03
4.888094709952200273e-03
5.856206853889499991e-03
6.791372412696799858e-03
4.012846916824399854e-03
4.724575122442900392e-03
4.942344978369699916e-03
4.467484055252999957e-03
4.355915404340399838e-03
5.352313904130799778e-03
4.620495600033499954e-03
5.660112100109400066e-03
4.815476725167400045e-03
5.426017163441800017e-03
4.635807390400799831e-03
6.517809614292299596e-03
7.129922349492099666e-03
4.505566978656799608e-03
3.967033056571699599e-03
6.713563458741500165e-03
4.605149650734600107e-03
4.133511153335599729e-03
4.682711381532899883e-03
6.299081965600799617e-03
5.795123891415499690e-03
4.884309154549300314e-03
4.881788376991800377e-03
5.216874319319500346e-03
4.288947344680300346e-03
6.046590876087399799e-03
4.919133552326399907e-03
4.545023818720199740e-03
4.921986749168799635e-03
4.531426088233900078e-03
4.571877037863400148e-03
5.043562937971600262e-03
4.647550057838499907e-03
4.100128923487199664e-03
4.852704620590100361e-03
5.985408456756899885e-03
6.088888534380499686e-03
4.758228477863200162e-03
4.493118909399999687e-03
4.676772142874600219e-03
4.838203549907000266e-03
7.208287217834500292e-03
5.155401067147799901e-03
4.449177403111800357e-03
4.596712566291000397e-03
4.525902145579400147e-03
4.605810047175499730e-03
4.200603378271300370e-03
6.609840257503499933e-03
4.318999198160199636e-03
4.496216459883800240e-03
4.699912609399999747e-03
5.552903448305599766e-03
4.483156510355399728e-03
6.623577540931799637e-03
4.529835115335599863e-03
3.985305911384300244e-03
4.486740174933699817e-03
6.110512589079700185e-03
4.366569024911799886e-03
4.523940438496800234e-03
6.973359013956400426e-03
4.832483276332300189e-03
4.716104157018100387e-03
5.603694724061599949e-03
4.132432298463700054e-03
5.134540898341599831e-03
4.368791228169500128e-03
4.336116943952699962e-03
4.592696377901200194e-03
5.000877050146499726e-03
4.618888545540799848e-03
4.901127251492600097e-03
4.814179697713799957e-03
5.617530959885299637e-03
4.255476028217199634e-03
5.858211442612499924e-03
4.424853991664700302e-03
4.327272871508999579e-03
4.503309019328599963e-03
5.305215304777500390e-03
4.573564862754299874e-03
4.539273579669799927e-03
4.976301363931500202e-03
4.390265114427799667e-03
6.165265963139800187e-03
4.895496759356099750e-03
4.862077516902399595e-03
4.508996373939399768e-03
3.990649630697999661e-03
5.351181632793000284e-03
4.598895843854600325e-03
4.760087469095800050e-03
4.039453684844000227e-03
5.099952305132799714e-03
4.620243093157900237e-03
4.760955281922999577e-03
4.584751231566699600e-03
6.716086568388000312e-03
4.640771973780599691e-03
4.571379350095400133e-03
4.594629123335899901e-03
4.914717728552500317e-03
4.660417253063599621e-03
5.068295526140099809e-03
5.522438408039000331e-03
4.319560326927199788e-03
4.359790095765100383e-03
4.175980054406900135e-03
5.010519994654100140e-03
6.595876137080800353e-03
5.318677386917199622e-03
4.599110112723000209e-03
5.522268432435500050e-03
5.168359837589900189e-03
6.597997997198099679e-03
4.386722621639699803e-03
4.171599135682700112e-03
4.875826372192799789e-03
4.520716715995599759e-03
7.952451844426399602e-03
4.747839573353200213e-03
4.405620939899999693e-03
5.020479292655400348e-03
4.933478918583700246e-03
5.491135200737599573e-03
5.028977826659299620e-03
4.258952017329499691e-03
4.616073360859200211e-03
4.665614595446600232e-03
4.487009995991999949e-03
4.546950183236700242e-03
4.611259472956599596e-03
4.691577483492400356e-03
4.748286353918300048e-03
6.540398943956000390e-03
4.186832215734600030e-03
4.658508334712299984e-03
4.771477511149199886e-03
4.757866491991999576e-03
6.569118548163600108e-03
4.375786163964799635e-03
4.195368018165500021e-03
7.459129319631900047e-03
4.877108308018200146e-03
4.701124010164699912e-03
4.730517809647100287e-03
4.555468714841699740e-03
4.739125990175999635e-03
5.490199882312100411e-03
6.347732997202900143e-03
4.462962674689200347e-03
4.617471735086199972e-03
5.333561291523399722e-03
5.414448461032999628e-03
6.919756746228800104e-03
4.725513733729900384e-03
4.580652093507399901e-03
4.781638490280300247e-03
4.933922024677700295e-03
6.157447276797700132e-03
4.730767001850599840e-03
4.970742517789700221e-03
4.549729871751700093e-03
5.352745112661199713e-03
4.368908301696899574e-03
4.390738737979099637e-03
5.250963441851099964e-03
4.775576694732700314e-03
5.042036727065799667e-03
4.502339502018400108e-03
6.268879612538199621e-03
4.899009944310400017e-03
4.190067083294699707e-03
4.870637942282000400e-03
4.526979520154899607e-03
4.779397229576799744e-03
4.782649647126100030e-03
4.694852814621499823e-03
4.551776833976699764e-03
4.501834303052900180e-03
4.896618701949600160e-03
4.099791245131200260e-03
4.783096459074200231e-03
4.698844415238200359e-03
5.045344972806799742e-03
6.480123730808600227e-03
5.435057746504499791e-03
4.741984799204400011e-03
4.557462765395500423e-03
4.838500340628599898e-03
6.383557000050800283e-03
4.377048132024799650e-03
4.878246074145799888e-03
5.792348203632499866e-03
4.624518972982999930e-03
5.052539629884900303e-03
7.108781942471700289e-03
4.764891142414899583e-03
4.317893608742199608e-03
4.572663761374100300e-03
6.006844801959600189e-03
4.508695607968100406e-03
4.591341994905099796e-03
4.440236368230299734e-03
4.606675005221600241e-03
4.453091432611199635e-03
6.692063012361300182e-03
4.009783180730100427e-03
4.073880576572899877e-03
4.851479071671299659e-03
6.021783455240999582e-03
4.726465295871700410e-03
4.625771685675400015e-03
4.309659959472800228e-03
5.443589827684999945e-03
4.548024803577299657e-03
6.743476792475400390e-03
5.382339094368700227e-03
4.567569306391900189e-03
4.433756408591399932e-03
6.202600770468000117e-03
7.129922349492099666e-03
5.101563012939100243e-03
5.832789850613999925e-03
4.679256111909200350e-03
4.373341250543100363e-03
4.603878143896999835e-03
4.688313840767200161e-03
4.727990599703100170e-03
4.287267467628599893e-03
4.589864102335900094e-03
4.344320011690499736e-03
4.863880715438599969e-03
6.095251848843599891e-03
4.462028852287499951e-03
4.998768420075800321e-03
5.836145110056200312e-03
5.226834721003200367e-03
4.404537214486400030e-03
4.482605951764699788e-03
4.731497478157700373e-03
4.630775174826099946e-03
4.526139193272499771e-03
4.880959808839200297e-03
4.676787329970399920e-03
4.380338202545600197e-03
4.740699411897000143e-03
5.119779846097400125e-03
5.833541644503800402e-03
4.679473564559099956e-03
5.645408631220199570e-03
4.807633906035000022e-03
4.230212309476700031e-03
4.331089110565100250e-03
4.561034942791499652e-03
4.629148462743399618e-03
5.482148259006099610e-03
5.065415712278800373e-03
4.868663339444800030e-03
4.197671122629799585e-03
5.272200775795200106e-03
4.253908691088900337e-03
4.316333111483400091e-03
5.522438408039000331e-03
5.672971493836599828e-03
6.534271416542699988e-03
4.913594698310400251e-03
6.609302746813000388e-03
4.849961704299000052e-03
4.547153691432600370e-03
4.761388530479400069e-03
6.597997997198099679e-03
4.889043141787999779e-03
6.172064158104300161e-03
4.636501847628700206e-03
4.897886769033700169e-03
4.362617799017899645e-03
6.501382794827199711e-03
4.706310693716800157e-03
5.266259600035299790e-03
3.961351272739200256e-03
4.342183001364299626e-03
4.475541114168300229e-03
4.611226908621799715e-03
4.448286874916900294e-03
4.993664978945699766e-03
4.250112104153500395e-03
4.475246948594399643e-03
4.858489544729199805e-03
4.874343183155700407e-03
4.496433610488599977e-03
4.269590059949600162e-03
5.292594791719900001e-03
5.127871755776600149e-03
4.367805407536000384e-03
4.597801469808300220e-03
4.755683815221600427e-03
4.762734911286300131e-03
4.567251962984499904e-03
4.526187790208600036e-03
4.497800759634100129e-03
6.028769385594700062e-03
6.159654356216200284e-03
4.488977864348099936e-03
4.640049150434399569e-03
4.965107438592899700e-03
4.565740417497799776e-03
4.387916316170799996e-03
4.779221362876400099e-03
4.723951002369599847e-03
5.269723520767800005e-03
4.273905818467500090e-03
4.902451032013400122e-03
5.022593165102100070e-03
4.742550253373899877e-03
4.618911749206799748e-03
4.688918012983899798e-03
4.061027157319099627e-03
4.791209247418100163e-03
4.853770543598199746e-03
5.012722691871100179e-03
5.236776394078699638e-03
4.379335182520500275e-03
4.995234045661299700e-03
4.840999027239999662e-03
7.063436955590100298e-03
4.488727392076299894e-03
6.410014200090599808e-03
6.777218166288200007e-03
5.760211548088500257e-03
5.609191334407200198e-03
4.433052249346799978e-03
4.896582357923799991e-03
4.883934994994799592e-03
4.535936815997399819e-03
4.669778264748399715e-03
7.022743383864199669e-03
4.756853222365399654e-03
5.174616394288900079e-03
4.902755771487199606e-03
4.480616022269500245e-03
4.614372625565499840e-03
4.531450485703500224e-03
5.033006817697300087e-03
4.847479922008299594e-03
4.814210054674200254e-03
5.097503811209600118e-03
4.764657431711699642e-03
4.396542843711700142e-03
4.365162380283300197e-03
4.976736724290199698e-03
4.243516791314699658e-03
7.568183669168400407e-03
4.438601909390899741e-03
5.025535289339300160e-03
4.716990120572099945e-03
4.884925877662599746e-03
4.009946149857299656e-03
6.840547152336599705e-03
5.970648481693499598e-03
4.997273467328600290e-03
4.230999997093899678e-03
4.205354410340499983e-03
4.606411633708199990e-03
4.497370203650199669e-03
4.599774048123500027e-03
4.434917667943700376e-03
5.782864817997500004e-03
4.556453823106899718e-03
4.823553924272999671e-03
5.172687371954499784e-03
6.557593154640600254e-03
5.007870729972500184e-03
6.789160639667200098e-03
4.834855572046699822e-03
4.377251540082000361e-03
4.643769047750699944e-03
4.645111268918499826e-03
4.657281989933400104e-03
4.337684149356599642e-03
4.942876694389200347e-03
4.181912261523599954e-03
6.584166897820400294e-03
5.114290710881400255e-03
4.875971659725199595e-03
4.501777342658599620e-03
4.582828207543900197e-03
6.552111674181199802e-03
4.851539656974900028e-03
4.346557436550700128e-03
4.746716966014299585e-03
4.853643545855100203e-03
4.428242562137699873e-03
5.574892164171599621e-03
6.324724563665800117e-03
5.031410768869599981e-03
4.456432149572100120e-03
6.983211684661799930e-03
6.647678743361700067e-03
4.952752901798299599e-03
4.738631596462200037e-03
6.690210599074299970e-03
4.965950128329199922e-03
4.535588338028699769e-03
4.770255724673200075e-03
4.405204045097199650e-03
4.529260448564500011e-03
4.589095354700399761e-03
4.537443266937100407e-03
4.631528661307800394e-03
4.531901129755699746e-03
4.458034015655499942e-03
5.213084225589199872e-03
4.698108600313700110e-03
4.754230020944300028e-03
4.296797420646800147e-03
4.689913746499499783e-03
4.435931547311499669e-03
5.057093540070800065e-03
4.737240164978000212e-03
4.553036815363300203e-03
5.323994367110800388e-03
4.787000756920799932e-03
4.666762967595000297e-03
4.828910185312900068e-03
4.390551692652100088e-03
6.584166897820400294e-03
4.916561094177700209e-03
4.953337806878699637e-03
5.782864817997500004e-03
4.989940013185699928e-03
4.520153221178799946e-03
5.016973362697799838e-03
4.675153418507400210e-03
4.131672836447899955e-03
4.949640926556400124e-03
5.250963441851099964e-03
4.571674284791099954e-03
6.021783455240999582e-03
4.651076538679199852e-03
4.416203941901000393e-03
4.817333319369799735e-03
5.211241962790200133e-03
4.532157225079999976e-03
4.706759499630400016e-03
4.047758534344699823e-03
4.834084806599499642e-03
4.454262261845000175e-03
4.369049597842800288e-03
5.874986450355700225e-03
4.584002870873200158e-03
4.549577553889999799e-03
5.513124150745000139e-03
5.857357272017200099e-03
4.749385618566299809e-03
6.448472223592099928e-03
4.363117835787700023e-03
6.274575532897900404e-03
5.308859365790699787e-03
5.901753541337000433e-03
4.767328608354100099e-03
4.858356156194799588e-03
6.541187549920699645e-03
4.997929677220999678e-03
4.438195039014400031e-03
4.622373958535999638e-03
4.463746373111699729e-03
4.299967018515599669e-03
6.223042555870099760e-03
4.504278893108599677e-03
4.749222229111899583e-03
4.362718802793300391e-03
4.985636390294700092e-03
6.234709674228199917e-03
4.540968861368800333e-03
4.357446540447599929e-03
6.411148621017700132e-03
5.347436219430099641e-03
5.552843614007699734e-03
5.256501080661900131e-03
4.989022299305000130e-03
4.908842162696799676e-03
5.598801683572999892e-03
4.678777791479900132e-03
4.631870378936400225e-03
4.761356638727599899e-03
5.504126968139799909e-03
4.550854629196900321e-03
7.211105924312300082e-03
5.924503087454799713e-03
4.505179058106399681e-03
4.542064607154499591e-03
4.948144924648299574e-03
4.949864372404699960e-03
4.329582811313899965e-03
6.457819188952300046e-03
5.729124192611899889e-03
4.588753762588200155e-03
5.928916385036500300e-03
6.030803004995299692e-03
4.424414175498999659e-03
4.801332494964599858e-03
4.213883683646300025e-03
4.930771289241200027e-03
4.851124091063199577e-03
4.667100309766500192e-03
4.466378793073699609e-03
4.414585580445299848e-03
4.602610448947000270e-03
4.336391542468000411e-03
4.369012694523099864e-03
7.096759848148699937e-03
4.714604390669100212e-03
4.438798327158000219e-03
4.313399972335599936e-03
4.302892596479500342e-03
5.402217033909100311e-03
4.830840282898400326e-03
4.560331310841599789e-03
4.311029215373099639e-03
5.552262340226100414e-03
5.261486179766699904e-03
4.499842545360699733e-03
4.238974309952199711e-03
4.424376700163599671e-03
4.240192388223200382e-03
4.598354334073300083e-03
4.553045795271400305e-03
4.675933105315399803e-03
4.331625110578599634e-03
4.078292341903699651e-03
6.046954973389399683e-03
5.586507133052600292e-03
6.692063012361300182e-03
4.475412365746899573e-03
4.344868599774400278e-03
4.465071788169900149e-03
4.278499007336200068e-03
4.567835553518600003e-03
4.260885573399900324e-03
5.084651124188300196e-03
6.451393591189499843e-03
5.198973861333599893e-03
5.347368505640700230e-03
4.558914385745099773e-03
4.532925929974799574e-03
4.637514312272699585e-03
6.448472223592099928e-03
4.173583449103100002e-03
6.623577540931799637e-03
4.681175587103799697e-03
6.609302746813000388e-03
4.539696078624999923e-03
4.466080456886300371e-03
5.874986450355700225e-03
4.600418461564500378e-03
6.743476792475400390e-03
4.715117633480800374e-03
4.385941493891799825e-03
4.499224200912199656e-03
4.427559950262199839e-03
4.684596244934799945e-03
4.745085046396299577e-03
6.828944234001699948e-03
4.177646890283400090e-03
4.437064440357900430e-03
4.839760681284600158e-03
4.303440224815100086e-03
6.733835594841500356e-03
4.606599684940399821e-03
7.048392390388400104e-03
4.475142348667400169e-03
4.878722770676399700e-03
4.050003485174600085e-03
4.872966717657199569e-03
4.503324087885900336e-03
4.812224526189200213e-03
4.652819500222399839e-03
6.828860996039700336e-03
6.839975714156399690e-03
4.664460944664300390e-03
4.627944369726399824e-03
4.932711937702800170e-03
5.910276187839499928e-03
6.647678743361700067e-03
5.334542085141299669e-03
6.046954973389399683e-03
4.738801893775199635e-03
4.411090482814099788e-03
5.270792721791300178e-03
4.741998860083800060e-03
4.439167019432300326e-03
5.009594070186499867e-03
4.141970768968800121e-03
6.123379727308000259e-03
4.717044141916099630e-03
4.678960862384000385e-03
6.378549316541099606e-03
4.665858232262200082e-03
4.895732273130199742e-03
4.446166362463000246e-03
4.391349340076500067e-03
5.711247609134899664e-03
4.817847384398999712e-03
4.514923508904000217e-03
6.376486411440699872e-03
4.805420283420400347e-03
4.409662369102999857e-03
4.821451227344800139e-03
6.049566930397900361e-03
5.221071843156200112e-03
4.819157307988999883e-03
5.793215064157900343e-03
4.509053070163199749e-03
4.952622674983400176e-03
6.088888534380499686e-03
4.684870430518199916e-03
4.910978921868600425e-03
4.238365497045500259e-03
4.911269333675600396e-03
4.383467143541500133e-03
4.366548471756300301e-03
4.402729961592299901e-03
4.667237008431499717e-03
4.595263522012099817e-03
4.609234916904600236e-03
5.928916385036500300e-03
4.247913707177099728e-03
4.496878270796599714e-03
5.373044729492300331e-03
4.711271512819899775e-03
6.159654356216200284e-03
4.692932899783000197e-03
4.648451004359399619e-03
4.584751231566699600e-03
5.749780085206200077e-03
4.473959070844299619e-03
4.633936876441400315e-03
4.970378836212300047e-03
4.894358461006700391e-03
4.103661315967900049e-03
4.718159249658700378e-03
4.928941895746399848e-03
4.844320217298099703e-03
4.688966789416900045e-03
4.375796511842299820e-03
5.810140636731100233e-03
5.243863775132099649e-03
5.131127562803400322e-03
4.827088525724499736e-03
4.212094070875399728e-03
4.641241823397800406e-03
4.844456960368399845e-03
6.740729050650500279e-03
4.833843125427499977e-03
6.794805607303200032e-03
6.427682197093199934e-03
4.914576286272999590e-03
4.740021680141800163e-03
4.444526090151899693e-03
4.404790810913400238e-03
4.795771302457000305e-03
6.049284692192099903e-03
6.810112076105900338e-03
5.856206853889499991e-03
4.823955559238199582e-03
4.307909699324000141e-03
6.020103345272699927e-03
4.715553666726500330e-03
4.640550375968200379e-03
5.834832221228099941e-03
5.298051058759200432e-03
4.416613122433199652e-03
4.496634912612099827e-03
5.011110560398999818e-03
6.339862321861100200e-03
4.795280597333599973e-03
4.361974060695699568e-03
6.548205268124799791e-03
4.380096763805300247e-03
4.719164316150799635e-03
6.540398943956000390e-03
4.764232755029299687e-03
4.244613229103699932e-03
5.552843614007699734e-03
5.479113650741099760e-03
5.850070149693699893e-03
5.493451152391699843e-03
5.308859365790699787e-03
4.848350893384399847e-03
4.356717339386200101e-03
4.437833902316000098e-03
4.363958264763900287e-03
4.545756789174899663e-03
4.587130219985500329e-03
4.800056430404599575e-03
4.486491629461300361e-03
4.225695332414900092e-03
4.706798721410099945e-03
4.684815003604799778e-03
4.213397430272399977e-03
5.148168694989499819e-03
4.950998526912300107e-03
4.430366176924899896e-03
5.386905549064799695e-03
4.734505116406799961e-03
4.552614789144000113e-03
6.587171682577000302e-03
4.280886296863599914e-03
4.626889511898900353e-03
4.724243539722499698e-03
4.885421163632100092e-03
4.947258056310700411e-03
4.666855301993899641e-03
4.744158979519900142e-03
4.749265216794700158e-03
4.511348500465000265e-03
4.472694997380500387e-03
5.970648481693499598e-03
4.794988802890199665e-03
4.407144130106599965e-03
4.126954341920400365e-03
4.637325735317499899e-03
6.222703630851700307e-03
4.498469173327900375e-03
4.829688098573900294e-03
4.702861400706100266e-03
4.737619381619199987e-03
6.125674653779399764e-03
4.188979900443499937e-03
6.158254411005400011e-03
5.554620341764400331e-03
5.029686589768899742e-03
4.034287590892400230e-03
4.107382441221199901e-03
6.464646541052700146e-03
4.614478275790799902e-03
4.084148484515799996e-03
4.017225396849099725e-03
4.812882580948799581e-03
4.933554309465099964e-03
4.865863166933000195e-03
4.996291071373899773e-03
4.625426210216300286e-03
4.886734444011099805e-03
4.676613294911699699e-03
4.180128490481800109e-03
4.590136063992600150e-03
4.663086881781700055e-03
5.503092809226299911e-03
6.259039811143499686e-03
4.965982171202400208e-03
5.276311058897100413e-03
4.957896092041599867e-03
5.490377556522500237e-03
4.256369205907300189e-03
6.547937631189100320e-03
4.948144924648299574e-03
4.384363017379999845e-03
4.989659595431600314e-03
5.148812075790700112e-03
5.836145110056200312e-03
4.760840959582800062e-03
4.536705640020200284e-03
4.456005011614999622e-03
4.852134427361300129e-03
5.205679205081499908e-03
5.322248435489100420e-03
4.826392453407900296e-03
4.088621237070899986e-03
5.200567043706000314e-03
5.984195026495700044e-03
4.794011247702599683e-03
4.832041498015000359e-03
4.757064403958600161e-03
5.609191334407200198e-03
5.525156321602000056e-03
4.708453143535599669e-03
5.934090199334000199e-03
4.702101605880200375e-03
5.847049182414999768e-03
4.767483991767599780e-03
4.403858201175400201e-03
5.879070105486599619e-03
4.741721514481100040e-03
6.038992119959000170e-03
4.835751248696599884e-03
4.435833062984300204e-03
5.352129479093400109e-03
4.837142801699999793e-03
4.772599669481300023e-03
4.843311801335299649e-03
4.764616716986700209e-03
5.123863519254700204e-03
4.550336183011099642e-03
4.575181937593600194e-03
4.536764081482100135e-03
4.424358677529800256e-03
4.219351682626299761e-03
4.212696343983899673e-03
4.625019242115199596e-03
4.673860260790399859e-03
4.501435662252899900e-03
4.055663502269699940e-03
4.991430991200899829e-03
4.591082925327100335e-03
4.634624042244100094e-03
4.198711202263299795e-03
4.678214552618399809e-03
5.214629444522900399e-03
4.371495787364300042e-03
4.434875389044500189e-03
4.517248093217900162e-03
6.789160639667200098e-03
4.419377132169900399e-03
4.790182310412400245e-03
6.058442231280499780e-03
6.479924199660700053e-03
4.527899446761999951e-03
4.452469959584100245e-03
4.815547962549599804e-03
4.672264853621099778e-03
4.498934802639699936e-03
4.357162613643899944e-03
5.071103468999999843e-03
4.236933254327400304e-03
6.828860996039700336e-03
4.781441908264800165e-03
6.273531252215499947e-03
8.047320250089600238e-03
4.567036295653899812e-03
4.758920340941000075e-03
4.473730665380399631e-03
4.908148483011499918e-03
6.009725696220299777e-03
4.404135624751900381e-03
4.719122552309200185e-03
6.711854744993300294e-03
5.057232487354000085e-03
4.818670537305100310e-03
4.575914821304600220e-03
5.226664254948900322e-03
4.533007456321199932e-03
6.007445478150800350e-03
4.843349787499599650e-03
6.344359573815100406e-03
4.045460596765600332e-03
4.323947034516300268e-03
4.908552903877199704e-03
4.469622958223700392e-03
3.963424313987200069e-03
6.008941436854400159e-03
4.279341968984699644e-03
4.662137538898199728e-03
5.690758436274099934e-03
4.692695694857100010e-03
4.216992976412799708e-03
5.375740363367300170e-03
5.127642623600200088e-03
4.708860915876500117e-03
5.047487173214700203e-03
4.603949732146800193e-03
6.600721410806299934e-03
4.808608020936300242e-03
6.050370482754300304e-03
4.861695346551699742e-03
4.568028327708500112e-03
5.002355813710700379e-03
6.457819188952300046e-03
4.881129153668600090e-03
4.345310037587099897e-03
5.073873446682900315e-03
4.287394778847900163e-03
4.584091011042600201e-03
4.380039605794899989e-03
4.235031490924899902e-03
4.396223539318599646e-03
4.354277772646100025e-03
4.983446738963700010e-03
4.700439283174200067e-03
4.357730592276599924e-03
5.468949670200800098e-03
5.221505046745599996e-03
4.732558327877899734e-03
4.807788634220299881e-03
4.908333357778500369e-03
4.784943412768700131e-03
6.755320408997299991e-03
4.133658217575200168e-03
4.243095559816899981e-03
6.114419914529999750e-03
4.844881046810200348e-03
4.768009780510599864e-03
4.381410230012599757e-03
4.480024422362100141e-03
4.636945081718199871e-03
4.617751040465600289e-03
4.510236237145299858e-03
4.846093648956099897e-03
4.198206619562099874e-03
4.836038526903899820e-03
5.306428815705799967e-03
4.587793979777599930e-03
4.641954315222500231e-03
5.924503087454799713e-03
4.657358031832900362e-03
4.490660068632900195e-03
7.208287217834500292e-03
4.518899908785899665e-03
6.378549316541099606e-03
4.540161647719200347e-03
4.425617184012299934e-03
4.833399305052200022e-03
4.259134742827200282e-03
6.030803004995299692e-03
5.162851529887199642e-03
5.710713209791100364e-03
4.988968160169499934e-03
6.295081552917899947e-03
4.529932396460699742e-03
4.955695085106099664e-03
4.827327231344400414e-03
4.573736392046300059e-03
6.170084976141299894e-03
4.900046708933200254e-03
4.697874461778900161e-03
6.347732997202900143e-03
7.129424556678199722e-03
4.928619120857799865e-03
6.467242559424900283e-03
4.639970203778600102e-03
5.749780085206200077e-03
5.163732813315199781e-03
4.937787202103600254e-03
5.047464563629799721e-03
4.740504232986099582e-03
4.409376576160800067e-03
5.664029669561400360e-03
4.718318552945400396e-03
4.661628157475400033e-03
4.711527954835099952e-03
4.639782654385800169e-03
4.488598965784500010e-03
4.945438309681800086e-03
4.997402632240699645e-03
5.627287017577800241e-03
4.148610084231000271e-03
4.445400240505200350e-03
5.836663385632300145e-03
4.573821568656400230e-03
4.606442049188599897e-03
4.270791136126200066e-03
4.784999106025300368e-03
4.650398271582900298e-03
4.456098438737000206e-03
4.361999659261700003e-03
4.760163473188899937e-03
4.103070188208399714e-03
4.163327482760900353e-03
6.136335680414699983e-03
4.731134796798200023e-03
5.185172852321499881e-03
4.819147012225699807e-03
4.882058403267400259e-03
4.659325887331000095e-03
4.582831073662099741e-03
5.344835811690200333e-03
5.104555346760300365e-03
4.600435185858399792e-03
4.475883043776399985e-03
5.338407396481999884e-03
4.438721283841600036e-03
5.433990744615599736e-03
4.691623774636300218e-03
6.983211684661799930e-03
4.891795736062100157e-03
6.643400450442400219e-03
4.460469298817599897e-03
4.498543964224600150e-03
6.014884468366000353e-03
6.596146481928399745e-03
4.645537984003699633e-03
5.076378976152600038e-03
4.217429625725299669e-03
5.802296284250199956e-03
4.792729871988699909e-03
4.418234525655999681e-03
4.690096605148399642e-03
4.558927053012399970e-03
4.349481104619999823e-03
4.357705422208700205e-03
6.778497001845400216e-03
4.479206299433000429e-03
4.396799711729700195e-03
5.632862131061299599e-03
6.330934094865300378e-03
6.223042555870099760e-03
6.859273274688299817e-03
4.833243909654100397e-03
