3.172725840685400138e-03
3.398278902755300004e-03
4.067295830746200415e-03
2.206211121351300125e-03
3.845326436558100039e-03
3.415896624340599916e-03
3.447042808756300199e-03
3.397602016197899793e-03
3.301319437880799804e-03
3.019705414628199962e-03
3.138071207290999993e-03
3.740104777722499853e-03
3.493043504648300074e-03
3.713425253186799883e-03
3.526894099401700015e-03
2.767803840921699999e-03
3.164200982977600184e-03
3.848970596417500192e-03
2.523013407756000137e-03
3.349953581065399921e-03
2.614075116296700127e-03
3.572734576315599996e-03
2.823371910359100036e-03
2.774057082333500172e-03
3.048625588854899857e-03
2.703077930420199997e-03
3.990552501701600044e-03
2.234828522401399818e-03
3.711374670113299842e-03
3.028516389301500085e-03
1.942572855010599913e-03
3.551624987463699971e-03
3.689882235835000197e-03
3.315622187589599944e-03
2.714336075915899787e-03
3.763416405857099994e-03
3.544093627568500101e-03
3.096094470122299786e-03
3.386184917033199793e-03
4.189360085407599875e-03
3.295819156817000103e-03
2.636710059053499946e-03
3.407502355455600037e-03
2.908331833617000192e-03
3.413489013902999865e-03
3.147968175846799915e-03
2.556445634657599983e-03
3.348781341337700185e-03
3.125575714028200076e-03
3.604681456634199841e-03
2.859453055848400205e-03
2.587320763453499796e-03
3.495884135534500173e-03
4.726421832419699758e-03
3.409932565769900181e-03
2.136308871651000033e-03
3.743961344730299939e-03
4.084593393042700027e-03
3.648249605558000121e-03
4.140701839421399681e-03
3.115326122250699874e-03
2.831781420640899945e-03
3.003406596748500138e-03
2.589281241432899849e-03
2.213173459380999956e-03
3.284961970569099787e-03
3.523545405696700081e-03
2.606739681501500042e-03
3.532563882594199831e-03
3.582595798324999907e-03
3.682638977266000126e-03
3.468603132413300167e-03
2.617329018542299910e-03
3.906269869883499841e-03
2.948366685333899881e-03
3.503035185542399850e-03
3.621469945638900075e-03
3.393570593075600182e-03
3.046911967290399925e-03
3.398106531623899980e-03
2.361942012983200140e-03
3.047541231336999869e-03
3.533551794861000163e-03
3.107724960879500176e-03
3.318509872535200210e-03
2.775073926531600003e-03
3.367230522774800148e-03
2.660247322453700158e-03
2.206484641874100188e-03
3.604078541056700020e-03
3.572504133055899849e-03
3.547868545564100001e-03
3.915112946662500232e-03
3.265264004354700121e-03
3.622387390296800003e-03
3.404208299821700166e-03
3.218003358041099903e-03
4.002156838653799821e-03
2.476352731950300090e-03
2.995899777462600160e-03
3.447591694472400010e-03
3.395372613717499797e-03
2.992929746527500049e-03
3.396336017485400080e-03
2.861157877266800025e-03
3.618589260423599966e-03
3.365699216770999796e-03
3.038434562736700133e-03
3.447591694472400010e-03
3.137996943095599980e-03
3.007999195475999886e-03
3.137489642436700008e-03
2.895522362154500165e-03
3.636910224605200033e-03
3.194221020618199982e-03
3.486811525953500187e-03
3.739662547950100158e-03
2.865845671187099934e-03
3.037499381657799910e-03
3.701065367499100072e-03
3.803564862449100147e-03
3.798322894998899888e-03
3.063375887107499997e-03
2.852491772884999891e-03
3.009174669889899938e-03
3.972434980382999990e-03
3.059000422627600104e-03
3.248366945567899948e-03
3.423153874345500041e-03
3.545723909860399887e-03
3.789671078183500137e-03
3.451712563305100057e-03
3.194404250637300057e-03
3.276932601111700108e-03
2.179728837756000123e-03
3.337243510330900088e-03
4.118381896198899765e-03
3.214674532057699811e-03
3.464112930172100029e-03
3.470683324632000116e-03
3.156143201218600085e-03
3.009335265891900212e-03
3.514871098619900148e-03
3.037974252164600108e-03
2.289115157398899890e-03
3.139946915085599973e-03
3.544051193301200019e-03
3.660344042772000189e-03
3.385594065495899953e-03
3.147075881858499898e-03
2.619438456656699842e-03
2.776638101748600106e-03
3.338221594545299868e-03
2.802368669809299998e-03
3.739945494931100171e-03
3.546088633801999790e-03
2.326538534354099987e-03
3.958339740834099750e-03
2.419438192175599970e-03
3.414556232457100025e-03
4.163541069316900080e-03
3.772928294093399852e-03
3.907243364331999813e-03
3.258222813116700128e-03
2.684857295993099951e-03
3.592576026560300069e-03
3.602574518476100041e-03
3.436480442536699997e-03
3.528653938657299975e-03
3.571015604372700190e-03
3.479702427083199850e-03
3.166997500367499992e-03
3.529843481915899937e-03
3.710112179434800136e-03
3.504405432072599854e-03
3.028149815009999971e-03
3.287539056273800202e-03
1.897294064232299925e-03
3.601405899083700082e-03
2.924114689371500216e-03
1.911307750315700089e-03
3.597491647869500205e-03
2.445615131350699790e-03
2.942715826182700205e-03
2.265786193160400103e-03
2.236737438038699857e-03
2.251633067975399895e-03
1.763321301102200016e-03
3.728082870230799931e-03
3.302229520207599928e-03
3.147450108431200204e-03
3.600391077577199967e-03
3.654624484487600192e-03
3.391908920213100066e-03
2.775073926531600003e-03
3.613901146736200106e-03
1.784921262615700097e-03
2.535837800899900206e-03
2.102214458913800009e-03
3.385018070036599838e-03
4.038131144541400042e-03
3.824949403193300158e-03
3.697809001660099827e-03
3.810118329585200202e-03
3.225533281658499955e-03
3.165694667671799939e-03
3.739662547950100158e-03
3.250909580552299987e-03
4.123469805214399764e-03
4.344292745932699755e-03
3.268660453283599946e-03
3.443693973993400097e-03
3.894224341412299856e-03
3.574815690093899843e-03
2.202014419884199860e-03
3.332505452684300130e-03
3.623446653021999975e-03
2.793233755566199884e-03
2.995576034834500096e-03
3.184380706371600211e-03
2.931932885548600102e-03
4.436690729841799921e-03
2.489951933747399943e-03
3.054354195559300100e-03
3.751522055998100010e-03
2.653306167091700092e-03
3.971230308229400409e-03
3.701051918267599886e-03
3.758384933402499854e-03
3.100407812974300195e-03
3.019189947380799925e-03
3.283190352090800158e-03
2.900951008105100062e-03
3.498447435873500069e-03
3.523431829330799826e-03
2.793079184498099918e-03
3.924269258529999686e-03
3.393716323264199877e-03
3.163698716876499947e-03
3.077172820385199858e-03
3.286116468359100151e-03
3.208989547000999816e-03
3.590797628341899951e-03
2.945142869202499892e-03
3.237780581609300216e-03
3.249139558708999918e-03
3.513149032184100136e-03
3.902426587283500115e-03
2.456290199232900005e-03
2.955498244785600189e-03
3.400546456653200014e-03
3.220049690027800091e-03
3.477321113471499789e-03
3.870605070356400012e-03
3.854654620951599928e-03
2.970250265506299905e-03
3.337243510330900088e-03
3.150522564597500047e-03
2.779780723353299926e-03
3.027716530762500097e-03
3.274205567865199826e-03
2.712330233883600197e-03
3.993719930608099870e-03
4.023858744470100099e-03
3.316254990564399853e-03
3.571024815066499870e-03
2.998438594184900038e-03
3.691047777693200020e-03
3.512594811696400157e-03
3.512567559250400189e-03
3.445470248423500043e-03
3.190429825957200038e-03
3.505319444238199841e-03
3.214528943675599819e-03
3.355936814033900085e-03
2.260330452865699866e-03
2.940096269591799955e-03
3.386911035758599902e-03
3.365641424699999940e-03
3.302004060997600077e-03
3.626748411432399819e-03
2.971696092580100070e-03
2.481219553064999833e-03
2.046033094176499985e-03
3.200067252099099858e-03
3.434272885045100074e-03
2.177356244429399981e-03
3.555412690523100053e-03
2.667985406474700141e-03
3.599041289167799820e-03
3.660650163000299991e-03
3.511596272324099977e-03
3.614666794660800157e-03
3.384979207434499898e-03
4.229609727647100186e-03
3.590954657867399813e-03
3.805223291878399861e-03
2.671197741391399816e-03
3.592242284776899809e-03
2.949479675399100005e-03
2.919400537167599844e-03
3.582134006680500176e-03
3.548891731047399897e-03
3.426557757587400145e-03
3.624930061430599922e-03
3.219716782726500005e-03
3.691402936795699918e-03
3.496755706181499824e-03
3.655335818225100095e-03
3.779628519273000187e-03
3.138363740271600012e-03
2.399813092039999960e-03
3.101354113704100132e-03
3.177607310347300203e-03
3.396406041725500043e-03
3.102672165977699795e-03
3.724610102526300110e-03
3.251180796188800001e-03
2.120760708077500025e-03
4.255106653679400358e-03
3.481439087999700210e-03
2.178372016417700133e-03
2.739534146396300097e-03
3.514187292248400173e-03
4.073871144094299603e-03
2.979846112221900146e-03
3.180151298820800120e-03
2.742247689574599852e-03
3.513042985826600115e-03
2.936039585863399991e-03
3.468764161308800133e-03
3.553652027960900114e-03
3.131240713531999956e-03
3.461467988319400033e-03
3.294323569502600069e-03
3.230294791515500152e-03
3.471072121065800140e-03
3.354063951314400095e-03
3.087467837134700091e-03
3.247772821329300043e-03
3.463158272145799854e-03
2.888252272186499908e-03
3.634707922498800047e-03
3.540624588801000172e-03
2.821945127777799808e-03
3.293452693447800148e-03
3.072004077815900132e-03
2.748388802311799942e-03
3.178174191365399845e-03
2.887837388129999797e-03
3.554167239533200136e-03
3.214528943675599819e-03
3.450557900172999872e-03
3.569222244697500043e-03
3.076403167929400110e-03
3.529281827405300088e-03
3.158945238384200209e-03
3.682177812592400071e-03
2.189072922860399884e-03
3.264793386716500177e-03
2.870189570925699932e-03
2.994818616667200162e-03
4.055224432444899836e-03
2.862238006198699995e-03
3.146257684233300187e-03
3.204966423161999863e-03
3.472187117943999896e-03
3.405198712245499897e-03
3.673819512553300193e-03
3.548297544925600039e-03
3.187586592798899877e-03
4.006527384906199973e-03
3.298073997792300063e-03
4.356929070757900244e-03
3.171285468287099885e-03
3.006302957589599822e-03
2.566588948588300213e-03
3.096171083985100117e-03
3.399283586181499946e-03
3.924691189393699625e-03
3.297419080237899876e-03
2.124307262144400129e-03
3.471330683033600067e-03
2.937245627418799861e-03
2.967192235061900073e-03
3.127834378563600082e-03
3.311612437024000124e-03
2.480239624752399955e-03
3.440441848034500073e-03
3.616195644624800153e-03
3.578277253864399921e-03
3.642254993665900147e-03
1.904774361927699970e-03
3.121816539204899828e-03
4.002826408420799911e-03
3.174409300245199794e-03
3.705076220609300214e-03
3.554016835781799791e-03
2.838188759646400206e-03
2.853967461087399821e-03
3.111119635065699978e-03
3.546175645239700146e-03
2.193875226256399979e-03
3.076032827617999985e-03
3.973059777924500130e-03
3.461901354158000103e-03
3.277112367843199904e-03
2.856977232078700135e-03
2.281001098942300048e-03
2.364699310243000181e-03
3.076083033973599831e-03
2.722769115908500129e-03
3.869102412727499878e-03
3.048888260027899852e-03
3.747986511267799824e-03
4.178954160632300345e-03
2.233597439384699991e-03
3.890757161812400181e-03
3.739063327961100053e-03
3.625451582903099941e-03
3.605825137405799848e-03
2.859485441281700135e-03
3.725364219810999803e-03
2.269281195387299818e-03
2.680966724146199940e-03
3.732227085264500175e-03
3.611211371212199889e-03
3.516719544083900077e-03
2.413489684335099871e-03
3.531931822982299803e-03
3.283355651226599944e-03
4.048199251382799714e-03
3.197296075034300033e-03
3.256894327600699801e-03
3.723046166330399795e-03
3.356665787255899789e-03
3.552111418017300185e-03
3.367450231461200164e-03
3.720761987686099954e-03
3.474881275254799833e-03
3.254942206996500054e-03
3.835867252371700110e-03
3.256894327600699801e-03
3.248995537144000034e-03
2.694313899492299918e-03
3.496755706181499824e-03
4.123727452739100324e-03
3.116046008836500028e-03
2.963594300946499876e-03
3.894224341412299856e-03
3.202068957825599839e-03
4.054875117761700017e-03
2.993651281157600191e-03
3.536056718792399828e-03
3.215473654639099815e-03
3.603399769919699795e-03
3.710985610164899921e-03
3.601946624329899812e-03
3.149022137523899839e-03
3.718415432510200052e-03
2.821311259238899836e-03
2.873238333388799821e-03
2.251209815162899964e-03
3.108041699650000017e-03
3.156143201218600085e-03
2.826490921368000203e-03
3.309096479214599946e-03
3.426558478150000184e-03
3.580848307583700020e-03
3.864926361012700068e-03
3.863877146686599869e-03
3.192757375260700178e-03
2.669036683939599898e-03
3.751973401898900037e-03
3.234111069191099915e-03
2.978485529912000031e-03
3.285550676656699785e-03
3.333019480210900123e-03
3.367960425086699919e-03
3.235815007094100006e-03
2.450393565819000089e-03
3.236367546747500115e-03
2.950380755038499881e-03
3.399358068100699886e-03
3.736200834926200077e-03
3.390566774969600017e-03
3.194404250637300057e-03
2.382902505901199949e-03
2.621526552896700103e-03
2.674628219193099943e-03
4.120433652843200241e-03
3.410505071782100103e-03
3.491103501451600036e-03
2.294136150780399890e-03
3.505319444238199841e-03
3.236367546747500115e-03
3.549004020496399851e-03
2.474800834583500055e-03
3.555546906726300086e-03
4.022957345180699744e-03
4.436690729841799921e-03
2.685003398534500148e-03
3.086942166236999931e-03
3.039459182888499915e-03
3.797423549173699862e-03
3.416909998718600100e-03
3.071031805002399917e-03
3.778872369860700187e-03
3.876892877313299970e-03
3.248785058437799866e-03
3.573919423792499845e-03
3.798936208859599907e-03
3.076083033973599831e-03
2.034145274441899985e-03
3.269918959693399966e-03
3.223029876301599945e-03
2.983873693345000071e-03
3.772481273011300037e-03
2.978317038222099821e-03
3.248205816341000109e-03
3.359838876506599913e-03
3.190041649846500193e-03
3.300534989489099964e-03
3.393730275629699804e-03
2.182907583880900216e-03
4.223489460003699604e-03
3.163530434526900040e-03
2.969264055581100157e-03
3.190770087403700054e-03
3.223236771503800065e-03
3.418996624729500004e-03
2.784216234746699891e-03
2.918718750413099982e-03
3.464712839426300171e-03
4.120433652843200241e-03
3.756246915726999848e-03
3.778872369860700187e-03
3.557057518855699912e-03
3.376199329378199929e-03
2.773139735728299884e-03
3.426123799626399919e-03
3.129039377642100009e-03
2.233028218503999799e-03
3.105431353857700163e-03
3.698569324804999812e-03
2.658109230231500177e-03
3.140089057591799807e-03
3.541843777410100085e-03
3.554871387835800180e-03
3.238139252298699849e-03
3.653191271224300041e-03
3.238749619211400005e-03
3.420708706380799942e-03
3.431759215977500145e-03
3.065621180530199875e-03
3.577163778597499798e-03
3.188318909526699930e-03
2.266089868820799803e-03
3.440664439696500092e-03
3.147075881858499898e-03
2.903099566630800137e-03
3.168274385270199861e-03
3.797641079670499836e-03
2.503158377966000197e-03
2.957796605440799875e-03
3.545964503509000092e-03
3.164947429538700167e-03
3.441357951497000037e-03
2.569096379815399931e-03
3.552286824949900043e-03
3.019245174640799913e-03
3.208823189990100012e-03
2.847492432730699876e-03
3.558676567844800027e-03
2.273523065037700002e-03
3.563155776157600138e-03
2.509724820047399847e-03
2.835321829281099975e-03
3.254232028499299840e-03
2.208338984575299990e-03
3.216300390884000143e-03
3.724511361658799924e-03
3.225886092666900053e-03
3.763967984369199875e-03
2.086468885404800001e-03
3.214118904148399996e-03
3.526473473704599872e-03
2.659292931973999876e-03
3.242138366414400001e-03
3.126626782717700087e-03
2.751639389656800050e-03
3.530353899399099864e-03
2.782534199698699987e-03
3.177599939383999976e-03
3.390233801278899877e-03
3.048281912401700107e-03
4.066428624409299843e-03
3.038634677375199895e-03
3.155958885237100144e-03
2.855421629072500168e-03
3.699162008835700163e-03
1.994250175496500074e-03
2.581720107006000003e-03
3.503431875918800158e-03
3.106171323142799864e-03
2.946595654663299903e-03
3.216300390884000143e-03
3.795532251866400031e-03
3.292740809218500098e-03
2.899719371450300027e-03
3.721653632342500091e-03
3.032939957707900085e-03
2.822269030841300080e-03
2.424327406243000169e-03
3.046762564157300037e-03
2.776771386566199984e-03
2.949558444460799889e-03
4.224219448313099728e-03
3.317941007339099847e-03
3.404036546208600092e-03
3.672446332028999998e-03
2.014275663495200021e-03
3.814688688542399852e-03
2.613382982217899927e-03
3.132707605110599848e-03
1.883660136336200034e-03
3.676309107166800174e-03
3.226013188464699807e-03
2.455920719625099852e-03
2.460190889953900190e-03
3.220377626797799823e-03
3.617383668240499884e-03
3.488391834905200072e-03
3.002101424081699953e-03
2.661149609080700178e-03
3.168274385270199861e-03
3.967068503544200070e-03
3.234940881488200092e-03
3.183595373679199998e-03
2.604993869457999846e-03
3.710584426718200116e-03
3.538122075151199815e-03
3.313989358129400091e-03
3.248205816341000109e-03
3.067389793186700141e-03
3.294902506590399998e-03
2.305294238440400070e-03
3.952768180874599753e-03
3.325311915729300179e-03
2.345420914810799999e-03
3.721043266638299814e-03
2.235575211624700031e-03
3.744564226147500171e-03
2.364069693687500130e-03
2.913693113214199919e-03
3.364137022638399952e-03
1.931792832746100043e-03
2.993355685453899864e-03
3.302949077239700215e-03
3.470089408558800059e-03
3.404732798593700007e-03
3.552111418017300185e-03
3.882237754502599909e-03
3.797825715989900080e-03
3.426845616491599935e-03
2.597033869364300061e-03
2.521429552856700035e-03
3.285870549373500014e-03
2.844435713488900098e-03
2.124813026555200015e-03
3.293461293824300092e-03
2.082740558503399803e-03
2.841618956884700131e-03
3.776586394611100052e-03
3.731599416974699934e-03
3.461467287092099849e-03
3.417525469826399823e-03
3.396336017485400080e-03
3.362031242776600173e-03
2.101745000068599989e-03
3.481372915601300012e-03
3.060290895760200188e-03
2.690733409204100132e-03
3.127743545547099786e-03
4.312745319468299678e-03
3.097699299411000098e-03
3.365077532621300101e-03
3.214095928467199971e-03
3.059207498664600049e-03
2.551010149760999865e-03
3.071818783055900101e-03
3.262836217053300108e-03
2.191486399362499969e-03
3.322384506445699888e-03
3.585924919070899997e-03
3.292536287406699989e-03
3.490518653435400152e-03
3.971249552987100168e-03
3.768193487159700143e-03
3.971686686679000433e-03
3.060672298377099896e-03
2.575510765617399812e-03
3.787788548332100044e-03
2.924183989714699856e-03
2.296103245502300206e-03
3.164628152500599881e-03
3.402028527797000199e-03
3.541223741787499942e-03
3.078312719162500100e-03
3.440664439696500092e-03
3.365077532621300101e-03
2.897322150809099935e-03
2.846832316908800078e-03
3.736667107624899817e-03
1.967935641847000112e-03
1.904059745582000049e-03
3.494797659922999934e-03
2.717871395095100041e-03
3.239199301533900177e-03
3.601917641002499830e-03
4.016960703829700226e-03
2.330877303144200142e-03
2.632855970694699885e-03
3.016879670687899837e-03
3.190041649846500193e-03
3.493189553244399788e-03
2.966290102480799787e-03
3.720558175932300090e-03
2.689539634981300085e-03
3.968701053852799650e-03
3.532562293435499799e-03
2.646005108580499945e-03
3.310447831445900192e-03
2.869467627948799841e-03
2.515745088819000119e-03
3.939284742427100194e-03
3.515224149791999937e-03
2.933322219803899834e-03
3.643212198165999942e-03
3.185597423855600005e-03
3.874934089845699908e-03
3.322680146214900161e-03
3.422280187894399892e-03
2.845417913788199880e-03
3.032913912510400069e-03
2.574947187002399850e-03
2.403076762332200054e-03
2.932129043021600070e-03
1.956112130693799835e-03
3.647745107941199796e-03
3.454324864498899920e-03
3.400260312604699939e-03
3.206254990449299794e-03
2.636710059053499946e-03
2.655516844709300030e-03
2.373280470016699787e-03
2.448290770102800207e-03
2.749969432794600183e-03
3.230170968415700151e-03
3.902426587283500115e-03
3.545049466676200058e-03
2.895239589394299831e-03
3.423130214527200180e-03
3.450014304855399984e-03
3.355936814033900085e-03
4.320819312230699677e-03
2.770238247346500007e-03
2.978264275292399985e-03
3.593871218643099937e-03
3.151031481290400213e-03
3.360753961095200130e-03
2.736342450364500148e-03
3.789820422671600145e-03
2.432249247271799867e-03
3.330636018071500126e-03
2.727244443749100161e-03
2.992868580164499866e-03
3.242237284351199948e-03
2.989667284890200078e-03
3.707091571269800160e-03
3.637959581874199936e-03
3.332372122231799880e-03
3.268896330114700200e-03
3.422871810369299949e-03
3.154057372517499961e-03
3.710760482734699883e-03
3.028341818186499820e-03
2.649153152663900196e-03
3.477053231145599971e-03
3.228565725781399904e-03
3.613689648366300109e-03
3.286060390565100162e-03
3.367450231461200164e-03
2.057492315326600076e-03
3.938253324216899921e-03
2.510810035083800053e-03
3.809595619335499807e-03
3.582291838601999942e-03
3.190883454026599998e-03
3.914670349033699814e-03
2.494352748070700031e-03
3.021578832229000148e-03
3.104495676418799963e-03
3.036092674283699840e-03
3.319583679587300145e-03
3.465651194147799981e-03
3.339321714451900115e-03
3.657222215563300186e-03
3.884758679572799817e-03
3.015137874828099918e-03
2.822506006689799989e-03
2.015155273490300096e-03
3.628540553130599894e-03
3.412365100824100040e-03
3.139357185463900052e-03
3.568842313431800067e-03
3.376199329378199929e-03
2.908843757873300073e-03
2.543555953115800121e-03
3.211821491473300112e-03
3.113761707179400155e-03
3.100189287440300017e-03
3.423482650091800097e-03
3.528551633220199796e-03
2.969845441850400055e-03
3.506370485658499934e-03
4.218189079001300086e-03
3.423153874345500041e-03
3.283474363051000055e-03
3.246612346215799801e-03
2.981475861183499870e-03
3.132785516082800103e-03
3.068938550399100216e-03
2.861955539810499913e-03
2.614075116296700127e-03
3.647885317656899933e-03
3.982776340082799967e-03
2.092905339400700192e-03
3.376425073754700003e-03
3.500031589556500209e-03
3.467380146553299819e-03
4.099001121003999909e-03
3.285223171832900215e-03
3.466983769762799813e-03
3.636585268491400024e-03
3.339738090085299978e-03
3.340851894898599819e-03
3.280508921271000147e-03
2.637405796307599939e-03
4.027993541959999993e-03
3.609157669975300055e-03
2.829366225579200110e-03
3.305562057108300030e-03
3.575149474651300157e-03
3.645526672502600110e-03
3.206082369390799922e-03
1.940351114976300063e-03
3.440441848034500073e-03
2.968771816302599991e-03
2.968250825464800215e-03
2.205678052822700186e-03
2.389048805628699989e-03
3.210223639586499977e-03
3.209221781960099919e-03
3.454985091581899877e-03
3.526926000798200154e-03
3.314652636666799972e-03
3.473806005007800020e-03
3.467537433543099994e-03
2.756527455012600016e-03
2.084139559561500044e-03
3.044004162119500010e-03
2.379231428678899984e-03
3.627959238348099982e-03
3.103450341185599957e-03
3.668071479957899991e-03
3.168342821607000089e-03
4.081344931616100007e-03
3.471796472571000210e-03
2.701430035008800003e-03
3.232065544814300122e-03
2.988038071874699921e-03
3.291613436105600074e-03
3.471686986863599823e-03
3.320874115609399792e-03
3.573845764195299896e-03
3.989281546948500283e-03
3.728082870230799931e-03
2.336030756495399967e-03
3.242631982339700195e-03
3.048281912401700107e-03
2.448747212099800213e-03
2.812381474231699999e-03
2.197188135111000171e-03
3.414688171802899956e-03
3.771930366937800184e-03
2.879964851621699858e-03
2.958708359866600059e-03
3.074111428061199799e-03
2.036236136124100135e-03
2.049376745344100130e-03
3.578340397658000011e-03
3.637959581874199936e-03
2.741417780392500086e-03
3.264307393526700088e-03
3.001339475577899981e-03
3.405259094292299987e-03
2.788506518374100213e-03
1.797977632792399942e-03
2.946863836249499855e-03
1.812509634871100044e-03
2.917124067361900018e-03
2.236767826408899828e-03
3.626359054699299783e-03
3.624610865554600114e-03
3.317954597216699834e-03
3.753013641467099846e-03
3.309007853135999874e-03
3.633766163417700024e-03
3.400979655170699965e-03
3.326766364910499919e-03
2.869340609996800205e-03
2.887530973780699870e-03
3.619749514413499875e-03
3.643128294939099870e-03
3.274585791891700213e-03
3.190126425290899879e-03
2.974340316052800047e-03
3.155442653170100094e-03
2.861094861580400130e-03
3.303608790139000214e-03
3.349332908988699852e-03
3.650611278278299929e-03
2.049038268140900097e-03
2.636754067691200135e-03
3.532624718685400088e-03
4.181491361979100194e-03
3.174409300245199794e-03
3.817608200418899905e-03
3.387227541552100072e-03
3.590191823867999819e-03
4.104484584675999713e-03
3.699725929059499967e-03
2.970859427835900127e-03
2.174794689526199885e-03
3.369464062656400000e-03
3.242138366414400001e-03
3.424220674710599845e-03
3.648469245811299805e-03
3.147968175846799915e-03
2.769932505520799823e-03
3.050907036265800096e-03
2.891789965256700169e-03
2.642429309392900147e-03
3.050872576898899791e-03
3.068326067478299984e-03
4.003575047372199582e-03
3.588751325669999916e-03
3.792809249528200036e-03
3.074024662441800053e-03
3.859797563714699800e-03
3.042799005863600081e-03
2.879622447155999812e-03
3.253814758192600121e-03
4.097123603984000224e-03
2.953646942231799837e-03
2.474800834583500055e-03
3.418232099546000130e-03
3.059770487974599815e-03
3.518319867570500036e-03
2.691040880681499960e-03
3.137741521995199984e-03
4.036724157166900369e-03
3.331727070296399817e-03
3.637054693173500178e-03
3.738539179399800062e-03
3.298595568498099810e-03
2.760766702629399976e-03
3.131694225219399958e-03
3.149796307169299824e-03
3.569523302131500167e-03
3.048002463316999960e-03
2.871681858374399831e-03
2.668905114986100131e-03
3.546110152876300048e-03
2.656066865738699809e-03
1.937748807090700033e-03
3.201514132791899794e-03
3.097699299411000098e-03
2.162906254323000189e-03
2.287941609451100197e-03
3.485775327563000146e-03
3.786325501584099883e-03
4.092481596581899576e-03
3.591513356663099833e-03
3.156076090073599901e-03
3.224224728821599786e-03
3.862280992755099968e-03
3.362031242776600173e-03
2.994302184934100053e-03
3.394994619498199837e-03
2.980515678628599917e-03
3.157013672974300165e-03
3.120514866351500102e-03
3.474993911110899839e-03
3.282505346533100190e-03
3.591513356663099833e-03
3.222133843390500088e-03
3.022037531807999968e-03
2.528782193493000086e-03
2.203344204602700109e-03
3.162568194055300191e-03
3.789714555040200016e-03
2.974066194887499837e-03
2.352788243217799821e-03
2.863971569012400010e-03
3.059430981159300209e-03
2.219834101275099808e-03
2.325262187434800135e-03
3.744911322430299980e-03
4.346617748598099844e-03
3.401157459844400110e-03
3.474881275254799833e-03
2.451908882956100200e-03
3.662684227551399850e-03
3.064485507552100214e-03
3.544184956916500168e-03
2.789713387927000073e-03
3.526325675877599840e-03
2.896479552504899885e-03
3.352048703702999784e-03
3.172866390970500213e-03
3.406691916773200209e-03
3.329068167398899995e-03
3.692287491582999827e-03
3.428979645479700040e-03
2.592744879567500122e-03
3.805196611349300016e-03
3.123253170788499976e-03
3.501898315141300025e-03
2.024091717128400063e-03
3.556887141204200138e-03
3.546323461205199996e-03
3.464112930172100029e-03
3.505200734747999838e-03
3.408564558316199908e-03
3.479599377820500033e-03
2.772696801428299867e-03
3.599207454207700198e-03
4.060765277379699972e-03
2.554563297900899841e-03
3.046192213764300181e-03
3.605825137405799848e-03
3.953740588138500434e-03
3.396714124475200009e-03
3.953626633065100357e-03
3.508354812486999975e-03
2.641152955234900204e-03
4.019345054527600006e-03
2.673074353082100126e-03
3.579902237353100106e-03
2.957627580122999984e-03
3.440847857193200018e-03
3.563828820406400155e-03
3.732366022018099999e-03
3.237780581609300216e-03
3.274585791891700213e-03
3.076449941080900037e-03
3.107732640563500015e-03
3.880915439008700025e-03
2.000523378811899962e-03
3.474636150602499786e-03
3.332314079063100100e-03
3.679609452458799945e-03
3.394403883228000116e-03
4.031201664386399944e-03
4.190645472304700345e-03
2.293174258976000187e-03
4.023361613878899574e-03
3.526888942474099790e-03
3.429765054379300092e-03
3.291783164597000041e-03
3.508308397574200037e-03
2.663482441198300119e-03
3.694717618534200127e-03
3.237663596131500066e-03
2.847512705951499908e-03
1.961239134980100052e-03
3.849824323717200136e-03
3.676468491040800046e-03
3.558860381303700048e-03
3.719692770832199857e-03
2.933043990380100174e-03
3.725644937155399902e-03
3.281537856358199799e-03
3.372477194501800109e-03
3.242888053593899911e-03
1.767516415785799896e-03
3.529345256209400188e-03
2.889519988989200112e-03
2.811520090434299884e-03
4.349406713181800180e-03
2.872784295845599942e-03
3.217529685222199950e-03
3.812079799301799996e-03
2.867127319987900023e-03
2.625754850583100156e-03
3.786309047037899906e-03
2.089317117147200184e-03
2.595190411191800051e-03
3.664446578302599841e-03
3.307445504831800064e-03
3.612012120197100051e-03
3.708377352604899820e-03
3.791086247273900076e-03
3.060672298377099896e-03
3.578805805404199937e-03
3.979531040315899618e-03
2.385469432335099883e-03
3.993342931308699849e-03
3.416850607830299903e-03
3.569487203135499834e-03
3.549400031887699810e-03
3.237540097173200165e-03
3.156438235464300093e-03
2.619032214930299991e-03
3.528868799577799913e-03
2.067142923882799802e-03
3.792962261579499797e-03
1.826734672985199899e-03
2.956625440175600014e-03
3.130460440658899834e-03
3.143975882511299957e-03
2.918094526007000093e-03
3.530101279799999908e-03
2.909204215737299856e-03
2.951777075984499989e-03
3.463158272145799854e-03
3.136033060674500023e-03
1.854198369050799947e-03
3.450100014808099840e-03
3.328396773043400085e-03
3.599245552172199939e-03
3.547448769509900166e-03
4.059372760188699643e-03
3.933315203805299622e-03
3.178174191365399845e-03
3.129934427388899893e-03
3.660476528363700195e-03
3.080731421520200002e-03
3.347883993293499817e-03
3.622818703581900078e-03
3.034240921647099899e-03
2.226483626009199794e-03
3.060196978036900002e-03
3.093184682528300061e-03
3.163037431658499796e-03
2.892148509648999853e-03
2.608254094683599891e-03
3.237094805748400115e-03
3.498260107073900092e-03
3.907168938653600085e-03
3.021578832229000148e-03
3.106670346518299909e-03
2.471520083357999810e-03
2.947467602299700187e-03
3.542964293333900148e-03
3.577375196194099854e-03
3.309096479214599946e-03
3.701321673608500180e-03
3.342498128239100065e-03
3.297811441994800020e-03
2.769347021701599847e-03
3.704937205688200140e-03
4.213512196208100101e-03
3.400848089119300199e-03
3.514384788809899948e-03
3.224271461906899790e-03
3.184352897318499988e-03
3.560685798309000134e-03
2.139691317796399862e-03
2.924722753134199795e-03
2.917654586784999924e-03
3.875275515707099928e-03
2.470955597445700057e-03
3.805299678967799786e-03
3.127834378563600082e-03
3.065412130230600173e-03
3.021876023033400003e-03
3.467174052916200018e-03
2.660181923617499933e-03
3.417041634170699897e-03
3.768792157591700082e-03
3.834021748884699869e-03
2.554993212427799937e-03
3.432617538002199868e-03
3.088350099498299913e-03
3.588812967891200165e-03
3.389405714662500034e-03
3.701051918267599886e-03
2.739817905284899855e-03
2.532701478555499965e-03
3.536010803933899941e-03
2.700137994441500090e-03
2.815529125504299870e-03
2.885219943007099989e-03
3.501898315141300025e-03
3.361120681654900053e-03
2.885053883722899816e-03
3.934384767060699652e-03
3.439532606848799863e-03
2.373294509101100003e-03
3.271960318714700004e-03
2.933322219803899834e-03
4.313539853851799943e-03
3.240974460803000123e-03
3.611022600279400162e-03
2.586416979102700194e-03
3.698569324804999812e-03
2.826462951600999893e-03
3.446162472280999908e-03
2.094554485719399804e-03
2.942881327691900147e-03
3.059182221964299939e-03
3.890856388526900151e-03
1.797885875408499964e-03
2.973955227939099801e-03
3.930908602848700098e-03
2.029030776802299811e-03
3.953978919202899914e-03
3.197218608577199854e-03
2.658109230231500177e-03
2.772566216984800099e-03
3.126845309190199977e-03
3.504855183114699915e-03
2.964360059197499852e-03
3.517810104310399848e-03
3.567630860193599963e-03
3.523878088933500140e-03
3.634254350120299897e-03
3.600121292272500002e-03
3.575149474651300157e-03
2.592386230467199921e-03
3.862801748321799834e-03
3.016269569271499973e-03
3.158967259559300206e-03
3.052794935979499802e-03
2.564556515495600153e-03
3.890412783882100066e-03
2.556787147261699832e-03
3.218171186503099995e-03
3.561674890073300136e-03
3.559510415674300206e-03
3.016433278561300117e-03
3.412361769538299876e-03
3.264307393526700088e-03
3.465071651725500079e-03
3.402662273227699888e-03
3.455599861326200204e-03
3.285550676656699785e-03
3.977308021519099582e-03
3.042528572490600138e-03
3.959491375882299991e-03
3.493590684776900091e-03
2.879622447155999812e-03
2.314752427099099792e-03
2.294898331394800133e-03
3.142026016148899946e-03
3.011101608701999797e-03
3.152556983998700164e-03
2.625857665337899896e-03
3.089381175709299959e-03
