8.349360878150000531e-04
1.103294362958800057e-03
1.025614207966200030e-03
7.268853077965999792e-04
1.417200644630400028e-03
1.056399127223499931e-03
1.227008360368300006e-03
9.962073525721999896e-04
6.013460486836000101e-04
7.693776371289000023e-04
1.238775801709499904e-03
1.248569023318000029e-03
1.194544797810500030e-03
1.179788197375900103e-03
1.282640329468500047e-03
5.906472132883000244e-04
1.135747368207699892e-03
1.157552689354599939e-03
6.069873065183000209e-04
9.112415321774000468e-04
9.773616783839999579e-04
1.138647491691300098e-03
9.739075612411999833e-04
8.449491191599000500e-04
7.645229123515999859e-04
6.360748471714999797e-04
9.059515923467000107e-04
5.639770388931999784e-04
9.428853459990999995e-04
9.618438197961000228e-04
5.700969550541999751e-04
1.157625062189399914e-03
1.159001789351800068e-03
1.253688822936100105e-03
1.201718680713800055e-03
1.223028425183000055e-03
1.189710557365900034e-03
8.917517590969000103e-04
1.098168612371600104e-03
1.510268103109099974e-03
1.158053756534400047e-03
9.354617772455000105e-04
1.249917641908199900e-03
8.125198058260000482e-04
1.382203586762900021e-03
1.014596692931399964e-03
6.304735491051000323e-04
1.026380842538299892e-03
9.810147033787000072e-04
1.212112535771700007e-03
8.216515355983000429e-04
7.040757404280000237e-04
1.582393236338000032e-03
1.418312111018199973e-03
8.940960164979999463e-04
8.289991674986000279e-04
1.165404334013000077e-03
1.138991598960399946e-03
8.666978753333999877e-04
1.323539856108200052e-03
9.968466124826999911e-04
7.108513793374999709e-04
6.165326176036999917e-04
6.145462693994999896e-04
6.360727602523000290e-04
8.834597540695000514e-04
6.965820825247999882e-04
6.725335805933999695e-04
9.326128764582000512e-04
1.007105741134400054e-03
8.575909371622000366e-04
8.620453802042000232e-04
1.094590058464899908e-03
1.198431037261399931e-03
1.186776905397399912e-03
1.196176647001000052e-03
1.146673195202800068e-03
1.256201906940399926e-03
5.846778254554000232e-04
1.028638542104399903e-03
5.768637195213999766e-04
8.943322453468000206e-04
1.232940746417399971e-03
7.131249799127000128e-04
7.139345314673000180e-04
1.049547753892999960e-03
1.097030231394099985e-03
6.852918077485999765e-04
7.394183179391000020e-04
1.263911196127599995e-03
1.288833900774699918e-03
9.093464843853999585e-04
1.249808923038299912e-03
1.391479180760299894e-03
1.268938223829000093e-03
1.188373067861900074e-03
9.881430049224000818e-04
1.195192795750600048e-03
1.221451259591600086e-03
1.150159312171099941e-03
1.126952965167000000e-03
1.357838009494399941e-03
1.037429948667000076e-03
1.093669894407299980e-03
6.672261675023000464e-04
1.460191744325700040e-03
1.498602610581800101e-03
1.112048309731099955e-03
1.126952965167000000e-03
6.974235930649999625e-04
8.155834295689000238e-04
1.198415660308899990e-03
7.831886184270999860e-04
9.256115506639000156e-04
1.051007721472700012e-03
1.520527459840399949e-03
1.397159251778300063e-03
9.032290966803000181e-04
1.256690679224599936e-03
8.628398939849999706e-04
1.115135991097400067e-03
1.141230421029899985e-03
1.120317682748899965e-03
6.430525307791999656e-04
1.083117400437599940e-03
1.130996534168799902e-03
1.181647975376299989e-03
1.658383473271300007e-03
1.195617218458700079e-03
1.024952872567900077e-03
1.207027921042800028e-03
7.681166667491000528e-04
1.257246081118800103e-03
1.051584362323000101e-03
5.751817040498000350e-04
1.253316961840300094e-03
1.103339187750899952e-03
1.188287901088200043e-03
1.240991485411399977e-03
9.659257746219000089e-04
1.287747314710399995e-03
9.218400470874999657e-04
8.195311937081999499e-04
1.136493034313199989e-03
1.697826481860500005e-03
9.125049395735000202e-04
1.274226143214800093e-03
1.309713565413499984e-03
1.070231287175300080e-03
9.218483993546000219e-04
1.654146748942300106e-03
8.973788535304999666e-04
1.238416565923999933e-03
8.764730232343999816e-04
8.777297450045999476e-04
8.342292339844999864e-04
7.418733892646999992e-04
1.461415669594199945e-03
8.191806192132000024e-04
1.056718295373299931e-03
1.171709326817299947e-03
1.064810771986499918e-03
9.983905072984999070e-04
8.179966215403000011e-04
9.185159950302000101e-04
1.192887073005599943e-03
1.278171317092100011e-03
1.042910594760900009e-03
1.261532940156299921e-03
9.259700070097000302e-04
1.323017540814500070e-03
1.174388735518599970e-03
1.094459295206400007e-03
1.173505031078899905e-03
1.189141009895200007e-03
7.579306305457000469e-04
6.655910966270999754e-04
5.829700088098000409e-04
1.000356312038899916e-03
9.062215879269999675e-04
6.673349753093000148e-04
1.291452534319299968e-03
6.760870293662999938e-04
7.132111649176999923e-04
5.795583634529999926e-04
6.796564592453000452e-04
7.516836477644999771e-04
6.267932063971999503e-04
9.731735593806999920e-04
1.138077694776200039e-03
1.551026060403999998e-03
1.271768126354599904e-03
1.233663214849500030e-03
1.267099047124000061e-03
1.049547753892999960e-03
1.366075211758600036e-03
5.861461017528000420e-04
6.921265391093000012e-04
5.817859853541999544e-04
1.227557090295300097e-03
1.116329916048499965e-03
1.612413094822900007e-03
1.393818084767999921e-03
1.324690219253400053e-03
9.154889344153000191e-04
7.863468149462999462e-04
1.397159251778300063e-03
1.221632468059600032e-03
1.399330911407999914e-03
1.269244522034599894e-03
1.294640274751399913e-03
1.153405014463200094e-03
1.013919797718000008e-03
6.884065731286000481e-04
7.487386321001000041e-04
1.161077180239899987e-03
1.475003638864899906e-03
6.699173170294999997e-04
7.105273776013000227e-04
8.353770160611999991e-04
7.868371049904999926e-04
1.091598457904700099e-03
5.677422589304000023e-04
1.024723956167800055e-03
1.147234310614600027e-03
5.799121789266000176e-04
1.265413710753799954e-03
1.256586439833800098e-03
1.227140542850299913e-03
7.263386388612000366e-04
1.299331229338900008e-03
8.139890167654000377e-04
8.645604729138000287e-04
9.149975285629000131e-04
9.177736994854000319e-04
6.311524931777000172e-04
1.148846439964699897e-03
1.220651143416600108e-03
1.150934972037499912e-03
7.899722117705000124e-04
1.141161266941000032e-03
1.369097738518399972e-03
1.209769903739699908e-03
7.002450701666999800e-04
1.238601695067299922e-03
7.893368936837000336e-04
1.504821349535999907e-03
1.117154459706699984e-03
7.672791814486000115e-04
8.797878233241999794e-04
9.103764643403000015e-04
9.395661352741000501e-04
7.156784012600000272e-04
1.308484723178199999e-03
1.204122390235600089e-03
1.263622711521800081e-03
1.253316961840300094e-03
8.775723617960000259e-04
1.232480028823900071e-03
1.167323220590299991e-03
1.349934726098199912e-03
7.874179597502999582e-04
1.118655583449999985e-03
1.269405323945800015e-03
1.006187791946199991e-03
1.053372168243300053e-03
8.429906553699000092e-04
9.868668580360999421e-04
9.408069444561999650e-04
1.081223692305999934e-03
1.335602952873499909e-03
9.632892714572999834e-04
1.252701354880499931e-03
1.189952308811400043e-03
1.007598866764400011e-03
5.746860745182000210e-04
5.752836093687999953e-04
8.489035132100000236e-04
1.093938059988799980e-03
1.268647780826599909e-03
1.206644955702300057e-03
1.215275432431800039e-03
8.249715614964000208e-04
6.374791218318000057e-04
1.175312285343500102e-03
1.050095947490299999e-03
5.845510775581999824e-04
1.325845472062300032e-03
7.995254091738000259e-04
1.184631291002199993e-03
1.138210014353600082e-03
8.939500033292999614e-04
1.561954292903799902e-03
9.647243120114000351e-04
1.102102534247399995e-03
1.318887225408300022e-03
1.179143019514800050e-03
8.486629039308000305e-04
8.916393337826000352e-04
1.162741325940200082e-03
9.004655451370999902e-04
1.005934020403400101e-03
1.248827343657100053e-03
1.265312813061600025e-03
1.284521469659499933e-03
1.165338386047100024e-03
1.213300708985200031e-03
1.011399033710700095e-03
1.115988866529600077e-03
1.142551930909099919e-03
1.189299213688899907e-03
9.615826612208000067e-04
9.016676179846000016e-04
1.077452662561500032e-03
1.021462364666799903e-03
1.332804673357700044e-03
1.104867733697399972e-03
7.503824738751000345e-04
8.336308217550000106e-04
1.426456150723999896e-03
1.233141316530500043e-03
1.208964348631899914e-03
8.948751866448000384e-04
1.249818991332799899e-03
1.263432872485499960e-03
7.716449642698000079e-04
1.155759314166599980e-03
6.094925126550000466e-04
1.240514634717099912e-03
7.668817074349000128e-04
1.354050222129699922e-03
6.650286143029999781e-04
1.001161023168199975e-03
1.230333523995199999e-03
9.698632582019999903e-04
8.929267461440000423e-04
1.494180430873599938e-03
7.262901851212000401e-04
6.668632990141000081e-04
8.146992384037999571e-04
9.502871985692999636e-04
6.243924161024000212e-04
1.249591473900499988e-03
1.038156888595699991e-03
9.490609087229000393e-04
9.629294092146999497e-04
1.293376914794100007e-03
5.886732656259000256e-04
9.742737885257999947e-04
7.539709543251999933e-04
1.153719536624600106e-03
1.189952308811400043e-03
1.228336831128699945e-03
1.426476408431899935e-03
7.004179018183999579e-04
1.211524181958599945e-03
7.157781951608999495e-04
1.194306545850099942e-03
6.264891191690000107e-04
1.177629291177499996e-03
8.186763716545999514e-04
6.795770861444999558e-04
1.542587543911400072e-03
8.286414328993999988e-04
1.139010177244399909e-03
9.805050579603999394e-04
1.191550706310700019e-03
9.039898941050000065e-04
1.274000777029499947e-03
1.104794157748999932e-03
9.136049198961999473e-04
1.321181522207300020e-03
6.267615635098000050e-04
1.511727990117800067e-03
6.491518935645999638e-04
7.159726247812999876e-04
8.424537165611000128e-04
1.528352834170699929e-03
1.444981188978999897e-03
1.256323249947999959e-03
1.267456150312200108e-03
7.114231589795999740e-04
1.202225488043699980e-03
8.039620264174999944e-04
1.136313928277299986e-03
9.904121614364000317e-04
8.324799920375000085e-04
1.387655998984599912e-03
1.173948435515899998e-03
1.225432273150399909e-03
1.368673758919299955e-03
8.572759995854999917e-04
5.926822855288999773e-04
1.016315280861700057e-03
1.604725356265100092e-03
9.623035029190999930e-04
1.381311871132800094e-03
1.323431110105900005e-03
1.100672778108300037e-03
8.326422711713999791e-04
7.612678395935000173e-04
1.467912395199600078e-03
5.941569378553999839e-04
5.795919847785999893e-04
8.417127104895999815e-04
1.544970154610700004e-03
1.102814621228400023e-03
8.064255518226000298e-04
8.997836756017000464e-04
8.403493741735999821e-04
1.096618323480499924e-03
1.003339244454799946e-03
1.256185324321100081e-03
5.751809380869000489e-04
9.302884883616000010e-04
1.602751427588600076e-03
7.420757242676000219e-04
1.416609600908499923e-03
1.105170176090400011e-03
1.432278418343099899e-03
1.104107903833900090e-03
1.291345242153700036e-03
1.208286316019600067e-03
5.754753909837000483e-04
5.852283907205000366e-04
1.322142347196800065e-03
7.127382592437000531e-04
7.433510638085999564e-04
6.410687791743999771e-04
7.153055881898999534e-04
7.323116719044999497e-04
1.506557778048399961e-03
1.210804418303999949e-03
1.110487068155400006e-03
1.225960085698000026e-03
1.094594199889500083e-03
1.112861898922900021e-03
1.074422697367800016e-03
1.208856351290099997e-03
1.024652614271199906e-03
8.918623899684999766e-04
1.078462798452900018e-03
1.110487068155400006e-03
8.101748411067000080e-04
7.653954836634000065e-04
1.011399033710700095e-03
1.162385929471800028e-03
6.343238345982999803e-04
8.697536639627000523e-04
1.013919797718000008e-03
8.306892863263000328e-04
7.599457768762000239e-04
9.299367145904999677e-04
1.134976863075399991e-03
7.785734186186000312e-04
1.263919824752799976e-03
1.273938506493599949e-03
1.335335235351500002e-03
1.048214715838599988e-03
1.222191134462599985e-03
1.188228888087599928e-03
6.179086276586999915e-04
8.753004130040000028e-04
1.115456873417700057e-03
1.287747314710399995e-03
8.672419105767999832e-04
9.946101938098999250e-04
9.267648995881000353e-04
1.448742622903600053e-03
9.994732450081000343e-04
1.259568905153399905e-03
1.482268049823699980e-03
1.152947817466499960e-03
1.111932163872200036e-03
8.985134965435999464e-04
6.238955881527999707e-04
1.178890921033299904e-03
9.769635586604999856e-04
7.868360595199999988e-04
1.065364254885800034e-03
1.030135804207099950e-03
1.051478491487599972e-03
7.703586049075999889e-04
1.131242379264099911e-03
1.192437484400700074e-03
8.322393541557999812e-04
1.257246081118800103e-03
1.085773134547400078e-03
1.158934179216199959e-03
1.020339553801400019e-03
1.345356437960299996e-03
7.786259275875999581e-04
1.005678341309899915e-03
5.753516377660000463e-04
1.252701354880499931e-03
1.051478491487599972e-03
5.729373771267000197e-04
1.123742760486300075e-03
1.041677174171999924e-03
1.188061842800300057e-03
1.091598457904700099e-03
7.109992785278999904e-04
1.028114613470599951e-03
8.726588706589999802e-04
1.238554429140400082e-03
8.943537391723000492e-04
1.153238535227200023e-03
1.178115207637500054e-03
1.042868650132100028e-03
7.683145599347000363e-04
1.198254756182400059e-03
1.382281008763999904e-03
1.096618323480499924e-03
5.821093932976000333e-04
1.120471366107899909e-03
7.546529222656000145e-04
1.218335833209499954e-03
1.070908928980499920e-03
8.627210280014999859e-04
1.087360312798199991e-03
8.843630970893000222e-04
1.032350279178199893e-03
1.266388374327400042e-03
1.330355738863200086e-03
5.639770388931999784e-04
1.217904780364299994e-03
1.437401865978700033e-03
8.122182363836000533e-04
1.093201093795400074e-03
1.041623467355300061e-03
1.523040036418599934e-03
1.040661940843600093e-03
7.916567400759000426e-04
1.172635435907800087e-03
1.345356437960299996e-03
1.250075313148099913e-03
1.178115207637500054e-03
1.231539982923699926e-03
1.136748783867299988e-03
7.240269072068000354e-04
8.364524982932999668e-04
1.224614050334400014e-03
7.205082181746000434e-04
6.330512928184999508e-04
1.238220239438300079e-03
1.097507225270499907e-03
6.150049541610000435e-04
9.685676012762999476e-04
1.030515404124199893e-03
1.039957017486100015e-03
1.249062232988799913e-03
8.026906131406000332e-04
8.282779450883000303e-04
9.331362148443999660e-04
5.874067219442000122e-04
7.961932981305000490e-04
8.683881469364999623e-04
5.841054073123999732e-04
1.053874607142899975e-03
9.218483993546000219e-04
6.321174118153000338e-04
1.051962960019499913e-03
1.594870799432800091e-03
6.146065903113000217e-04
5.832328117156000517e-04
1.250872344523100031e-03
1.246148255496700059e-03
1.035836784589599935e-03
9.316998933168000067e-04
1.249108819184400077e-03
5.814590867490000096e-04
1.213447250415199954e-03
6.087229794388000466e-04
7.652762437232999608e-04
6.537248668764000402e-04
1.386977015610000013e-03
5.729797249061999989e-04
7.112440598266999998e-04
1.112291728125699986e-03
7.240916307839999604e-04
1.045599837264899910e-03
1.146618399038799906e-03
6.811855826711000128e-04
1.053904462893400082e-03
8.545200127634999983e-04
1.184361370403799957e-03
9.443327586740000177e-04
6.071884349793999804e-04
1.226849683509900063e-03
1.168290129001300090e-03
7.401892469802999648e-04
1.335682860438399929e-03
6.924651757379999628e-04
1.078912776757999948e-03
1.106077818150799945e-03
9.760432538113999633e-04
8.792336478680000140e-04
9.516716043900999957e-04
1.000429203951700092e-03
1.015243477247899928e-03
1.262775586415099908e-03
1.203194898093799944e-03
9.447161111563000518e-04
1.359767710314499934e-03
7.365639911952000024e-04
6.487401854889000364e-04
1.045599837264899910e-03
1.159232190853300018e-03
9.674774936025999899e-04
6.290909815700999495e-04
1.296774023408000034e-03
9.738704536162999569e-04
8.000379922776000097e-04
6.064262960957000122e-04
7.665601758364000255e-04
6.258915568018999986e-04
1.020558613995099957e-03
1.470832516697499932e-03
1.304840509974999983e-03
8.509524652033999791e-04
1.392844762389999942e-03
1.319175399230899980e-03
1.457318000786099899e-03
1.019904356072399943e-03
7.206716501681999709e-04
5.692907725551000445e-04
1.081559808770200066e-03
1.170227194015000059e-03
1.275853676057199992e-03
8.671575227058999583e-04
7.493328200752999999e-04
1.270945500349900071e-03
1.423565456651399970e-03
1.106822737008499946e-03
1.265142217904899986e-03
1.051962960019499913e-03
1.447274875445100006e-03
1.569219102940500044e-03
8.987107521419000246e-04
1.269714631904099921e-03
1.422216038536099894e-03
8.057698392778000519e-04
7.225006739212000385e-04
1.087360312798199991e-03
8.693653663159999758e-04
6.639259772340999535e-04
8.627629994618999515e-04
1.288472940218300059e-03
7.929935025244999602e-04
8.490038056227000368e-04
1.279842634380399993e-03
1.733087920145299924e-03
8.062656862627999707e-04
5.943408087378999503e-04
6.046309730008000375e-04
1.179764031898599894e-03
9.836754779462999858e-04
1.088138430241599938e-03
1.113544355747200093e-03
1.677277583787700060e-03
1.323587880208899892e-03
1.112861898922900021e-03
8.065850346739999619e-04
1.125981641229999945e-03
1.012031448330700080e-03
1.306704018230100050e-03
6.426940531215000066e-04
6.621002240115999530e-04
9.425457392188999958e-04
9.187636551726000500e-04
1.225617886231500104e-03
5.732538308937999661e-04
1.085079177293400091e-03
1.201131793795299921e-03
8.819614690575999522e-04
1.264207794442999931e-03
9.032033315372000291e-04
1.093669894407299980e-03
1.047771936683399973e-03
6.039313574802999615e-04
8.397304226561999813e-04
7.559206000628999628e-04
5.870618160338000446e-04
1.260519306980899994e-03
1.318347453726799933e-03
9.016622409173999765e-04
1.176140722529800094e-03
7.692845427456000522e-04
7.739968321697999684e-04
7.622040918408999523e-04
1.083609901472100010e-03
7.501549310531000153e-04
7.524588834017000016e-04
1.486385730399500003e-03
1.006332209570599996e-03
1.508441829099299971e-03
1.104701224380600071e-03
1.192190465687200046e-03
1.109317133206900010e-03
1.344662699987599942e-03
9.638486040675999823e-04
8.135589134642000385e-04
1.299807157111299927e-03
1.097191536037300016e-03
6.437017305679999715e-04
8.578236441766000451e-04
8.584432379474999947e-04
1.107456499044000070e-03
1.167591074740699899e-03
1.053874607142899975e-03
1.176140722529800094e-03
8.793278000332000128e-04
1.037034788912899897e-03
1.519737319128899910e-03
1.100480461986500088e-03
6.881007394079999718e-04
1.105936604439600006e-03
7.091952371600000011e-04
1.273953193811699957e-03
1.197625528268300103e-03
1.088459946225500035e-03
5.939938008521000387e-04
5.807807213997999559e-04
6.087630182352000378e-04
1.032350279178199893e-03
1.192424463930799898e-03
9.289312007472000322e-04
1.019501319372599895e-03
6.629291774032000217e-04
1.142508155030600098e-03
1.057946205505200027e-03
9.329353249851999631e-04
1.183064929992099987e-03
1.045201313883999897e-03
7.243125723403000043e-04
1.517289848352599982e-03
8.551677979156000137e-04
1.087026363136999905e-03
1.231512743072399980e-03
7.042761332049000088e-04
1.542059544209700012e-03
8.456627624551999508e-04
1.147613562734199968e-03
7.239193509497999883e-04
6.353924531001000058e-04
6.610876793768000236e-04
9.648403539700999877e-04
9.018999756119000294e-04
7.827662894509000496e-04
1.211016661669700022e-03
1.126814496982900000e-03
7.974478559353000238e-04
8.151230030596000537e-04
9.354617772455000105e-04
5.999857428772999678e-04
1.314408904558700061e-03
1.643786572322399921e-03
5.773196192046999584e-04
5.983472789579999786e-04
1.117154459706699984e-03
1.385558856787700091e-03
9.063465005649000081e-04
1.291592162608099989e-03
1.161432923170899970e-03
1.007598866764400011e-03
1.440268737481600067e-03
7.087084886025999536e-04
7.284991090776999625e-04
1.041910525288899892e-03
8.245372053235999971e-04
1.115552194851500076e-03
1.238094137806299922e-03
1.567161560255099983e-03
5.970625155449000481e-04
6.044781012692000384e-04
7.874087940309999886e-04
7.679467626374999545e-04
6.492911677863999823e-04
8.508460092978999524e-04
1.453663725684499908e-03
1.174544438521800058e-03
1.424988678770399992e-03
1.107334365363799944e-03
1.082338386063999959e-03
6.567336038739000513e-04
1.074542153408299897e-03
1.027847854617900021e-03
6.202262335293000448e-04
8.830342453401999678e-04
9.083768812128000143e-04
1.231237303507900062e-03
1.269499834817399992e-03
1.074422697367800016e-03
7.416319650557000407e-04
1.237933967006800027e-03
7.331869439429999739e-04
1.094646342195600098e-03
1.343862945252000075e-03
5.980009172672999919e-04
1.090876192124700002e-03
5.917025919379999667e-04
9.492958358511999510e-04
9.979898546568000996e-04
8.481713849918000444e-04
1.290887441994700065e-03
1.232914565546200034e-03
1.254623113692700069e-03
1.248382016653700041e-03
1.243418730647699935e-03
6.082180209178000407e-04
7.353416332701000202e-04
5.763527687742000345e-04
1.546719110644600038e-03
1.041965866350900039e-03
1.039617740110600035e-03
7.789420846254000276e-04
1.136748783867299988e-03
1.147073969846399994e-03
9.091938055866000123e-04
1.201974259729599991e-03
8.912372106220000029e-04
9.465876683104000036e-04
1.102969147252400028e-03
1.145854861574999899e-03
6.792328198931000182e-04
8.479833096142999800e-04
1.279832470649899974e-03
1.195617218458700079e-03
8.661970636584999947e-04
9.144628694169999825e-04
6.319324975740999578e-04
1.504318404434700071e-03
1.219591856488699963e-03
7.933695301642999798e-04
9.773616783839999579e-04
1.206751562446400049e-03
9.018367699733000065e-04
5.919967439480000072e-04
6.147355055817999925e-04
1.531231970603400038e-03
1.006641514066099977e-03
1.082145921532600081e-03
1.496551984876000026e-03
7.344565246090999523e-04
1.293094884310199994e-03
1.141059639455299949e-03
9.375499452837999983e-04
1.333666958269299910e-03
5.768209207607999855e-04
1.297071090160299917e-03
7.383052689296000243e-04
7.488674694817000011e-04
7.362304401142000113e-04
1.196311160996199911e-03
8.951442469523000333e-04
9.671036442292999793e-04
5.876698155808000260e-04
1.173948435515899998e-03
8.811241458393000029e-04
1.499055690962100042e-03
5.792464790948000227e-04
7.177156154614999697e-04
1.130240583205800080e-03
1.273689024675399902e-03
1.006903661614200023e-03
8.310352004240000295e-04
1.503603358674199990e-03
1.114126018444000022e-03
1.398043143721799941e-03
6.332428269259000484e-04
9.620296042638000087e-04
8.564255493234999503e-04
7.302161694294999469e-04
1.063513474126600048e-03
8.916544096986999584e-04
7.817020801989000428e-04
1.378568318411900083e-03
1.425844257158999937e-03
8.289997823920000055e-04
7.349717887990999928e-04
7.220675169028999965e-04
5.753263153705000330e-04
8.246014102939999485e-04
1.099494403329299985e-03
1.050893434269999961e-03
1.368752014357400024e-03
1.101509423556799958e-03
9.731735593806999920e-04
9.744028367763999873e-04
9.110415686730999503e-04
9.760432538113999633e-04
6.472562673956000446e-04
6.761010126951999500e-04
6.586771614065999817e-04
1.118243870765800061e-03
1.754955929602600075e-03
1.180673216897799990e-03
7.999545745256999825e-04
1.224123945182200007e-03
6.537577269693000065e-04
5.710242659340000271e-04
1.089241846247700077e-03
1.174544438521800058e-03
5.797956831631000119e-04
1.187367679462299945e-03
1.114008861765400024e-03
1.149298874021100056e-03
9.517921139409000336e-04
5.878306547384999766e-04
1.198712714355500098e-03
5.940071744957999911e-04
5.721139127573000426e-04
7.000656694207999745e-04
1.273313046928799914e-03
1.274569458693200095e-03
9.709091244321999470e-04
1.184547362736399932e-03
1.317018236165599975e-03
1.185718273504499966e-03
1.145452226670799897e-03
7.139866275699999860e-04
6.576778054911999565e-04
5.765220406890999780e-04
1.062428122899899919e-03
1.188186843219300086e-03
1.037984013527600089e-03
1.103190762370099979e-03
6.195996588844999943e-04
9.610473936188000188e-04
8.878937377044999763e-04
7.123817705690999513e-04
1.088967988616699935e-03
1.256363181933199983e-03
9.917702567098999732e-04
6.749997564585999898e-04
1.404178804230800078e-03
1.368817912324899909e-03
9.623035029190999930e-04
1.139292334453800024e-03
1.050211682312400053e-03
1.480293497117799980e-03
1.083622398781300096e-03
1.140906636524299973e-03
9.958583565192000858e-04
7.965072973439000538e-04
1.160999126739099916e-03
1.226849683509900063e-03
1.187876551581200021e-03
1.086431365432700058e-03
1.014596692931399964e-03
5.789442756834000097e-04
7.334650273084999559e-04
1.078813275554700015e-03
8.179195824754999754e-04
8.610553495513999797e-04
6.691198913138999942e-04
8.491032234211999758e-04
1.271050812960299904e-03
1.243325232562000025e-03
1.079379331886599902e-03
6.898308359861000071e-04
1.134308116329399993e-03
1.092858751372599926e-03
1.031029294958600009e-03
1.173727108032600070e-03
1.090695998733900085e-03
1.123742760486300075e-03
7.087378553476000138e-04
6.212223337895999599e-04
8.269714352925999464e-04
7.455368623565999595e-04
6.515839036726000328e-04
1.219318633716399937e-03
1.122765489367099972e-03
1.317408813333100035e-03
1.281551755435799984e-03
1.135840392303100101e-03
6.107252680504999870e-04
1.088718661968099931e-03
1.239326211420400080e-03
1.029923102911900002e-03
1.051786909737899896e-03
1.223521874530299940e-03
1.202457557308799895e-03
8.800184868932000096e-04
7.834316344871000270e-04
1.000968532687600060e-03
9.605533845018000318e-04
9.016622409173999765e-04
5.740676248351000467e-04
8.743509728388000526e-04
1.327446462676899969e-03
1.251228545384300067e-03
1.026182375639799913e-03
1.158499596034899938e-03
8.662378737409999691e-04
1.040278269839299942e-03
1.277155779247399984e-03
1.047771936683399973e-03
8.279929216694999943e-04
1.098545725693999935e-03
1.125358975486899938e-03
1.157595292156399962e-03
1.325572843400900022e-03
1.237934229856499932e-03
1.242073019301799964e-03
1.158499596034899938e-03
6.783676002121999610e-04
1.230436641023300096e-03
7.249934682522999468e-04
7.153668809914999612e-04
1.019914095244199917e-03
8.305386328809000532e-04
1.113748383707399963e-03
1.138901640358000022e-03
7.258158063361999472e-04
6.017443679498000542e-04
5.976096058864999649e-04
9.432155145046999811e-04
1.472464590311200030e-03
1.207114866195899963e-03
1.138002669365599994e-03
1.024652614271199906e-03
9.051817767581999893e-04
1.311922427423600074e-03
9.541048747570999786e-04
1.249721793844499980e-03
1.114089449110500056e-03
9.881106132678999475e-04
9.607610655057000114e-04
1.309273491291099937e-03
9.195690319933999719e-04
9.487584496305999631e-04
6.503144598980000347e-04
8.933018173896000065e-04
1.346216305540399961e-03
7.782873597030000356e-04
1.237842288584299968e-03
6.578226632055999938e-04
1.074037873483199958e-03
5.639770388931999784e-04
1.388866606553599984e-03
1.108605973379800077e-03
1.240991485411399977e-03
9.920273878241999809e-04
9.607517963021000281e-04
1.517826015784600087e-03
9.141935113093999782e-04
1.381894909467600019e-03
1.170791992144099968e-03
1.343920572760500020e-03
6.445382393044000275e-04
1.104107903833900090e-03
1.124878944669499906e-03
1.194833274030899931e-03
8.892090232054000211e-04
1.399968764618900012e-03
7.338236100614000355e-04
1.484197022855299935e-03
1.017952588328099916e-03
1.259911597787399936e-03
8.804336466810000006e-04
1.239952922727499988e-03
1.214018030666099953e-03
1.254369091195299980e-03
1.238601695067299922e-03
1.037984013527600089e-03
1.385448524763799967e-03
8.022106345436999519e-04
1.175274684096300030e-03
6.200863103511999787e-04
1.423630188264799964e-03
1.368818443495099964e-03
1.010290739650800086e-03
1.264375133183100056e-03
1.364073363367299943e-03
1.558519413966499931e-03
5.962192777589999824e-04
1.312905749834899962e-03
1.091379732546800090e-03
1.329338616297400053e-03
1.082201527982500034e-03
1.259497966559699946e-03
7.472109830594000478e-04
1.461228094345000091e-03
8.661947695999000106e-04
6.496366492521999476e-04
5.748718981206000448e-04
1.513564350483000056e-03
9.901842010639999407e-04
9.950293867434999943e-04
1.268848988608600086e-03
8.937115902219000497e-04
1.159476598731000105e-03
1.077410463681199989e-03
1.173346577405800064e-03
9.311726072237000006e-04
5.720099654543999703e-04
6.358609609417000463e-04
5.870953520808999595e-04
6.623930859595999511e-04
1.442977537752799990e-03
6.979790251578000442e-04
1.352308359927100042e-03
1.179031083972000016e-03
8.226070173837999591e-04
6.261295449422999522e-04
7.682616626052999557e-04
6.704395723247999614e-04
1.068874036970799942e-03
9.667822062338000174e-04
1.026173909997000078e-03
1.086283862189700014e-03
1.469127606455900015e-03
1.483494577396399922e-03
9.638486040675999823e-04
7.650819560189999965e-04
1.303196611483799965e-03
5.852620560557000341e-04
1.374651702402099980e-03
1.454437471827600041e-03
1.174248077043499967e-03
1.300585326455100084e-03
1.063709917313799928e-03
8.757631049466999820e-04
1.020148078085000073e-03
1.440673615404899953e-03
6.023619484953000305e-04
1.601888625315200107e-03
5.742661521523999800e-04
1.060129284983299912e-03
7.255807917824000364e-04
5.977428052561000382e-04
7.152363499402000346e-04
1.153716289834000059e-03
1.023334678565899960e-03
5.873399104395999942e-04
9.502871985692999636e-04
8.013515380164000458e-04
5.790532383771999783e-04
1.356316978393600067e-03
8.653937415232000477e-04
9.312812619018000010e-04
9.244454386273000387e-04
1.404768063780699938e-03
1.094287325457499920e-03
9.742737885257999947e-04
8.543440277770000379e-04
1.249966114136000055e-03
6.864816426693999725e-04
1.043203926995400072e-03
1.262538438850200001e-03
1.023941093310900023e-03
6.145337300410999527e-04
7.649142943547999765e-04
6.344422156575000313e-04
1.164995327762600097e-03
5.934658761812000192e-04
6.192343442440999962e-04
6.846250339539999971e-04
1.551583925908700014e-03
7.587512255114999904e-04
9.492958358511999510e-04
1.052374114845700025e-03
6.300231248561999862e-04
8.174868993566000155e-04
1.152889244474999964e-03
1.219234085046099966e-03
9.946101938098999250e-04
1.562297284107200040e-03
1.156839379548600015e-03
7.172671014881999534e-04
5.953309614469999567e-04
1.422516583797200007e-03
1.229217953253800011e-03
8.019288855057000532e-04
1.153742904390000091e-03
7.722251911399999596e-04
7.531567145112000403e-04
1.213057033837700027e-03
8.226556396568999747e-04
6.369014284379000048e-04
5.991170925673999564e-04
1.332922772463000088e-03
8.650793461796999666e-04
1.052364650691000074e-03
9.904121614364000317e-04
8.746795854244999524e-04
6.452963862445999527e-04
1.183170641147800097e-03
8.055604735249000418e-04
1.170877064430500070e-03
9.661627184921000276e-04
1.085461202162799977e-03
5.742197312545000397e-04
6.919821961827999886e-04
1.080333980079299996e-03
1.209724032436500013e-03
1.229955389964300025e-03
1.256586439833800098e-03
8.376159722939000105e-04
5.844680879510999504e-04
1.447501669486099931e-03
5.934593981022999974e-04
7.065863092524999516e-04
6.860837684330000491e-04
1.074037873483199958e-03
1.337695120050499996e-03
9.655838114846999670e-04
1.386587222787100072e-03
1.496191242417999967e-03
8.688221922055999573e-04
1.122917642970100091e-03
1.087026363136999905e-03
1.346841192986299998e-03
7.093727531530999962e-04
1.358893376015600073e-03
8.459851115027999932e-04
1.238220239438300079e-03
7.099475621887000503e-04
1.141590952410299984e-03
5.785912370535999929e-04
8.840072826075999956e-04
8.740685794479000157e-04
1.281845689289599997e-03
5.713275851022999981e-04
7.603561347672000131e-04
1.363119364992299931e-03
5.685024939359000200e-04
1.188265989520199918e-03
1.192014300021300042e-03
1.097507225270499907e-03
8.181241693935000295e-04
1.520164415287099911e-03
7.673577479556999582e-04
8.370652576816999891e-04
1.146466307857099904e-03
1.048191886738700012e-03
1.244581489636499994e-03
1.292368512459000050e-03
1.156628492118500070e-03
1.196311160996199911e-03
7.575343200855999808e-04
1.523816799769799968e-03
7.078282498101999510e-04
1.109508261653199910e-03
8.798041887899000352e-04
5.639770388931999784e-04
1.365056902097000089e-03
7.809656787502000349e-04
1.412877216194700046e-03
1.396396188558500029e-03
1.236044050091700047e-03
1.078337672233700088e-03
1.024112273839899957e-03
1.187367679462299945e-03
1.451162121230799903e-03
1.082831437126700099e-03
1.246088059572300014e-03
1.178890921033299904e-03
1.016971593173100026e-03
1.200171671499099908e-03
1.490899178430200043e-03
1.214182360743099954e-03
1.092858751372599926e-03
5.854899873475000009e-04
5.823070152273000051e-04
8.254725507927000239e-04
9.260681761121999618e-04
1.321543590445600075e-03
5.985346752413000073e-04
8.521179293662999553e-04
