4.345826018236898761e-04
4.901661857592519433e-04
3.107313263175364316e-04
7.530252894141454753e-04
2.990912890476068401e-04
7.230150371224788397e-04
3.283231153560206821e-04
3.002517715381468701e-04
6.703897111557267224e-04
3.296768865388279100e-04
5.024601554551304684e-04
8.307494285813472618e-04
4.792428624029663174e-04
2.807210740258697960e-04
5.009157661832910717e-04
4.901661857592519433e-04
3.160291456601421571e-04
6.197391133624589703e-04
3.305574482187311597e-04
3.264076495393210047e-04
5.029025811100729885e-04
2.712742345047343753e-04
3.107313263175364316e-04
8.195007688427552190e-04
3.204460026047791866e-04
5.041503304229202290e-04
7.700776931505744606e-04
5.046944883178410002e-04
3.267787260841811771e-04
4.945830427038890812e-04
5.029025811100729885e-04
4.353115275768530473e-04
7.489821830869292226e-04
4.981030033838473045e-04
3.305574482187311597e-04
3.160291456601421571e-04
4.879753639528774142e-04
8.556972884895791120e-04
9.231192231860390089e-04
3.304334888917342646e-04
7.627399657013882303e-04
3.240173713474560520e-04
4.837835379068426570e-04
3.305574482187311597e-04
3.304334888917342646e-04
7.809901322978033160e-04
3.287655410109631480e-04
3.176458262459522707e-04
3.305574482187311597e-04
4.692568598057225314e-04
3.304334888917342646e-04
4.017198774299120191e-04
3.107313263175364316e-04
5.009157661832910717e-04
3.296768865388279100e-04
3.160291456601421571e-04
7.576847651657584500e-04
4.951705708873882159e-04
3.138383238537675738e-04
3.240173713474560520e-04
7.489821830869292226e-04
3.096464978077328165e-04
5.029025811100729885e-04
3.240173713474560520e-04
4.879753639528774142e-04
7.690726891807902208e-04
3.305574482187311597e-04
3.267787260841811771e-04
6.453637287436454328e-04
3.240173713474560520e-04
2.951198197066126367e-04
3.240173713474560520e-04
3.296768865388279100e-04
9.209501147806919193e-04
3.267787260841811771e-04
4.792428624029663174e-04
5.009157661832910717e-04
3.239659632847374641e-04
1.004298940496957913e-03
4.134033253929700683e-04
4.246213766409226865e-04
5.046944883178410002e-04
6.844651026640678803e-04
3.300132903238103344e-04
4.353115275768530473e-04
6.563866763710018634e-04
4.548581141249796907e-04
3.160291456601421571e-04
7.412924067082700928e-04
3.300132903238103344e-04
3.287655410109631480e-04
3.096464978077328165e-04
2.989984436116610491e-04
1.007870309239634887e-03
2.894525024442324798e-04
5.045705289908441592e-04
2.989984436116610491e-04
1.010631663976360121e-03
3.264076495393210047e-04
7.135681976013434191e-04
3.305574482187311597e-04
3.896335363486651488e-04
9.998820835523209924e-04
2.542660072326408723e-04
8.204472241106053722e-04
5.046944883178410002e-04
3.310216716924638302e-04
6.703897111557267224e-04
3.287655410109631480e-04
4.951705708873882159e-04
5.487018557687428329e-04
3.240173713474560520e-04
3.267787260841811771e-04
4.246213766409226865e-04
3.210335307882783212e-04
3.051058223038563685e-04
5.009157661832910717e-04
7.468130746815820247e-04
2.738227358211806875e-04
3.239659632847374641e-04
5.038139266379378046e-04
4.353115275768530473e-04
5.005446896384308994e-04
5.041503304229202290e-04
5.024601554551304684e-04
3.160291456601421571e-04
3.304334888917342646e-04
5.045705289908441592e-04
4.786561516840828756e-04
2.974060161629058169e-04
4.743888116372567648e-04
5.024601554551304684e-04
6.609249177556456934e-04
4.945830427038890812e-04
3.176458262459522707e-04
3.239659632847374641e-04
3.264076495393210047e-04
4.879753639528774142e-04
4.848683664166463262e-04
8.319274994452741925e-04
3.138383238537675738e-04
3.107313263175364316e-04
8.877052377004533137e-04
5.045705289908441592e-04
3.107313263175364316e-04
5.041503304229202290e-04
5.041503304229202290e-04
3.264076495393210047e-04
3.176458262459522707e-04
9.645740119180486313e-04
3.210335307882783212e-04
2.611744874777431526e-04
5.046944883178410002e-04
4.981030033838473045e-04
5.009157661832910717e-04
2.859390870739081164e-04
1.118020469747982082e-04
4.692568598057225314e-04
5.041503304229202290e-04
5.041503304229202290e-04
2.974060161629058169e-04
4.548581141249796907e-04
5.935029830591857965e-04
3.239659632847374641e-04
4.901661857592519433e-04
5.009157661832910717e-04
3.176458262459522707e-04
2.504843365418129002e-04
3.304334888917342646e-04
4.901661857592519433e-04
4.786561516840828756e-04
5.046944883178410002e-04
5.045705289908441592e-04
3.239659632847374641e-04
2.712742345047343753e-04
1.643722726810157653e-04
3.283231153560206821e-04
3.239659632847374641e-04
3.160291456601421571e-04
3.296768865388279100e-04
7.710595041075722460e-04
7.228388958678527276e-04
6.086182274841763591e-04
4.635895425433423744e-04
5.280719567111680441e-04
8.869227035392152243e-04
8.218708335996284964e-04
7.627399657013882303e-04
4.548581141249796907e-04
3.264076495393210047e-04
3.304334888917342646e-04
4.879753639528774142e-04
3.240173713474560520e-04
3.300132903238103344e-04
3.296768865388279100e-04
3.121549358065595016e-04
6.927782996384219440e-04
5.046944883178410002e-04
5.038139266379378046e-04
7.676400231582956911e-04
9.468644920874532030e-04
3.264076495393210047e-04
4.792428624029663174e-04
3.287655410109631480e-04
8.257450434532110977e-04
5.041503304229202290e-04
5.046944883178410002e-04
3.300132903238103344e-04
4.981544114465658382e-04
3.296768865388279100e-04
3.138383238537675738e-04
4.981544114465658382e-04
4.353115275768530473e-04
5.038139266379378046e-04
3.300132903238103344e-04
5.029025811100729885e-04
8.877052377004533137e-04
3.304334888917342646e-04
5.041503304229202290e-04
3.296768865388279100e-04
4.848683664166463262e-04
7.627399657013882303e-04
4.792428624029663174e-04
3.239659632847374641e-04
3.264076495393210047e-04
3.304334888917342646e-04
5.009157661832910717e-04
3.204460026047791866e-04
2.611744874777431526e-04
3.240173713474560520e-04
3.305574482187311597e-04
2.897454410052622002e-04
4.837835379068426570e-04
3.283231153560206821e-04
4.981544114465658382e-04
3.300132903238103344e-04
9.551271723969132106e-04
3.210335307882783212e-04
5.029025811100729885e-04
2.907970110067723988e-04
3.160291456601421571e-04
9.209501147806919193e-04
3.210335307882783212e-04
6.929273987640626516e-04
4.837835379068426570e-04
3.096464978077328165e-04
4.837835379068426570e-04
5.835477250666485554e-04
2.974060161629058169e-04
5.380750329903571374e-04
3.267787260841811771e-04
5.661805396603415913e-04
4.837835379068426570e-04
2.897454410052622002e-04
2.974060161629058169e-04
3.240173713474560520e-04
2.951198197066126367e-04
6.665809282310208601e-04
3.287655410109631480e-04
3.160291456601421571e-04
3.300132903238103344e-04
7.728514113153402577e-04
3.305574482187311597e-04
3.305574482187311597e-04
3.304334888917342646e-04
4.981544114465658382e-04
3.267787260841811771e-04
9.058835056399514724e-04
3.002517715381468701e-04
3.002517715381468701e-04
3.296768865388279100e-04
4.945830427038890812e-04
3.096464978077328165e-04
7.723072534204193781e-04
7.808032758767347037e-04
3.267787260841811771e-04
5.009157661832910717e-04
3.204460026047791866e-04
8.257450434532110977e-04
3.240173713474560520e-04
3.287655410109631480e-04
5.041503304229202290e-04
5.009157661832910717e-04
9.432097292799001154e-04
9.468644920874532030e-04
7.676400231582956911e-04
4.871768979306341160e-04
8.384814388040320345e-04
3.304334888917342646e-04
3.283231153560206821e-04
5.038139266379378046e-04
3.283231153560206821e-04
3.072592226725391466e-04
3.096464978077328165e-04
3.240173713474560520e-04
3.305574482187311597e-04
6.609249177556456934e-04
5.009157661832910717e-04
5.009157661832910717e-04
7.034684505743521964e-04
7.690726891807902208e-04
5.029025811100729885e-04
4.879753639528774142e-04
3.240173713474560520e-04
7.723072534204193781e-04
4.981544114465658382e-04
6.665809282310208601e-04
4.715430562620157116e-04
4.981544114465658382e-04
3.240173713474560520e-04
2.807210740258697960e-04
9.209501147806919193e-04
7.723072534204193781e-04
2.665305296176443480e-04
3.264076495393210047e-04
7.627399657013882303e-04
4.981030033838473045e-04
5.005446896384308994e-04
