6.933948573794233535e-05
9.782023792769448559e-06
2.554635284343500113e-03
2.376674453039000039e-03
2.586534756457599827e-03
4.201334008480321326e-05
5.189591615197630079e-05
7.789635904136999476e-04
8.477746197613900605e-06
9.756599259815260596e-06
7.147829492989263745e-05
2.554628283229999977e-03
6.710130395910681296e-06
6.636356857966012139e-05
1.437666486495000034e-04
1.960810163204880130e-05
8.958327630840209164e-06
3.737164085317000168e-04
2.889835755759999824e-04
1.691249621757999878e-04
5.388663317141095094e-05
5.977448458209212522e-05
1.058590954042000064e-04
2.519747253341700181e-03
1.682616465324999892e-04
4.601847379024783755e-05
2.973653043295999962e-04
5.962932617270345133e-06
1.190225407863000043e-04
2.418438062881500105e-03
6.181950298099892475e-06
7.393502319310714626e-05
1.222135813936220175e-05
1.645260040677642494e-05
2.787982239297288276e-05
2.282055535876821456e-05
1.644004542678000102e-04
2.565644883745700055e-03
2.588837904944800167e-03
4.951851180250999842e-04
2.273748254808799843e-03
1.382105497593000070e-04
6.783595778370165554e-06
2.498630986893600209e-03
5.067126417110774200e-05
6.504957160149299217e-05
6.013598621411000338e-04
1.246415459390857662e-05
3.784416440619833697e-05
3.337333710129980317e-05
3.691883240551999948e-04
9.127183088876456436e-06
2.842368213157999779e-04
1.023126665981999978e-04
2.743378401623999992e-03
1.862821951664742865e-05
2.647877830458199907e-03
3.465151841477704628e-05
2.731724248358899897e-03
1.322437737136970038e-05
2.697042679377931461e-05
8.674281135824000533e-04
2.495764660055999908e-04
9.010058072150947586e-05
3.630384640719100668e-05
1.234422148883848758e-05
2.561517127252900192e-03
4.134855634046229661e-05
1.822246015706224063e-05
1.685781089067135333e-05
7.107961477942150471e-05
4.989072110211226533e-05
1.823035546801000072e-04
2.569263771749700186e-03
3.000545413434999855e-04
2.834133741364200029e-03
7.456774045509309148e-06
2.850102122305500120e-03
1.312377523583000132e-04
6.045556231814000394e-04
3.797007792550159970e-05
8.365982584797119201e-05
3.920291485263784759e-05
5.532174933504743300e-06
2.418931096485399997e-03
2.259359109742192000e-05
4.101874259625891162e-05
2.438609692387200094e-03
2.003364927878862765e-05
2.795957998917100035e-03
2.312446421691641008e-05
2.500772901260703895e-05
5.409999034932628050e-05
2.526312909558999908e-03
1.249009791659108386e-05
1.709830550654271657e-05
4.026859274274820991e-05
9.346892838454323965e-05
1.603596654815000121e-04
2.602983583342402307e-05
2.151782124207786247e-05
2.542690498975662977e-05
2.647877830458199907e-03
6.638537306457669332e-06
1.176553112121999967e-04
1.704394519873000035e-04
3.082134166091700118e-03
3.392313801377641944e-05
2.858639921933099799e-03
1.062427593505000040e-04
1.094543125357282978e-05
2.766301307389499795e-03
5.450772455253999641e-04
1.370357685825000034e-04
2.590187384219499837e-03
5.929793671513716312e-05
1.464263787027249616e-06
5.247885946225023775e-05
1.852986339737296674e-05
1.625092044589983917e-06
1.434658872995999877e-04
3.713910523572000054e-04
1.196069793822866717e-05
4.932371673554940030e-06
2.543788833716999903e-04
3.300998014308223035e-06
2.448090885859100039e-03
8.039461943712208230e-05
3.587381003268117657e-05
2.831330400031835875e-05
7.463602039280782404e-06
1.852525872637999886e-04
4.464813334244642230e-05
7.525945174678959912e-05
6.817414794421999477e-04
2.872661239718236824e-05
2.267697440463000054e-04
5.371656328556059065e-06
3.809926728468132867e-05
2.340169376676066562e-05
1.149997412209377412e-05
1.669552212116039559e-05
8.553946292822336178e-06
2.421855956736899875e-03
5.941894440617999850e-04
2.702069136916299998e-03
8.022919214777961467e-05
6.778076303574094863e-06
2.676821121953999868e-04
5.323506345412863064e-05
2.691298280832300077e-03
2.702969687830399786e-03
1.536500986148226619e-05
2.761356978169499793e-03
4.454871487496276858e-05
2.576104566439499973e-03
6.034472212531538573e-06
6.777457963239326270e-05
6.240494062311241055e-06
7.931475069734809512e-05
9.076704991860960389e-05
2.539412329697629474e-05
8.941826787664015766e-06
2.669273485483800081e-03
9.496085579276027783e-05
1.049533884737468429e-05
7.938895294129479573e-05
4.864286096815850151e-05
2.564467690043500166e-03
2.745232591813400163e-03
2.728023106951200059e-03
3.942023069725630690e-05
4.180655123745792096e-05
2.731123301906199924e-03
2.780060858582999832e-03
8.148213001475999948e-04
3.226387207259606796e-05
3.238569291786173599e-05
1.803875263726999905e-04
9.692075875066534195e-06
3.379046366921116670e-05
1.242917006345812018e-05
1.631405517454075814e-05
1.126121046180354586e-05
2.839134909721000022e-04
1.592844444879256885e-05
7.510532373809241150e-05
1.488362598884226070e-05
2.485219469157000133e-04
2.331216499144289143e-05
7.861512589117449780e-05
5.115512436991147332e-06
2.643307480355999890e-03
2.789678656750700127e-03
3.436535951003946872e-05
1.664165422830479616e-05
5.736665795139175318e-05
3.734396139367999849e-04
9.510529486274121652e-05
5.854212088854312277e-05
4.790878799719334274e-06
2.246552138647297956e-05
8.721263002511226822e-06
4.379235513076237101e-06
3.031491372101835708e-05
2.992842337654799852e-03
1.506838183975000038e-04
3.889671945792186276e-05
6.712671761779603181e-05
4.260199349837172681e-05
3.152928200355999740e-04
8.189339119040101901e-05
2.029033278951092157e-05
6.811063514770168406e-06
2.452552856900399800e-03
9.526419208834108426e-05
3.030060621260100007e-03
2.701666471812099943e-03
2.727421512025600143e-03
5.169605988519000456e-04
4.898695361766907828e-05
5.637873225229000440e-04
4.248141266936526143e-05
9.375508922919275950e-05
3.485197732220398237e-05
1.166462318188156839e-05
1.350609734496999962e-04
2.497032323336700020e-03
1.494500915315478481e-05
2.299544097744399967e-03
1.891517662139669472e-05
4.257201265437849280e-05
1.282114335811531072e-05
2.594018946751000098e-03
2.151072634828000030e-04
1.625759023332999924e-04
2.840012162575000060e-04
6.408582637014379602e-06
2.559828549499999859e-03
1.169644568830999974e-04
2.461897381759899951e-03
1.626027705017115186e-05
7.371373247165647941e-05
2.575521135348099802e-03
3.930986654413221178e-05
4.315610338468706022e-05
7.072455288792506788e-05
5.459340315917922192e-05
8.680099272283683216e-06
5.054181060706900645e-05
3.444681863072330375e-05
1.030564354613000051e-04
2.847366958454900128e-03
5.495306663553948726e-05
3.550500263872818425e-05
1.182293453119955157e-05
4.272168190880923964e-06
4.433759621201945116e-05
4.354566908381972488e-06
4.723393499963000138e-04
2.576104566439499973e-03
1.910354861603089330e-05
3.208157632467502227e-05
2.789678656750700127e-03
6.158274524091615394e-06
2.650840807144900189e-03
2.580942100467944168e-05
2.687035350972899993e-03
5.498526880354999728e-04
3.684399647611999928e-04
2.512468635751199855e-03
2.593876189754599788e-03
2.097517364692937032e-05
7.146092295304715624e-06
5.381050499850801539e-06
1.755512617914314693e-05
5.392276127847178989e-06
2.569263771749700186e-03
5.851891421357861195e-06
2.733951031665599919e-03
7.836811812460550773e-05
2.677914610029499994e-03
1.835643102008699070e-05
3.122251594392699923e-03
2.815868707704199947e-03
6.437251067814842969e-06
4.988571765780086282e-05
2.710552634125799800e-03
1.220084601119940455e-05
3.349584664800164260e-05
1.187016364811339964e-05
2.342293298072600088e-03
2.645036162432300164e-03
1.435762149135999869e-04
2.045994527549076453e-05
2.043392574492937592e-05
1.454197978591734484e-05
3.007808819257299857e-03
4.961860142702302976e-05
5.870992661259173178e-06
3.352062946192999873e-04
1.964274573715692153e-05
1.932040050673000024e-04
7.858604712384063297e-05
2.115346196059101900e-05
6.203720250236425843e-05
4.463655866652999982e-04
2.609448679323300192e-03
2.452546480645200182e-03
1.241433100138000117e-04
1.053643342801999997e-04
1.432181213030999940e-04
3.469482737412991858e-05
2.581312117888400100e-03
1.895410642991999909e-04
5.893206743804308274e-05
6.970299204092980910e-05
1.895457813995025256e-05
6.728231269114292744e-05
1.779621875761379325e-05
2.524807666431799942e-03
4.254461880443632115e-06
5.234180582688812145e-06
1.679992842185999919e-04
2.107580831258400178e-03
1.283714443638999867e-04
2.618469774530800178e-03
7.697958493670837307e-05
2.935868274660704871e-05
1.241475286990800084e-05
2.418931096485399997e-03
1.027732923306135431e-05
2.972254189983348897e-05
2.766305084308199897e-03
7.571777798550653629e-05
2.819463026810065071e-05
2.866865058009899960e-03
5.362662159402477844e-05
1.531035214716000060e-04
7.997456460971804574e-05
6.523300195613721453e-05
1.162425781063000028e-04
5.132917585250144080e-05
2.448223905019524107e-05
1.185165564488160798e-05
7.368784777131000361e-04
2.797244909270399805e-03
2.482824673530658057e-05
2.627651559193500044e-03
2.912682318914251468e-05
1.492103923696675044e-05
1.777989103445821274e-05
3.872681378990999821e-04
1.749489797878195547e-05
2.458829755903670517e-05
9.608729162156312347e-05
1.945840294626000088e-04
2.588195817284700152e-03
1.122579370341999973e-03
5.196353870039999807e-04
3.177234522592328361e-06
7.162509395673686722e-06
1.093464232984800010e-03
4.980677208000143921e-06
6.347099523486652445e-05
1.113745774647999985e-04
7.235061264979819921e-05
5.556872823259118699e-05
2.800260218391687438e-05
2.848866703672678301e-05
2.510024082182800084e-03
1.940257502098450044e-05
7.689277983425768395e-05
2.584247793197049647e-05
1.853852774517000031e-04
6.802453665612956705e-05
7.223353430066170892e-05
2.454445477821700153e-03
4.360239483287354614e-06
4.782110854229005978e-05
3.820535348946511882e-06
2.184458383837999920e-04
2.601544330342599968e-03
3.699640622496999935e-04
3.744319512350407212e-05
2.448090885859100039e-03
5.227571953478515112e-05
2.508340467603700080e-03
4.971369326759272992e-05
3.510131541548200177e-06
4.702302641908722114e-05
5.828689580607676184e-05
2.728023106951200059e-03
1.255784935309000087e-04
2.432540273925187197e-05
2.822972014847562248e-05
2.942312509918328022e-05
2.443886431329199936e-03
2.047258877208076524e-05
1.050907054986948832e-05
3.167379502901000146e-04
2.042615044418564040e-05
4.564867695748791031e-06
2.373769398231160917e-05
7.984803679488026168e-06
1.893139318570919937e-05
8.151619855163794721e-06
2.597663158661499792e-03
3.627906989050858516e-05
4.505829825425416752e-05
2.501811649743597912e-05
8.069812533883992224e-06
2.631232296755999824e-03
4.581484647044660479e-05
6.945738386987269290e-05
2.639475014858999949e-03
1.404315759079000070e-04
3.385204567031077503e-05
2.021091419964414935e-05
2.764858384196194568e-05
1.131177959202284822e-05
5.398766198510298171e-05
2.886507392488399815e-03
9.077155341919221614e-05
2.606031315861575637e-05
2.850102122305500120e-03
7.466806596114999688e-04
2.922269939251400089e-03
1.354771670410132583e-05
7.932417345324284220e-06
5.714366739369365936e-05
3.028343911380928019e-05
2.755034313892599802e-03
5.461357718930588581e-06
7.255841577626000053e-04
2.713631966390499944e-03
2.598339402807699813e-03
2.639276799109236936e-05
3.302687590295866907e-05
2.504911938591899805e-03
9.987836327766315436e-05
5.191752224852000516e-04
3.178134259939000006e-04
2.281475025511799960e-03
1.876647593009999888e-04
2.665743477775969896e-05
1.395452441086000124e-04
4.227227525683824853e-05
5.711432418106528170e-05
2.014806734203822042e-05
1.594055258719000038e-04
8.342677552571024367e-05
1.675907534751999977e-04
1.725043381268463670e-05
6.361640149920909186e-05
3.696056032231000068e-04
1.810455645564217587e-05
1.143098280679443390e-05
2.989150439951600204e-03
8.282601798801000068e-04
2.301732565298999903e-04
2.754784562643440935e-06
9.481686093045592193e-05
2.376674453039000039e-03
1.474520606343000004e-04
2.177538171033304728e-05
2.568241421517199804e-03
1.045654847350338801e-05
1.166061816964000060e-04
2.479375238161200205e-03
5.669828338357907929e-05
1.635919691265492738e-05
8.305695558724526711e-06
2.616067145886699988e-03
1.522748127305123918e-05
5.661490849380013108e-05
1.648726273412096501e-05
2.132733915575125107e-05
1.443147338561999980e-04
2.653599114545700157e-03
1.860787874028000017e-04
1.093626452461872482e-05
7.550500110192408341e-05
2.613219073960699936e-03
1.045883746607167158e-05
2.038878570681000113e-04
1.694305337585999907e-04
2.654672362280500152e-03
1.027686091338999934e-04
2.551477651834999950e-03
2.347281229517799838e-03
8.709360482492798267e-06
1.489278526266242811e-05
2.585615527683199962e-03
2.815868707704199947e-03
8.315324906386593461e-05
2.193017875835799949e-03
6.944262122922628113e-05
7.511219050630303941e-06
2.275336902172325082e-05
5.196411047126952144e-05
1.290135967625356068e-05
7.353380132404588451e-05
5.094937617061318259e-05
7.375262541772840372e-06
7.930055798519951152e-05
2.298318667316600131e-03
3.241807949897000229e-04
1.017478526328000028e-04
2.608133990383600109e-03
2.091881267464111200e-05
2.139429915427478298e-05
7.751457202909507510e-05
9.943173497247444583e-05
1.944949360231213351e-05
2.314704363654004698e-05
2.473223603009091858e-05
2.948948451302918318e-05
3.946757826411973281e-06
3.507820741047999909e-04
9.401146566586928669e-05
2.547956216517400022e-03
1.815598148116485331e-05
2.727735994598399962e-03
1.324442005463731256e-05
3.506449170435119411e-05
3.209347625256800092e-05
6.063621183549903245e-06
1.925349551048999915e-04
8.816870115981250246e-05
1.258136045778999871e-04
6.774890543347155509e-05
4.728581258160687907e-05
1.455564933641999986e-04
6.930202519038398204e-06
5.993221315870738168e-05
2.454445477821700153e-03
2.562329032291500112e-03
2.815400735341999985e-03
4.120304496610576806e-05
2.538759516775999838e-03
2.159458747637999908e-04
4.248381494232300831e-05
7.533525216154546528e-05
2.508340467603700080e-03
1.103001905054530173e-05
2.952488889990799881e-03
4.389945227864068756e-05
1.745403623890086321e-05
9.355119432314377748e-06
2.328644014505599786e-03
2.128644708238227394e-06
2.866648475027999861e-04
1.736781976730934087e-05
3.963392664120486729e-06
3.224257843286368048e-05
1.281447712947065579e-05
4.150682896123962978e-05
7.960906074787351783e-05
3.553517705603342696e-05
3.425133502523157847e-06
3.719081078409000054e-04
1.734066362059999910e-04
4.341236834132000178e-04
2.367083477776000101e-04
1.672880115365000012e-04
6.000797743044838375e-05
3.562684677078936527e-05
7.321816790663195520e-06
5.398143549206357741e-05
1.089208655979000053e-04
3.250810114754000167e-04
1.028404375453111955e-05
4.815568231930239280e-05
2.606428956712699991e-03
2.348102265089299819e-03
4.781058640751524637e-06
1.575359938417748021e-05
7.771424412389516608e-05
4.711094176681545297e-06
9.660611841755300505e-06
2.428136479794121733e-05
1.634383173337999873e-04
1.907364977860999899e-04
8.093874427754183955e-06
7.758529907329402310e-06
1.850757919914519932e-05
4.467610708825000112e-04
6.081812185004315034e-05
6.254187873661526181e-05
4.099816434602255222e-05
2.886778672295316436e-05
1.411754909001999955e-04
4.052849738501325790e-05
1.667503618200000010e-04
5.346160550085795960e-06
5.353872761801410689e-05
4.952450090570401580e-05
2.429377882148399826e-03
5.231624270291239246e-05
2.239721463530700007e-03
2.833789169628099947e-03
2.549329095648100035e-03
2.617852214670199958e-03
1.908498540131704454e-05
1.398722719741966414e-05
9.320631752170645956e-06
3.116748948140857272e-05
5.624372395132745114e-05
2.723141115690099964e-03
1.287906165315521178e-05
1.502844319761000046e-04
7.558095112373476219e-05
4.521025032440289165e-06
3.096478516628650398e-05
1.704688985421999906e-04
2.768417008929999982e-04
1.198938770222366794e-05
8.933272146786672249e-05
8.294853670352000073e-04
9.726350920851101678e-06
1.275673936970077848e-05
1.795338977539000052e-04
1.367887363956821363e-05
1.109826860213792357e-05
2.590187384219499837e-03
8.221689216773828720e-05
1.251516010585999948e-04
1.015061977143575917e-05
5.251486962466999633e-04
1.918044686406614559e-05
2.702069136916299998e-03
2.446497797446899915e-03
2.590473569755131906e-05
1.306667432990026995e-05
2.579845805210967920e-05
5.587972179240572278e-05
4.206893711546818958e-05
4.915767523776629224e-05
3.039417624906999831e-04
2.520617848804800054e-03
4.299140159040584970e-05
6.861612196948661596e-05
1.169415996670999973e-04
2.666836391212100161e-03
5.119363047483836861e-05
2.801866261859299947e-03
2.999205110223000120e-04
2.104319300796999887e-04
6.067929791503349633e-05
4.539097572565472974e-05
5.431447040662133871e-05
1.090691649326999934e-04
8.518196758503532458e-05
1.659758658262855006e-05
2.477174655180199980e-03
2.929677648570487176e-05
1.988835813843000094e-04
3.629649896810016097e-05
3.445948370305016470e-05
2.731123301906199924e-03
1.085812777258999992e-04
7.772665639204841902e-06
3.947486014391821715e-05
7.422472808351999541e-04
2.128460895635999868e-04
2.590135365966800187e-03
2.710249703057799990e-03
2.393279684239999893e-04
7.990920754114709984e-06
2.620423189892299998e-03
2.607292751893800029e-03
3.051561518180919897e-05
9.252588860270999794e-04
2.817886216704799853e-03
2.354159012013076727e-05
2.875859961572156133e-06
1.354882427095074444e-05
1.873318920173799160e-05
4.851381357607632838e-05
2.473384326713499917e-03
4.148104691951358935e-06
2.870984065767075985e-05
1.067707686998000034e-04
1.464809019325999970e-04
2.291648525553000016e-04
5.937316579694335772e-06
6.276109623620000025e-04
1.011155360315443129e-05
1.604042160854896482e-05
3.575961443182033801e-05
3.217364119067555141e-05
5.013956586987714236e-05
3.030580789751186516e-05
2.432090663074680021e-05
7.190183090442875901e-05
9.477788583504271984e-05
3.820387437392080141e-05
3.322914588702682739e-05
2.477174655180199980e-03
9.973091994950083648e-05
8.489401823070874900e-05
2.520617848804800054e-03
1.961475814023999967e-04
1.562705524479000006e-04
5.723221056485144052e-05
3.277127055374860282e-05
8.317483772258177748e-06
1.233242978760999936e-04
2.504911938591899805e-03
8.678841522885106529e-06
2.613219073960699936e-03
6.926637656344929715e-06
7.041246939096114756e-05
3.579218958906392256e-05
3.859101577534000205e-04
1.059815458732250370e-05
2.192164332465999961e-04
1.249223452204000038e-04
4.677362399106309890e-05
8.967837958557659829e-05
8.612272293610442965e-06
2.773901661390700078e-03
7.630458335894760747e-05
1.439242271388000100e-04
2.564467690043500166e-03
2.743428949783200017e-03
9.837503575690179926e-05
2.628370947218900203e-03
6.035915849255846948e-05
2.507891961182600032e-03
2.480945886473000066e-03
2.650133460202399888e-03
4.054221224884000199e-04
2.503948446813100172e-03
2.734729852404200155e-03
1.566961142074730265e-05
1.014634959613624575e-05
9.376703431884187497e-05
7.825866517528349813e-06
8.201042638674874984e-06
2.429650064216499952e-03
6.245860765567926433e-05
6.484249547693964218e-05
1.022939940719659118e-05
6.685824514180453628e-05
2.587240988925900136e-03
7.551354607003427696e-05
3.973339197294489984e-06
2.594018946751000098e-03
1.790386022866999945e-04
2.981648140131300164e-03
1.713605079760999986e-04
2.935407971141700163e-03
3.483046976038722966e-05
2.787785756019899985e-03
3.861931672367999906e-04
1.506684770630000131e-04
1.099801241958999978e-04
2.669273485483800081e-03
8.149288865737705349e-05
2.873830130935799924e-03
2.992520910446899978e-03
8.741940980067062247e-06
5.133890877093834576e-05
2.559572443049099987e-03
1.278815261130848851e-05
1.902345886085999931e-04
2.581779492755900077e-03
2.483828692494599848e-03
3.994087094974705624e-05
2.630203309540599978e-03
2.747601984787800041e-03
1.608794041242999988e-04
6.763976872745546454e-05
4.225551071183470113e-05
3.744883915963000067e-04
1.183772357201216565e-05
4.407403956945896823e-05
7.225669462692770810e-05
1.615269100696976054e-05
1.312678743391910940e-06
1.762547952500000039e-04
1.248837508688000017e-04
2.594567999748199905e-03
2.252806030345000051e-04
5.702945642589208225e-05
7.896750007762945737e-05
6.129847827123980332e-06
2.707861660656200094e-03
2.609149570408745918e-05
4.432854308594111326e-05
6.488791133418509523e-05
2.471682384850799885e-03
7.109291395177251041e-06
1.178461419199424317e-05
1.430603658521639654e-05
2.332324746178024425e-05
8.023273974178449751e-05
3.023604645230936884e-05
7.250926760432589875e-06
1.266828865774065593e-05
8.975615336594614912e-05
3.876550036887700071e-05
2.362566542198399865e-03
2.415129804611199950e-03
2.653599114545700157e-03
1.848406658519773137e-05
1.270041230717999900e-04
1.428951492798000080e-04
4.021863022206537098e-05
7.786627368865499410e-05
2.771402746020718277e-05
1.757275123805996660e-05
2.582431923234799857e-03
1.491728939560999965e-04
6.340151516439315770e-05
1.161257651486000006e-04
1.115254680735999944e-04
4.049319222788959165e-05
2.628370947218900203e-03
8.142556806185962347e-05
2.618469774530800178e-03
4.778780553414200936e-05
2.538759516775999838e-03
6.512172703361752892e-05
7.528229013102111136e-05
2.773901661390700078e-03
1.222852100768680435e-05
2.551477651834999950e-03
1.665484103634000043e-04
3.402428569779904829e-05
2.081092387855919897e-05
6.000215783015570934e-05
2.313002334182442512e-05
2.810977417210348001e-05
2.765507465865900058e-03
1.966039946345999982e-04
5.152251392053243113e-05
1.003202574778266454e-05
2.630429778256191878e-05
2.746632551133199995e-03
1.838334760527233171e-05
2.913245729486499923e-03
7.079003248393446544e-05
7.487616119694699137e-05
1.615289189547083925e-05
2.044560091861000097e-04
2.658349236922175857e-05
3.958910151028641986e-05
5.144341079410131304e-06
2.659746909396599850e-03
2.554628283229999977e-03
2.632650923986211650e-05
5.965302457679968784e-05
7.142635340670012100e-05
2.798439937468700112e-03
2.607292751893800029e-03
1.225724389013999971e-04
2.362566542198399865e-03
5.930902271010953365e-05
5.759736560182784363e-06
4.010912879502117560e-06
5.883656652785935760e-05
1.133572407993999975e-04
1.502091309594000062e-04
5.871832090947227023e-05
2.447389438087500205e-03
3.234175750608999918e-04
1.306531601789380023e-05
2.518882374824199955e-03
1.502801423346045157e-05
2.927616276066787761e-05
1.080381841616223445e-05
4.161289983733999949e-04
2.575521135348099802e-03
6.234566418296372779e-05
7.844707466076318746e-06
2.626002390392399941e-03
6.146959397752530927e-06
4.602343597287796843e-06
3.288055933075674302e-05
2.360768016563200098e-03
1.539479446303572478e-05
2.970888642613400650e-05
2.561517127252900192e-03
2.055330179386032655e-05
2.017310037982999961e-04
2.452546480645200182e-03
4.994985752123771267e-05
2.457152733546599972e-03
5.580505464528000411e-04
3.610973328937000211e-04
1.552048054133000048e-04
5.329269864719924033e-05
6.985029837260062408e-05
1.573889427634539312e-05
4.799901161210285951e-05
1.639665375200000086e-04
2.630203309540599978e-03
8.576243205546228579e-05
1.157100772707973674e-05
6.988626182761999497e-04
4.070656683930930225e-05
2.348102265089299819e-03
1.607002845017905171e-05
2.046607461649999949e-04
2.848866703672678301e-05
2.741934799078099821e-03
1.149564740773000016e-04
1.063990396440288864e-05
1.310720198356468187e-05
4.998808479164999980e-04
5.701922662446190352e-05
4.304578516009150324e-05
3.456651931315840131e-05
7.738368751867106076e-06
4.989943158607078690e-05
3.616786013942005138e-05
2.531482044751199971e-03
2.572730579664399882e-03
5.923677041069479328e-05
4.257190327222230782e-05
1.443134667517478971e-05
6.186450469881373971e-06
2.294193762630100056e-03
2.813784260298100078e-03
2.910485649806603147e-05
2.952481452298399978e-03
2.836666628515800009e-03
1.812040410227348325e-05
9.882146598864764369e-06
8.193209763185294085e-06
8.017830966893803156e-06
1.961195733113010249e-05
2.720966286042399845e-03
2.683886833890399785e-03
2.512468635751199855e-03
5.457422743218417929e-05
3.378444517159309682e-06
2.480856903192100137e-03
4.141350852408732570e-05
3.157994889794000105e-04
2.244637093488500209e-03
8.915665610395000088e-04
1.440438579089027653e-05
5.654396913853243969e-06
1.178312201856454061e-05
2.847366958454900128e-03
2.924582694880000010e-04
6.696447785928945579e-05
2.784243652802800145e-03
1.210926295410999943e-04
1.841111060292000001e-04
2.597663158661499792e-03
2.308458601224833449e-05
1.209133019550510027e-05
2.981648140131300164e-03
3.574777239048999790e-04
2.602438471439200065e-03
2.351950899040299893e-03
2.480945886473000066e-03
8.393440243173873024e-05
7.995086912594275637e-05
1.255485227548090428e-05
2.401128398594772124e-05
9.415614066801490629e-06
3.175751928914120252e-05
1.112663533287815650e-05
7.675463301067732353e-06
2.907130134389081960e-05
3.964921694104808536e-06
9.958097612141967442e-05
2.365096418144777866e-05
2.531741639709299968e-03
5.323363809557806137e-05
4.222029794325873414e-05
6.425698619536999914e-04
5.225013257587301889e-05
2.926222863052084887e-05
2.572188429077000051e-03
2.769516147717240455e-05
2.544052645216000191e-04
9.946953035367404571e-06
8.084194363116999852e-04
2.929547592886810973e-05
1.145115945828779537e-05
6.678833712690474798e-06
1.342439987744736981e-05
7.953997247906325870e-05
5.377642321522968808e-06
2.446497797446899915e-03
3.098549862886999947e-04
6.322122435733409579e-06
6.104837013579132233e-05
1.739356003150176809e-05
2.555499516955000213e-03
5.628512779081785885e-05
1.350403443800000025e-04
9.449297166856925685e-05
1.652956239591999907e-04
2.470764512690399976e-03
4.020637715831269288e-05
2.719166551555699841e-03
9.772438463588552140e-05
1.473193388722999889e-04
1.910784880122879179e-05
2.917702700619668893e-05
2.541320493323200123e-03
2.049799788237000075e-04
2.397728667716800795e-05
1.556643774965999979e-04
3.294641962986000032e-04
2.332448759036507896e-05
1.794919000340000127e-04
6.242896248702090283e-05
2.076918412544986940e-05
2.141871985790616765e-05
3.054131730554489430e-05
5.391788834223082953e-05
3.329444871880420526e-06
6.268578792215231646e-06
2.446488635117499959e-03
2.800069675372200088e-03
1.438601371527999898e-04
1.129428805955000060e-04
2.687035350972899993e-03
2.752912030229899901e-03
2.759707505885970494e-05
2.452552856900399800e-03
2.559572443049099987e-03
5.505551257192858693e-05
4.897254105066860757e-05
2.521129072753000014e-04
2.608133990383600109e-03
7.342888614539869348e-05
1.212121454024202008e-05
4.765251229293375218e-05
2.213957242603915865e-05
1.136872358611411556e-05
1.052874073795000034e-04
1.022224329517000020e-04
1.768655349604541374e-05
7.680693491948436895e-05
2.627014420811999828e-03
1.547171027702754333e-05
5.665387539000485995e-06
3.409044979219009786e-06
2.617852214670199958e-03
2.492818800708299955e-03
6.186045447874837086e-05
2.617348608392999851e-03
1.499328509557114068e-05
2.395376546800099832e-03
2.396257610042101184e-05
4.340718550001377654e-06
2.515971607377199843e-03
4.451972182824000084e-04
2.730919223374600122e-03
2.141550923569370381e-05
1.209750870612999956e-04
2.481543233364399970e-03
2.770158430357081672e-05
6.061777368721532003e-05
1.033306662953999995e-04
1.135159629561999949e-04
1.456541649793089973e-05
3.039416288373040289e-05
6.002399846148476730e-05
6.392782141497034369e-05
7.107610760946750155e-05
3.233448599320959034e-06
8.919801291093832878e-06
1.041979257449019757e-05
6.425804660466770976e-05
1.550105324443960155e-05
3.257568338421038981e-06
1.293858544341999967e-04
1.056983199307999955e-04
5.368955439899075245e-05
1.172913260692714360e-05
6.889092410215864513e-05
1.114574257591000001e-04
1.023376224589678969e-05
1.076249445718071150e-05
2.346493974251179506e-05
2.801866261859299947e-03
3.920181519223709098e-05
3.733770114356030340e-05
2.976726785382900059e-03
2.544013721656899953e-03
4.711126391115999989e-04
9.302125352392897831e-06
4.727803564994384326e-05
2.730034538711000069e-04
6.702936434510901268e-05
2.535258325830963479e-05
3.509965267736599420e-05
5.414480407395639106e-06
2.659746909396599850e-03
1.120238475266000021e-04
2.895759673745099995e-03
2.893431530006400007e-03
5.839034121678134663e-05
2.585550292280407847e-05
9.078066289143432537e-05
1.137231075791000017e-04
2.479773117807700013e-03
4.108570382478652158e-05
9.412277411279471723e-06
2.795957998917100035e-03
2.447156846599000133e-04
2.076678026609581144e-05
5.763119946096527949e-06
2.417149485486647057e-06
1.023092525244000036e-04
2.258631628242200109e-03
2.012774326026959049e-05
2.641344582092899820e-03
2.145830262375695598e-05
1.708797216788748307e-05
4.455908688122770802e-05
1.261305585416930806e-05
1.524059331105121353e-05
2.564663533289900099e-03
1.985100663320096365e-05
6.501593785832663057e-05
2.526622251691399996e-03
4.360797747609625930e-06
5.944762685892491133e-05
8.533446615909999955e-04
7.271584312743559556e-05
6.982583505356876297e-05
2.501614852935046267e-05
1.212857034789615950e-05
3.185604602370599881e-03
3.192498753000999980e-04
2.708463328913099811e-03
8.724486886172054729e-05
1.537656049568000025e-04
2.725108936942599851e-03
2.581779492755900077e-03
2.194687006241000029e-04
6.790910360369346978e-06
3.424927226251740542e-05
2.084466270817376068e-05
5.666470772568242537e-05
4.344990627952029856e-05
9.583124800893303601e-05
2.927111186838767624e-05
1.925617534528943221e-05
2.011101509088000002e-04
1.524894388583999884e-04
1.048634040509702827e-05
2.559828549499999859e-03
3.107209182767000201e-04
2.391021184982216268e-05
4.504757752585551022e-06
1.756511013987000131e-04
1.572395607683999940e-04
2.950460356374199917e-03
1.420679131505892387e-05
1.766281542074923805e-05
2.842051290690700196e-03
3.440649295556000189e-04
2.763777180213737762e-05
5.344879265864176132e-05
5.624446310772583869e-05
8.721616899315203891e-06
2.993711264796499859e-03
2.284894956767812168e-05
1.201800289020000064e-04
7.979007486125440937e-05
1.064379834671941577e-05
9.789972454717597861e-05
4.350654696850577970e-05
7.905954102580397075e-06
2.992520910446899978e-03
4.929778602284999979e-04
1.548392815745140298e-05
2.581312117888400100e-03
6.232514135296790359e-06
2.518882374824199955e-03
2.462701782890647914e-05
5.151428177499422871e-05
5.087259164671236589e-05
9.294349678153726420e-06
2.747601984787800041e-03
2.825079733709700072e-03
2.558276760455700100e-03
3.560769561779000250e-04
2.808844815086100188e-03
1.604496016593534707e-05
2.306686642876999965e-04
3.786598667494707200e-05
5.456969007251657056e-05
2.421166689073200179e-03
5.590944529977745562e-06
3.470447982605108267e-05
2.886507392488399815e-03
2.745232591813400163e-03
7.994421533665305559e-05
2.779203045361799875e-03
1.517460115598926884e-05
2.741934799078099821e-03
4.505225069780999844e-04
1.977774395284571216e-05
4.095578967518506149e-05
4.761911957239771815e-05
7.309688517340172915e-06
2.438609692387200094e-03
1.426609038791999955e-04
1.736814199596386650e-05
3.452159031769385327e-05
6.680865707165233330e-06
4.085804275659969388e-06
4.750754394269032587e-05
2.626741554194999824e-04
2.844901363644100015e-03
4.449097074908117905e-05
5.430764123910256479e-06
2.507271363321799881e-03
5.943132008830790209e-06
3.579926012332000098e-04
7.407858925342705950e-06
6.747442406249108010e-05
1.143336524465909942e-05
1.191047382403999941e-04
7.132492700343006937e-05
1.860126784901999981e-04
3.152975108965825132e-05
4.771139508303348440e-06
2.783758282552800060e-03
7.775342254028609807e-05
6.690187136214677287e-05
9.472925371123627205e-06
8.393677664833000497e-04
2.665451282360494073e-05
1.393934692318709238e-05
7.671535704513000398e-04
2.735590733446399952e-03
1.872966162260128955e-05
2.509499592158877620e-05
1.066939722512000028e-04
7.468057896932706714e-05
2.872377485446899869e-03
7.064498427154894573e-05
2.620423189892299998e-03
3.789336786225000172e-04
2.857898481686999958e-03
2.015789345768735118e-05
3.443849477596517801e-05
2.547898767748300094e-03
2.628841307233299816e-03
1.846367714006000120e-04
3.892226009845924762e-05
1.733444298551999909e-04
2.832169892423899802e-03
2.280967572097000046e-04
1.588974270930769352e-05
3.002798224485318142e-05
7.001933514308186053e-05
1.551111307213701225e-05
5.339786806418142784e-06
2.853819376934200059e-03
3.828557510269972581e-05
2.494270476271908204e-06
2.843227126078999925e-03
2.639705762981399851e-03
2.429650064216499952e-03
2.604284524668099877e-03
3.565346913623000224e-04
