4.094417350090986680e-05
1.183807821620136121e-04
1.450963323280923670e-04
2.601443745107340135e-03
4.367312874607797384e-05
2.621165206526854165e-03
8.296943894758936088e-05
5.078426695947602343e-05
2.687761157881426565e-03
8.891272085056667524e-05
6.200232867934936940e-05
2.521092019853191091e-03
3.177624252772427135e-05
1.648177937476064244e-04
9.978280633959741544e-05
1.183807821620136121e-04
1.393478924302536171e-04
2.652032065492906151e-03
1.014068561238192688e-04
7.731019829763188550e-05
9.333638926562662483e-05
1.690074157267201825e-04
1.450963323280923670e-04
2.625191579904964136e-03
1.333332511289712615e-04
8.686832307997379408e-05
2.648969583409193067e-03
8.043974585557926379e-05
1.207499166078374205e-04
1.123661408607312564e-04
9.333638926562662483e-05
1.519825976006564561e-04
2.634194221603459833e-03
5.102902670539455755e-05
1.014068561238192688e-04
1.393478924302536171e-04
3.776929941856768192e-05
2.615570897309814347e-03
2.613227111335219774e-03
9.507890593362340668e-05
2.589680663908218786e-03
1.271135464971857084e-04
3.444733612781491680e-05
1.014068561238192688e-04
9.507890593362340668e-05
2.623011042531373134e-03
1.143034995338666434e-04
6.264810459528206174e-05
1.014068561238192688e-04
2.863121669129068824e-05
9.507890593362340668e-05
1.625712253964862780e-04
1.450963323280923670e-04
9.978280633959741544e-05
8.891272085056667524e-05
1.393478924302536171e-04
2.652150692688418163e-03
4.612128278029784965e-05
5.873640968680768018e-05
1.271135464971857084e-04
2.634194221603459833e-03
5.541444639605491506e-05
9.333638926562662483e-05
1.271135464971857084e-04
3.776929941856768192e-05
2.577097329387084863e-03
1.014068561238192688e-04
1.207499166078374205e-04
2.646158690173203761e-03
1.271135464971857084e-04
4.959832695953067972e-05
1.271135464971857084e-04
8.891272085056667524e-05
2.585899520908722417e-03
1.207499166078374205e-04
3.177624252772427135e-05
9.978280633959741544e-05
7.199613697363456259e-05
2.566369767665384154e-03
1.592234845305668767e-04
1.557021329449878035e-04
8.043974585557926379e-05
2.679175952776152898e-03
1.078354333482137856e-04
1.519825976006564561e-04
2.706640660827477982e-03
1.438506834793664194e-04
1.393478924302536171e-04
2.642399343886450702e-03
1.078354333482137856e-04
1.143034995338666434e-04
5.541444639605491506e-05
1.860519311072029341e-04
2.560150063033598926e-03
1.603562688924626656e-04
7.411179566538341520e-05
1.860519311072029341e-04
2.553786433144250665e-03
7.731019829763188550e-05
2.625354828505967707e-03
1.014068561238192688e-04
1.657699285818385018e-04
2.572384408966666564e-03
6.718327303276901163e-05
2.599099959132745562e-03
8.043974585557926379e-05
8.787053821960387847e-05
2.687761157881426565e-03
1.143034995338666434e-04
4.612128278029784965e-05
2.683634455681967700e-03
1.271135464971857084e-04
1.207499166078374205e-04
1.557021329449878035e-04
6.708839304853785469e-05
5.274335279596426961e-05
9.978280633959741544e-05
2.606866631176962042e-03
-2.036766868257390838e-05
7.199613697363456259e-05
6.794561058232667021e-05
1.519825976006564561e-04
5.634308802939188047e-05
8.686832307997379408e-05
6.200232867934936940e-05
1.393478924302536171e-04
9.507890593362340668e-05
7.411179566538341520e-05
1.295521081294745674e-04
1.555982681221962220e-04
2.981715669123602517e-05
6.200232867934936940e-05
2.655358672741226899e-03
1.123661408607312564e-04
6.264810459528206174e-05
7.199613697363456259e-05
7.731019829763188550e-05
3.776929941856768192e-05
1.241292220598523620e-04
2.622117341361086297e-03
5.873640968680768018e-05
1.450963323280923670e-04
2.604387718237727647e-03
7.411179566538341520e-05
1.450963323280923670e-04
8.686832307997379408e-05
8.686832307997379408e-05
7.731019829763188550e-05
6.264810459528206174e-05
2.597854310284019533e-03
6.708839304853785469e-05
1.729497078688964611e-04
8.043974585557926379e-05
5.102902670539455755e-05
9.978280633959741544e-05
1.889429622553515933e-04
2.099100725235915712e-04
2.863121669129068824e-05
8.686832307997379408e-05
8.686832307997379408e-05
1.555982681221962220e-04
1.438506834793664194e-04
2.657702458715821472e-03
7.199613697363456259e-05
1.183807821620136121e-04
9.978280633959741544e-05
6.264810459528206174e-05
1.766692432132278086e-04
9.507890593362340668e-05
1.183807821620136121e-04
1.295521081294745674e-04
8.043974585557926379e-05
7.411179566538341520e-05
7.199613697363456259e-05
1.690074157267201825e-04
1.985329355676682746e-04
8.296943894758936088e-05
7.199613697363456259e-05
1.393478924302536171e-04
8.891272085056667524e-05
2.570650912313114222e-03
2.662667345413727640e-03
2.666876850147659617e-03
1.393891586242226605e-04
2.691631039717048979e-03
2.622847793930369563e-03
2.637212073395880842e-03
2.589680663908218786e-03
1.438506834793664194e-04
7.731019829763188550e-05
9.507890593362340668e-05
3.776929941856768192e-05
1.271135464971857084e-04
1.078354333482137856e-04
8.891272085056667524e-05
1.832084465912278367e-04
2.633016655992475360e-03
8.043974585557926379e-05
6.794561058232667021e-05
2.636735348447581413e-03
2.530459208444631007e-03
7.731019829763188550e-05
3.177624252772427135e-05
1.143034995338666434e-04
2.593351519234906623e-03
8.686832307997379408e-05
8.043974585557926379e-05
1.078354333482137856e-04
1.061464362289457305e-04
8.891272085056667524e-05
5.873640968680768018e-05
1.061464362289457305e-04
1.519825976006564561e-04
6.794561058232667021e-05
1.078354333482137856e-04
9.333638926562662483e-05
2.604387718237727647e-03
9.507890593362340668e-05
8.686832307997379408e-05
8.891272085056667524e-05
1.241292220598523620e-04
2.589680663908218786e-03
3.177624252772427135e-05
7.199613697363456259e-05
7.731019829763188550e-05
9.507890593362340668e-05
9.978280633959741544e-05
1.333332511289712615e-04
1.729497078688964611e-04
1.271135464971857084e-04
1.014068561238192688e-04
4.924667086906853842e-05
3.444733612781491680e-05
8.296943894758936088e-05
1.061464362289457305e-04
1.078354333482137856e-04
2.602043932263133075e-03
6.708839304853785469e-05
9.333638926562662483e-05
2.559785478757498349e-05
1.393478924302536171e-04
2.585899520908722417e-03
6.708839304853785469e-05
2.674883139294091314e-03
3.444733612781491680e-05
5.541444639605491506e-05
3.444733612781491680e-05
2.673117802956658223e-03
1.555982681221962220e-04
2.687540741700842218e-03
1.207499166078374205e-04
2.733706688445252872e-03
3.444733612781491680e-05
4.924667086906853842e-05
1.555982681221962220e-04
1.271135464971857084e-04
4.959832695953067972e-05
2.661318786626187555e-03
1.143034995338666434e-04
1.393478924302536171e-04
1.078354333482137856e-04
2.557754268903067105e-03
1.014068561238192688e-04
1.014068561238192688e-04
9.507890593362340668e-05
1.061464362289457305e-04
1.207499166078374205e-04
2.595736571403470076e-03
5.078426695947602343e-05
5.078426695947602343e-05
8.891272085056667524e-05
1.123661408607312564e-04
5.541444639605491506e-05
2.564182846127461418e-03
2.633913238078676011e-03
1.207499166078374205e-04
9.978280633959741544e-05
1.333332511289712615e-04
2.593351519234906623e-03
1.271135464971857084e-04
1.143034995338666434e-04
8.686832307997379408e-05
9.978280633959741544e-05
2.556130219118845238e-03
2.530459208444631007e-03
2.636735348447581413e-03
2.732964696309055606e-03
2.568307126338519649e-03
9.507890593362340668e-05
8.296943894758936088e-05
6.794561058232667021e-05
8.296943894758936088e-05
5.874033840496122890e-05
5.541444639605491506e-05
1.271135464971857084e-04
1.014068561238192688e-04
2.655358672741226899e-03
9.978280633959741544e-05
9.978280633959741544e-05
2.629297120648144311e-03
2.577097329387084863e-03
9.333638926562662483e-05
3.776929941856768192e-05
1.271135464971857084e-04
2.564182846127461418e-03
1.061464362289457305e-04
2.661318786626187555e-03
1.346311578539562169e-04
1.061464362289457305e-04
1.271135464971857084e-04
1.648177937476064244e-04
2.585899520908722417e-03
2.564182846127461418e-03
5.738744781376116854e-05
7.731019829763188550e-05
2.589680663908218786e-03
5.102902670539451689e-05
5.634308802939189402e-05
