2.705856695743460646e-03
2.733612207255093577e-03
2.780733982705839956e-03
2.699548560675765763e-03
2.632754071946390856e-03
2.712089719443789692e-03
2.720881374961825992e-03
2.740797013094361211e-03
2.703764553065505713e-03
2.654930956173677786e-03
2.643426674282941050e-03
2.605716366425682006e-03
2.628638164831603209e-03
2.742746383258228005e-03
2.623279944578208248e-03
2.815965105600064418e-03
2.623279944578208248e-03
2.745700800471249838e-03
2.623279944578208248e-03
2.605716366425682006e-03
2.754529521059361809e-03
2.737810518048580839e-03
2.615371087592574702e-03
2.743630206866096675e-03
2.623279944578208248e-03
2.718735687302748904e-03
2.623279944578208248e-03
2.605716366425682006e-03
2.744232512403391947e-03
2.730285248190116726e-03
2.689765432475290600e-03
2.704183712832831585e-03
2.609394296403672129e-03
2.742445670205646661e-03
2.752753351846861252e-03
2.775921510214617288e-03
2.798381929384936590e-03
2.742746383258228005e-03
2.737810518048580839e-03
2.744118653116275723e-03
2.577109130219759625e-03
2.786856854021919037e-03
2.774578791035618285e-03
2.748775456681092858e-03
2.740797013094361211e-03
2.705571362033158591e-03
2.803472280328519507e-03
2.682619417589010916e-03
2.811528975981445605e-03
2.742444087902752917e-03
2.619451376612922343e-03
2.623279944578208248e-03
2.776282138775542849e-03
2.585017987205393171e-03
2.701928970994848470e-03
2.742445670205646661e-03
2.762795152839457851e-03
2.594492114573575779e-03
2.705571362033158591e-03
2.705856695743460646e-03
2.742472025333024879e-03
2.736316833662803209e-03
2.748594896649103961e-03
2.704788583778794907e-03
2.705368249493281599e-03
2.704182130529937840e-03
2.705856695743460646e-03
2.680473729929933827e-03
2.577109130219759625e-03
2.689765432475290600e-03
2.608152400560995263e-03
2.815714152977531227e-03
2.780733982705839956e-03
2.705571362033158591e-03
2.744118653116275723e-03
2.774578791035618285e-03
2.777703148227249341e-03
2.742472025333024879e-03
2.699548560675765763e-03
2.619451376612922343e-03
2.740797013094361211e-03
2.726110675318614302e-03
2.760119972012121514e-03
2.757478559416875075e-03
2.814802237715746322e-03
2.652503967656370028e-03
2.768547205562932236e-03
2.594492114573575779e-03
2.666900122204418286e-03
2.699548560675765763e-03
2.762795152839457851e-03
2.780733982705839956e-03
2.719216602044059999e-03
2.697362343259542342e-03
2.616668998800862709e-03
2.654930956173677786e-03
2.699548560675765763e-03
2.583067209533666982e-03
2.812178816834859981e-03
2.728027389848106110e-03
2.704484425885412928e-03
2.762795152839457851e-03
2.704183712832831585e-03
2.663667013622033394e-03
2.623279944578208248e-03
2.777703148227249341e-03
2.745700800471249838e-03
2.703705795342610171e-03
2.695350249882278500e-03
2.720881374961825992e-03
2.705856695743460646e-03
2.748594896649103961e-03
2.752753351846861252e-03
2.742746383258228005e-03
2.737810518048580839e-03
2.585017987205393171e-03
2.705571362033158591e-03
2.762795152839457851e-03
2.748594896649103961e-03
2.743833319405973668e-03
2.707438843098434762e-03
2.744118653116275723e-03
2.707438843098434762e-03
2.768547205562932236e-03
2.712089719443789692e-03
2.628638164831603209e-03
2.742445670205646661e-03
2.775921510214617288e-03
2.663667013622033394e-03
2.702535055721546134e-03
2.654930956173677786e-03
2.780733982705839956e-03
2.741967752715425248e-03
2.628638164831603209e-03
2.807906604711248727e-03
2.742445670205646661e-03
2.632754071946390856e-03
2.743666432410417008e-03
2.742472025333024879e-03
2.741967752715425248e-03
2.699548560675765763e-03
2.678967376960981073e-03
2.640705419588165997e-03
2.623279944578208248e-03
2.690765925029185539e-03
2.605164716910125973e-03
2.704484425885412928e-03
2.743050541151609983e-03
2.704182130529937840e-03
2.585017987205393171e-03
2.705571362033158591e-03
2.748319772426324227e-03
2.719216602044059999e-03
2.682619417589010916e-03
2.738020181402727338e-03
2.743050541151609983e-03
2.742445670205646661e-03
2.764188784001268741e-03
2.762795152839457851e-03
2.724533195466642774e-03
2.628638164831603209e-03
2.605164716910125973e-03
2.780733982705839956e-03
2.743630206866096675e-03
2.814802237715746322e-03
2.577109130219759625e-03
2.712089719443789692e-03
2.567454409052866929e-03
2.699548560675765763e-03
2.695350249882278500e-03
2.577109130219759625e-03
2.742746383258228005e-03
2.740797013094361211e-03
2.807906604711248727e-03
2.699548560675765763e-03
2.769807991907265524e-03
2.666900122204418286e-03
2.773916859462044904e-03
2.703705795342610171e-03
2.705856695743460646e-03
2.768547205562932236e-03
2.752753351846861252e-03
2.710513499308277782e-03
2.803472280328519507e-03
2.798381929384936590e-03
2.742472025333024879e-03
2.786581729799139304e-03
2.704788583778794907e-03
2.705404475037601932e-03
2.765210322955704431e-03
2.743833319405973668e-03
2.748775456681092858e-03
2.776540280342931245e-03
2.628638164831603209e-03
2.748319772426324227e-03
2.814802237715746322e-03
2.744232512403391947e-03
2.742444087902752917e-03
2.695350249882278500e-03
2.744232512403391947e-03
2.705368249493281599e-03
2.811528975981445605e-03
2.673827762070974615e-03
2.760119972012121514e-03
2.748319772426324227e-03
2.690765925029185539e-03
2.652503967656370028e-03
2.640705419588165997e-03
2.786856854021919037e-03
2.632754071946390856e-03
2.748319772426324227e-03
2.769644647338433650e-03
2.678967376960981073e-03
2.666900122204418286e-03
2.577109130219759625e-03
2.704788583778794907e-03
2.682619417589010916e-03
2.701928970994848470e-03
2.740797013094361211e-03
2.585017987205393171e-03
2.807906604711248727e-03
2.699548560675765763e-03
2.743666432410417008e-03
2.764372632691429812e-03
2.690765925029185539e-03
2.605716366425682006e-03
2.682619417589010916e-03
2.703705795342610171e-03
2.666900122204418286e-03
2.699548560675765763e-03
2.690765925029185539e-03
2.742026510438320790e-03
2.678967376960981073e-03
2.705368249493281599e-03
2.652503967656370028e-03
2.632754071946390856e-03
2.697362343259542342e-03
2.769644647338433650e-03
2.743833319405973668e-03
2.710513499308277782e-03
2.743630206866096675e-03
2.743630206866096675e-03
2.608152400560995263e-03
2.798381929384936590e-03
2.744118653116275723e-03
2.776540280342931245e-03
2.712089719443789692e-03
2.745700800471249838e-03
2.737810518048580839e-03
2.769644647338433650e-03
2.682619417589010916e-03
2.689765432475290600e-03
2.705571362033158591e-03
2.577109130219759625e-03
2.666900122204418286e-03
2.615371087592574702e-03
2.774578791035618285e-03
