5.469820746659612848e-03
5.433085653818908560e-03
5.545213449400741672e-03
5.466728916450036210e-03
5.345619341044305882e-03
5.410053355653737968e-03
5.419835491712808942e-03
5.439337740154269289e-03
5.470086602713825769e-03
5.355080700166820265e-03
5.348632508341741830e-03
5.384370443732741825e-03
5.393927247891627981e-03
5.440557243458285161e-03
5.346863874604599991e-03
5.557568572730499888e-03
5.346863874604599991e-03
5.458509415206249001e-03
5.346863874604599991e-03
5.384370443732741825e-03
5.597370102781918343e-03
5.436942908747859245e-03
5.353188785352710859e-03
5.451270223298926472e-03
5.346863874604599991e-03
5.437866459433187208e-03
5.346863874604599991e-03
5.384370443732741825e-03
5.440618647439722858e-03
5.548390411196721037e-03
5.457264887649450336e-03
5.469055724362476695e-03
5.365416749618729525e-03
5.439269716660299729e-03
5.479067376699650431e-03
5.609783088514268094e-03
5.575990940335417458e-03
5.440557243458285161e-03
5.436942908747859245e-03
5.440034738957435882e-03
5.382974793054887824e-03
5.557166387768366564e-03
5.532200910976316222e-03
5.467891302982995361e-03
5.439337740154269289e-03
5.470674521782232895e-03
5.581911292535940948e-03
5.449621499414985040e-03
5.584389993773728605e-03
5.446013752910817442e-03
5.624210317943817254e-03
5.346863874604599991e-03
5.411510531295786464e-03
5.376649882306776956e-03
5.398770186141777991e-03
5.439269716660299729e-03
5.504899557954874741e-03
5.375405348746482848e-03
5.470674521782232895e-03
5.469820746659612848e-03
5.574999457102918637e-03
5.561986918678493187e-03
5.586952395470543530e-03
5.468859185849755250e-03
5.481056231001103438e-03
5.475799760612994407e-03
5.469820746659612848e-03
5.467652467135364174e-03
5.382974793054887824e-03
5.457264887649450336e-03
5.789764714699091770e-03
5.571215150797499509e-03
5.545213449400741672e-03
5.470674521782232895e-03
5.440034738957435882e-03
5.532200910976316222e-03
5.587354580432675986e-03
5.574999457102918637e-03
5.466728916450036210e-03
5.624210317943817254e-03
5.439337740154269289e-03
5.433509958790914279e-03
5.605776948037594423e-03
5.491562005356760354e-03
5.538947987198976873e-03
5.416594667209195281e-03
5.518604403494544071e-03
5.375405348746482848e-03
5.364141240189451015e-03
5.466728916450036210e-03
5.504899557954874741e-03
5.545213449400741672e-03
5.521348013058937319e-03
5.444965924335062012e-03
5.384866707868997231e-03
5.355080700166820265e-03
5.466728916450036210e-03
5.573682052972686075e-03
5.516709121140148976e-03
5.427478879947273370e-03
5.470343251160462127e-03
5.504899557954874741e-03
5.469055724362476695e-03
5.428556193843954956e-03
5.346863874604599991e-03
5.587354580432675986e-03
5.458509415206249001e-03
5.472238916323950673e-03
5.462871661521085526e-03
5.419835491712808942e-03
5.469820746659612848e-03
5.586952395470543530e-03
5.479067376699650431e-03
5.440557243458285161e-03
5.436942908747859245e-03
5.376649882306776956e-03
5.470674521782232895e-03
5.504899557954874741e-03
5.586952395470543530e-03
5.440888514080055929e-03
5.488295422908425966e-03
5.440034738957435882e-03
5.488295422908425966e-03
5.518604403494544071e-03
5.410053355653737968e-03
5.393927247891627981e-03
5.439269716660299729e-03
5.609783088514268094e-03
5.428556193843954956e-03
5.469123747856445387e-03
5.355080700166820265e-03
5.545213449400741672e-03
5.442452908621773708e-03
5.393927247891627981e-03
5.584869520681861460e-03
5.439269716660299729e-03
5.345619341044305882e-03
5.439423884053339736e-03
5.574999457102918637e-03
5.442452908621773708e-03
5.466728916450036210e-03
5.374991452079546511e-03
5.404777459781723477e-03
5.346863874604599991e-03
5.386808659507019183e-03
5.378418516043918796e-03
5.470343251160462127e-03
5.439073178147578284e-03
5.475799760612994407e-03
5.376649882306776956e-03
5.470674521782232895e-03
5.455796829825023536e-03
5.521348013058937319e-03
5.449621499414985040e-03
5.441296538997963429e-03
5.439073178147578284e-03
5.439269716660299729e-03
5.498050549240968664e-03
5.504899557954874741e-03
5.534685565657051706e-03
5.393927247891627981e-03
5.378418516043918796e-03
5.545213449400741672e-03
5.451270223298926472e-03
5.538947987198976873e-03
5.382974793054887824e-03
5.410053355653737968e-03
5.414156451434918790e-03
5.466728916450036210e-03
5.462871661521085526e-03
5.382974793054887824e-03
5.440557243458285161e-03
5.439337740154269289e-03
5.584869520681861460e-03
5.466728916450036210e-03
5.522359980780745803e-03
5.364141240189451015e-03
5.546495128842325942e-03
5.472238916323950673e-03
5.469820746659612848e-03
5.518604403494544071e-03
5.479067376699650431e-03
5.497677310685172326e-03
5.581911292535940948e-03
5.575990940335417458e-03
5.574999457102918637e-03
5.426010822122846571e-03
5.468859185849755250e-03
5.469209891755516702e-03
5.611697300238117914e-03
5.440888514080055929e-03
5.467891302982995361e-03
5.568733994901153839e-03
5.393927247891627981e-03
5.455796829825023536e-03
5.538947987198976873e-03
5.440618647439722858e-03
5.446013752910817442e-03
5.462871661521085526e-03
5.440618647439722858e-03
5.481056231001103438e-03
5.584389993773728605e-03
5.439839363355914933e-03
5.605776948037594423e-03
5.455796829825023536e-03
5.386808659507019183e-03
5.416594667209195281e-03
5.404777459781723477e-03
5.557166387768366564e-03
5.345619341044305882e-03
5.455796829825023536e-03
5.614655528384038426e-03
5.374991452079546511e-03
5.364141240189451015e-03
5.382974793054887824e-03
5.468859185849755250e-03
5.449621499414985040e-03
5.398770186141777991e-03
5.439337740154269289e-03
5.376649882306776956e-03
5.584869520681861460e-03
5.466728916450036210e-03
5.439423884053339736e-03
5.403723951088737314e-03
5.386808659507019183e-03
5.384370443732741825e-03
5.449621499414985040e-03
5.472238916323950673e-03
5.364141240189451015e-03
5.466728916450036210e-03
5.386808659507019183e-03
5.440300595011648803e-03
5.374991452079546511e-03
5.481056231001103438e-03
5.416594667209195281e-03
5.345619341044305882e-03
5.444965924335062012e-03
5.614655528384038426e-03
5.440888514080055929e-03
5.497677310685172326e-03
5.451270223298926472e-03
5.451270223298926472e-03
5.789764714699091770e-03
5.575990940335417458e-03
5.440034738957435882e-03
5.568733994901153839e-03
5.410053355653737968e-03
5.458509415206249001e-03
5.436942908747859245e-03
5.614655528384038426e-03
5.449621499414985040e-03
5.457264887649450336e-03
5.470674521782232895e-03
5.382974793054887824e-03
5.364141240189451015e-03
5.353188785352710859e-03
5.532200910976316222e-03
