7.105842124934763637e-01
3.990498533677058202e-01
-4.469042262158401946e-01
4.769431451212985396e-01
-2.764101446018389363e-01
-2.878892263596071199e+00
-5.122639428267586892e-01
-1.808372692854783859e+00
-4.312662952954565143e-01
-2.955587857658608097e-01
1.211654665373512740e+00
1.125328155858433377e+00
2.356919685761213121e-02
6.724783996248819840e-01
-5.047272916539847776e-01
-7.234205374946074407e-01
-3.531319730502131105e+00
2.660393126077772452e-01
-1.950900356456711782e-01
8.459258250320426942e-02
-6.490698698788804899e-01
5.063628433860912353e-02
2.658534327399958083e-02
-1.519996248553902030e+00
-2.548429733451275325e+00
7.604540151495556288e-02
6.942556430437216708e-01
-6.510111198921840758e-01
-1.811582354529696959e+00
-3.591539028526844035e+00
1.016938450891082951e-01
-3.459068383233036226e+00
-7.095034626980257775e-01
-9.827851406846045690e-02
-4.266239205971328885e-01
-5.248492348804760788e-01
-3.906534010519421285e-01
2.519949988039250854e+00
-3.343881875691301353e-01
1.295667082732961661e-01
-7.396048244581665543e-01
-7.968852082271591364e-01
1.115784249118480925e-02
1.092495700375811507e-01
2.349537586140109380e-01
-2.382159346571561809e+00
1.568308516765167804e-01
3.304693381300444210e-01
-2.340327399911724449e+00
-4.808255106013391567e-01
3.665026994138635974e-01
-3.597985532557917282e-02
-6.572002344118260675e-01
-1.356011472678861178e-02
-1.621256280107211456e+00
-7.388929401830260923e-01
1.271584845343614878e-01
-2.548429733451275325e+00
-5.588121334267892593e-03
5.256305551805502407e-01
5.689428740028525944e-01
1.621986809307751631e+00
-5.207354814587166203e-01
-4.113694172696507056e-01
4.244830427483339275e-01
8.573602554211499915e-02
-4.701604783537006310e-02
-3.998276221342458303e-01
-9.905437159787306989e-01
3.241166079911265707e-01
-5.555383502771984450e-01
3.287585416786426684e+00
2.488393839220667259e-01
5.947916742522066369e-02
1.618134864713148546e-01
5.085508847454297543e-01
-4.976653338155629380e-01
3.629398842023279226e-02
4.127930125259927641e-01
-8.379801873742221963e-01
2.456351626063379423e-01
-7.757186133163324060e-01
-2.384717580833426998e-01
-5.938994454020003755e-02
2.161072607817370594e-01
-2.902983780343071363e-01
-1.367334573543766529e+00
9.021665066827171398e-01
-4.790465655614082330e-01
-3.816976503304297719e+00
1.375747683910264030e+00
-4.158281824302912932e-01
-1.590317670946979345e-01
3.772975725952776305e-01
6.412710772196827946e-01
8.763550561597651667e-01
4.924870867595005919e-01
-1.301577591320044913e+00
3.913366017311707967e-01
-1.340936412666882349e+00
7.512167884577545252e-01
3.012840444979190679e-01
8.161427203211686354e-01
8.123737622723319063e-02
2.502680767478793200e-01
3.040516324421289607e-01
5.593156851090249626e-01
8.241590727322459786e-01
6.567263087377464004e-01
7.674011205612571440e-02
5.653333540902601151e-02
-1.079051581160452855e+00
7.751846560368681471e-01
6.208550803378950489e-01
5.787804976245410904e-01
1.060426168772846678e+00
-8.622028366142570066e-01
-1.201707854999413683e-01
8.395829556903572355e-01
-7.277409667184436826e-01
-2.443425013756272690e-01
1.255313313387289798e+00
-3.040203649244806461e-01
7.691729800680923157e-01
-1.636787265787041257e+00
-2.785127637743788909e-01
4.064460955247758273e-03
1.105902754580776470e+00
1.611559777261422147e-02
1.580278150872843845e+00
6.313822510226042573e-01
1.324380084270378566e+00
-1.367885203393301996e-01
3.351751055556632664e-01
-4.977692605685158506e-02
-5.216858768763493748e-02
-6.472640917858356602e-01
-1.823837626088357367e-01
-3.876098831704250514e-01
1.375747683910264030e+00
2.105427902068893520e+00
-8.701341170598764219e-02
-1.280837247453011363e-01
-8.607780329899290539e-01
-2.138333005583655799e-01
-5.202277014253346987e-01
-2.270031862867035954e+00
-4.532022539490925817e-01
-1.671990665823502864e-01
6.889714634580994534e-01
8.834064334673558117e-01
1.744837960391068532e-01
-3.462106864270847462e-01
-6.362878620617083980e-01
1.017369599987108797e-01
-4.975901809943201748e-01
-7.271507597734140349e-01
6.979571121435426684e-02
-5.622961618608380424e-02
-1.787397142662059402e-01
-9.968726529045995877e-01
3.726556521287692769e-01
6.308286295748336547e-01
-1.872798274407459163e+00
1.546212511877306239e+00
-5.069128904286449577e-01
-3.026163755674125544e-01
-9.622140484019625975e-03
-9.234194577401434456e-01
6.126021058969818300e-01
6.777474238810746732e-01
3.714456452766916605e-01
1.011040572783268587e-01
-1.763479273688128290e-01
-1.427489756078452465e-01
-1.632772585011488253e+00
2.362663865133374230e-01
3.872615402959255770e-01
1.485655772753226245e+00
8.337287349443225359e-01
-2.448604308576693145e-01
-5.508735025062602014e-02
-3.971890944633539311e-01
-4.501428777145451976e-01
1.517829635178868583e-02
-2.448099762021614667e-02
3.309661978405917249e-01
-1.150865542237456546e-01
7.916502215686270771e-01
1.827448251875995744e-01
-4.292510960959767391e-02
2.049485599790965284e-01
1.921809318816918744e+00
8.830748424249232897e-01
8.785580426336165871e-01
-3.664782056856438069e-02
-4.726645436913270298e-02
-1.872798274407459163e+00
-3.015874877268355458e+00
-7.574949354916662436e-01
-6.605108140021296315e-01
-1.075655145661786438e+00
-1.169571605075081511e+00
9.126329470394888288e-01
2.144400067470255244e+00
-5.092583818453037203e+00
3.878230083979072318e-01
-5.850765403385257968e-02
-8.927283377993363578e-01
-1.609438065231406645e-01
6.426528865952934044e-01
-1.420455709542148004e-01
-2.691675751471380718e-01
-8.110387170983680491e-03
2.217109101349754863e-01
-5.012732166052988325e-02
-2.100206472087324527e-01
2.060134472779375781e-01
1.516220862642123857e+00
4.441561580969434209e-01
8.726743110298211814e-01
-1.720444194694120410e-01
1.570816396658458181e-01
1.373237279958403390e+00
8.987959033963359712e-01
2.515589359103018730e-01
4.769506237718155184e-01
9.807209974799749874e-01
-2.324307803602717604e-01
-8.701637684196614209e-02
-3.063721035793919856e-01
-1.456731428263659867e+00
1.074098594515425775e+00
9.838690001841333688e-01
-6.714260780263084927e-01
1.060426168772846678e+00
-3.322674499805102211e-01
-1.650664849621555075e-01
1.038663980339029486e-01
-2.248311197960703445e-01
1.234543440128390124e+00
3.816222072780242947e+00
-6.630608212806896606e-01
9.205680563031456431e-01
1.745024752796330514e+00
1.279977119911412109e-01
6.494293059559964609e-01
-2.512412773440628744e-01
-4.219238024825797129e-01
1.074237417355303537e+00
-8.373087595005951345e-01
5.034695023168792583e-01
-4.331740612967762138e-01
-2.047612916211905276e-01
-5.492032994860308603e-01
-1.837930363393908417e-01
4.674093535267315191e-01
-9.425041784069759787e-01
-9.708179126821915583e-02
-1.916471072812148402e-01
2.295094824688153484e-02
-2.668156131729810365e+00
3.033425525712935000e-01
-2.024415979503793872e-01
8.611080868943582489e-01
-8.059532229422109451e-01
-3.845465692241070155e-01
7.216471338699467220e-01
-3.916331046777622726e-02
-1.049010986441227811e-01
-3.308688494718811102e-01
-5.752179331948847896e-01
5.970633573387080784e-01
2.453117427775751702e-01
-9.284790449911518861e-02
-3.922002744179349798e-01
-5.317421970232958373e-01
9.755693539886991505e-01
3.733293030877347096e-01
-3.621593676600917355e+00
-5.146218611373990504e-01
-3.251282636280987681e-01
2.462063760334321838e+00
8.478346422989765374e-01
-1.008958954869924485e+00
-4.152385491180987098e-01
-7.819892238438204135e-01
1.441229995240388639e+00
1.179826018439908003e-01
-1.826312480055136966e-01
-1.283636879690108201e-01
2.240244879664502697e+00
-2.467347296367227993e-01
-5.055473674782242632e-01
3.499299107326455105e-01
7.722096338582556951e-02
6.587297505114529939e-01
1.385354043936422586e-01
6.333710765659971154e-01
9.967430031706585591e-01
9.153440982796093685e-05
2.318356724500204580e-01
-1.881788252777173209e+00
2.540374955604028928e-01
-4.833021741813624539e-01
8.858979873269575700e-01
-5.196322896227886234e-01
2.908328454166727028e-01
9.289728287128595774e-01
-1.780782061712497533e-01
4.353370861950840442e-01
2.964356397029412893e-01
7.768425511981493781e-01
-4.977286295976766639e-01
-7.847149742037606845e-01
-5.571786710922294050e-01
-7.962713970329352575e-01
6.204660823091477928e-01
