1.375221605107800060e-03
1.509668831408400060e-03
1.339266635597200069e-03
1.172482813189200087e-03
1.330798473386100075e-03
1.193502252065700058e-03
1.119541907095800105e-03
1.229186935900199954e-03
1.217230261158700052e-03
1.274811817020999943e-03
1.411467076599099910e-03
1.391811845217200009e-03
1.358069530920400034e-03
1.296745211457499920e-03
1.202599630341500076e-03
1.350809807440199895e-03
1.255568171400900076e-03
1.229224155392200091e-03
1.089429457898200091e-03
1.351575430840000003e-03
1.235006047282099974e-03
1.324626937126600033e-03
1.307519805805899913e-03
1.201588586989900008e-03
1.148009244760400064e-03
1.266875487373199946e-03
1.207478132516000020e-03
1.440339170114100006e-03
1.195065095033999913e-03
1.085578669528499936e-03
1.295872278494500027e-03
1.314496927064899958e-03
1.263935883412499938e-03
1.199261311783700063e-03
1.228957111193999894e-03
1.237813509024900073e-03
1.014473696031299981e-03
1.426017018119900021e-03
1.148620372178599941e-03
1.339191691453700062e-03
1.267102331954899968e-03
1.380096592985299896e-03
1.281912288757800075e-03
1.140111661206500001e-03
1.215334477302300103e-03
1.524392534804400049e-03
1.276128209131200059e-03
1.353947426616900103e-03
1.047998109133600015e-03
1.118236671909399963e-03
1.298038694258100067e-03
1.263058252664099991e-03
1.062120050649900021e-03
1.333931111701299908e-03
1.140851023805499907e-03
1.257964250812499980e-03
1.206106816785500104e-03
1.402574589943899903e-03
1.248806540652700001e-03
1.262982702735200059e-03
1.306409972749500003e-03
1.212508296987999893e-03
1.260900344667200074e-03
1.081428160451299979e-03
1.184986120730399922e-03
1.321680117571899906e-03
1.490918986248000082e-03
1.335677994755100082e-03
1.279354773303499919e-03
1.334582224768099921e-03
1.216122436677099898e-03
1.403493274912000080e-03
1.294287342257599950e-03
1.318955072646600018e-03
1.344872002295399976e-03
1.156198056354500051e-03
1.240484693331999917e-03
1.360100372496900016e-03
1.151236324916700025e-03
1.305876213289999897e-03
1.163620477117900068e-03
1.189443801288000025e-03
1.179585546425799929e-03
1.391385128127700047e-03
1.351926589616599941e-03
1.234534627690899930e-03
1.146389654840599976e-03
1.290069167626200055e-03
1.260281542532000042e-03
1.181087573659799937e-03
1.130092718143199931e-03
6.374620366576000136e-04
1.264166835754400092e-03
1.329888066682799897e-03
1.281789110120499934e-03
1.318198060138200001e-03
1.188534421846300067e-03
1.356832658648300053e-03
1.315537747035399989e-03
1.313008588666999968e-03
1.542661471217400028e-03
1.370473908990700075e-03
1.398037123627200035e-03
1.251269933180400090e-03
1.217342354704799984e-03
1.332018031294000078e-03
1.391326701605099993e-03
1.075316149796199956e-03
1.329072916579499952e-03
1.266348118204000013e-03
1.274326003120899910e-03
1.206226475668999978e-03
1.281984417427199912e-03
1.262803740730400037e-03
1.190858333055499997e-03
1.351881116237800074e-03
1.187171392271799998e-03
1.145733077942400055e-03
1.179254845419799944e-03
1.198868552060500031e-03
1.237431731894000041e-03
1.168316303034699953e-03
1.292743825412200022e-03
1.157524337657999921e-03
1.305327834261100096e-03
1.302618113039099960e-03
1.247259201683700034e-03
1.296829265751699937e-03
1.204047029888199961e-03
1.450274852805200033e-03
1.248682448284500106e-03
1.413846346316299926e-03
1.123834680999799942e-03
1.082472018708200041e-03
1.391764029223200010e-03
1.226922711078800091e-03
1.187902488116600102e-03
1.344460433472600058e-03
1.248774455626000058e-03
1.388100822165499928e-03
1.133546969026700060e-03
1.155447642455099955e-03
1.285305752757900108e-03
1.344531057262500018e-03
1.147931742591600012e-03
1.206193933085700004e-03
1.230796576884399989e-03
1.125295442133899919e-03
1.276557905338999944e-03
1.229408219418799946e-03
1.319623757566699930e-03
1.398038566901500020e-03
1.236377715966900008e-03
1.310453086119400075e-03
1.157687835651900017e-03
1.264744869098600099e-03
1.330831783549400044e-03
1.079044200134600005e-03
1.314667751913600009e-03
1.444670367992399902e-03
1.290084693655200055e-03
1.340973665908700005e-03
1.217724888471000003e-03
1.433255926032299919e-03
1.073636430213799906e-03
1.132494754392900094e-03
1.181099434367599956e-03
1.234546274043899980e-03
1.359151993414099962e-03
1.163750262198800069e-03
1.354585163788899925e-03
1.150276495683199987e-03
1.429212719051800107e-03
1.207225807880000015e-03
1.425121340753900036e-03
1.313789468797799944e-03
1.093214663354899994e-03
1.297252737429399920e-03
1.006621162278999995e-03
1.296301428317299951e-03
1.069837601930700077e-03
1.389883794695899975e-03
1.097634901515800055e-03
1.209246205652099925e-03
1.245046630275899917e-03
1.152908834347800065e-03
1.277521111970499924e-03
1.175721500924900098e-03
1.355485189874600007e-03
1.422907686369699956e-03
1.276071512640999895e-03
1.219600748979199996e-03
1.209168995857900098e-03
1.187875971556199986e-03
1.276219390606100077e-03
1.243381331519199896e-03
1.290529299139800065e-03
1.179922650154300104e-03
1.224683634765499993e-03
1.191550093249000089e-03
1.183438087452100013e-03
1.257233282624900007e-03
1.233978178635699923e-03
1.336693807797799914e-03
1.208197628305000089e-03
1.108235188662899922e-03
1.245027712202300069e-03
1.382192744592400076e-03
1.257535656021899944e-03
1.425973963935700008e-03
1.354899367673899910e-03
1.235960445130100021e-03
1.324799288041800032e-03
1.435946179474300016e-03
1.093893073153400083e-03
1.140196278599099958e-03
1.254723460764599991e-03
1.267290604350499892e-03
1.172906432408999918e-03
1.183617633458300010e-03
1.264781359178600035e-03
1.352154186516700031e-03
1.342294463662500057e-03
1.298610400368199920e-03
1.184323902691199930e-03
1.387418346975299909e-03
1.200525410304500041e-03
1.163112542033600079e-03
1.433591967546899923e-03
1.174338397886400074e-03
1.239767795443400076e-03
1.221606767171199912e-03
1.316690801761599954e-03
1.194139009744300079e-03
1.303325175974399909e-03
1.336031949213199906e-03
1.219182340051099987e-03
1.144997819068899973e-03
1.152375258310899984e-03
1.280724086726999942e-03
1.226490477530900024e-03
1.132036081657399919e-03
1.442361269705900052e-03
1.308272674484099946e-03
1.323719523677399949e-03
1.161152177577399981e-03
1.213107446387899895e-03
1.146181189800900063e-03
1.269025334528099897e-03
1.424443608148599901e-03
1.402178720718500089e-03
1.138018127715500040e-03
1.292686109928099965e-03
1.497230372745899903e-03
1.114891271402299955e-03
9.977551737836000498e-04
1.190231753068799955e-03
1.163665527915899939e-03
1.211096805154300050e-03
1.341648675670800098e-03
1.230753183175300027e-03
1.264883392420799915e-03
1.158275335170000104e-03
1.159250493256300078e-03
1.349904930624899919e-03
1.350613115290899948e-03
1.295053489238499975e-03
1.252563446487600088e-03
1.111177994106700038e-03
1.205051265687900018e-03
1.369760098083399940e-03
1.297864292768999934e-03
1.361865557833300032e-03
1.249212916846800065e-03
1.172067198167200041e-03
1.309007979758999895e-03
1.256334265595900100e-03
1.333236377212999998e-03
1.199323976500699931e-03
1.412199601211100051e-03
1.247850173964100071e-03
1.275100243617300092e-03
1.163428603067500006e-03
1.153239360831300082e-03
1.179985488432199999e-03
1.517446053558400105e-03
1.500718231728499948e-03
1.282416549810299917e-03
1.195821416098300036e-03
1.107531975947199931e-03
1.430379700763199924e-03
1.061605426943400092e-03
1.014191228724600031e-03
1.412960325850500009e-03
1.397768242512000035e-03
1.170624500765600094e-03
1.374176739656000033e-03
1.413454417461799907e-03
1.359640300835799915e-03
1.397279981620399951e-03
1.280906250647300066e-03
1.302749436590799935e-03
1.367067462347599897e-03
1.460978631155099901e-03
1.351647589015399914e-03
1.231988011991199967e-03
1.371305272075299970e-03
1.231127193764300007e-03
1.353232183133000087e-03
1.511623420361600046e-03
1.251627850730999917e-03
1.307011560604100101e-03
1.260878425329499918e-03
1.178069120769099920e-03
1.383631979291199965e-03
1.221013512710999917e-03
1.143538381755300048e-03
1.375617249764500083e-03
1.274993761915900036e-03
1.405464955612600051e-03
1.394549272745499932e-03
1.177226370548199947e-03
1.441458408557300033e-03
1.177040559631199962e-03
1.048254906127400092e-03
1.111134816331900031e-03
1.140626858986799929e-03
1.338447190123500047e-03
1.213591902978399927e-03
1.370824038062400108e-03
1.341993952945300019e-03
1.189056446835300065e-03
1.216510626220599972e-03
1.265590508004000008e-03
1.258132746795100065e-03
1.037416649287199949e-03
1.303553670633599915e-03
1.260534801729699993e-03
1.153217851729899934e-03
1.243873652483000079e-03
1.306496067207000037e-03
1.265330754981100047e-03
1.172743058399600006e-03
1.251278242829800087e-03
1.377301091949200036e-03
1.417149453396499958e-03
1.117138871661500082e-03
1.212375837028099954e-03
1.238795132800099910e-03
1.184201602841200096e-03
1.156800383123999902e-03
1.270191764190899955e-03
1.248775123321299932e-03
1.375779957969199994e-03
1.277772016922900083e-03
1.306056752021999895e-03
1.353391974403999991e-03
1.344137559690200025e-03
1.169887422174500100e-03
1.201654539416000065e-03
1.110673408306600074e-03
1.185421153595200014e-03
1.376423534300099923e-03
1.335832824954400052e-03
1.338840446028700081e-03
1.150625876623199983e-03
1.384037111719199934e-03
1.420413124173800076e-03
1.320985729177600026e-03
1.181095116080999909e-03
1.258068691710400103e-03
1.305807737298500006e-03
1.126189371914999978e-03
1.161921234626500090e-03
1.155576892044899925e-03
1.337620601261100021e-03
1.284709090017300019e-03
1.173420749012000098e-03
1.294705395892499934e-03
1.330628207520699992e-03
1.327197690802699994e-03
1.204126820809099966e-03
1.112577633074499951e-03
1.278868952465499979e-03
1.182617993170199900e-03
1.180724569856899915e-03
1.293810633136299954e-03
1.307229276496699915e-03
1.486853314568800048e-03
1.381457028540799929e-03
1.280223383995900003e-03
1.344764160400800093e-03
1.370703029442999930e-03
1.263601657524499955e-03
1.196686670435600022e-03
1.099806570154000015e-03
1.293517583750799973e-03
1.281164354509700025e-03
1.289541984402599968e-03
1.176384428775099997e-03
1.277523592620199901e-03
1.219966774733400108e-03
1.362932637776999908e-03
1.195288327419799903e-03
1.235088738168800028e-03
1.320780053785199949e-03
1.257380856744599960e-03
1.288288439943700023e-03
1.275148597265100044e-03
1.369009323074499903e-03
1.252825367196800039e-03
1.356482989765500028e-03
1.280715273531200056e-03
1.329639999669500038e-03
1.227059486908799917e-03
1.124919771428999939e-03
1.261196797871199900e-03
1.249070561062599937e-03
1.307553173362500064e-03
1.226609643432099951e-03
1.313039819139200049e-03
1.265210775649299900e-03
1.240503698132700092e-03
1.086232061953300038e-03
1.220360816480999975e-03
1.331117826404700031e-03
1.110457054706099917e-03
1.304105433270899908e-03
1.196248461260299937e-03
1.245162784774999937e-03
1.349654938678400027e-03
1.243314787415600092e-03
1.291215538455399913e-03
1.378615497700199982e-03
1.102720609716999938e-03
1.352086457104799931e-03
1.090269079441799974e-03
1.360386372212100004e-03
1.340902241907400080e-03
1.222711150737599943e-03
1.163329592154300042e-03
1.167339956906899949e-03
1.278130961090100017e-03
1.554130599784099911e-03
1.254727604869399979e-03
1.254293941278299953e-03
1.265907183115399940e-03
1.191097543546199922e-03
1.192939467200999958e-03
1.354911333788900041e-03
1.382176818921599954e-03
1.414663314781300016e-03
1.456273706338399995e-03
1.281071227987700062e-03
1.160883702674799997e-03
1.399673662039099906e-03
1.287722689978700085e-03
1.376605660824399904e-03
1.358409456722300046e-03
1.056610630024900016e-03
1.169811154925399967e-03
1.306774982711599942e-03
1.296875551444300013e-03
1.297244190897800086e-03
1.270573318908800077e-03
1.181956296651399908e-03
1.283933750840100070e-03
1.277000426801399918e-03
1.363855414306299960e-03
1.297680773499200078e-03
1.143650673175499897e-03
1.278733440505600092e-03
1.249186590999400029e-03
1.405295077878400108e-03
1.155028993369200049e-03
1.270323162253499984e-03
1.085644893952200001e-03
1.283995373743600102e-03
1.420830018242099984e-03
1.105627326247500021e-03
1.343059312561700009e-03
1.233380731016099933e-03
1.270534326562999979e-03
1.198068973595600023e-03
1.219915003657100032e-03
1.485048762068800089e-03
1.326231313793699990e-03
1.061107100927099946e-03
1.353197912675099986e-03
1.079025517018099940e-03
1.335907078176999923e-03
1.290316919682300053e-03
1.354158479370800054e-03
1.015377552325899893e-03
1.221351545470099938e-03
1.321868370446200106e-03
1.298292107708600004e-03
1.281284513837600012e-03
1.245406844397700099e-03
1.291850433850500000e-03
1.251520511743800003e-03
1.440759871694599972e-03
1.333413588205900092e-03
1.251070401037600007e-03
1.236128330220099929e-03
1.311890436704699981e-03
1.374867926149999893e-03
9.908570712562000948e-04
1.326408026747700033e-03
1.257242163088599912e-03
1.229737057416900071e-03
1.237713428241399901e-03
1.089481566650100106e-03
1.271558376811600041e-03
1.207270873110900073e-03
1.320749355917399904e-03
1.217023398081500075e-03
1.322794929761399998e-03
1.322810431030700066e-03
1.281124810333099905e-03
1.344731668289900033e-03
1.470615822526400059e-03
1.207842213023000051e-03
1.451442963287100096e-03
1.319789514524999895e-03
1.165012747414500074e-03
1.317836600799200068e-03
1.384350231481500104e-03
1.177676749968100105e-03
1.488827455869499994e-03
1.271347259900299995e-03
1.240370293444699934e-03
1.154781107378700022e-03
1.442114439201799912e-03
1.321672673908000015e-03
1.346282781970900002e-03
1.376318737079200048e-03
1.102151189021799947e-03
1.420320020760599926e-03
1.293025933213800020e-03
1.204758156997799961e-03
1.367167877448099934e-03
1.199738783876500058e-03
1.429611771011900061e-03
1.263499279929999929e-03
1.316281811425199910e-03
1.144486968655399929e-03
1.157578643925400016e-03
1.424525450495999932e-03
1.315630531485199959e-03
1.175582154771099902e-03
1.236473215944300071e-03
1.358479084790599999e-03
1.372616070024300057e-03
1.238358418505499953e-03
1.395814846342599948e-03
1.274208110327499938e-03
1.251329190723100100e-03
1.118453719709199944e-03
1.224291217414300069e-03
1.162750697600899944e-03
1.181419276515299982e-03
1.408927090309000001e-03
1.294149923364399995e-03
1.282046755186100079e-03
1.247191509333699924e-03
1.262074899250300057e-03
1.150551471183700004e-03
1.165115881441100001e-03
1.344370055181299964e-03
1.222477125862100064e-03
1.168660273467999949e-03
1.305686085278899957e-03
1.298032919657100001e-03
1.241711286436899967e-03
1.311809118038000099e-03
1.367417094925700008e-03
1.192502345023300093e-03
1.302663304714000037e-03
1.057856306583499937e-03
1.367014403232000037e-03
1.363601815426799960e-03
1.247955661855499904e-03
1.374428868880999939e-03
1.399854847185099923e-03
1.307813982530599967e-03
1.095965997298900107e-03
1.602460592079900078e-03
1.349924198394799896e-03
1.245386398331499965e-03
1.243821382154000057e-03
1.210801694599700088e-03
1.263064507174799928e-03
1.336966017522800030e-03
1.251566165639700053e-03
1.254109065665499944e-03
1.279050424604199999e-03
1.201902603408100097e-03
1.172962577135799921e-03
1.050496470637299904e-03
1.191591535396199905e-03
1.350276025445200064e-03
1.183326976724199953e-03
1.323362470514599957e-03
1.232121220689999996e-03
1.407805940278600027e-03
1.218088769725299975e-03
7.898882807071999808e-04
1.401688414729699910e-03
1.248170913030900069e-03
1.250872596653399959e-03
1.144584757657099959e-03
1.262439610069600055e-03
1.333945284024000075e-03
1.327977611193000007e-03
1.259333591210700038e-03
1.176042965553699901e-03
1.174788906106700049e-03
1.199968336067000008e-03
1.250763810937899952e-03
1.270254574911500092e-03
1.390726182816299974e-03
1.400587551834400020e-03
1.287535115276700103e-03
1.269410949819299930e-03
1.141362818145799955e-03
1.141424938887800012e-03
1.393106909750400088e-03
1.173390003154499948e-03
1.244357559367200100e-03
1.351405406535100039e-03
1.190501893769899946e-03
1.326077233229600071e-03
1.338810119763600036e-03
1.034852617617799952e-03
1.294996656300999955e-03
1.178637942010999978e-03
1.279580614189600000e-03
1.281240233928800055e-03
1.200848312640199990e-03
1.486989866465599983e-03
1.078673332769499935e-03
1.478938257357099995e-03
1.194470576839200097e-03
1.113608962651400089e-03
1.343543798201200009e-03
1.113714325811699908e-03
1.137035465531699993e-03
1.286725604525299892e-03
1.268588679452399906e-03
1.258050503610099943e-03
1.176561867706499981e-03
1.161415003094300050e-03
1.198887304945700028e-03
1.311770029726200097e-03
1.323511617892899912e-03
1.362797059162499996e-03
1.339999581043399947e-03
1.258079232534999991e-03
1.206669323906099916e-03
1.060719221650200045e-03
1.164197229890499927e-03
1.262663662443699961e-03
1.321405553588699943e-03
1.202105288557200023e-03
1.300241657043699987e-03
1.258674303532999941e-03
1.287602891959100000e-03
1.136181581423199947e-03
1.373810770388400040e-03
1.275996119702500027e-03
1.219995476144000073e-03
1.369671305490499907e-03
1.302909985164599953e-03
1.207371740667500040e-03
1.474333753388900074e-03
1.294653467411000089e-03
1.340401783366899956e-03
1.133580431133499912e-03
1.529186241249199957e-03
1.129274201963800057e-03
1.235321897039499918e-03
1.292216439308199955e-03
1.443155825220199901e-03
1.300743105695499916e-03
1.315694772074700028e-03
1.298688095766000047e-03
1.247349928072300027e-03
1.341799534813900054e-03
1.326956432164599908e-03
1.336373514411500017e-03
1.246898469060199943e-03
1.146972968614699958e-03
1.218930724697900011e-03
1.169530502503800078e-03
1.186827246532300107e-03
1.171024259550999943e-03
1.116430901983999930e-03
1.142028182380000001e-03
1.439642864030799907e-03
1.259356931070999917e-03
1.253566697053199895e-03
1.229791168487400074e-03
1.104613967384499929e-03
1.266609530215600079e-03
1.194012226255900021e-03
1.300818747660900014e-03
1.291848955651700090e-03
1.248443000773100022e-03
1.216584015743599938e-03
1.103833528786500075e-03
1.231269935528799941e-03
1.170544745023299922e-03
1.379494951246700105e-03
1.239406761186399907e-03
1.362426742911900098e-03
1.248908751854699989e-03
1.202263833480400005e-03
1.334432106339100048e-03
1.251637454868599923e-03
1.097329267025200098e-03
1.058089009050699981e-03
1.357329626134200044e-03
1.468398789041699916e-03
1.164423725860600075e-03
1.372881049885600049e-03
1.223103389828800007e-03
1.235847454881299932e-03
1.283686317737300041e-03
1.153943803396000056e-03
1.179615227491699917e-03
1.203185434364999976e-03
1.379282157611499927e-03
1.389568137965599979e-03
1.329592836191500040e-03
1.287871522619899942e-03
1.204898488131600064e-03
1.267233617042499982e-03
1.374640437028899938e-03
1.306392545916100056e-03
1.245118482752599967e-03
1.298952225414600099e-03
1.275401119789800050e-03
1.301227603165000003e-03
1.193564071401900057e-03
1.097273801421100011e-03
1.278127191775200100e-03
1.516320538057500068e-03
1.427771865724600069e-03
1.252964588123099991e-03
1.417930466038899934e-03
1.395683715747600070e-03
1.191191183596299920e-03
1.317415975350699894e-03
1.366384630236700069e-03
1.272112762601200009e-03
1.317367235060499988e-03
1.166464932494600069e-03
1.292017564165699956e-03
1.160554180843800061e-03
1.063447995761799972e-03
1.343448500934800059e-03
1.103398196485599935e-03
1.246637608322700031e-03
1.114393420292599966e-03
1.216418276845400047e-03
1.379149040225700028e-03
1.287334542187800086e-03
1.305182674963799912e-03
1.426333795097399926e-03
1.216998925088399932e-03
1.268195229105399972e-03
1.221280807195299902e-03
1.308883954123399914e-03
1.183330867062800046e-03
1.278337443121799937e-03
1.386630201883700102e-03
1.227990874014899935e-03
1.465826982583599922e-03
1.195533166509800014e-03
1.300888453291100012e-03
1.287706996160900086e-03
1.289283517920000082e-03
1.442966747370100005e-03
1.317870132420699905e-03
1.287264442416000089e-03
1.222951034661000098e-03
1.173330665153599940e-03
1.142490129623800104e-03
1.251555296064199964e-03
1.242819967110500015e-03
1.296419661961400018e-03
1.278783791609600052e-03
1.460523543481199961e-03
1.142151275606699892e-03
1.398086326283599955e-03
1.617080106142100007e-03
1.312834566918200021e-03
1.190759670814899940e-03
1.181493569585399936e-03
1.404039125243900041e-03
1.163383906002000024e-03
1.299336194374600077e-03
1.386441018082500099e-03
1.262454354056999958e-03
1.266345740825300078e-03
1.253784664601700037e-03
1.413530846102099923e-03
1.032636140915399979e-03
1.289283628008199923e-03
1.311663224219599940e-03
1.245375829814600018e-03
1.288618855435099981e-03
1.320164594434199970e-03
1.208834284425600036e-03
1.206904492028599901e-03
1.373211738761200050e-03
1.238998474000999961e-03
1.342646501945599959e-03
1.356391016572899930e-03
1.119372983795000097e-03
1.477825388645900070e-03
1.275068771650600050e-03
1.186929385811600094e-03
1.042249500629999995e-03
1.216929883937399896e-03
1.091217425893599912e-03
1.276365487680999975e-03
1.167641909716000091e-03
1.079969927455400091e-03
1.235760193669100098e-03
1.226581966207000067e-03
1.276322531082299972e-03
1.403456417229799946e-03
1.339647307027199905e-03
1.357123496089900072e-03
1.290470281464100016e-03
9.166111372301000149e-04
1.316941131558799953e-03
1.474026177708500068e-03
1.223136978692300047e-03
1.193856816173700106e-03
1.360298523125599932e-03
1.237385570936000000e-03
1.139402337723199963e-03
1.320792128895500062e-03
1.175899045310899995e-03
1.257543876221800050e-03
1.274863631999099967e-03
1.304579337576399932e-03
1.303130502476700005e-03
1.189305874798400045e-03
1.275150258510900038e-03
1.256971992646499893e-03
1.276067764989099931e-03
1.102697714917499905e-03
1.276612944497299918e-03
1.215908750711000011e-03
1.199391888368400065e-03
1.219140938382300100e-03
1.284529007977600100e-03
1.331234668065699915e-03
1.267039434407999992e-03
1.418102874959499896e-03
1.213528012663499982e-03
1.317869962744499948e-03
1.124627703895799942e-03
1.191202739197900085e-03
1.207649156815800021e-03
1.250642650771599963e-03
1.223540043193999984e-03
1.369355361045099901e-03
1.518484204016200051e-03
1.161698168424999929e-03
1.325028551736900104e-03
1.278208717646500030e-03
1.334861897368999975e-03
1.140192975479000035e-03
1.292443218425599980e-03
1.272479379409000065e-03
1.269924583692499899e-03
1.194916410079499948e-03
1.320441477806099913e-03
1.256570037124700055e-03
1.236043894077300080e-03
1.174006948850999949e-03
1.160089840299999937e-03
1.062786909699300073e-03
1.393698673256100031e-03
1.251091333430900043e-03
1.328824128857499908e-03
1.324639309499100028e-03
1.185666771817799926e-03
1.216685128648700102e-03
1.279329401122100002e-03
1.167307609289100099e-03
1.204921968067499934e-03
1.145271689135400010e-03
1.350105406210799905e-03
1.160282219225899913e-03
1.265938363674299965e-03
1.209091516010800090e-03
1.217251137122600090e-03
1.315004473454199933e-03
1.211696816180700019e-03
1.381235529403999993e-03
1.408529898541400083e-03
1.238792235224899950e-03
1.401222241911100020e-03
1.093862822240400032e-03
1.366201095520699904e-03
1.340805045492699920e-03
1.400032107319000097e-03
1.315391252022400084e-03
1.238069702590200057e-03
1.265304606076099979e-03
1.199895389987199953e-03
1.300301754675600024e-03
1.256995374166699911e-03
1.381256915609100017e-03
1.321564120300200039e-03
1.236282885306900061e-03
1.148363270451600035e-03
1.195384357537499897e-03
1.329621251348599934e-03
1.267236850489499933e-03
1.275578449288300008e-03
1.193937165218799962e-03
1.215194551551399991e-03
9.930308887986000373e-04
1.374541006133100061e-03
1.328493480634700043e-03
1.374063132893099974e-03
1.281028502345600041e-03
1.511235308072200008e-03
1.351231599342300011e-03
1.186749120477200012e-03
1.194253754797299904e-03
1.128641614499799892e-03
1.423884161623800108e-03
1.139001561332800066e-03
1.154851892235199927e-03
1.428847535142599955e-03
1.309711907575399894e-03
1.366850613399099926e-03
1.273295385686499907e-03
1.371161036378200013e-03
1.104179765233999919e-03
1.256793761770200061e-03
1.312320542787000091e-03
1.450330927738699991e-03
1.411456697436300070e-03
1.209215790097000007e-03
1.431796228438299897e-03
1.210973744007100023e-03
1.450027300809600102e-03
1.403580942796200026e-03
1.155663066262599924e-03
1.517151401567300032e-03
1.160242912863900053e-03
1.091960226373200026e-03
1.285378825248499959e-03
1.444892327730400031e-03
1.198280098364699984e-03
1.270131153456699902e-03
1.238611656925099960e-03
1.348111018006399901e-03
1.126642491691800087e-03
1.163969791869699962e-03
1.192573687934299961e-03
1.248363605919500068e-03
1.254314084798800006e-03
1.150096582873199984e-03
1.370020954918599928e-03
1.339642260349599998e-03
1.214105561868899976e-03
1.302541220054200064e-03
1.218820417734699929e-03
1.207977294412600038e-03
1.112707612242100005e-03
1.259095389397300001e-03
1.136286737556299912e-03
1.140905609867699962e-03
1.323291267449700067e-03
1.245063287640599953e-03
1.240366589350100097e-03
1.180887140209700009e-03
1.148365366118799923e-03
1.210398248227199979e-03
1.288601251936400023e-03
1.155274373187300044e-03
1.271606254049499965e-03
1.241143689488600002e-03
1.168123517660000013e-03
1.282071355174200025e-03
1.277835965802200102e-03
1.398611534394700057e-03
1.363468538323900055e-03
1.294513819916700030e-03
1.528505564216400044e-03
1.421028269782600084e-03
1.357966968310999906e-03
1.266581129266300051e-03
1.313810135340599946e-03
1.343601350580699927e-03
1.170151486604100030e-03
1.316200974067000028e-03
1.086121352849600021e-03
1.235242068896200054e-03
1.363275383658100028e-03
1.205199977559600006e-03
1.315652621182099953e-03
1.172901940404099926e-03
1.251150987184299936e-03
1.276560314856300038e-03
1.373405679032400038e-03
1.212476250555899904e-03
1.204133259391299915e-03
1.283629127591599936e-03
1.277801518917200075e-03
1.246822065670800039e-03
1.177207793156999924e-03
1.204967775655500046e-03
1.357968935704800080e-03
1.214323821375100105e-03
1.335572497067300012e-03
1.440856067802199960e-03
