7.683682379103272738e-07
7.689330580293962976e-07
7.689884780846558513e-07
7.690103368639644773e-07
7.713351976346011252e-07
7.685807103850134781e-07
7.687335173895622860e-07
7.687480811074072439e-07
7.690360336795223540e-07
7.703847798108439064e-07
7.709592438248305955e-07
7.740758202233712551e-07
7.695442716251331608e-07
7.685592661414147765e-07
7.714945556015302821e-07
7.714581556310701232e-07
7.714945556015302821e-07
7.695404665963469195e-07
7.714945556015302821e-07
7.740758202233712551e-07
7.697666138103545536e-07
7.688849934767484117e-07
7.716118252053521943e-07
7.694930455110129371e-07
7.714945556015302821e-07
7.925765558588812616e-07
7.714945556015302821e-07
7.740758202233712551e-07
7.682086812668729248e-07
7.689197172877417624e-07
7.689376813110456991e-07
7.687557784567115299e-07
7.721666329775024613e-07
7.684837688428922465e-07
7.692545394801778266e-07
7.713538631419433120e-07
7.701635958120055146e-07
7.685592661414147765e-07
7.688849934767484117e-07
7.681286143499216305e-07
7.711442912333314876e-07
7.693000258895625489e-07
7.688070892588248289e-07
7.694453311607791372e-07
7.687480811074072439e-07
7.685667747811400341e-07
7.706051895138352342e-07
7.687596204664347937e-07
7.712284654852045548e-07
7.693167412364855037e-07
8.278321322785158944e-07
7.714945556015302821e-07
7.841572046708581649e-07
7.710900383417484494e-07
7.685467036292275712e-07
7.684837688428922465e-07
7.688550507190957750e-07
7.709902685009603419e-07
7.685667747811400341e-07
7.683682379103272738e-07
7.690919935532234131e-07
7.689351300155734598e-07
7.693799730921445645e-07
7.685340983784427301e-07
7.697590116083174546e-07
7.695898679827910389e-07
7.683682379103272738e-07
7.920743079300043552e-07
7.711442912333314876e-07
7.689376813110456991e-07
9.281448064539888693e-07
7.713933356263852073e-07
7.689884780846558513e-07
7.685667747811400341e-07
7.681286143499216305e-07
7.688070892588248289e-07
7.714707089114425894e-07
7.690919935532234131e-07
7.690103368639644773e-07
8.278321322785158944e-07
7.687480811074072439e-07
7.863830318295029268e-07
7.702021675294241535e-07
7.690357470977424542e-07
7.717619245366135978e-07
7.686317508212644215e-07
7.687669167156720113e-07
7.709902685009603419e-07
7.697295282051952994e-07
7.690103368639644773e-07
7.688550507190957750e-07
7.689884780846558513e-07
7.692358809016534515e-07
7.897146052434989677e-07
7.701493330478886621e-07
7.703847798108439064e-07
7.690103368639644773e-07
8.370110090277149274e-07
7.725606222304556524e-07
7.688762343022236161e-07
7.687386157681584490e-07
7.688550507190957750e-07
7.687557784567115299e-07
7.684955892181354613e-07
7.714945556015302821e-07
7.714707089114425894e-07
7.695404665963469195e-07
7.693313501803656020e-07
7.690276268829091493e-07
7.687335173895622860e-07
7.683682379103272738e-07
7.693799730921445645e-07
7.692545394801778266e-07
7.685592661414147765e-07
7.688849934767484117e-07
7.710900383417484494e-07
7.685667747811400341e-07
7.688550507190957750e-07
7.693799730921445645e-07
7.683644438960295710e-07
7.697952968251874452e-07
7.681286143499216305e-07
7.697952968251874452e-07
7.687669167156720113e-07
7.685807103850134781e-07
7.695442716251331608e-07
7.684837688428922465e-07
7.713538631419433120e-07
7.684955892181354613e-07
7.689017264936097973e-07
7.703847798108439064e-07
7.689884780846558513e-07
7.690549127807931693e-07
7.695442716251331608e-07
7.709746775694651735e-07
7.684837688428922465e-07
7.713351976346011252e-07
7.681470222043444782e-07
7.690919935532234131e-07
7.690549127807931693e-07
7.690103368639644773e-07
7.691374622388485958e-07
7.689995591322785469e-07
7.714945556015302821e-07
7.687249891945692479e-07
7.706706222004071860e-07
7.687386157681584490e-07
7.682695767561855738e-07
7.695898679827910389e-07
7.710900383417484494e-07
7.685667747811400341e-07
7.815268327685258906e-07
7.692358809016534515e-07
7.687596204664347937e-07
7.841606441971814438e-07
7.682695767561855738e-07
7.684837688428922465e-07
7.761746491231093808e-07
7.688550507190957750e-07
7.690321231385714369e-07
7.695442716251331608e-07
7.706706222004071860e-07
7.689884780846558513e-07
7.694930455110129371e-07
7.717619245366135978e-07
7.711442912333314876e-07
7.685807103850134781e-07
7.734713751918830472e-07
7.690103368639644773e-07
7.690276268829091493e-07
7.711442912333314876e-07
7.685592661414147765e-07
7.687480811074072439e-07
7.709746775694651735e-07
7.690103368639644773e-07
7.740720829419557781e-07
7.697295282051952994e-07
7.726087955682008754e-07
7.693313501803656020e-07
7.683682379103272738e-07
7.687669167156720113e-07
7.692545394801778266e-07
7.696850663644278267e-07
7.706051895138352342e-07
7.701635958120055146e-07
7.690919935532234131e-07
7.814790178515930167e-07
7.685340983784427301e-07
7.684007067342206973e-07
7.706273990021865632e-07
7.683644438960295710e-07
7.694453311607791372e-07
7.717910754860113979e-07
7.695442716251331608e-07
7.815268327685258906e-07
7.717619245366135978e-07
7.682086812668729248e-07
7.693167412364855037e-07
7.690276268829091493e-07
7.682086812668729248e-07
7.697590116083174546e-07
7.712284654852045548e-07
7.685693271342557279e-07
7.702021675294241535e-07
7.815268327685258906e-07
7.687249891945692479e-07
7.686317508212644215e-07
7.689995591322785469e-07
7.693000258895625489e-07
7.713351976346011252e-07
7.815268327685258906e-07
7.709843718311659682e-07
7.691374622388485958e-07
7.697295282051952994e-07
7.711442912333314876e-07
7.685340983784427301e-07
7.687596204664347937e-07
7.685467036292275712e-07
7.687480811074072439e-07
7.710900383417484494e-07
7.709746775694651735e-07
7.690103368639644773e-07
7.681470222043444782e-07
7.864517515246942451e-07
7.687249891945692479e-07
7.740758202233712551e-07
7.687596204664347937e-07
7.693313501803656020e-07
7.697295282051952994e-07
7.690103368639644773e-07
7.687249891945692479e-07
7.687600103986882898e-07
7.691374622388485958e-07
7.697590116083174546e-07
7.686317508212644215e-07
7.713351976346011252e-07
7.897146052434989677e-07
7.709843718311659682e-07
7.683644438960295710e-07
7.696850663644278267e-07
7.694930455110129371e-07
7.694930455110129371e-07
9.281448064539888693e-07
7.701635958120055146e-07
7.681286143499216305e-07
7.717910754860113979e-07
7.685807103850134781e-07
7.695404665963469195e-07
7.688849934767484117e-07
7.709843718311659682e-07
7.687596204664347937e-07
7.689376813110456991e-07
7.685667747811400341e-07
7.711442912333314876e-07
7.697295282051952994e-07
7.716118252053521943e-07
7.688070892588248289e-07
