2.208006785277117331e-08
2.208185862692242282e-08
2.220914278647205970e-08
2.217198683736051635e-08
2.210064087604693745e-08
2.214613629414971286e-08
2.207620460615152813e-08
2.212947513692488601e-08
2.207510038252375456e-08
2.334357420155231067e-08
2.207510038252375456e-08
2.208270100600215546e-08
2.235933374698728736e-08
2.216312658935938219e-08
2.207999201898097995e-08
2.207937839565401976e-08
2.210303962072636898e-08
2.229578182523806452e-08
2.208185862692242282e-08
2.207937839565401976e-08
2.207999201898097995e-08
2.207999201898097995e-08
2.207620460615152813e-08
2.225523047382471535e-08
2.210303962072636898e-08
2.213029928720821572e-08
2.208325713324445583e-08
2.208133913559942982e-08
2.209747653846308516e-08
2.212947513692488601e-08
2.207510038252375456e-08
2.223993363665374074e-08
2.208518824830457110e-08
2.207999201898097995e-08
2.210064087604693745e-08
2.207037630403490194e-08
2.207510038252375456e-08
2.295570086662322539e-08
2.208518824830457110e-08
2.207344995311372837e-08
2.306165018675352237e-08
2.208967067052057389e-08
2.208518824830457110e-08
2.207037630403490194e-08
2.209161754924663689e-08
2.287292277080071391e-08
2.218047887068230659e-08
2.208133913559942982e-08
2.212226343802703703e-08
2.207211664653369866e-08
2.212593089609075290e-08
2.211895320745060706e-08
2.210858547215394227e-08
2.207510038252375456e-08
2.208544820274004852e-08
2.208133913559942982e-08
2.208492381208950051e-08
2.210303962072636898e-08
2.220609081526443330e-08
2.209747653846308516e-08
2.209382034177653827e-08
2.215625775770231406e-08
2.209161754924663689e-08
2.214357703947348941e-08
2.207999201898097995e-08
2.207620460615152813e-08
2.207037630403490194e-08
2.207510038252375456e-08
2.228920112644265620e-08
2.212226343802703703e-08
2.211680836930308982e-08
2.332272888886184537e-08
2.215978998660957424e-08
2.210119620106097512e-08
2.207620460615152813e-08
2.212593089609075290e-08
2.207211664653369866e-08
2.220785609885552766e-08
2.208518824830457110e-08
2.226559591512119666e-08
2.208492381208950051e-08
2.228008734001026436e-08
2.345663267715867454e-08
2.220609081526443330e-08
2.245202720281506458e-08
2.216312658935938219e-08
2.208133913559942982e-08
2.213623146351693753e-08
2.207510038252375456e-08
2.209382034177653827e-08
2.208967067052057389e-08
2.207620460615152813e-08
2.285845673379372304e-08
2.211680836930308982e-08
2.238278232453650076e-08
2.207056168055530700e-08
2.214357703947348941e-08
2.223993363665374074e-08
2.211680836930308982e-08
2.274772020646830399e-08
2.209382034177653827e-08
2.207937839565401976e-08
2.209382034177653827e-08
2.207211664653369866e-08
2.214829607344421772e-08
2.207037630403490194e-08
2.208133913559942982e-08
2.214829607344421772e-08
2.208544820274004852e-08
2.212593089609075290e-08
2.210604832305360315e-08
2.207999201898097995e-08
2.208325713324445583e-08
2.208599731003212009e-08
2.211319866413296526e-08
2.208599731003212009e-08
2.234905209538187269e-08
2.209747653846308516e-08
2.208764368734350754e-08
2.207510038252375456e-08
2.208492381208950051e-08
2.207620460615152813e-08
2.208492381208950051e-08
2.229103569428630354e-08
2.228008734001026436e-08
2.209303991417998585e-08
2.210858547215394227e-08
2.285845673379372304e-08
2.207510038252375456e-08
2.208325713324445583e-08
2.207999201898097995e-08
2.220609081526443330e-08
2.209747653846308516e-08
2.210895113946175849e-08
2.207344995311372837e-08
2.210604832305360315e-08
2.208325713324445583e-08
2.214613629414971286e-08
2.207949396795841519e-08
2.208967067052057389e-08
2.226559591512119666e-08
2.211007363606281593e-08
2.207056168055530700e-08
2.209668908832920725e-08
2.207344995311372837e-08
2.208325713324445583e-08
2.208764368734350754e-08
2.208923707035113496e-08
2.207510038252375456e-08
2.207620460615152813e-08
2.207344995311372837e-08
2.207211664653369866e-08
2.243768788952436329e-08
2.208518824830457110e-08
2.207056168055530700e-08
2.213327877635458883e-08
2.208492381208950051e-08
2.207056168055530700e-08
2.210119620106097512e-08
2.213623146351693753e-08
2.207211664653369866e-08
2.229103569428630354e-08
2.210858547215394227e-08
2.208325713324445583e-08
2.208133913559942982e-08
2.207141390459296749e-08
2.211895320745060706e-08
2.209470486373148573e-08
2.209161754924663689e-08
2.207999201898097995e-08
2.296349311920694712e-08
2.208544820274004852e-08
2.207937839565401976e-08
2.208923707035113496e-08
2.207344995311372837e-08
2.228008734001026436e-08
2.213623146351693753e-08
2.213623146351693753e-08
2.229103569428630354e-08
2.222522548848464953e-08
2.229632217873060903e-08
2.208599731003212009e-08
2.208270100600215546e-08
2.209161754924663689e-08
2.207141390459296749e-08
2.207510038252375456e-08
2.207999201898097995e-08
2.209470486373148573e-08
2.208270100600215546e-08
2.207937839565401976e-08
2.207037630403490194e-08
2.208185862692242282e-08
2.207620460615152813e-08
2.209161754924663689e-08
2.208544820274004852e-08
2.209207116670260190e-08
2.207510038252375456e-08
2.208325713324445583e-08
2.279188171525641355e-08
2.210001301336531323e-08
2.544755472551145377e-08
2.513314135504591624e-08
2.207510038252375456e-08
2.207056168055530700e-08
2.279188171525641355e-08
2.230902614153497674e-08
2.209207116670260190e-08
2.208518824830457110e-08
2.208923707035113496e-08
2.208492381208950051e-08
2.208133913559942982e-08
2.207949396795841519e-08
2.208923707035113496e-08
2.207948820948054414e-08
2.210895113946175849e-08
2.215978998660957424e-08
2.208133913559942982e-08
2.208006785277117331e-08
2.230215512533827090e-08
2.215978998660957424e-08
2.211895320745060706e-08
2.209668908832920725e-08
2.207620460615152813e-08
2.232835093062137016e-08
2.236550669425784766e-08
2.207510038252375456e-08
2.207510038252375456e-08
2.207999201898097995e-08
2.208133913559942982e-08
2.214829607344421772e-08
2.207949396795841519e-08
2.207999201898097995e-08
2.207937839565401976e-08
2.207056168055530700e-08
2.208923707035113496e-08
2.208599731003212009e-08
2.210604832305360315e-08
2.207037630403490194e-08
2.208006785277117331e-08
2.208185862692242282e-08
2.229103569428630354e-08
2.207948820948054414e-08
2.207948820948054414e-08
2.208764368734350754e-08
2.274772020646830399e-08
2.207999201898097995e-08
2.208544820274004852e-08
2.208492381208950051e-08
2.207620460615152813e-08
2.211883767622528132e-08
2.207999201898097995e-08
2.207999201898097995e-08
2.209470486373148573e-08
2.209161754924663689e-08
2.208325713324445583e-08
2.216312658935938219e-08
2.207999201898097995e-08
2.210604832305360315e-08
2.209207116670260190e-08
2.207510038252375456e-08
2.207620460615152813e-08
2.266227087858356936e-08
2.207056168055530700e-08
2.208518824830457110e-08
2.207037630403490194e-08
2.210001301336531323e-08
2.207999201898097995e-08
2.208967067052057389e-08
2.208325713324445583e-08
2.207949396795841519e-08
2.207344995311372837e-08
2.226873117723502945e-08
2.216312658935938219e-08
2.207620460615152813e-08
2.218226209445193639e-08
2.207037630403490194e-08
2.210001301336531323e-08
2.250312692737343355e-08
2.214613629414971286e-08
2.243768788952436329e-08
2.210858547215394227e-08
2.207211664653369866e-08
2.214613629414971286e-08
2.213623146351693753e-08
2.209207116670260190e-08
2.208185862692242282e-08
2.207510038252375456e-08
2.207344995311372837e-08
2.207510038252375456e-08
2.238278232453650076e-08
2.220785609885552766e-08
2.207141390459296749e-08
2.209207116670260190e-08
2.207344995311372837e-08
2.207211664653369866e-08
2.208967067052057389e-08
2.209382034177653827e-08
2.207141390459296749e-08
2.208133913559942982e-08
2.211319866413296526e-08
2.210895113946175849e-08
2.207620460615152813e-08
2.229103569428630354e-08
2.210001301336531323e-08
2.218226209445193639e-08
2.213029928720821572e-08
2.384447059479406215e-08
2.207948820948054414e-08
2.208270100600215546e-08
2.207999201898097995e-08
2.214829607344421772e-08
2.210303962072636898e-08
2.208923707035113496e-08
2.210001301336531323e-08
2.209470486373148573e-08
2.207937839565401976e-08
2.384447059479406215e-08
2.207141390459296749e-08
