2.418463600701999897e-04
4.403660826339000261e-04
3.961861091394000231e-04
1.626409759512000106e-04
4.090431778208999795e-04
4.556881277869999944e-04
3.645978002429999909e-04
3.705480474115000226e-04
3.880300145454000237e-04
1.520125943459999949e-04
3.842888139946999768e-04
4.275071098715999755e-04
5.030255433530000063e-04
4.518649760295999785e-04
3.981949526732999917e-04
2.883330949947999957e-04
4.361931721814000270e-04
4.708048474430999745e-04
1.391099194637999915e-04
3.339702520307000233e-04
4.010673460039999882e-04
4.123635419534999900e-04
4.558347786848999939e-04
3.157965098822999796e-04
2.539943780815999983e-04
2.708812167774999734e-04
3.793906927535999930e-04
2.504456750883000049e-04
2.892723765916000041e-04
3.410388590451999885e-04
3.144470490999999785e-04
3.755521339083000014e-04
3.848676846264000050e-04
4.915315336766999665e-04
3.349328061579000086e-04
4.362984963781999935e-04
4.157685791662999960e-04
3.380825077407999995e-04
4.340271763605000124e-04
5.571906992668000051e-04
4.223110197329000225e-04
3.776648717440000058e-04
5.182331215763000222e-04
4.227097980770000017e-04
4.994070488873999852e-04
3.741756389497999987e-04
2.825535743002000099e-04
3.654493073946999760e-04
3.148741462000000037e-04
3.914595536092999842e-04
3.156581768680999920e-04
4.263526787900000247e-04
5.038473087103000287e-04
5.138933874464999803e-04
2.214536024184000039e-04
1.572647505325999945e-04
4.098409605122999792e-04
4.914768837315000019e-04
3.035627686900000039e-04
4.658344579126000220e-04
3.029422578124000101e-04
2.805856279764000179e-04
1.832832572811000026e-04
2.167307995484000019e-04
1.445833996149999937e-04
3.598634173509999848e-04
4.209930155555000162e-04
2.423946678883000011e-04
3.802709332513000136e-04
3.331693899578000136e-04
3.981672911390000047e-04
4.694096642599999828e-04
4.877152734706000081e-04
5.547232626875000291e-04
3.472899314812999991e-04
3.964174638980999836e-04
4.639785731102999758e-04
3.561123562636000096e-04
2.075328165513000097e-04
4.258121029884000025e-04
1.629027846286999911e-04
4.592642075617000045e-04
4.448873233162999865e-04
3.411009290651999867e-04
3.604870261937999972e-04
3.138215730267000271e-04
3.191996557184999966e-04
3.798789491190000247e-04
2.754151201155000030e-04
3.797753003414999903e-04
4.274527883626000140e-04
4.141416466567000073e-04
5.187789717955999498e-04
5.562371375815000196e-04
4.563190079078999813e-04
2.164512713058000016e-04
3.414602367461000193e-04
5.684376912201999799e-04
3.494185374521999806e-04
4.340939576678999839e-04
4.540727044526000119e-04
5.544145219519999940e-04
3.666258442491999894e-04
4.075758764847000042e-04
3.476583873397999752e-04
4.498437714078000059e-04
4.934833093488000125e-04
3.364336184624000222e-04
4.540727044526000119e-04
3.141049554627000067e-04
3.868723383605000106e-04
3.926850288160000269e-04
3.824446147529000201e-04
2.964555086332000045e-04
3.284035154866999902e-04
5.227943718127999861e-04
4.752509046537999830e-04
3.341687561065999953e-04
3.513262506390000097e-04
3.154677719218000197e-04
3.605346174777999848e-04
3.790631277388999826e-04
3.228780334698999957e-04
3.792178445306999823e-04
4.616605871509000245e-04
4.403825041632999883e-04
2.465920026488999930e-04
5.020998067394999561e-04
4.106053149735000032e-04
3.227544159621000171e-04
4.581695561072999905e-04
3.222650941087999818e-04
4.312777491895999904e-04
3.752163742116999779e-04
1.390078495270999988e-04
3.849727662651000097e-04
3.071238909476000051e-04
3.376037163243999833e-04
3.646723179793999936e-04
4.049157639671000257e-04
4.116254354459999943e-04
2.941802136398999931e-04
2.333918725718000001e-04
4.412249541167999876e-04
4.466076047456999840e-04
3.530244678156999830e-04
4.150220379966999959e-04
4.579153203134000267e-04
3.024862676976999756e-04
3.918622647288000078e-04
4.561998641993000262e-04
3.628775341955999749e-04
4.403895882559000067e-04
3.125355509274000158e-04
2.332688581691999986e-04
4.333020057039999821e-04
3.017980421943999782e-04
4.218753811896000083e-04
2.604344051135999813e-04
4.074274096062000059e-04
3.881895909689000025e-04
4.023025989037999780e-04
4.053943484450999780e-04
2.935831506617000053e-04
2.961453905462999893e-04
3.496610806600000264e-04
4.516734143096999749e-04
5.648757542329000412e-04
4.249362492911999863e-04
3.765219725175999749e-04
5.031832983829999861e-04
3.519303726539000070e-04
4.007691018077000041e-04
3.667528375306999865e-04
2.127007371574999922e-04
2.651127031602000072e-04
2.768738271530999913e-04
1.389391789730000002e-04
4.896816709931999705e-04
3.253132215614000121e-04
1.396312915907999865e-04
4.655504654713999899e-04
2.610340498548999882e-04
4.375499923046000019e-04
2.728580372198000049e-04
2.354226970734999932e-04
1.900311169604000075e-04
1.614873833447000122e-04
4.933157657767000019e-04
2.905656833970999848e-04
5.567213410385999598e-04
4.925954127388000288e-04
5.697216059641999628e-04
3.576797082488000095e-04
3.138215730267000271e-04
4.907364533140000243e-04
1.390560459058999901e-04
2.642649040522000205e-04
1.942210262469999985e-04
5.472835378155000048e-04
4.734794752813000049e-04
4.970822100075999962e-04
5.235255997795999544e-04
3.706074525511999758e-04
4.368924385219999937e-04
3.580390589584000029e-04
4.752509046537999830e-04
3.011931858648000059e-04
4.903602126954000441e-04
5.511027990296999725e-04
5.269926612222000390e-04
4.639984821223000076e-04
4.149250736645000259e-04
3.760224508249999974e-04
2.952225519134000055e-04
4.597341575300000036e-04
5.195276134333000210e-04
2.714781027397000128e-04
2.145930589978000097e-04
4.424787786676000179e-04
1.853725109436000107e-04
5.013385388073999995e-04
3.930875327962999981e-04
3.626059319076999901e-04
4.812403957970000129e-04
2.486510744548999972e-04
4.845348139423999770e-04
3.610613561802000033e-04
4.746715637969999946e-04
1.937158742283000062e-04
4.299367015795000193e-04
2.271316413876999949e-04
3.737645212318000255e-04
4.085192225452999879e-04
3.845787270144999828e-04
1.380036209811999872e-04
4.539158885961000153e-04
4.858259352876999945e-04
4.104710145897999974e-04
3.758498561190000051e-04
4.066395063700000020e-04
4.500079254004000161e-04
3.242737981670000265e-04
3.359317170115999748e-04
4.009329536580000112e-04
3.008928774719999864e-04
4.979413725831000146e-04
3.541071876260000126e-04
2.999170008538999807e-04
4.102533639751999861e-04
3.695555467760000003e-04
2.738901532837999817e-04
1.817712838748999915e-04
5.190249898034000322e-04
4.176202999243000254e-04
3.531935501252000237e-04
3.849727662651000097e-04
3.218540739192000239e-04
4.766009947515000142e-04
3.862479482397000209e-04
4.396607746446999773e-04
2.305039063666000036e-04
2.908630104405999736e-04
3.760033457824000255e-04
2.928774598297000141e-04
3.388593416307000231e-04
2.187262123280999868e-04
4.310386925881000051e-04
2.884942817563999830e-04
4.556856322712999848e-04
4.412232370593000062e-04
3.297207357420999831e-04
4.328446128313999841e-04
4.198043883246999996e-04
4.034734228041000036e-04
2.439189353693999951e-04
1.462399929054000096e-04
3.668020090418999896e-04
3.453972536229000254e-04
3.897156960705999815e-04
4.335719394962000203e-04
4.410180721038999972e-04
3.233906048157000239e-04
1.815514406153000073e-04
5.219551925514999717e-04
3.191592976551000153e-04
1.490383196564000012e-04
4.346150989160999867e-04
2.614519362280000206e-04
3.669274212774999914e-04
4.431101704172999865e-04
2.193877429783000097e-04
4.966137176021000535e-04
3.880048868215999944e-04
4.634536755260000021e-04
3.835286189051000257e-04
3.175307409142000053e-04
2.999098994805000158e-04
2.385801721768000079e-04
3.777136793447999851e-04
2.456261522681000209e-04
3.950148293151000008e-04
4.901643673639000066e-04
2.878844901471999782e-04
4.373134237535000008e-04
4.399059803584999843e-04
3.484919114109999829e-04
4.618638139926000146e-04
3.761217272383000020e-04
4.049680455942999990e-04
3.238999600332000150e-04
4.141858151229000241e-04
1.997152402103999868e-04
3.224039824368000128e-04
3.502980917192999874e-04
3.970502144152999969e-04
3.330477804925000007e-04
3.596093052964999866e-04
1.407900497325999950e-04
4.555943346073999768e-04
3.475337911275000122e-04
2.447720117237000073e-04
1.392771959176000024e-04
4.574569852858999795e-04
4.903388828459999665e-04
2.940235532791999891e-04
3.044313227867999740e-04
1.381128844513000080e-04
4.545275336788999888e-04
2.510112901269999927e-04
4.461064647229999783e-04
3.870309096235999800e-04
2.329435985290000122e-04
3.652271879691000069e-04
2.845459009637000018e-04
2.330844002138999908e-04
5.651640589920999946e-04
2.553869703539000122e-04
2.211942700938999875e-04
2.438004870443000085e-04
3.534860912041999778e-04
2.575824037976000270e-04
4.175393084529000235e-04
3.115979854558000159e-04
3.548886844890000204e-04
3.627353463957999993e-04
2.748601968757999857e-04
1.693376621023999875e-04
3.907624572167000035e-04
3.753573092618999883e-04
3.933935375198999748e-04
4.198043883246999996e-04
4.354758929856000164e-04
4.299929217954000195e-04
1.770547732789000081e-04
3.891509734402999921e-04
3.370840036082999925e-04
3.037930097565999976e-04
2.325582700155000087e-04
4.655014341616999732e-04
2.336568637223000082e-04
2.752046393013000253e-04
5.249430612138000253e-04
1.824604142460000084e-04
3.456383612183000086e-04
4.022245455922000162e-04
3.248944250709999882e-04
2.648241225595000217e-04
3.485167147251000083e-04
3.834992559193000023e-04
3.722401181040000230e-04
3.852224872534999777e-04
2.435867832106999983e-04
4.906486586849999852e-04
2.404646053089000023e-04
2.963721229320000162e-04
1.816229623663000029e-04
3.587415091210000104e-04
5.182476702895000113e-04
4.962134626403999623e-04
4.336619332899999775e-04
3.246627652891999880e-04
4.261817566945000054e-04
2.789660877010999751e-04
2.732564320778999760e-04
4.008139820788999999e-04
4.289209897261999824e-04
4.026570144623000140e-04
4.211178194152000133e-04
4.497969654265000024e-04
4.845826202546000172e-04
2.831558836918000150e-04
1.395336790120000085e-04
4.222596425757999938e-04
4.940954467900999852e-04
3.638824107085999928e-04
4.652462433406000003e-04
4.732273809104000110e-04
5.234698265646999709e-04
3.327275685293999913e-04
2.215460906166999986e-04
4.334309864666999949e-04
1.436156348391999938e-04
2.536289266636000119e-04
3.685694229131000082e-04
5.631026566319999706e-04
4.766374083603000262e-04
4.545637359326000211e-04
2.186202693351000032e-04
2.357710606550999914e-04
4.407127846781000078e-04
3.462022627070000238e-04
4.624693004528999929e-04
2.339425155587000109e-04
3.848971604363999894e-04
5.563948225488999635e-04
2.514443066746000215e-04
5.398057734499000192e-04
4.607892028516000151e-04
5.586066700398000223e-04
3.886761732604000221e-04
3.665039424277000179e-04
4.369450724172000019e-04
1.550176053794999982e-04
2.133336781231000030e-04
4.713910126641000071e-04
3.649439709207999817e-04
2.209707134898999947e-04
1.995808595621000015e-04
3.012726711880999971e-04
2.594535925940000048e-04
4.104692475803000144e-04
4.517679246903999880e-04
2.984675531756999763e-04
4.519708095320000259e-04
3.045334148440999962e-04
4.247523851487000168e-04
4.174772119513000179e-04
5.064153799290000129e-04
4.112996150653999857e-04
2.655260826400000188e-04
5.305038187083000335e-04
2.984675531756999763e-04
3.485042622228999923e-04
2.564898288424999947e-04
4.618638139926000146e-04
4.191512461600999931e-04
2.505428461367999768e-04
4.061184979321999923e-04
4.149250736645000259e-04
3.657126732667000113e-04
2.369758708697000031e-04
2.912620794585999958e-04
4.469508134744999955e-04
2.296962203563000110e-04
5.329156290815999794e-04
4.479751342409000049e-04
3.164257068468999748e-04
4.239834872295999914e-04
4.170966947971000002e-04
3.080719007955999892e-04
2.333643400726999914e-04
1.507516919509000006e-04
2.875853154606000032e-04
4.116254354459999943e-04
3.356254450143000270e-04
3.334358909644000038e-04
2.462697925609999799e-04
3.665263063259999871e-04
4.079303237468000177e-04
5.096539943767000071e-04
4.989519325570000198e-04
4.653123994204999905e-04
3.939573797644000037e-04
2.621141838957000234e-04
2.507940586800000253e-04
3.683998074727000264e-04
3.692005216574999952e-04
3.628726942540000237e-04
3.790952119457000058e-04
3.963439108069000171e-04
3.718934173170000061e-04
2.467071105986999927e-04
3.939879729258999948e-04
4.774953861585000143e-04
3.317710591313999908e-04
4.312777491895999904e-04
2.796404350812000165e-04
2.847709645739999909e-04
3.385889151614000217e-04
5.322034604628000237e-04
3.434363789707000052e-04
3.703409319574000138e-04
1.776191327315000072e-04
4.328446128313999841e-04
3.718934173170000061e-04
3.538365902847999942e-04
3.616268917034000125e-04
3.538460973392999775e-04
3.531751137063000238e-04
5.013385388073999995e-04
3.370803976562999969e-04
2.729191543114999866e-04
4.305096154143000131e-04
4.410444878808999873e-04
3.669016678488999780e-04
3.863466897802000032e-04
4.810638561037999914e-04
3.558392194514000241e-04
2.824729297044999924e-04
4.977231718365000444e-04
4.692727988385999942e-04
4.407127846781000078e-04
1.397918788564000124e-04
3.574683179389999974e-04
3.522753684818999789e-04
3.520207646560000116e-04
4.663508971879999783e-04
2.931067836290999866e-04
3.767060948786000204e-04
3.933155842987999746e-04
3.521277238111000167e-04
4.722961875861000068e-04
3.396351497276000253e-04
1.539940940541000014e-04
5.044548689294999595e-04
4.985027431893999461e-04
3.099440730584999905e-04
3.805548727166000117e-04
3.834001872987999999e-04
5.297922408531999727e-04
1.967743678916000067e-04
2.990366339016999856e-04
3.783199584302999758e-04
5.322034604628000237e-04
4.437358989503000016e-04
4.810638561037999914e-04
4.057369309112999968e-04
4.092433388472999892e-04
1.408160035561000097e-04
2.003519308088999888e-04
4.942442132445999496e-04
2.676100427630000037e-04
1.387602289758999876e-04
4.489493205370999828e-04
3.440816726097000204e-04
3.675576117463999742e-04
4.089953315798000176e-04
3.297104715392999968e-04
3.604693316327999778e-04
4.574386290736999852e-04
2.458581302456000072e-04
3.048301501579000236e-04
4.712950785618999798e-04
3.365330119418000047e-04
2.875424488729000101e-04
2.363513498428000074e-04
1.752186001178999964e-04
4.424352281480999961e-04
3.918622647288000078e-04
2.693043715006000261e-04
5.055784777056999925e-04
4.997865837536000395e-04
1.840250417162000074e-04
1.533990032375999934e-04
4.493289012055999782e-04
2.521559106401000030e-04
3.862810996938999828e-04
3.007663608700000065e-04
5.042779717400999772e-04
1.574308375069999918e-04
4.503250964052000213e-04
2.869080229030999876e-04
2.260443279332999874e-04
2.454233300055000161e-04
5.416516384935999868e-04
1.380180128140000024e-04
2.857316445330000025e-04
4.659800199235999952e-04
2.984881625243999905e-04
3.385505860238999958e-04
4.036928040575999983e-04
4.268406659470000181e-04
4.338576527157000148e-04
2.399826444107000067e-04
4.627486140664000187e-04
2.713939602323999769e-04
1.398907528567000134e-04
4.177019794841999967e-04
4.019922953996000136e-04
3.054744491931000029e-04
3.898143542290999830e-04
2.266264785928000019e-04
4.222431797015999979e-04
4.386460652632999738e-04
3.359599712758000087e-04
4.273759840831000225e-04
3.918708868728999891e-04
3.523215198275000048e-04
3.650223808708000163e-04
4.064606400506999757e-04
2.668577837508000010e-04
3.773786107206000048e-04
4.156002907126000079e-04
1.373126764568000015e-04
2.333423340760999980e-04
3.385505860238999958e-04
4.535143075266999824e-04
3.699772107094999904e-04
2.149102040800000108e-04
5.075245913808999537e-04
3.738835336195999890e-04
3.683655100448999793e-04
1.957345690425999938e-04
3.774679644145999746e-04
1.893031085988999872e-04
3.744303363929000041e-04
4.418840369969999999e-04
4.768208840924999790e-04
3.906832236908000001e-04
4.969153387166000239e-04
3.163918769437000164e-04
5.040976461815000267e-04
3.319846311614999749e-04
2.637144568024999769e-04
3.553997547383000184e-04
4.271137159831999894e-04
2.990165532019000176e-04
3.085180307961000209e-04
2.763761439754000137e-04
3.225778789923000058e-04
4.456823187273000115e-04
5.079091557162999536e-04
2.731655358490999732e-04
2.743305189957999878e-04
5.055784777056999925e-04
5.184345045304999695e-04
5.489045124847999465e-04
2.310726529981000092e-04
3.593095684895999974e-04
4.308916973158999873e-04
3.141161946179000012e-04
2.419744069656999880e-04
3.767060948786000204e-04
2.040491343545999933e-04
1.638545054919999903e-04
3.012597832119000220e-04
5.077243859572999531e-04
3.715066573282999897e-04
1.546846264914999926e-04
5.308924579197000278e-04
4.774109914636999832e-04
3.600739216114999855e-04
2.333619305064999947e-04
2.869190615932000043e-04
4.473105196901000068e-04
2.918290154193000198e-04
3.399822345977000023e-04
4.336767213483999845e-04
5.363269959777999633e-04
3.775917255698999896e-04
4.247523851487000168e-04
2.869678220629999802e-04
3.540299299022000093e-04
4.258179411922999790e-04
4.084320946388999836e-04
1.436215163655999902e-04
2.978436618821000189e-04
3.258794190078999928e-04
1.421485991726999893e-04
3.837626175857999943e-04
1.382778991410000082e-04
2.503760659033999955e-04
5.260279444419999582e-04
3.606288418381999972e-04
5.415259218951000300e-04
2.758683637487999835e-04
4.075758764847000042e-04
4.536789529403000227e-04
1.401101490787999896e-04
2.496773465039000238e-04
2.119979686917999883e-04
1.384776721447999917e-04
4.836316574094000212e-04
4.087256001318999863e-04
3.135325176498999881e-04
3.903193352163000047e-04
2.546673186161000084e-04
3.569114292410000152e-04
2.665391141695999796e-04
3.790933327359999913e-04
3.536454654103000136e-04
2.065303169589999971e-04
5.182933932488000255e-04
4.109425912379999885e-04
5.766287536775999666e-04
3.553717447833999884e-04
5.515129546132999626e-04
3.032136886238000033e-04
5.434247222487000083e-04
3.488048922800000254e-04
2.362568076715000024e-04
4.607088375240999800e-04
3.552078533574000050e-04
2.738876619898000016e-04
3.135171299009999776e-04
4.057223154147000170e-04
4.270721353642999759e-04
3.419989686173999796e-04
4.424352281480999961e-04
3.903193352163000047e-04
4.005749539412999799e-04
3.283762518369999993e-04
4.976966264512999597e-04
1.597664516459999925e-04
2.741072761271999862e-04
4.091935760653999960e-04
3.059526943753000032e-04
2.764296174903000140e-04
4.736505460699000120e-04
4.210397927852999782e-04
1.416657656593000062e-04
1.389460849615999918e-04
3.682959240411999850e-04
3.521277238111000167e-04
3.706260853207999978e-04
2.770662791774999856e-04
3.324302906640000171e-04
1.403455913210999943e-04
4.834774519286000175e-04
1.984325318515999925e-04
1.405051382503000128e-04
3.797285254787000162e-04
2.554601427463999838e-04
2.799917849025999970e-04
5.097100471821000480e-04
4.298214852675000014e-04
4.174760690667000170e-04
5.398654623295000374e-04
2.137007116011000027e-04
4.766202469364999757e-04
4.195314188415000083e-04
3.909011245977999901e-04
2.629135110167999832e-04
3.271684369506999831e-04
2.373025607649999994e-04
2.166806095377000097e-04
4.162321161364000255e-04
1.384449897613000094e-04
4.646896091815999759e-04
3.763264578196000082e-04
3.000394912432999901e-04
4.130996571808000098e-04
3.776648717440000058e-04
3.769252642263999967e-04
3.330163986953000254e-04
4.198184224557000043e-04
2.118250290118999912e-04
2.366986953646999870e-04
3.541071876260000126e-04
5.304274553250000164e-04
2.827505567989000248e-04
4.766264164450000258e-04
4.302984119587999917e-04
4.034734228041000036e-04
5.520374564001999818e-04
2.100053164000000104e-04
3.384630102955999862e-04
3.508493149233999947e-04
3.219538769885999983e-04
2.842196165589999787e-04
3.407318781487000113e-04
5.467019559463000061e-04
1.930725973442999979e-04
2.855354311001000178e-04
2.077200015374000054e-04
2.057253132381999992e-04
3.510536743754999836e-04
3.531336102108000160e-04
4.862705663620000142e-04
4.300039457397999867e-04
4.081806704818999928e-04
3.870410300166000146e-04
3.753555949818000075e-04
2.840721222851999919e-04
5.817238016570000329e-04
3.335284395982000003e-04
2.430500829752000062e-04
2.718910710031000088e-04
4.224916340114000116e-04
2.939698916475999829e-04
2.370959669039000102e-04
4.174772119513000179e-04
2.112067225124000032e-04
4.573064457080999734e-04
1.397179965015000005e-04
4.403553271155000192e-04
4.211046249461000224e-04
3.678576194805000172e-04
4.274303183837000115e-04
1.967809672718999969e-04
2.672305331054000222e-04
3.391844035947000021e-04
3.084622161385999805e-04
3.790406419164000021e-04
3.916179216523999894e-04
3.780801668247999988e-04
4.478890654768999781e-04
4.303595015062999796e-04
3.265335989526999905e-04
3.721252136154000055e-04
2.164874868618999870e-04
5.559939777647999667e-04
3.888494859323000171e-04
3.370482158557999795e-04
2.591233400993000059e-04
4.092433388472999892e-04
3.438825196618999899e-04
3.184563535894000029e-04
4.543344458785000058e-04
4.882665448917000153e-04
3.376643632632000090e-04
4.641057542587000151e-04
3.656440857334000184e-04
1.389005911279999987e-04
3.521107537270999816e-04
3.902835065445999971e-04
4.106053149735000032e-04
3.483023982058999898e-04
1.737507232925999891e-04
3.604082279684999758e-04
5.501011930912000358e-04
4.906009508443999597e-04
3.274827704200000190e-04
4.010673460039999882e-04
4.394163712638000127e-04
4.220508062322999828e-04
1.402983769117000022e-04
1.632172696114999883e-04
4.977447645958000275e-04
3.971292450916999992e-04
4.738618240338999892e-04
4.749078790413999987e-04
3.674960257710000052e-04
4.805788134902000126e-04
3.570428714024000139e-04
2.568396566899999842e-04
4.429080278957000139e-04
1.471735184716999891e-04
5.455340338097999829e-04
2.837862713029000233e-04
3.196692085925000081e-04
1.464786556439000005e-04
4.779939127120999792e-04
4.299244758709000165e-04
3.662811524873000072e-04
2.060624213264999947e-04
4.211178194152000133e-04
1.382747840669999902e-04
4.347421702185000000e-04
1.388499478888000017e-04
2.391122509955000022e-04
3.995564441062000242e-04
3.967475550884000239e-04
3.499813430956000217e-04
3.964922810337999891e-04
4.282794422957000077e-04
3.752516477220000073e-04
5.256250741262999838e-04
1.379479333525999865e-04
2.161265226401999954e-04
3.087359349388999852e-04
1.405403136573999995e-04
4.075894221729999857e-04
4.184030402435999821e-04
3.675072796963999825e-04
4.670838043191999746e-04
5.186044261998000449e-04
4.789932615126000267e-04
1.866453234018000088e-04
3.542021961200999994e-04
2.311733099251000057e-04
3.086968750904000051e-04
2.874604398041000013e-04
4.011476681081999757e-04
5.304478534351999772e-04
4.895681884976000285e-04
4.933157657767000019e-04
2.911824314379000186e-04
2.189454835382999883e-04
3.359599712758000087e-04
2.888850281419000072e-04
2.666533449757000208e-04
2.559550115594000147e-04
1.813373766804000085e-04
4.924436942085999623e-04
2.921407337098999970e-04
1.496702456443000078e-04
3.481062320684999867e-04
2.482028975517000025e-04
1.739791323478000055e-04
4.442985839394999787e-04
4.300039457397999867e-04
2.287245356242999868e-04
3.561921668604999935e-04
2.908681058102000191e-04
4.531829837515000191e-04
4.108727400184999890e-04
1.919560377883000124e-04
3.765785388761999815e-04
1.391996044154000063e-04
2.478025707884999986e-04
1.384771383364999929e-04
3.180228849068000158e-04
4.271516191153000054e-04
2.524923378534999993e-04
4.409317060868999782e-04
4.999516056387999594e-04
4.090324493344999835e-04
3.665582136231999768e-04
3.230532024141999966e-04
1.529576013075000006e-04
1.941377086688000084e-04
4.751845035375999856e-04
4.187805614511000201e-04
3.853730712527999908e-04
3.477524412537999921e-04
2.791508118849000031e-04
3.510969451480000264e-04
2.152274966822999888e-04
2.832974932490999929e-04
4.609445760422999842e-04
4.519339646517000022e-04
3.026879267861999731e-04
2.859166364133999979e-04
4.863723790556000030e-04
4.518654467399999984e-04
3.638824107085999928e-04
5.204205029765999937e-04
4.085144936390999867e-04
5.592634558785000449e-04
5.003369018771999712e-04
4.493278703929000232e-04
3.403005979422999805e-04
1.414199166509000100e-04
4.345216638604999879e-04
4.177019794841999967e-04
3.834145682337000011e-04
3.072240085446000164e-04
3.741756389497999987e-04
1.651551656578000048e-04
3.254502690923000065e-04
2.803513354562000084e-04
1.959331838910999886e-04
3.286200538407000270e-04
1.426143889657999989e-04
4.180136744339000144e-04
4.432331600094000065e-04
5.117411241686999719e-04
3.489077111792999921e-04
4.128611299451999893e-04
3.151847446722000259e-04
2.965201340530000240e-04
3.720681459485000058e-04
4.179595013181000161e-04
3.811618048625999944e-04
3.616268917034000125e-04
1.985320185011999914e-04
3.453174552031999908e-04
2.854989216350000032e-04
2.784291176224000064e-04
2.428642019206000025e-04
4.869511759973999833e-04
4.206825146419000271e-04
4.905910276822000307e-04
4.886175886371999649e-04
4.332684738551999780e-04
2.227598768967999911e-04
3.826950583583000253e-04
4.965768037067000255e-04
3.322908228503000010e-04
4.228479218520999846e-04
3.288167694389999862e-04
3.932237972393999841e-04
4.065231234179999924e-04
2.481498041060999820e-04
1.902818284293000025e-04
3.476395966238000164e-04
3.135325176498999881e-04
1.639382032898999977e-04
2.761769105567000201e-04
3.193991136240999793e-04
4.236428753260000038e-04
4.649885691245000236e-04
3.896607807576999804e-04
2.305314663088999872e-04
2.182166001824999981e-04
4.744870256877000130e-04
4.536789529403000227e-04
3.330076017012000055e-04
3.920194985835000223e-04
4.444618361394999761e-04
3.560463935797999893e-04
5.046768101610000449e-04
3.258382289874999752e-04
4.348826018870000261e-04
3.896607807576999804e-04
3.112501736281999827e-04
5.109879012735999869e-04
1.379524069726000121e-04
1.386490788245000076e-04
3.080691905612000197e-04
3.251677955605999947e-04
3.826500755687000104e-04
3.523917180761000135e-04
3.696674531540999746e-04
3.443442266489999781e-04
1.856666239615000023e-04
3.875566575374000174e-04
5.012404530318000269e-04
5.011332601954000170e-04
4.021642627226000165e-04
4.112996150653999857e-04
2.209706191322000101e-04
4.809469984349999867e-04
3.068884388027000201e-04
4.929140290678000373e-04
2.754622000647000222e-04
3.859971379660000180e-04
2.459123036094999944e-04
4.930647665556000094e-04
3.272042512089999924e-04
3.824511524445000179e-04
2.437486019468000067e-04
3.318118069649999744e-04
4.375621161065999841e-04
1.386579644634999874e-04
4.524180126655000006e-04
2.399359968095999900e-04
4.040453662839999958e-04
2.165993052080000044e-04
4.450043417807000249e-04
4.420602542972999933e-04
3.646723179793999936e-04
2.213191697148999973e-04
2.976971906246000141e-04
4.850074895771999879e-04
3.561828518485000224e-04
4.422445367525999977e-04
4.924601282284999867e-04
4.973023237307000466e-04
2.295203297044999871e-04
3.886761732604000221e-04
4.234500604202000047e-04
4.645569973336999758e-04
4.371062876114999770e-04
4.592339884987999845e-04
1.970397441533999880e-04
5.307694056692999641e-04
3.918999545781999831e-04
4.736021289017000200e-04
3.672236538729999793e-04
3.268032392508000202e-04
4.814706111524999824e-04
5.012633297629999485e-04
4.009329536580000112e-04
3.853730712527999908e-04
5.146594929830999735e-04
2.975207312401000038e-04
3.792316735716999912e-04
1.776840694228000027e-04
4.646716515477000123e-04
4.812431532867999877e-04
3.608326534525000133e-04
3.529986185210999897e-04
5.203690183112000137e-04
5.362521977039999554e-04
1.521583897535000115e-04
4.251865150954000131e-04
2.675406980858000255e-04
4.676336913062999786e-04
4.190216444369000010e-04
4.688856329040999994e-04
3.459745213220999957e-04
5.084695614704999762e-04
2.630777370781999772e-04
1.435922832208999967e-04
1.451463459695999966e-04
4.741433821524000062e-04
2.481555008499999946e-04
3.441441957151000004e-04
4.583626962319999770e-04
3.746452799540999972e-04
4.644078246148000146e-04
2.721934192132999795e-04
3.964560950576999929e-04
3.368165337659000049e-04
2.163701741249000085e-04
3.545711219222999781e-04
1.623738813328000059e-04
3.415178916962000088e-04
4.805641341389999856e-04
2.008682133558999930e-04
4.647338407059000212e-04
4.771981473497000081e-04
3.071306820836999817e-04
2.526889633209999995e-04
2.847795964492999760e-04
1.386326717553000099e-04
2.357308968548999916e-04
2.717700554592000122e-04
2.648071390785000060e-04
4.032112529493000141e-04
4.653746443098000186e-04
4.318635222395999758e-04
3.488048922800000254e-04
3.389505808550999930e-04
5.254588093613000088e-04
1.410369700281000093e-04
5.105172211020000354e-04
3.698086992182000030e-04
4.182008494449000269e-04
4.785048236037999989e-04
3.330117725687000135e-04
2.968813677054999789e-04
3.907274859463000195e-04
5.082093590705000306e-04
1.927771872832000034e-04
5.248400637834000531e-04
2.057256783207000105e-04
3.832268483361999734e-04
2.574873668206999915e-04
1.703385694571000130e-04
3.129398827018999973e-04
4.033130037021999837e-04
2.363929031540999920e-04
1.767866134480000097e-04
3.534860912041999778e-04
2.254840180912999947e-04
1.662032900550000050e-04
5.647645901252000512e-04
2.412544030196999876e-04
3.858889606344000187e-04
4.348123068356999927e-04
4.921056112310999734e-04
4.115219824832000266e-04
3.907624572167000035e-04
4.036392912348000183e-04
3.588119754077999986e-04
3.131005229304000123e-04
4.915290642671999496e-04
4.518452843906999895e-04
2.772366625130000132e-04
2.227772283164999954e-04
3.484200977431999827e-04
2.316644821670000079e-04
2.729310803191000237e-04
2.194491904177999961e-04
1.558094781164000124e-04
2.851295556413999837e-04
5.416392486029999575e-04
1.390921368382000076e-04
2.672305331054000222e-04
3.446383523285999730e-04
2.162317559055999924e-04
1.506200887707000104e-04
4.058167444118999934e-04
3.713841689957999865e-04
3.334358909644000038e-04
5.615963099166000139e-04
4.892104579510000517e-04
1.787434370644999952e-04
1.787702968045999923e-04
4.871802751216999794e-04
5.394247985029000225e-04
2.201859872892000130e-04
4.771979714544000010e-04
3.391278796779999792e-04
1.389506572459999910e-04
5.093880821628000511e-04
1.389491007228000014e-04
1.546772206177000084e-04
2.491214759228000189e-04
5.216852441923999469e-04
2.472844669126999769e-04
5.379119986272999599e-04
4.008139820788999999e-04
2.644532198853000149e-04
1.906947265556000132e-04
5.023951912766999811e-04
1.997249586544000042e-04
4.274399230862999956e-04
3.910340473218000264e-04
3.393834018645000236e-04
1.594309316694999948e-04
2.055592747176999925e-04
3.020429313875999991e-04
4.624803559751000138e-04
3.715080312935999758e-04
3.610613561802000033e-04
3.111594129359000261e-04
1.533694819371999880e-04
5.160602858045999731e-04
2.511167680816000169e-04
2.758613104081999784e-04
1.526096182092000068e-04
4.040453662839999958e-04
4.688469305474999801e-04
3.126671391087999796e-04
5.241965333494999751e-04
4.993872980528999686e-04
2.645229812847999982e-04
3.270538728473999898e-04
4.174760690667000170e-04
4.864663667040000248e-04
2.520580252861999914e-04
5.362118335180000427e-04
2.743410853469000063e-04
4.489493205370999828e-04
2.319570326597999966e-04
3.756329941007999803e-04
1.481073647225000008e-04
2.368905524882000094e-04
2.312306599388999889e-04
4.966131749444999913e-04
1.762457314092000010e-04
3.923540395349000166e-04
5.164560589011999879e-04
1.951890220735999916e-04
4.445598852577000142e-04
3.370884240752000140e-04
3.440816726097000204e-04
1.389567714954000109e-04
5.532381964873000135e-04
4.139058746732999909e-04
2.716824812688000182e-04
4.499370678792000079e-04
4.441460455811999737e-04
3.294163031684000167e-04
3.714345555220000049e-04
4.277418005601000195e-04
4.779939127120999792e-04
3.259941998568000238e-04
4.851265947903000237e-04
2.535763982862000135e-04
3.814282196705000056e-04
2.743892803561999980e-04
3.133055006819000158e-04
5.205908022315000085e-04
4.128011778080000068e-04
5.193099871876000282e-04
4.486152602525000249e-04
4.437953016053000090e-04
4.129294544178999864e-04
3.824917012024000120e-04
3.561921668604999935e-04
4.902481346841999765e-04
3.561146240528999989e-04
4.073444229574999919e-04
3.683998074727000264e-04
4.246520094246000157e-04
4.071122015179999879e-04
4.064531960074000143e-04
3.957443616259999895e-04
2.965201340530000240e-04
3.528753834617000002e-04
1.439859007859000111e-04
3.432723902424999790e-04
3.628406454283999777e-04
4.123784431393000228e-04
2.115980445181999878e-04
1.602005607605000101e-04
