6.403142186025575500e-01
-1.344578378017339038e+00
7.317835084009541857e-01
-1.035601874138726008e-01
-5.078065998486019222e-03
-6.845399560964555985e-02
7.211585377155672605e-01
2.254797494250524448e-01
5.901798868209084947e-01
-1.778749056090767056e+00
1.741565188739450987e+00
7.736798108327779255e-01
9.227777070195177520e-04
-8.616898524522437208e-01
1.218745846171483960e+00
1.320086541763672572e-01
-1.558523817759921160e-01
-7.169503269317661909e-01
-1.609574545854317362e+00
-1.717022064503271439e+00
7.756391440063626908e-01
-2.091933391087262561e-01
1.391922290763020209e+00
-6.739995201770120348e-01
-1.284971542137685052e+00
4.052892324809912461e-01
1.351859942852609020e+00
3.271640548447370955e-01
-2.659397240826542608e-01
-2.916720562929522864e-01
-5.428056866185533291e-01
1.208511971097399884e-01
1.869603411047916497e-01
1.240441936026425607e+00
-4.211269488304151820e-01
-1.511411284612150796e-01
1.439431053422537410e-01
9.273148846063681283e-01
1.108230490399222390e+00
-2.273360754086751534e+00
-6.815907022627316625e-01
-2.651579014124131883e-01
7.579145331354807114e-02
-8.893119015828609975e-02
-7.262648873352440804e-01
-2.084563559954586698e-01
-1.274798886796285169e+00
2.755028964553863161e-02
-8.003529093319450283e-02
1.453552152770704931e+00
1.251880167426882018e+00
5.431890419681433269e-01
-1.681408992208856867e+00
-1.610412291118407113e-01
-1.021630243524181081e+00
9.284048263130670886e-01
-1.733300077439693831e+00
-1.284971542137685052e+00
4.542623480690938798e-01
1.424650589747355367e+00
2.570389419851862312e-01
-9.400238569686845957e-02
-9.077881369875869799e-01
1.932024302501998969e+00
-8.244897996236613125e-01
-1.369872962354678814e+00
1.357296110152647062e+00
1.243589205709618284e+00
-4.812876537281263190e-01
1.937919397466701882e-03
-9.248883302416093244e-01
1.540223242611854504e-01
9.730401634651862919e-01
-1.097137726001351288e+00
-2.950381989467990712e-02
-1.572430077347455546e+00
1.233602577161994063e+00
1.070548061244275928e+00
-7.864491029924883803e-01
-4.337843481059063810e-01
-1.768765960279613525e-01
3.784058095161970114e-01
5.558251137991723212e-01
1.110520282021296268e+00
4.833048601190293586e-02
-1.390764225216876371e+00
7.159504631857761814e-02
1.363621999577787403e+00
1.032358166950104517e+00
-6.868519594012365559e-01
-4.384192528328837990e-01
1.726064252969043977e+00
-3.951778413196277429e-01
-1.628341800389707217e+00
-1.241051202994832986e-01
5.018558897456856238e-01
-1.122495892736161266e-01
5.299658379948564146e-01
1.770555485392163897e+00
9.564881712881500020e-01
9.327441255006677645e-01
-1.737846196204335392e-01
7.305381491671006366e-02
-5.772733430367154028e-01
-1.071035550635222711e+00
-2.018024670454677594e+00
-1.941185764100705202e-01
-3.252960843040310634e-01
-1.489753512928255197e-01
-2.584850715115983300e-01
-2.773657667111909531e-01
-1.576850101502158263e-01
6.959882721391439375e-01
4.287855391784882175e-01
5.656701963194910032e-01
3.373115949366679578e-01
9.514466897762107189e-01
-2.399779805511003339e+00
1.491319646716181557e+00
4.510422865923096603e-01
5.582826760286443424e-01
-1.069866498127357846e-01
-5.636651019902690074e-02
-8.548111555708637344e-01
-2.056482371995897174e-01
6.582967718815178060e-01
-7.392693769647009638e-01
1.768571995029996624e-01
7.295238996026218725e-01
8.183840191918944074e-01
1.625813806927414396e+00
3.779168155928356015e-03
-1.513926375734148566e+00
-4.665532150030748948e-01
-9.887176780403224285e-02
-1.530061796633170601e-01
1.269601370352075209e+00
1.128739137898302047e+00
-2.164864574454252732e+00
-4.384192528328837990e-01
2.910201919658680358e-01
-3.803009984526428688e-01
-1.910820798010898880e+00
-1.081627232379462455e+00
7.127489335465241327e-01
-2.343029245480972911e+00
-5.986879794206033667e-01
1.056999598632707149e-01
1.499652990807240238e+00
1.180507991471302587e+00
8.280277788529757377e-01
-1.561559842319192037e-01
-1.023241805255379472e-01
6.720942547710831438e-02
-3.016495813789684122e-01
1.283809862637495192e+00
-1.991887699552892466e+00
6.687823617289877509e-01
-3.166604220277545734e-01
3.696827929771800414e-01
-7.177128005795256893e-01
1.608225497432714812e+00
1.094962243918959688e+00
-6.930889381006059002e-01
1.091002806647664913e+00
-8.583991039205224327e-01
-2.954903257869986866e-01
1.429987554976198116e-01
3.355812166085662684e-01
4.820593170837078056e-01
5.320198658758509280e-01
4.481740147699307397e-01
-1.914839593205158286e+00
1.231446243994296585e+00
1.315581670964204308e+00
-5.070749462936544605e-01
-6.016863710406225030e-01
-4.529598620652272034e-01
-7.526258582237416173e-01
-7.449594910110399759e-01
-2.421331215825709982e-01
-3.804350461481702250e-02
6.737479635636403064e-01
-1.898530058070994953e+00
-1.519044793939328786e+00
7.135784758244856363e-02
4.634045025326511413e-01
-1.851141024742134711e+00
-1.400977585849240148e-01
7.724566049365935161e-01
3.755306031389913368e-01
-2.196526046845654057e-01
-2.450070129702289490e-01
1.070586726285349233e+00
1.161829645543975831e+00
-3.122977108525460954e-01
-3.186868311242807006e-01
-6.930889381006059002e-01
1.017204342538000628e+00
-5.011803620772188328e-01
-3.111628964795010721e-01
4.003999786286372431e-01
-8.200915535386447131e-01
-8.214139962490617508e-01
4.761155723302109011e-01
-5.186461975666623037e-01
-7.644506120002960703e-01
8.196733554540580613e-01
-1.072552851440043087e+00
-2.673537315214693511e-01
7.671059296651109305e-01
-7.301661307396033473e-01
1.903852714866278495e+00
9.772348814535303241e-01
1.153348034066614014e+00
1.938884367456737090e+00
9.028966074760572669e-01
-1.993397090786137860e-02
2.524120136247237078e-01
2.750030746071864818e-01
1.537511440173503052e+00
-1.594206149212886059e+00
3.164644039686075327e-01
-3.647454002031281783e-01
-1.335152576052903717e+00
-1.111479513592144586e-01
-1.438011023421372769e+00
-3.647867956274675194e-01
-2.740665617815095101e-01
6.776378465535466411e-01
4.039216401829882203e-02
7.217696979226315701e-01
1.837755963459863029e+00
-1.176167011211757263e+00
1.159376384446112324e-01
3.373115949366679578e-01
-4.855537880631041747e-01
-2.295343271821846276e+00
-2.008812243962464272e+00
6.894096908690914294e-01
-7.804003583316768689e-01
3.064081727821891810e-01
-8.161472478653419849e-02
8.519272398785338041e-02
1.391051234952637716e-01
-1.411531249421033307e-01
-6.443441079131653204e-01
-1.611593514278067685e-01
-6.286534386733184654e-01
-3.935519984373470059e-01
1.342630173364450341e+00
5.066136683069673019e-01
-9.136344011726436065e-01
9.269803621885917000e-01
1.278401973302518480e+00
-1.067055626545016095e-01
1.094761634080802404e+00
-3.670875229861841199e-02
4.026970908870002863e-01
-2.044379502495455192e+00
3.380174770077797874e-01
-2.242515928022491556e-01
6.230844529356743822e-02
2.646238018670515890e-01
-7.588444052878474677e-01
-1.775330026899190061e-01
9.876153564326701773e-01
1.827844642098752193e+00
-2.477043519264222837e+00
-2.231941179934269215e+00
-8.845207755676340877e-01
7.417061267194476892e-01
1.333344054446442994e+00
-4.509296598561627345e-01
-1.298855248448143040e+00
1.855293304952326361e+00
-3.491659333167419499e-01
-3.152773610853650266e-01
-5.883826264971298015e-01
-1.688679989840041473e-01
7.518422645091396017e-01
2.414962917363869532e-01
-7.967797022042978350e-01
4.246868974958770138e-02
1.778756161331803254e+00
2.942894214748893456e-01
-1.859747387100332716e+00
8.285478244435552364e-01
1.126809971451040893e+00
-7.631677589957409635e-01
-1.414276076700336782e-01
9.567965372121284284e-01
1.021842587338983810e+00
-2.230730110744298944e+00
2.451875758486483647e+00
-4.424878919104935915e-01
9.714559921260691455e-01
-1.954697659557226741e+00
4.829013557146050739e-01
1.053729490603889790e-01
-2.342076280912375463e-01
-1.670723714663390425e+00
-3.598547060378770035e-01
5.382251695226589888e-02
1.292676787387959436e+00
1.329542923647474284e+00
-6.016751457865969765e-01
-1.798709380542640457e-01
5.997379149305305246e-01
7.323637528432054289e-01
2.099669156097558054e-01
7.436107335892413461e-01
-4.576244989708214139e-01
-7.167962546962203252e-01
-1.650660815570446305e+00
6.973526482497656165e-01
-3.153669134708572130e-01
-2.977438654078513602e-01
