8.698437508334724844e-03
8.651363500478782137e-03
8.679302249792134744e-03
8.655557052154833758e-03
8.532895895672062969e-03
8.615177851901051342e-03
8.627787335098710542e-03
8.672349720193064243e-03
8.716406061911107644e-03
8.552771610119840745e-03
8.542213934468041031e-03
8.513149645797869411e-03
8.557666198048263784e-03
8.681756868663979831e-03
8.525073970569480020e-03
8.571606433477759607e-03
8.525073970569480020e-03
8.723318247826381683e-03
8.525073970569480020e-03
8.513149645797869411e-03
8.652102757073169836e-03
8.662203299896458625e-03
8.519004635997870847e-03
8.725072007943153463e-03
8.525073970569480020e-03
8.293488625958599092e-03
8.525073970569480020e-03
8.513149645797869411e-03
8.698169779310245195e-03
8.690168334148226301e-03
8.633229966903036012e-03
8.713458811949461105e-03
8.514944368794808913e-03
8.720105059691084237e-03
8.716056978233997082e-03
8.591388821240874066e-03
8.647521238589570003e-03
8.681756868663979831e-03
8.662203299896458625e-03
8.705083756076349710e-03
8.512358388256247715e-03
8.669367901694754325e-03
8.688476369669606222e-03
8.720294765452107910e-03
8.672349720193064243e-03
8.683732604862954424e-03
8.635760282456406492e-03
8.621141087357087410e-03
8.610941518215547291e-03
8.725581676483388019e-03
8.109498857614598835e-03
8.525073970569480020e-03
8.443649238761874107e-03
8.518427722827856888e-03
8.602269144533766093e-03
8.720105059691084237e-03
8.704241207015545045e-03
8.526249647930438103e-03
8.683732604862954424e-03
8.698437508334724844e-03
8.672656002050509877e-03
8.681830121927981356e-03
8.662721653953131193e-03
8.709451041229767862e-03
8.718425760201528596e-03
8.718935428741763152e-03
8.698437508334724844e-03
8.286842378216975960e-03
8.512358388256247715e-03
8.633229966903036012e-03
7.958538572340677700e-03
8.584898147590792547e-03
8.679302249792134744e-03
8.683732604862954424e-03
8.705083756076349710e-03
8.688476369669606222e-03
8.564960185736136475e-03
8.672656002050509877e-03
8.655557052154833758e-03
8.109498857614598835e-03
8.672349720193064243e-03
8.406997586582335910e-03
8.640874990847946871e-03
8.710680565609368528e-03
8.558127914907360384e-03
8.582671442092801653e-03
8.696814581889849433e-03
8.526249647930438103e-03
8.564312445789888650e-03
8.655557052154833758e-03
8.704241207015545045e-03
8.679302249792134744e-03
8.704034317867743661e-03
8.332487747783536014e-03
8.546125362378215878e-03
8.552771610119840745e-03
8.655557052154833758e-03
8.527109484881202628e-03
8.543999815450113722e-03
8.639876214644660879e-03
8.675110620922354965e-03
8.704241207015545045e-03
8.713458811949461105e-03
8.595622896792141227e-03
8.525073970569480020e-03
8.564960185736136475e-03
8.723318247826381683e-03
8.718246898410081380e-03
8.644717252737157270e-03
8.627787335098710542e-03
8.698437508334724844e-03
8.662721653953131193e-03
8.716056978233997082e-03
8.681756868663979831e-03
8.662203299896458625e-03
8.518427722827856888e-03
8.683732604862954424e-03
8.704241207015545045e-03
8.662721653953131193e-03
8.690378852604579291e-03
8.716672000084756816e-03
8.705083756076349710e-03
8.716672000084756816e-03
8.696814581889849433e-03
8.615177851901051342e-03
8.557666198048263784e-03
8.720105059691084237e-03
8.591388821240874066e-03
8.595622896792141227e-03
8.665703472451441111e-03
8.552771610119840745e-03
8.679302249792134744e-03
8.724893146151706247e-03
8.557666198048263784e-03
8.623541815852625234e-03
8.720105059691084237e-03
8.532895895672062969e-03
8.711074890198273676e-03
8.672656002050509877e-03
8.724893146151706247e-03
8.655557052154833758e-03
8.576579964640607817e-03
8.569933716898984685e-03
8.525073970569480020e-03
8.589317689834424785e-03
8.535567686726416164e-03
8.675110620922354965e-03
8.716097288971392729e-03
8.718935428741763152e-03
8.518427722827856888e-03
8.683732604862954424e-03
8.462936008954292932e-03
8.704034317867743661e-03
8.621141087357087410e-03
8.437002991020249240e-03
8.716097288971392729e-03
8.720105059691084237e-03
8.504866755722109706e-03
8.704241207015545045e-03
8.697594959273920179e-03
8.557666198048263784e-03
8.535567686726416164e-03
8.679302249792134744e-03
8.725072007943153463e-03
8.558127914907360384e-03
8.512358388256247715e-03
8.615177851901051342e-03
8.506503398056246279e-03
8.655557052154833758e-03
8.644717252737157270e-03
8.512358388256247715e-03
8.681756868663979831e-03
8.672349720193064243e-03
8.623541815852625234e-03
8.655557052154833758e-03
8.522005419761559744e-03
8.564312445789888650e-03
8.537353567708490590e-03
8.718246898410081380e-03
8.698437508334724844e-03
8.696814581889849433e-03
8.716056978233997082e-03
8.713648517710484778e-03
8.635760282456406492e-03
8.647521238589570003e-03
8.672656002050509877e-03
8.469582256695916064e-03
8.709451041229767862e-03
8.704428642456648810e-03
8.629114034714781625e-03
8.690378852604579291e-03
8.720294765452107910e-03
8.551481667165737252e-03
8.557666198048263784e-03
8.462936008954292932e-03
8.558127914907360384e-03
8.698169779310245195e-03
8.725581676483388019e-03
8.644717252737157270e-03
8.698169779310245195e-03
8.718425760201528596e-03
8.610941518215547291e-03
8.608531604159428210e-03
8.640874990847946871e-03
8.462936008954292932e-03
8.589317689834424785e-03
8.582671442092801653e-03
8.569933716898984685e-03
8.669367901694754325e-03
8.532895895672062969e-03
8.462936008954292932e-03
8.616895568111002102e-03
8.576579964640607817e-03
8.564312445789888650e-03
8.512358388256247715e-03
8.709451041229767862e-03
8.621141087357087410e-03
8.602269144533766093e-03
8.672349720193064243e-03
8.518427722827856888e-03
8.623541815852625234e-03
8.655557052154833758e-03
8.711074890198273676e-03
8.413643834323959042e-03
8.589317689834424785e-03
8.513149645797869411e-03
8.621141087357087410e-03
8.718246898410081380e-03
8.564312445789888650e-03
8.655557052154833758e-03
8.589317689834424785e-03
8.723052309652732511e-03
8.576579964640607817e-03
8.718425760201528596e-03
8.582671442092801653e-03
8.532895895672062969e-03
8.332487747783536014e-03
8.616895568111002102e-03
8.690378852604579291e-03
8.713648517710484778e-03
8.725072007943153463e-03
8.725072007943153463e-03
7.958538572340677700e-03
8.647521238589570003e-03
8.705083756076349710e-03
8.551481667165737252e-03
8.615177851901051342e-03
8.723318247826381683e-03
8.662203299896458625e-03
8.616895568111002102e-03
8.621141087357087410e-03
8.633229966903036012e-03
8.683732604862954424e-03
8.512358388256247715e-03
8.564312445789888650e-03
8.519004635997870847e-03
8.688476369669606222e-03
