4.634801448411159304e-08
4.558603108876229182e-08
4.558234961376013268e-08
4.587409635817057690e-08
4.766874863241236836e-08
4.582298945665540609e-08
4.554388732755192990e-08
4.569799348612477270e-08
4.659125428437955119e-08
4.553663139506011479e-08
4.556071673039267455e-08
4.633424134060465747e-08
4.567290599350577646e-08
4.563882959836485040e-08
4.555992669855568355e-08
4.558603108876229182e-08
4.557128036162077994e-08
4.593679245416637029e-08
4.553097715771116398e-08
4.555395525991513138e-08
4.555396697377491850e-08
4.566027207592408998e-08
4.558234961376013268e-08
4.585065078089487999e-08
4.556081742553071603e-08
4.555010809171400338e-08
4.613945126846936433e-08
4.554869509327979298e-08
4.554304157835507849e-08
4.557639832501532165e-08
4.555396697377491850e-08
4.569404647589743463e-08
4.607601854142745110e-08
4.558171114513226100e-08
4.553097715771116398e-08
4.557128036162077994e-08
4.562923578069601016e-08
4.579539057247023433e-08
4.603803964312411934e-08
4.553231979070835931e-08
4.589676443602713853e-08
4.555125985217885296e-08
4.564949243333388857e-08
4.553097715771116398e-08
4.553231979070835931e-08
4.609518015988924914e-08
4.553663889930548436e-08
4.559912040648914146e-08
4.553097715771116398e-08
4.573545328186882250e-08
4.553231979070835931e-08
4.580295530410726664e-08
4.558234961376013268e-08
4.555992669855568355e-08
4.553663139506011479e-08
4.557128036162077994e-08
4.613315035262331168e-08
4.559553353305429144e-08
4.561885260087502712e-08
4.555125985217885296e-08
4.607601854142745110e-08
4.564128322185613256e-08
4.555396697377491850e-08
4.555125985217885296e-08
4.562923578069601016e-08
4.591658289549160878e-08
4.553097715771116398e-08
4.554304157835507849e-08
4.587500437588328480e-08
4.555125985217885296e-08
4.573581526983590182e-08
4.555125985217885296e-08
4.553663139506011479e-08
4.584384223424483672e-08
4.554304157835507849e-08
4.567290599350577646e-08
4.555992669855568355e-08
4.556663769596826774e-08
4.616573114875033599e-08
4.576093504309964139e-08
4.572463389904765861e-08
4.554869509327979298e-08
4.634638557980924988e-08
4.553249722977121626e-08
4.569404647589743463e-08
4.695536345494593470e-08
4.564842001737076084e-08
4.557128036162077994e-08
4.606571104900857944e-08
4.553249722977121626e-08
4.553663889930548436e-08
4.564128322185613256e-08
4.624627725376522278e-08
4.617629873903246632e-08
4.562127220944295434e-08
4.554995353900328408e-08
4.624627725376522278e-08
4.618602126802545514e-08
4.555395525991513138e-08
4.581489406661659649e-08
4.553097715771116398e-08
4.585036219502537874e-08
4.615378775448788684e-08
4.661157606228294598e-08
4.617043378626293727e-08
4.554869509327979298e-08
4.765191313904811223e-08
4.659125428437955119e-08
4.553663889930548436e-08
4.559553353305429144e-08
4.612123900193935467e-08
4.555125985217885296e-08
4.554304157835507849e-08
4.572463389904765861e-08
4.558173378144221816e-08
4.566720193473909532e-08
4.555992669855568355e-08
4.586100705276536333e-08
5.464165947465219777e-08
4.556663769596826774e-08
4.555397414812975424e-08
4.569404647589743463e-08
4.557003341047134338e-08
4.555010809171400338e-08
4.556071673039267455e-08
4.557128036162077994e-08
4.553231979070835931e-08
4.554995353900328408e-08
4.560679329702670390e-08
4.560665319154099428e-08
4.570084566076052260e-08
4.556071673039267455e-08
4.614798429933582426e-08
4.557639832501532165e-08
4.559912040648914146e-08
4.556663769596826774e-08
4.555395525991513138e-08
4.562923578069601016e-08
4.559617218997120146e-08
4.582635833364089579e-08
4.561885260087502712e-08
4.558234961376013268e-08
4.579349040719288069e-08
4.554995353900328408e-08
4.558234961376013268e-08
4.555010809171400338e-08
4.555010809171400338e-08
4.555395525991513138e-08
4.559912040648914146e-08
4.607384243362650877e-08
4.558173378144221816e-08
4.568640040061323682e-08
4.554869509327979298e-08
4.558171114513226100e-08
4.555992669855568355e-08
4.629572219325370739e-08
4.627897561422086181e-08
4.573545328186882250e-08
4.555010809171400338e-08
4.555010809171400338e-08
4.560665319154099428e-08
4.564842001737076084e-08
4.600903372838837316e-08
4.556663769596826774e-08
4.558603108876229182e-08
4.555992669855568355e-08
4.559912040648914146e-08
4.571778957933482329e-08
4.553231979070835931e-08
4.558603108876229182e-08
4.560679329702670390e-08
4.554869509327979298e-08
4.554995353900328408e-08
4.556663769596826774e-08
4.566027207592408998e-08
4.606844223681443217e-08
4.554388732755192990e-08
4.556663769596826774e-08
4.557128036162077994e-08
4.553663139506011479e-08
4.592665079010417969e-08
4.612482019829902882e-08
4.616647365015840927e-08
4.563193233832736522e-08
4.616497305812474232e-08
4.605518544777907120e-08
4.612604110225102027e-08
4.589676443602713853e-08
4.564842001737076084e-08
4.555395525991513138e-08
4.553231979070835931e-08
4.562923578069601016e-08
4.555125985217885296e-08
4.553249722977121626e-08
4.553663139506011479e-08
4.619245343739236532e-08
4.581225005323050227e-08
4.554869509327979298e-08
4.555397414812975424e-08
4.598838671290378970e-08
4.595081672928407151e-08
4.555395525991513138e-08
4.567290599350577646e-08
4.553663889930548436e-08
4.618322068616543062e-08
4.555010809171400338e-08
4.554869509327979298e-08
4.553249722977121626e-08
4.556755739836716135e-08
4.553663139506011479e-08
4.561885260087502712e-08
4.556755739836716135e-08
4.569404647589743463e-08
4.555397414812975424e-08
4.553249722977121626e-08
4.555396697377491850e-08
4.579349040719288069e-08
4.553231979070835931e-08
4.555010809171400338e-08
4.553663139506011479e-08
4.559617218997120146e-08
4.589676443602713853e-08
4.567290599350577646e-08
4.556663769596826774e-08
4.555395525991513138e-08
4.553231979070835931e-08
4.555992669855568355e-08
4.556081742553071603e-08
4.568640040061323682e-08
4.555125985217885296e-08
4.553097715771116398e-08
4.578379418552845414e-08
4.564949243333388857e-08
4.554388732755192990e-08
4.556755739836716135e-08
4.553249722977121626e-08
4.605957008916404692e-08
4.558173378144221816e-08
4.555396697377491850e-08
4.889280247611967097e-08
4.557128036162077994e-08
4.584384223424483672e-08
4.558173378144221816e-08
4.625212405461681943e-08
4.564949243333388857e-08
4.564128322185613256e-08
4.564949243333388857e-08
4.614810384358432585e-08
4.560665319154099428e-08
4.613213688353676792e-08
4.554304157835507849e-08
5.199791934373674068e-08
4.564949243333388857e-08
4.578379418552845414e-08
4.560665319154099428e-08
4.555125985217885296e-08
4.573581526983590182e-08
4.628707579884692727e-08
4.553663889930548436e-08
4.557128036162077994e-08
4.553249722977121626e-08
4.594957834678705012e-08
4.553097715771116398e-08
4.553097715771116398e-08
4.553231979070835931e-08
4.556755739836716135e-08
4.554304157835507849e-08
4.581489358803731676e-08
4.569799348612477270e-08
4.569799348612477270e-08
4.553663139506011479e-08
4.557639832501532165e-08
4.564128322185613256e-08
4.593750899053178941e-08
4.595006105844156174e-08
4.554304157835507849e-08
4.555992669855568355e-08
4.556081742553071603e-08
4.618322068616543062e-08
4.555125985217885296e-08
4.553663889930548436e-08
4.555010809171400338e-08
4.555992669855568355e-08
4.590349076817463136e-08
4.595081672928407151e-08
4.598838671290378970e-08
4.677033146536694637e-08
4.622232742122627877e-08
4.553231979070835931e-08
4.554388732755192990e-08
4.555397414812975424e-08
4.554388732755192990e-08
4.714059752783234539e-08
4.564128322185613256e-08
4.555125985217885296e-08
4.553097715771116398e-08
4.614798429933582426e-08
4.555992669855568355e-08
4.555992669855568355e-08
4.581102327114224415e-08
4.591658289549160878e-08
4.555396697377491850e-08
4.562923578069601016e-08
4.555125985217885296e-08
4.593750899053178941e-08
4.556755739836716135e-08
4.628707579884692727e-08
4.561839947013443079e-08
4.556755739836716135e-08
4.555125985217885296e-08
4.563882959836485040e-08
4.584384223424483672e-08
4.593750899053178941e-08
4.618601526284582028e-08
4.555395525991513138e-08
4.589676443602713853e-08
4.558171114513226100e-08
4.557003341047134338e-08
