7.097341065797900181e-03
7.684134870886799758e-03
7.233938235322000254e-03
7.414140349676199941e-03
7.563813709685699924e-03
6.436956611424699687e-03
6.799410703562099728e-03
6.866908716891000249e-03
6.916978005827400036e-03
6.711330484819500244e-03
5.798133846685800050e-03
7.511145824352099924e-03
6.304839506500400231e-03
7.184889415441300144e-03
7.156208514115999612e-03
6.650574906871999613e-03
7.428140172377800145e-03
6.995507311449099784e-03
7.124038573355600049e-03
7.035968967419699988e-03
6.206387462045899646e-03
6.618853831787500051e-03
6.624886490962700152e-03
6.943814579988099624e-03
6.933768364247100240e-03
7.183749312215300178e-03
7.181580462521699668e-03
6.552470305704100398e-03
6.515162310662199648e-03
7.987339562821400146e-03
6.161117166935899808e-03
7.506598711642000279e-03
7.088831309604099601e-03
6.858739365963299577e-03
6.609911480517500354e-03
6.660625588134599928e-03
7.103956687442500306e-03
6.564068097124699935e-03
6.937230057498099990e-03
6.909491234344799886e-03
7.366832780039900101e-03
6.692298821348799907e-03
6.812038825657599876e-03
6.534795053679799681e-03
7.061444969615100070e-03
6.831740479810000100e-03
7.096816427423000354e-03
6.928631558772700184e-03
6.665754095532300250e-03
7.112659446643600052e-03
7.145361485832500345e-03
6.784491926125800314e-03
6.589382911877100270e-03
7.228131589051199797e-03
7.228571137172500397e-03
7.067218242627099946e-03
7.637732574726399659e-03
6.729973653127500205e-03
7.532621910426900297e-03
6.074818780285200226e-03
7.050529274332100263e-03
7.139161905521499568e-03
7.037078437584099594e-03
6.526908406003799692e-03
7.511558146596399727e-03
7.329591016918299978e-03
7.302294880663099709e-03
6.321832162833000007e-03
6.161234558782999714e-03
6.380691248683100121e-03
6.517280924483799705e-03
8.163681930579900353e-03
6.488451759600700162e-03
6.587397732499500336e-03
7.023183979315499904e-03
6.864110920908100301e-03
6.607774461494199912e-03
6.888318264083400158e-03
7.581298667852199961e-03
7.584196184685599793e-03
6.096541052414399670e-03
7.079962074203000055e-03
7.303170281625400405e-03
6.379903810423999747e-03
6.879403250620500128e-03
6.670258610351099612e-03
7.072359093941499829e-03
6.539755090667599691e-03
6.729502913293199801e-03
6.174551394348699873e-03
6.683637714696599730e-03
7.517826878367800392e-03
7.173618612458299883e-03
7.001484869261200006e-03
7.585337831767700011e-03
5.696794031639000264e-03
7.861135601585600777e-03
6.970880949310600226e-03
6.070353855530399682e-03
6.208541748581299959e-03
7.599192618551299863e-03
6.507587385294100017e-03
7.229118897491700405e-03
7.378563462114199646e-03
7.042346396865800315e-03
7.161372146424299819e-03
7.279627102265599954e-03
6.834735688572999603e-03
6.945328602945799804e-03
6.831347087677600190e-03
6.830466755032200271e-03
8.122823824452899549e-03
7.053001522107599924e-03
6.671073878781200173e-03
7.246507817820700172e-03
7.844148434283600840e-03
6.966959796073200414e-03
7.347832286120299650e-03
7.032038626342099717e-03
7.126937666317999763e-03
7.743564071836899800e-03
7.228151124340800177e-03
6.588434949911100083e-03
6.877591165518499687e-03
7.199791026750800016e-03
7.000866346249699605e-03
7.105195772486999628e-03
6.573398563452100343e-03
7.087288901125999956e-03
6.790022338470699977e-03
7.559956371636499840e-03
7.117980411111800298e-03
6.797256967508299823e-03
7.475236454362799675e-03
6.720628968696599689e-03
7.310702920786399904e-03
6.726840148630700185e-03
7.417282186266200249e-03
5.787786498977799676e-03
6.183801883017099599e-03
6.970582358265700433e-03
6.524255320052899619e-03
7.028413249439100299e-03
6.641960463680599697e-03
6.607188137296300147e-03
6.924557670716200049e-03
6.322000895525600218e-03
6.391488450522200132e-03
7.365047365192100084e-03
7.140098425288400087e-03
6.850374901780600066e-03
7.002889726482899868e-03
7.087950773431500248e-03
6.622537139534700155e-03
6.981039595037599570e-03
8.500983038895100832e-03
6.569689588641599957e-03
7.229765911300500315e-03
6.762363725513900227e-03
6.101781093634000425e-03
7.439939558325999597e-03
7.247740264384900169e-03
7.512771283432800352e-03
7.095497800071099738e-03
8.019280917036800821e-03
7.731605465985899941e-03
7.745704195571199817e-03
7.994873788108499899e-03
7.685355469016600348e-03
7.469992486147499812e-03
6.673561736768999705e-03
7.031768533060899981e-03
6.364742332851500324e-03
7.317403602386800265e-03
7.128415380473799960e-03
6.613103697870499620e-03
6.830737671886699842e-03
5.908285671098799895e-03
7.521011037299099762e-03
7.216452062364700146e-03
7.354705701133700153e-03
6.405240281936600347e-03
6.156621495425900099e-03
6.666655205620600037e-03
6.753602990692299940e-03
6.574572031314699846e-03
6.276169816092700207e-03
7.028155738167199580e-03
7.020700503767500315e-03
5.994136067506599871e-03
7.128653895751299943e-03
6.619798910994000377e-03
7.231905220355099896e-03
6.098914573477299921e-03
7.303674676507099922e-03
6.683643812443100171e-03
5.677333558963299810e-03
6.463635143437299925e-03
6.744554467721399632e-03
6.428865163981000407e-03
6.614725631043199584e-03
6.838595464650700124e-03
8.097379300583700326e-03
7.050784208855099926e-03
7.249269284695899693e-03
7.229179987859699931e-03
6.925371392414499810e-03
6.963242831171900099e-03
6.603754748854100132e-03
6.465878527369700417e-03
7.068865988604199936e-03
7.162317616460600091e-03
7.606678108698800359e-03
6.665565936352199801e-03
6.970803684252099668e-03
7.064461991881300362e-03
5.891411972633700186e-03
6.779910495606799627e-03
6.838706333964299743e-03
7.261449288393300242e-03
6.854778690235499572e-03
6.298981705983099609e-03
6.870183132252599689e-03
6.488402903225600100e-03
7.122674883971500011e-03
6.922246366359199876e-03
6.669992907612999969e-03
6.562043908804499580e-03
6.539504513390299693e-03
6.895863267038599906e-03
7.733831441216700367e-03
7.284554108713699877e-03
7.225478856342800078e-03
6.847564427230700031e-03
7.198867849137500184e-03
7.487845284153699620e-03
6.537539439966500061e-03
7.086282951466600123e-03
7.159135648458500069e-03
6.583726909122999786e-03
7.083195001803000053e-03
8.164420858000700360e-03
8.003904942589000829e-03
6.595541212121000356e-03
7.091694068104100433e-03
6.836720238125999945e-03
6.601239485616999803e-03
7.033266204087699688e-03
6.270225819867100356e-03
7.343831916462100103e-03
7.245321537744199743e-03
6.611191908660100057e-03
7.296717232426100375e-03
6.546704564538399947e-03
6.172520636241300013e-03
6.295629053231300079e-03
7.326691677621799577e-03
6.347043354653500273e-03
6.747351683403400233e-03
6.011612985163799876e-03
6.209605824495499637e-03
7.744874426903100226e-03
6.537858393463399573e-03
6.772203344169399654e-03
7.147871084535299853e-03
7.491267494411599573e-03
7.621510569821300131e-03
7.366162180759599880e-03
7.205377221168100116e-03
7.013295339958400092e-03
6.307135269047099875e-03
6.137935823398699663e-03
6.866538065333700411e-03
6.380007978688500073e-03
6.470260628508599579e-03
6.747931347516099646e-03
7.632424932173799588e-03
7.066549456871800035e-03
7.384376280955400225e-03
6.803642662094100402e-03
7.565409582718000091e-03
6.299159427048500216e-03
6.890190508708300340e-03
8.336855276188000208e-03
6.520046542639000402e-03
6.784921330541399988e-03
6.349216956882300367e-03
6.406969896505900104e-03
6.779974239351499801e-03
8.539169212896600622e-03
6.148818650648400080e-03
6.042811327355700202e-03
7.394774082871500252e-03
6.910098363029000025e-03
6.285883923345400061e-03
6.775605378058100099e-03
5.846287616753699685e-03
7.544154957459700030e-03
7.209716645655299752e-03
7.078916646267300293e-03
6.202402004264900154e-03
7.429397957093099997e-03
7.495707408052900388e-03
7.972882866370399613e-03
7.705275746009899833e-03
6.855090991114199707e-03
6.004908790412999582e-03
6.638065284781000282e-03
7.939126177889900202e-03
7.404263371127000129e-03
7.402375141852699826e-03
6.467937806734999975e-03
6.977222436245899585e-03
6.805026905149599847e-03
6.824609232042099655e-03
8.211300065021699332e-03
6.533230578988399873e-03
6.779350417846300055e-03
7.201782132341999661e-03
7.035278350404200291e-03
7.935344486892299473e-03
7.161080164615500274e-03
6.003901453218300419e-03
6.882681457340799648e-03
6.630869095894499979e-03
6.758199462434899725e-03
5.741734729086900302e-03
6.287797975944599792e-03
7.341125893477700240e-03
7.224782996344400118e-03
7.575270210938099720e-03
6.079345050847399963e-03
7.206053793533400038e-03
7.076273433163499972e-03
7.125966686451700241e-03
6.249028725816700366e-03
6.452085949307500429e-03
6.492246581189500300e-03
7.446036826984000004e-03
6.224294842313599953e-03
7.061876598545099686e-03
6.633640541640099635e-03
6.612365273602200180e-03
7.244670611312399935e-03
6.386276266222099679e-03
6.981661984083499702e-03
6.915045319746899836e-03
7.338268824006500407e-03
6.606626868763300006e-03
6.932457123302000063e-03
7.229053340062199795e-03
7.328134790060000098e-03
6.851168302680800057e-03
6.121659881212200213e-03
8.084965109098299352e-03
5.892883228803100400e-03
7.069265719742899752e-03
7.351907024099099859e-03
6.628831519284800015e-03
7.555373159719699916e-03
6.098601269153200097e-03
5.112474397428900218e-03
6.956226276158199856e-03
6.865695868133300274e-03
6.534406551108900250e-03
7.204352442609599817e-03
7.131097654966099889e-03
7.330743804637900388e-03
6.727886488323500322e-03
6.303432953190000326e-03
7.146502721257300302e-03
6.857967793840099961e-03
7.376338880027699663e-03
6.437936876183400145e-03
6.803165885712199670e-03
6.471991295460600285e-03
6.671934966084099895e-03
8.348796752335600410e-03
7.527842884397200306e-03
7.122260584593900247e-03
7.818795958060899623e-03
7.818358644512999472e-03
6.883212395314099695e-03
6.592546207769100011e-03
6.287143959981899774e-03
6.623851819727600079e-03
6.682129144065299814e-03
7.375131821973499729e-03
6.926277064455700107e-03
6.967731915272700090e-03
7.655470660086200266e-03
7.206691660704199996e-03
7.116792666488100209e-03
6.344166977245799949e-03
7.585897261789800207e-03
6.949858588200599936e-03
8.068575856650200134e-03
7.791800285127200264e-03
6.456370289641099637e-03
6.594555358559599754e-03
6.829065287453400107e-03
6.870042119873700191e-03
7.220977169443599727e-03
7.302021182373099814e-03
7.214945100867900356e-03
6.994431578285199846e-03
6.285479923651899822e-03
6.497931770483899964e-03
6.896080435962200113e-03
7.408982897274999681e-03
7.436092385422099667e-03
6.858026240852000376e-03
7.858455143317599409e-03
7.124140677499200131e-03
7.472886584588199661e-03
6.287815001243600259e-03
7.826743670490099794e-03
7.525111626340099703e-03
7.019269771061199988e-03
6.300318851921099701e-03
6.220351704168299890e-03
7.069250533622399753e-03
6.202124010228400423e-03
5.486177203584400273e-03
7.085874262157399774e-03
6.779098862187400362e-03
6.622973350802499777e-03
6.700691329872400168e-03
7.143513598380699797e-03
7.187217544634300417e-03
6.948374167870599583e-03
5.829089971876299896e-03
7.874075174412199438e-03
7.404738758518599612e-03
7.390270529874200071e-03
7.107039877367199616e-03
6.425055628416899943e-03
7.076468214077699832e-03
6.234551915714600136e-03
7.678969849306500027e-03
7.625562961757099967e-03
7.324500504921400111e-03
7.484218030608299696e-03
5.350258909682500431e-03
7.451002043930499835e-03
6.367231634020900123e-03
6.609471309509500070e-03
7.152029526226600341e-03
7.722513035683700212e-03
6.604551538477499741e-03
7.095722316491699655e-03
6.496527023059899680e-03
5.668769401770500267e-03
7.283376768106200431e-03
8.105730188413000706e-03
6.276125909278699663e-03
7.422473840849700376e-03
7.062325512951299865e-03
6.082250985805499714e-03
6.197589249227099771e-03
6.505783671723599712e-03
7.136486812784699832e-03
7.899258324937699291e-03
7.452569202709200154e-03
7.115035218867100247e-03
6.737052689493100086e-03
6.526955984831200180e-03
7.837682105739799190e-03
6.332082878749600158e-03
7.800018335349300121e-03
6.879588199529500410e-03
6.049296063115199712e-03
6.542918374502100336e-03
6.960333134081599961e-03
6.875182357231500105e-03
7.703074014203100360e-03
6.864515482799100031e-03
6.777310284848199647e-03
6.811230214992999681e-03
6.990129480836200157e-03
6.553931781739200102e-03
6.894022300974900035e-03
6.325182385493500342e-03
7.536775578048399843e-03
6.844507576214900121e-03
7.020077313451699927e-03
6.301065260892199996e-03
7.133546184576699568e-03
6.493206817259599903e-03
7.520238345584399908e-03
7.051359042462600375e-03
6.935490003677400282e-03
7.198665834003700227e-03
6.112633496150299793e-03
7.253209397858399916e-03
6.796925520337699679e-03
6.701252503711599764e-03
8.518083720676200218e-03
7.519074598495800385e-03
6.776797875985000018e-03
7.732832468248299757e-03
6.448417507462099810e-03
8.790327413480399782e-03
8.941255894957200745e-03
7.402438809077200102e-03
7.131846301607100251e-03
6.876550639594999730e-03
7.160416995455600071e-03
7.277804947174999588e-03
6.837589605140899883e-03
7.002111883909699873e-03
7.909631964082900618e-03
6.699958504798300164e-03
7.747677127131699822e-03
7.055948882152000140e-03
8.011196257490400471e-03
7.374273256981199974e-03
6.180245717796200092e-03
7.069810558109600358e-03
7.156067433721400271e-03
7.724791516522700428e-03
6.673081812519399830e-03
6.286683591049799756e-03
6.623845120480600056e-03
6.668451857460100038e-03
7.556164896434500178e-03
7.676018262755599994e-03
7.289733984242000031e-03
6.806579912023399612e-03
7.061881983292100408e-03
6.620111419299599953e-03
6.235979322043999976e-03
5.594745445637300425e-03
7.324880580796400316e-03
6.277573319359900338e-03
6.711004779510999600e-03
6.087973217775400139e-03
6.865320631983799771e-03
6.606229629598000391e-03
7.211203265881500207e-03
7.338830231672000340e-03
7.000454715134700294e-03
7.260271218135700040e-03
5.874182343017900036e-03
8.314274371035899891e-03
6.364266691455400249e-03
7.852645658539299592e-03
6.326399754849099805e-03
6.528509252885100062e-03
7.042877787386699583e-03
6.010610637167600363e-03
6.361782320867100105e-03
6.468312078812299935e-03
7.076428805212000434e-03
7.647017994510400124e-03
7.143560965715100089e-03
7.505212766974900078e-03
6.539953226967300248e-03
6.229478657963600369e-03
7.260791907003899884e-03
7.217184830841399772e-03
6.527887543845600077e-03
6.267490043011600051e-03
7.965925201521600191e-03
6.493663110471500216e-03
7.629057754459899789e-03
6.912768999540200299e-03
6.108437642427900355e-03
6.679089977925699653e-03
8.065982300180799675e-03
6.777681239666800105e-03
6.371989544233700418e-03
7.000688338550199730e-03
8.406744275461300320e-03
6.858586884935700088e-03
6.422341699366900143e-03
7.149693495203299741e-03
7.053830323737999598e-03
7.392484809394099868e-03
7.891565152404399555e-03
7.050940566077200204e-03
6.819954671432999944e-03
6.638251756107499922e-03
6.658153788349599998e-03
6.458143896067999705e-03
6.519514620741099706e-03
7.051255180328600339e-03
6.424446820324600238e-03
6.601083554239900279e-03
6.647312395598599724e-03
7.523673324001499928e-03
6.438463534024299779e-03
6.466743751593300241e-03
5.720230981471599932e-03
7.038208251915699896e-03
6.832230467223900094e-03
7.179897969717700425e-03
6.973223736742400342e-03
6.360203833374399908e-03
7.231744072748499952e-03
6.471841217104899908e-03
7.486332474161500050e-03
7.243705890229700309e-03
6.427346062611700127e-03
6.965454904747200165e-03
6.585457052337599822e-03
7.653968904450999915e-03
6.578757820727299671e-03
6.696053527220399704e-03
7.655391322187000275e-03
6.250755316535699761e-03
7.246870766763000189e-03
6.883738394808499618e-03
7.111012611412500378e-03
6.993528931803699895e-03
6.798554523126799747e-03
6.286303846404699830e-03
6.941254756859799660e-03
6.808525897330800110e-03
6.139326179235699704e-03
7.809183151369500191e-03
6.580670823879099761e-03
6.953211719916799725e-03
6.911255355499200219e-03
6.508681424526200320e-03
7.548890214253099577e-03
6.335244758117699986e-03
7.059703702141499962e-03
7.983385568118100267e-03
7.171604472781500407e-03
6.690137053383399778e-03
6.806513353356499589e-03
6.642949804180399778e-03
6.738652740736100419e-03
7.189578802903100196e-03
7.547680375634500255e-03
7.228530247506299682e-03
6.865382519808700158e-03
6.487034452004899684e-03
6.639769989723600177e-03
6.698164408800800010e-03
5.300647488871599797e-03
6.560831662272399722e-03
6.808304855902200074e-03
6.266844360297599628e-03
7.250540841889000117e-03
6.402819651753700186e-03
7.567702951678400083e-03
8.021665831112400127e-03
6.150364151980699905e-03
6.785447614682200111e-03
6.415724533037600423e-03
7.340341892377599993e-03
6.434955118051999615e-03
6.702001875909999878e-03
6.829440220033699584e-03
6.757470966687000209e-03
6.601549710433299821e-03
6.419981551373099907e-03
7.265594916875500221e-03
6.205643942909400135e-03
8.731217564702900211e-03
6.769036400353500328e-03
6.295014386889500289e-03
6.989086883871300192e-03
6.607112963280900413e-03
6.795436323665599715e-03
7.069468403826899630e-03
6.549619360398199579e-03
6.447706113848900022e-03
6.844579261133299820e-03
6.070582112190099806e-03
6.093577639643499820e-03
6.366801476952299761e-03
6.667723619464700421e-03
6.542267474356399694e-03
7.514155137826400259e-03
6.793282839253900196e-03
6.787349912996999864e-03
7.846499161659900579e-03
6.277989753360200056e-03
6.982687808436200370e-03
7.592463121536500298e-03
7.135052739870900024e-03
7.458071057622400052e-03
7.546113024170800036e-03
6.383019577392699817e-03
6.970128258540499687e-03
7.510772653350999799e-03
6.809205670666100378e-03
6.716231036408199830e-03
5.935373792639199800e-03
7.391563342973499727e-03
6.770915517442899906e-03
7.170406976903099909e-03
7.892665363223399372e-03
6.539122892798700064e-03
7.465253036357500163e-03
7.016929088192999653e-03
6.762702404184700242e-03
6.470741922183800149e-03
6.980337433733299797e-03
6.613996164305800327e-03
7.329933559470399977e-03
7.090818503581700245e-03
7.434879773373299569e-03
7.190355074113199789e-03
7.028778719061499862e-03
7.290632645564200202e-03
6.937229996247400166e-03
7.259417121243999863e-03
7.004011653348099671e-03
7.149931112445400208e-03
7.469644112589299972e-03
7.185867725623000350e-03
6.735019365289500112e-03
6.523032783288300329e-03
6.495920708722099750e-03
6.420538219772900339e-03
6.382093191759199806e-03
6.407385483128199589e-03
7.102205869369699817e-03
6.743408017925199734e-03
7.195482179133899994e-03
6.794784810184299750e-03
6.976815504628900225e-03
6.537697031291800180e-03
7.305249957721999567e-03
6.462151880006999742e-03
6.938343530286500069e-03
6.983325639227599968e-03
6.534764692640300347e-03
6.796021128175100054e-03
7.208611180315799803e-03
6.989917090863499889e-03
7.430540999660200339e-03
6.991223126737699731e-03
7.006972256204700017e-03
6.697254218040200185e-03
7.007047503239699666e-03
6.449994856314199797e-03
6.815438197561699690e-03
6.231068818392899653e-03
7.455664593743600160e-03
6.104594611605800372e-03
7.660455598741899852e-03
6.322220293393699883e-03
7.128642450189399786e-03
7.233719435311299593e-03
6.518596109462600208e-03
6.985097775274100133e-03
7.073672481607500007e-03
7.964394337829900847e-03
6.830652095063599778e-03
6.604559534351800085e-03
6.983872292740000119e-03
5.884786602215700407e-03
6.372666075445699956e-03
8.102715411184900282e-03
6.679281006528399803e-03
7.446360032141600103e-03
6.455039501162200370e-03
6.780366398075400244e-03
6.996595639850600006e-03
6.468271294929600103e-03
7.191061029648800236e-03
6.888476718694599640e-03
7.209106851022399967e-03
6.643509901257600367e-03
6.463463361076200210e-03
6.849860619627600247e-03
7.001221556205699734e-03
6.553767737669099688e-03
6.685829523800100420e-03
6.969322969805000212e-03
7.002447900800399735e-03
6.128575697712900297e-03
7.189187407966399906e-03
5.382477175627600231e-03
7.319742884427799835e-03
5.415254319408500071e-03
7.398441271699199989e-03
7.752961097855799906e-03
6.170017146800300077e-03
6.115821045628799801e-03
6.901849496115599822e-03
7.843955398398600246e-03
6.786642109530899823e-03
6.814202270274199828e-03
6.468645043283500345e-03
8.030277376362299560e-03
7.597485240971899728e-03
6.980982359523399926e-03
6.534391238982800200e-03
6.297950484007000353e-03
7.317242288027400385e-03
7.033803861830699618e-03
5.954702547606999762e-03
7.658224805070099929e-03
6.253046184639400075e-03
6.201616575973199763e-03
6.377091002389099865e-03
7.010176102911600156e-03
7.030214658541100031e-03
6.604598015787099645e-03
7.115608360943199637e-03
6.959731725974200277e-03
6.130574882498999838e-03
6.687754368889800398e-03
6.849413341356400120e-03
7.182607204518299572e-03
7.176453513008200329e-03
7.021562821452800168e-03
7.322711749388500016e-03
7.588030945584600152e-03
8.709510241974799741e-03
5.767072160534600193e-03
6.243511374888700144e-03
6.261602608865500345e-03
7.497673017327999984e-03
7.416806927630599684e-03
7.157391786768199995e-03
6.567776064848099976e-03
7.333057809496700170e-03
7.488811355306800206e-03
6.467074928544900431e-03
6.889360538090300370e-03
7.259091686893299686e-03
7.888044814674999641e-03
7.594669161739999938e-03
7.398354856162300125e-03
6.901066627886499709e-03
6.859029857095000002e-03
6.707354128633899980e-03
6.416792447246099686e-03
6.357541937777299798e-03
6.986217746791799701e-03
5.833043119661799995e-03
6.758343370718400411e-03
6.460101541743999698e-03
6.373241858827099690e-03
6.322020885176299690e-03
6.387094097505600226e-03
6.334919028985599998e-03
7.834406078714299324e-03
6.446944666728800233e-03
7.053133708854400150e-03
5.561955580273000160e-03
6.837041053041200203e-03
7.413588314625099880e-03
6.103065220538900042e-03
7.418149675651400030e-03
7.741348178192999745e-03
6.482503729360900371e-03
6.639276206036400126e-03
6.431817393749999882e-03
6.498620373978500168e-03
6.548490014565200301e-03
7.885382055358399964e-03
6.768483786091200431e-03
6.759422648179799938e-03
6.984122751325499805e-03
7.119474700761899665e-03
7.058991483751099645e-03
8.079599714907499328e-03
6.412114291365399697e-03
7.862836632218499558e-03
7.050138772903400200e-03
8.204470351114200380e-03
6.314746633118300395e-03
7.220199884971799896e-03
7.932808912348600708e-03
6.433733537838899792e-03
7.002902012378500220e-03
7.579113089274999888e-03
7.827544882395200826e-03
7.692731427680800024e-03
6.962049975525200218e-03
7.026836001368400031e-03
6.191963344389900259e-03
7.089087103167399963e-03
7.606906805437000166e-03
7.478852919293800181e-03
6.742704567841400175e-03
8.225318324100299242e-03
7.359391409781100395e-03
7.150773092594000201e-03
6.756183892545999589e-03
7.730011857797599618e-03
7.135301007677399658e-03
6.784578764049999794e-03
6.457748597910599637e-03
6.732640978565400391e-03
7.471825600037500237e-03
7.988444066646399264e-03
7.481425133603600286e-03
6.240968453268900228e-03
6.142558049078400417e-03
6.494852949883000125e-03
7.021541477825700081e-03
7.702204556544399797e-03
7.475312893198400241e-03
7.300771942300199845e-03
6.867628550951500321e-03
7.516456914610799775e-03
6.451475831768399734e-03
6.415721907604099612e-03
6.782081251838200167e-03
6.564964220507799909e-03
7.551410761073899802e-03
6.983580034766100238e-03
6.963987933173300393e-03
6.513236510575400040e-03
6.509342549174000105e-03
6.614657596180900136e-03
6.684462287593000152e-03
6.340937557694300078e-03
7.303560003387699583e-03
5.669267526804899586e-03
6.430695596233599980e-03
6.330250101210000389e-03
7.689791365879299588e-03
7.239216962228000110e-03
6.404174278248899940e-03
6.728191497514600383e-03
6.457462776389200076e-03
6.515392619878599897e-03
6.566603012632100077e-03
6.696810969563000288e-03
8.395725542418800563e-03
7.333549451192999599e-03
7.038915980425699583e-03
6.397985985695900032e-03
6.558724164777700316e-03
6.951245305830700168e-03
6.589875769903000106e-03
6.802654808098200327e-03
6.746726295521100411e-03
6.591388511056200071e-03
6.799645112625400320e-03
7.843137501674899564e-03
6.914505977311300074e-03
7.169502364621599746e-03
7.353380235991900139e-03
7.865853584846300636e-03
6.355581258315800078e-03
7.812841312102900004e-03
7.419416991279299822e-03
7.829979445539899177e-03
8.316233288062200094e-03
7.274026926952900131e-03
7.392643777991699666e-03
6.988488452611499660e-03
6.081076660476999844e-03
6.033762954046399847e-03
7.174564120808800058e-03
6.170144597633199675e-03
6.201911164911800417e-03
5.994529749436700375e-03
7.074928821800600086e-03
7.115974628900899844e-03
6.180697950846200141e-03
8.510099728765700700e-03
7.099949137139199666e-03
6.985997851004100388e-03
6.221147113904900057e-03
7.495627165113499628e-03
7.667675753118200280e-03
7.129717836617599676e-03
7.358139700297999797e-03
6.400415696962500310e-03
7.148341384133199972e-03
6.243242385398199874e-03
6.754173992153499582e-03
7.595536860766700059e-03
7.013756140653499595e-03
5.967322262187099886e-03
6.675235522499299752e-03
6.314597077459600284e-03
6.894242281413800327e-03
6.508137264838899719e-03
7.308024490292499946e-03
6.500727259936300330e-03
7.100172609459699802e-03
6.585540561571900063e-03
7.403439038480300050e-03
7.484377093926499781e-03
7.154830577765500417e-03
7.821802963866300237e-03
6.346101365522299753e-03
7.287255245773599684e-03
6.571900211420299981e-03
7.888922724392299218e-03
7.318970767460000228e-03
7.416595194064600112e-03
7.559292764120499955e-03
6.803056513011099780e-03
7.086410793829599729e-03
7.566576708428199988e-03
6.337749141078700098e-03
6.512225334420499931e-03
7.245301043875600200e-03
5.756887753895500309e-03
6.688078599529400162e-03
6.782642756863000409e-03
6.923385978187900254e-03
6.691624436821200055e-03
6.964279815776900327e-03
6.616444521080000300e-03
6.558348473154999858e-03
6.228661342238600226e-03
7.746458650863499718e-03
7.169463571202500281e-03
6.664771569827599926e-03
6.863631355415900082e-03
6.926103087626800207e-03
6.905140770108299762e-03
7.292881997797999796e-03
7.656368509036899639e-03
7.347013568865500173e-03
6.883554326073599607e-03
6.999033408073799568e-03
6.869883724726200298e-03
6.600594856733900395e-03
7.033683858217600060e-03
6.250600571118800075e-03
7.366270604812700205e-03
