1.300876386243795257e-01
-3.123130354988533641e-01
-9.731276071255092752e-01
6.507529008346958355e-01
-8.023528218987125982e-01
-3.788615400193316024e-02
2.177239798573114005e+00
-2.851921298740764388e-01
1.987706022628224600e+00
2.182650706641539262e+00
-3.858459572603156751e-01
1.337135030773047406e+00
-8.771020459560900928e-01
-2.346364438319784307e-01
7.039202343693120589e-01
3.997780133869437147e-02
8.107273153247799291e-01
-8.140278248876148259e-01
2.097177856141919872e+00
-1.028893543408935241e+00
-5.175273951694535635e-01
1.302322949412043407e+00
5.164469649642950966e-01
1.753794085598857633e+00
-6.562750920941654575e-01
-1.077353039879087371e+00
8.602207946096633584e-02
1.356697206446036696e-01
-5.806912924082406890e-01
1.300713642013943572e+00
-1.011013043425234903e+00
1.980173104507336301e+00
6.075643722485175591e-01
1.191583727811742710e+00
-2.069157749739201080e-01
6.873339179072687211e-01
1.020895663860722641e-01
-7.588023596827784267e-01
1.010285792634300295e+00
-1.345535495864074838e+00
3.561193954209594725e+00
-1.185855644559011157e+00
-9.509082336109184741e-01
2.611925727492571347e+00
-2.614289068034902352e-01
-1.822156459164717690e+00
-8.201510586323790264e-02
-9.953917414735531377e-01
-9.019843921578821755e-01
1.044239275366771968e+00
3.596387607575395329e-01
1.299532972981401135e+00
1.552400453971357175e+00
-1.355204832245285651e+00
-1.363306836489422080e+00
1.327083335990567825e+00
-6.674399249818760982e-01
-6.562750920941654575e-01
8.535087968621185572e-01
2.417451252534095762e-01
-6.590600327386316737e-01
-4.458894835895463871e-01
-8.190465297625382224e-01
8.100702544689991624e-01
1.042530480237490176e+00
-1.124248607395095467e+00
2.227646281160278185e+00
7.773473793203788951e-01
1.396631349404802158e+00
1.076908768921637671e+00
3.361374921794866855e-01
3.790893189498797944e-02
1.259658190637001018e+00
1.087062418021827348e+00
-4.390866275788271600e-01
-6.613154622278842876e-01
1.328560947632560080e-02
3.451298031808835726e-03
-6.280341947269945102e-01
-1.060190746404254369e+00
5.735744974872425406e-02
-1.361071142628896835e+00
-5.734775451414084735e-01
7.874950285997373012e-01
-8.081209901634482939e-01
-6.733838589172482791e-01
9.573271516329922015e-01
3.663951172607936985e-02
1.322545212786800040e+00
5.064351175159170770e-01
2.117516707786900820e+00
8.922490539826738454e-02
-3.731619896540393500e-01
-1.003825786480178950e+00
-1.217847631648330431e+00
-5.581969243538765779e-01
-1.531101065070443745e-01
1.063714087741832293e+00
-2.093475776272924749e-01
5.463422215068498566e-01
1.283992029135970769e+00
-5.239159098333565634e-01
3.818195275825700397e-02
-1.327358876572369395e+00
1.240988328127809348e+00
-7.939402489918251371e-02
-5.801581474530826954e-01
2.591440939746871841e-01
-1.617689077398057618e-01
1.799902739134045859e+00
-2.267421129938755886e-01
-9.536706372475052262e-01
1.115210763120487059e+00
8.687278887897199597e-01
9.681457080327450226e-01
7.974132951400296765e-01
1.281219159348071734e+00
-1.131371056292458793e-01
1.210232718167202126e+00
5.483976103151121384e-01
-2.086235794682288480e-01
5.721374153575190524e-01
-6.900270900374076977e-01
-2.547130297808787525e+00
7.219066914543513791e-01
1.823714626554856277e+00
-5.441062961783688090e-01
3.131903790371373675e-01
2.145373180247824585e-01
1.456868756189172220e+00
3.248381530667300843e-01
5.789354331574628754e-01
-3.434292951586719878e-01
6.268227203214420395e-01
-1.417753260857984587e+00
-4.086529631729908241e-01
-3.560415742897830582e-01
1.244810703781063621e+00
-1.615933167191866637e+00
2.117516707786900820e+00
5.690088136369296778e-01
-1.345499953135423699e+00
-1.708631831221649300e+00
-3.512859661122117449e-01
3.245436654185299141e-01
-1.648382954245736665e+00
1.122098492849882057e+00
-1.386222892697265285e-01
1.747343654151833237e+00
8.716154402564599279e-02
1.101799962016673184e+00
-4.061714107221341963e-01
-2.514592489935152039e-02
-4.579348960496723575e-01
4.966618896170577613e-01
3.414745145572097851e+00
-2.737821049991002662e-02
8.373212361459196895e-01
-1.040925909567045116e+00
1.843672051360836006e+00
-2.753922185215123553e-01
7.532541967900316937e-01
-2.185250184000194773e-01
2.698723453933719041e-01
1.339961016467109634e+00
-1.107794964006776128e+00
2.195756761571204585e+00
6.731878538350418717e-01
-3.000118873242350187e-02
-3.203278341468822621e-01
-3.627003931096685618e-01
1.412042020691467892e+00
-1.173436980599375179e+00
6.117071232739560438e-01
-2.204813839484474902e-01
7.006542911063762258e-01
-7.020114788954864293e-01
-4.728739752446790012e-01
-4.835288067925834765e-01
-5.694005652932118133e-01
1.387870999873035416e+00
2.637800879016752642e+00
-1.529852127295858066e+00
-1.523973427851329498e+00
-1.256743103841879039e+00
3.751558407535148798e-01
-4.618595001876353301e-01
-1.263107778363407707e+00
7.445306965804200372e-01
-1.310319703547165204e+00
-1.204098643803622609e-01
1.062185314996845431e+00
-8.695776078205886828e-01
1.222695824075174409e+00
1.229745719262043790e+00
-8.868264953069272538e-01
1.333797779207850365e+00
2.698723453933719041e-01
2.411921486298719053e+00
-6.627150684342610898e-01
-2.336834806925724428e-01
-5.380907637254863651e-01
-1.714521328155912128e-01
1.269191499957205704e-01
-1.331180253647110456e+00
-1.269754490726112406e-01
-1.172327465555178971e+00
-6.234886077615197086e-01
1.354895049994388756e-01
5.440252219171347603e-01
5.635135654229757041e-01
-2.145488555155291299e-01
8.287823112243641877e-01
1.178424452403571188e+00
-5.527486530971744694e-01
4.791412615689280563e-01
5.791714990777303562e-01
-6.214378271853695512e-01
-3.655136711746540534e-01
-5.412732888412792320e-01
-7.377442200349516865e-02
-5.353155142116323706e-01
1.241875607608285748e+00
-1.089407032984170964e+00
4.438086921549045938e-01
-6.497653188404274305e-01
-8.914027294393240819e-01
-1.890535224267698641e-02
1.200797028053103954e+00
-8.002093157507181864e-01
1.055187802445745726e+00
1.009779690268893360e+00
1.503441424422253148e+00
2.778651951024030953e-01
3.243987859644276162e-01
7.974132951400296765e-01
2.642801709733222371e-01
-1.359664768151937153e+00
-9.435642071443800516e-01
4.458364108403854442e-01
9.815472767086259598e-01
-9.728311275415113535e-01
1.365296314173321868e+00
4.384663644794626891e-01
-8.741673833721558262e-01
2.392297809916926477e-01
-5.988814291876868312e-01
-6.278314445062475879e-02
-2.389521338209608659e-01
7.338833461888112364e-01
-5.044823841965568878e-01
-3.295323828275116829e-01
-4.969867908445770310e-01
8.065218287041647782e-01
-6.486352594487426737e-01
-4.211951712437916884e-01
1.494250269023310373e+00
7.622817438374733801e-01
-3.469640708583555111e-01
-1.826850561567062048e+00
3.031208788193797132e-01
-2.202290574812255097e-01
-6.480584796912141066e-01
1.536120422747341951e+00
-2.254607191146319189e-01
5.486634299564656647e-01
2.696670603388151566e-01
1.201793240145529795e+00
-1.227464425043619078e+00
-4.318304512735653411e-01
-1.540802837861565688e+00
-9.786625951981591243e-01
6.148361722895419046e-01
-1.327865928708269472e+00
8.509943878636432313e-01
1.138949162158484629e+00
8.675945518298574521e-01
9.315419809711320553e-01
7.495268412043810669e-01
-7.646345656497918752e-02
1.358464612912233527e+00
-8.344718788243024044e-01
-1.666226854382373057e+00
2.936231235815682794e-01
1.068405890805784964e+00
1.271005830022544858e+00
-2.021769564002777297e+00
1.728807378067573008e+00
1.610431041697603094e-01
-1.718440241439376015e+00
-1.011481515491447214e-01
8.384778897848316204e-01
9.453347121336725944e-01
-2.677733116910304134e-01
-6.316712934497173970e-01
-7.268987006243229909e-02
1.187292206062637634e+00
-1.282905688503850117e+00
-4.996613924471562385e-01
1.505731329831647258e+00
-1.671934655613445786e+00
-2.443706387538445712e-01
-1.173302146143512470e+00
1.352549462448948414e-01
3.662782018371253945e-01
1.902986887539384261e-02
3.086298162964173364e-01
-3.335976754315746889e-02
3.038163555793185755e-01
1.946649928605868052e-01
-3.109441102886129626e-01
1.908027098264445942e-01
1.831305168194367616e-01
-8.208312048024255514e-01
3.221628563796655881e-02
6.918533356444162008e-01
2.133157230071718036e-01
4.307224138935401569e-01
