1.287032180625641200e-03
1.294409265243516658e-03
1.262368729483724335e-03
1.216309546949041883e-03
1.242710227906061379e-03
1.248242127904783654e-03
1.227391713922349392e-03
1.209568177714525662e-03
1.267427322685084823e-03
1.324032590217832667e-03
1.267427322685084823e-03
1.218375908448515472e-03
1.420493174414247037e-03
1.379789834209622359e-03
1.273554942179919896e-03
1.222555458302886046e-03
1.207991574895482621e-03
1.378201948061093078e-03
1.294409265243516658e-03
1.222555458302886046e-03
1.273554942179919896e-03
1.273554942179919896e-03
1.227391713922349392e-03
1.237486206871881919e-03
1.207991574895482621e-03
1.327494700178220768e-03
1.262110366932927934e-03
1.267553814995681007e-03
1.208711525576059570e-03
1.209568177714525662e-03
1.267427322685084823e-03
1.232354529517602250e-03
1.283781567804979581e-03
1.273554942179919896e-03
1.242710227906061379e-03
1.245345582153262361e-03
1.267427322685084823e-03
1.370335404486430330e-03
1.283781567804979581e-03
1.232835161985102249e-03
1.425084702912893762e-03
1.249619762739603021e-03
1.283781567804979581e-03
1.245345582153262361e-03
1.246863997628376575e-03
1.389151610735525014e-03
1.353680917294711010e-03
1.267553814995681007e-03
1.244286830725104421e-03
1.259690612232937899e-03
1.353345634907250628e-03
1.318626981896671869e-03
1.335698809410896777e-03
1.267427322685084823e-03
1.257274111313464804e-03
1.267553814995681007e-03
1.302145975695663581e-03
1.207991574895482621e-03
1.223393796113544582e-03
1.208711525576059570e-03
1.244807785702399094e-03
1.213523474894204895e-03
1.246863997628376575e-03
1.336325937719612215e-03
1.273554942179919896e-03
1.227391713922349392e-03
1.245345582153262361e-03
1.267427322685084823e-03
1.255235101043332066e-03
1.244286830725104421e-03
1.344490949207348407e-03
1.358751243228411209e-03
1.345071181199043817e-03
1.327018728839699001e-03
1.227391713922349392e-03
1.353345634907250628e-03
1.259690612232937899e-03
1.362105632684810748e-03
1.283781567804979581e-03
1.283666094020358486e-03
1.302145975695663581e-03
1.248947441009779728e-03
1.455717238637763665e-03
1.223393796113544582e-03
1.427682673764040650e-03
1.379789834209622359e-03
1.267553814995681007e-03
1.362213353188799310e-03
1.267427322685084823e-03
1.244807785702399094e-03
1.249619762739603021e-03
1.227391713922349392e-03
1.360386277175874153e-03
1.344490949207348407e-03
1.307568810082410278e-03
1.252313527615062441e-03
1.336325937719612215e-03
1.232354529517602250e-03
1.344490949207348407e-03
1.351679318740448910e-03
1.244807785702399094e-03
1.222555458302886046e-03
1.244807785702399094e-03
1.259690612232937899e-03
1.371044590730190974e-03
1.245345582153262361e-03
1.267553814995681007e-03
1.371044590730190974e-03
1.257274111313464804e-03
1.353345634907250628e-03
1.242626985285635128e-03
1.273554942179919896e-03
1.262110366932927934e-03
1.214901109729024263e-03
1.243159502350327109e-03
1.214901109729024263e-03
1.334148896554288120e-03
1.208711525576059570e-03
1.253094561459094014e-03
1.267427322685084823e-03
1.302145975695663581e-03
1.227391713922349392e-03
1.302145975695663581e-03
1.303538418175058519e-03
1.248947441009779728e-03
1.210089132691820552e-03
1.335698809410896777e-03
1.360386277175874153e-03
1.267427322685084823e-03
1.262110366932927934e-03
1.273554942179919896e-03
1.223393796113544582e-03
1.208711525576059570e-03
1.309772296196769648e-03
1.232835161985102249e-03
1.242626985285635128e-03
1.262110366932927934e-03
1.248242127904783654e-03
1.280064235163841119e-03
1.249619762739603021e-03
1.283666094020358486e-03
1.207908332275056370e-03
1.252313527615062441e-03
1.243430178586638329e-03
1.232835161985102249e-03
1.262110366932927934e-03
1.253094561459094014e-03
1.310192798660278707e-03
1.267427322685084823e-03
1.227391713922349392e-03
1.232835161985102249e-03
1.259690612232937899e-03
1.350382106977960793e-03
1.283781567804979581e-03
1.252313527615062441e-03
1.245988022034934164e-03
1.302145975695663581e-03
1.252313527615062441e-03
1.327018728839699001e-03
1.362213353188799310e-03
1.259690612232937899e-03
1.303538418175058519e-03
1.335698809410896777e-03
1.262110366932927934e-03
1.267553814995681007e-03
1.238836289169341137e-03
1.318626981896671869e-03
1.318500220815558340e-03
1.246863997628376575e-03
1.273554942179919896e-03
1.335616751475851571e-03
1.257274111313464804e-03
1.222555458302886046e-03
1.310192798660278707e-03
1.232835161985102249e-03
1.248947441009779728e-03
1.362213353188799310e-03
1.362213353188799310e-03
1.303538418175058519e-03
1.267073182528181009e-03
1.261866191886576449e-03
1.214901109729024263e-03
1.218375908448515472e-03
1.246863997628376575e-03
1.238836289169341137e-03
1.267427322685084823e-03
1.273554942179919896e-03
1.318500220815558340e-03
1.218375908448515472e-03
1.222555458302886046e-03
1.245345582153262361e-03
1.294409265243516658e-03
1.227391713922349392e-03
1.246863997628376575e-03
1.257274111313464804e-03
1.292300075829120242e-03
1.267427322685084823e-03
1.262110366932927934e-03
1.349930343696332732e-03
1.300980156400318236e-03
1.400074458548147436e-03
1.327684666905221134e-03
1.267427322685084823e-03
1.252313527615062441e-03
1.349930343696332732e-03
1.318329218534711840e-03
1.292300075829120242e-03
1.283781567804979581e-03
1.310192798660278707e-03
1.302145975695663581e-03
1.267553814995681007e-03
1.280064235163841119e-03
1.310192798660278707e-03
1.275474145649700165e-03
1.309772296196769648e-03
1.345071181199043817e-03
1.267553814995681007e-03
1.287032180625641200e-03
1.268819765164479977e-03
1.345071181199043817e-03
1.318626981896671869e-03
1.243430178586638329e-03
1.227391713922349392e-03
1.291405895855817290e-03
1.385774521403668278e-03
1.267427322685084823e-03
1.267427322685084823e-03
1.273554942179919896e-03
1.267553814995681007e-03
1.371044590730190974e-03
1.280064235163841119e-03
1.273554942179919896e-03
1.222555458302886046e-03
1.252313527615062441e-03
1.310192798660278707e-03
1.214901109729024263e-03
1.242626985285635128e-03
1.245345582153262361e-03
1.287032180625641200e-03
1.294409265243516658e-03
1.303538418175058519e-03
1.275474145649700165e-03
1.275474145649700165e-03
1.253094561459094014e-03
1.351679318740448910e-03
1.273554942179919896e-03
1.257274111313464804e-03
1.302145975695663581e-03
1.227391713922349392e-03
1.208440849339748350e-03
1.273554942179919896e-03
1.273554942179919896e-03
1.318500220815558340e-03
1.246863997628376575e-03
1.262110366932927934e-03
1.379789834209622359e-03
1.273554942179919896e-03
1.242626985285635128e-03
1.292300075829120242e-03
1.267427322685084823e-03
1.227391713922349392e-03
1.372817505599081616e-03
1.252313527615062441e-03
1.283781567804979581e-03
1.245345582153262361e-03
1.300980156400318236e-03
1.273554942179919896e-03
1.249619762739603021e-03
1.262110366932927934e-03
1.280064235163841119e-03
1.232835161985102249e-03
1.243024160160952117e-03
1.379789834209622359e-03
1.227391713922349392e-03
1.388399570305289769e-03
1.245345582153262361e-03
1.300980156400318236e-03
1.358274328498061678e-03
1.248242127904783654e-03
1.350382106977960793e-03
1.335698809410896777e-03
1.259690612232937899e-03
1.248242127904783654e-03
1.362213353188799310e-03
1.292300075829120242e-03
1.294409265243516658e-03
1.267427322685084823e-03
1.232835161985102249e-03
1.267427322685084823e-03
1.307568810082410278e-03
1.362105632684810748e-03
1.238836289169341137e-03
1.292300075829120242e-03
1.232835161985102249e-03
1.259690612232937899e-03
1.249619762739603021e-03
1.244807785702399094e-03
1.238836289169341137e-03
1.267553814995681007e-03
1.243159502350327109e-03
1.309772296196769648e-03
1.227391713922349392e-03
1.303538418175058519e-03
1.300980156400318236e-03
1.388399570305289769e-03
1.327494700178220768e-03
1.413448069986819166e-03
1.275474145649700165e-03
1.218375908448515472e-03
1.273554942179919896e-03
1.371044590730190974e-03
1.207991574895482621e-03
1.310192798660278707e-03
1.300980156400318236e-03
1.318500220815558340e-03
1.222555458302886046e-03
1.413448069986819166e-03
1.238836289169341137e-03
