3.228361071698678149e-03
3.197879034891458038e-03
3.565724230930386943e-03
3.556478350167060348e-03
3.487370621305868786e-03
3.537690985683130621e-03
3.357480726272963571e-03
3.532118228910437804e-03
3.179074754666170750e-03
3.696220902241084422e-03
3.179074754666170750e-03
3.408646404425204682e-03
2.989534735090311826e-03
2.972900363138098693e-03
3.288825544735762135e-03
3.384018170967444117e-03
3.498717003496177019e-03
2.987182289717433322e-03
3.197879034891458038e-03
3.384018170967444117e-03
3.288825544735762135e-03
3.288825544735762135e-03
3.357480726272963571e-03
3.591309605837333854e-03
3.498717003496177019e-03
3.008666799519321526e-03
3.346134344082654904e-03
3.318061119089511443e-03
3.484662702224725333e-03
3.532118228910437804e-03
3.179074754666170750e-03
3.584008824136243696e-03
3.121261276762083477e-03
3.288825544735762135e-03
3.487370621305868786e-03
3.270147434149774015e-03
3.179074754666170750e-03
3.735633075446062948e-03
3.121261276762083477e-03
3.329407501279820110e-03
3.059293607540980887e-03
3.419657462191630446e-03
3.121261276762083477e-03
3.270147434149774015e-03
3.439655045879322273e-03
3.846738657340050601e-03
2.977948528422220704e-03
3.318061119089511443e-03
3.520771846720129137e-03
3.209225417081766271e-03
3.014695392737626236e-03
3.026041774927934903e-03
3.057908085490876338e-03
3.179074754666170750e-03
3.372671788777135450e-03
3.318061119089511443e-03
3.167728372475862517e-03
3.498717003496177019e-03
3.570299667388664167e-03
3.484662702224725333e-03
3.457476230026242971e-03
3.549037367873439288e-03
3.439655045879322273e-03
2.994610646006793178e-03
3.288825544735762135e-03
3.357480726272963571e-03
3.270147434149774015e-03
3.179074754666170750e-03
3.617340429074096270e-03
3.520771846720129137e-03
3.035015759104266273e-03
3.684874520050775756e-03
2.984246745328406926e-03
3.082998940959398061e-03
3.357480726272963571e-03
3.014695392737626236e-03
3.209225417081766271e-03
2.976089426226290711e-03
3.121261276762083477e-03
3.596433720713927782e-03
3.167728372475862517e-03
3.607780102904236015e-03
3.289145687088604591e-03
3.570299667388664167e-03
3.009166401115985663e-03
2.972900363138098693e-03
3.318061119089511443e-03
2.997320417329012859e-03
3.179074754666170750e-03
3.457476230026242971e-03
3.419657462191630446e-03
3.357480726272963571e-03
3.867089189677163068e-03
3.035015759104266273e-03
3.726409502160928696e-03
3.239707453888986382e-03
2.994610646006793178e-03
3.584008824136243696e-03
3.035015759104266273e-03
3.819603588891714013e-03
3.457476230026242971e-03
3.384018170967444117e-03
3.457476230026242971e-03
3.209225417081766271e-03
2.983264263816484511e-03
3.270147434149774015e-03
3.318061119089511443e-03
2.983264263816484511e-03
3.372671788777135450e-03
3.014695392737626236e-03
3.499834439242622153e-03
3.288825544735762135e-03
3.346134344082654904e-03
3.431003844381939113e-03
3.510903079246700895e-03
3.431003844381939113e-03
3.694147058794386082e-03
3.484662702224725333e-03
3.397300022234896449e-03
3.179074754666170750e-03
3.167728372475862517e-03
3.357480726272963571e-03
3.167728372475862517e-03
3.628741381506445790e-03
3.607780102904236015e-03
3.468822612216551204e-03
3.057908085490876338e-03
3.867089189677163068e-03
3.179074754666170750e-03
3.346134344082654904e-03
3.288825544735762135e-03
3.570299667388664167e-03
3.484662702224725333e-03
3.046362141294574940e-03
3.329407501279820110e-03
3.499834439242622153e-03
3.346134344082654904e-03
3.537690985683130621e-03
3.258801051959465348e-03
3.419657462191630446e-03
3.596433720713927782e-03
3.511180821432930386e-03
3.239707453888986382e-03
3.473316320034416666e-03
3.329407501279820110e-03
3.346134344082654904e-03
3.397300022234896449e-03
3.138282515389949085e-03
3.179074754666170750e-03
3.357480726272963571e-03
3.329407501279820110e-03
3.209225417081766271e-03
3.736890443981391672e-03
3.121261276762083477e-03
3.239707453888986382e-03
3.529636047064931004e-03
3.167728372475862517e-03
3.239707453888986382e-03
3.082998940959398061e-03
2.997320417329012859e-03
3.209225417081766271e-03
3.628741381506445790e-03
3.057908085490876338e-03
3.346134344082654904e-03
3.318061119089511443e-03
3.300171926926070802e-03
3.026041774927934903e-03
3.109914894571775244e-03
3.439655045879322273e-03
3.288825544735762135e-03
3.746979457636371181e-03
3.372671788777135450e-03
3.384018170967444117e-03
3.138282515389949085e-03
3.329407501279820110e-03
3.607780102904236015e-03
2.997320417329012859e-03
2.997320417329012859e-03
3.628741381506445790e-03
3.572662441945935029e-03
3.628044547537594231e-03
3.431003844381939113e-03
3.408646404425204682e-03
3.439655045879322273e-03
3.300171926926070802e-03
3.179074754666170750e-03
3.288825544735762135e-03
3.109914894571775244e-03
3.408646404425204682e-03
3.384018170967444117e-03
3.270147434149774015e-03
3.197879034891458038e-03
3.357480726272963571e-03
3.439655045879322273e-03
3.372671788777135450e-03
3.094345323149706728e-03
3.179074754666170750e-03
3.346134344082654904e-03
3.845884732349084088e-03
3.069254467681185004e-03
2.827438090526095994e-03
3.550870478811465111e-03
3.179074754666170750e-03
3.239707453888986382e-03
3.845884732349084088e-03
3.657626328519848237e-03
3.094345323149706728e-03
3.121261276762083477e-03
3.138282515389949085e-03
3.167728372475862517e-03
3.318061119089511443e-03
3.258801051959465348e-03
3.138282515389949085e-03
3.149628897580257318e-03
3.046362141294574940e-03
2.984246745328406926e-03
3.318061119089511443e-03
3.228361071698678149e-03
3.640087763696754457e-03
2.984246745328406926e-03
3.026041774927934903e-03
3.473316320034416666e-03
3.357480726272963571e-03
3.686205052368447376e-03
3.000881117280620493e-03
3.179074754666170750e-03
3.179074754666170750e-03
3.288825544735762135e-03
3.318061119089511443e-03
2.983264263816484511e-03
3.258801051959465348e-03
3.288825544735762135e-03
3.384018170967444117e-03
3.239707453888986382e-03
3.138282515389949085e-03
3.431003844381939113e-03
3.499834439242622153e-03
3.270147434149774015e-03
3.228361071698678149e-03
3.197879034891458038e-03
3.628741381506445790e-03
3.149628897580257318e-03
3.149628897580257318e-03
3.397300022234896449e-03
3.819603588891714013e-03
3.288825544735762135e-03
3.372671788777135450e-03
3.167728372475862517e-03
3.357480726272963571e-03
3.522249461437009128e-03
3.288825544735762135e-03
3.288825544735762135e-03
3.109914894571775244e-03
3.439655045879322273e-03
3.346134344082654904e-03
2.972900363138098693e-03
3.288825544735762135e-03
3.499834439242622153e-03
3.094345323149706728e-03
3.179074754666170750e-03
3.357480726272963571e-03
3.800652091193920321e-03
3.239707453888986382e-03
3.121261276762083477e-03
3.270147434149774015e-03
3.069254467681185004e-03
3.288825544735762135e-03
3.419657462191630446e-03
3.346134344082654904e-03
3.258801051959465348e-03
3.329407501279820110e-03
3.599168263625989773e-03
2.972900363138098693e-03
3.357480726272963571e-03
2.966602146231912037e-03
3.270147434149774015e-03
3.069254467681185004e-03
3.758910240643999808e-03
3.537690985683130621e-03
3.736890443981391672e-03
3.057908085490876338e-03
3.209225417081766271e-03
3.537690985683130621e-03
2.997320417329012859e-03
3.094345323149706728e-03
3.197879034891458038e-03
3.179074754666170750e-03
3.329407501279820110e-03
3.179074754666170750e-03
3.726409502160928696e-03
2.976089426226290711e-03
3.300171926926070802e-03
3.094345323149706728e-03
3.329407501279820110e-03
3.209225417081766271e-03
3.419657462191630446e-03
3.457476230026242971e-03
3.300171926926070802e-03
3.318061119089511443e-03
3.510903079246700895e-03
3.046362141294574940e-03
3.357480726272963571e-03
3.628741381506445790e-03
3.069254467681185004e-03
2.966602146231912037e-03
3.008666799519321526e-03
2.954451312724624273e-03
3.149628897580257318e-03
3.408646404425204682e-03
3.288825544735762135e-03
2.983264263816484511e-03
3.498717003496177019e-03
3.138282515389949085e-03
3.069254467681185004e-03
3.109914894571775244e-03
3.384018170967444117e-03
2.954451312724624273e-03
3.300171926926070802e-03
