2.109121272273500013e-03
2.623172559131599964e-03
2.343543950320200152e-03
2.340358731857099944e-03
2.411180193576899916e-03
2.286879843899199995e-03
2.452119010255500008e-03
2.186264271101199912e-03
2.399279005403899805e-03
2.350545090394800044e-03
2.485867201809900066e-03
2.165703886703299920e-03
2.375400452849299893e-03
2.443747060866099940e-03
2.346568321828900166e-03
2.381160629422899872e-03
2.454516963756299928e-03
2.167036173674199810e-03
2.093998842811699897e-03
2.467562703825399838e-03
2.121935065245300189e-03
2.388896248790099795e-03
2.186146788072699902e-03
2.236945927521600055e-03
2.260805143990600105e-03
2.256125899566599913e-03
2.272930442837899859e-03
2.093963457825899922e-03
2.227374978607100150e-03
2.414043535596899995e-03
2.032196164463399932e-03
2.060921052372799954e-03
2.328191813158899878e-03
2.374310894984600021e-03
2.419986796251999937e-03
2.105197613727699795e-03
2.248135075643599955e-03
2.358140070466799819e-03
2.320147862033899826e-03
2.388226880724500078e-03
1.987916666333700184e-03
2.053890545301700118e-03
2.233055014266099869e-03
2.229329569237600145e-03
2.328207462264099935e-03
2.380105057047899805e-03
2.317587157691299981e-03
2.333167729470000170e-03
2.296054653907400080e-03
2.415554999260599925e-03
2.273788171250500003e-03
2.028304218770999885e-03
2.386406862174300040e-03
2.582982394448100211e-03
2.250373024566700193e-03
2.105239478016200042e-03
2.440513236834100132e-03
2.521682671847200186e-03
2.329752034693600028e-03
2.254039858106099848e-03
2.195694314915300205e-03
2.188444112086899984e-03
2.193214818768700163e-03
2.314938874812599856e-03
2.174481559692100201e-03
2.516036970537900187e-03
2.336581944415599878e-03
2.396274574194499993e-03
2.203781538572700035e-03
2.431108517331899942e-03
2.363428539763999872e-03
2.362240807076800182e-03
2.271533365158200177e-03
2.534979533697199854e-03
2.122676286401500162e-03
2.355717281634400057e-03
2.476529244341000007e-03
2.313112154939199906e-03
2.187808432093299796e-03
2.223909630870100126e-03
2.272888714542500074e-03
2.319138250457800001e-03
2.201390684037100084e-03
2.196988597871799790e-03
2.232171234499499921e-03
2.045957475027599878e-03
2.239294020351399999e-03
2.369245110733100065e-03
2.222486931261799959e-03
1.981262181587600119e-03
2.354754474345700007e-03
2.029381113945800084e-03
2.675100199356599939e-03
2.345093717343899910e-03
2.344849787326800088e-03
2.196183532744100126e-03
2.301111107961000164e-03
2.120668357172199835e-03
2.488754225534899923e-03
2.191538967103600147e-03
2.658860821015200139e-03
2.572767967439700074e-03
2.278154849692300143e-03
2.314914221221600014e-03
2.362029017656999859e-03
2.382725866750699893e-03
2.420008291060400142e-03
2.228155745971799849e-03
2.658860821015200139e-03
2.163861236920399961e-03
2.224738889246099909e-03
2.386538407096600034e-03
2.239658739619399853e-03
2.251515435284799898e-03
2.380420900760299961e-03
2.440639386277700020e-03
2.887263629760300054e-03
2.341571691766000142e-03
2.590876377128500073e-03
2.474074752654599821e-03
2.467104917862999926e-03
2.260339166154600159e-03
2.380499455805800118e-03
2.153997707847700102e-03
2.398241966231899787e-03
2.380357219788300019e-03
2.384261352793199968e-03
2.541268991916199958e-03
2.457309826909500044e-03
2.286935200215100064e-03
2.300419124234199912e-03
2.129773430546399917e-03
2.447454009852600022e-03
2.158889044051000034e-03
2.231137662740600037e-03
2.260583811256999982e-03
2.222920772554500164e-03
2.200122521930799897e-03
1.949799626423699911e-03
2.149006009355699989e-03
2.303143901929699880e-03
2.455856936591999887e-03
2.207676180643399974e-03
2.246240892546400112e-03
2.340183990617999976e-03
2.331928769824400012e-03
2.400525848507199973e-03
2.111611077607300144e-03
2.331662615288200135e-03
2.391061263133399933e-03
2.314171443484200168e-03
2.338800394423000157e-03
2.351426211239699988e-03
2.211903144774300060e-03
2.237446147744600114e-03
2.354125060651000162e-03
2.218012137297499867e-03
2.502111477550800125e-03
2.279034837025700148e-03
2.329832101119900210e-03
2.237205081655100139e-03
2.211637541929599958e-03
2.405339562877500080e-03
2.267497648316099852e-03
2.342273518144500147e-03
2.329202525244899926e-03
2.328412556289999932e-03
2.096931100018099934e-03
2.517966274064299854e-03
2.155280728965299885e-03
2.255429674296999948e-03
2.074186876021200023e-03
2.451611923856200116e-03
2.434481014335499859e-03
2.278131070395799946e-03
2.380201698342900192e-03
2.154294465588200112e-03
2.196194502625700012e-03
2.397006818192899853e-03
2.218229074721400022e-03
2.333572072566199914e-03
2.517586369943100068e-03
2.229570939280999930e-03
2.449510044019899933e-03
2.136334115180900124e-03
2.237572134570100027e-03
2.261753882532900085e-03
2.164950781204700008e-03
2.319371988446599937e-03
2.395122168254700066e-03
2.370082347096199790e-03
2.446207961434499877e-03
2.212408459617900072e-03
2.494627343992699905e-03
2.045957475027599878e-03
2.395795432897699934e-03
2.294785705857500194e-03
2.103425650967999903e-03
2.313981888071399949e-03
2.150588164495900127e-03
2.330203750991799872e-03
2.377666722327499964e-03
2.369349019954800160e-03
2.279814015405399845e-03
2.342781084920999863e-03
2.271824561300499982e-03
2.887263629760300054e-03
2.388727652973200027e-03
2.310934204621699958e-03
2.345232396649700110e-03
2.317885398784099923e-03
2.484505909914599964e-03
2.488004171271700204e-03
2.367417754418399845e-03
2.236879286499599863e-03
2.450503009394899932e-03
2.306713003122799928e-03
2.248937925208699916e-03
2.195399605308500160e-03
2.308933050893100056e-03
2.264793760196000087e-03
2.893240896803499999e-03
2.008747671283899958e-03
2.517782050244500060e-03
2.667824268475300215e-03
2.256560532632300147e-03
2.396397312059600146e-03
2.332861019066499991e-03
2.478543044912399906e-03
2.187248585793099935e-03
2.414805254461300024e-03
2.341214679368599887e-03
2.241003771259499934e-03
2.457619402508100064e-03
2.276641631646899970e-03
2.182414021490800167e-03
2.444895043851699930e-03
2.255708572672800172e-03
2.091726534163499806e-03
2.193171477752799831e-03
2.245985003394099927e-03
2.364346570866099860e-03
2.115200039585300121e-03
2.115026591412100167e-03
2.436384123640899808e-03
2.138721801652200029e-03
2.512256632473600006e-03
2.368945590986700021e-03
2.241308035762599928e-03
2.385084045812699977e-03
2.152269192418600208e-03
2.478041717427399877e-03
2.249982178115199870e-03
2.264736687610500055e-03
2.433093157608499923e-03
2.468620417875000157e-03
2.260583811256999982e-03
2.368766123645899956e-03
2.367353121186199956e-03
2.261190704981800095e-03
2.205095935635999899e-03
2.473715311994099855e-03
2.273136010805399797e-03
2.481207502790999837e-03
2.465438824987200000e-03
2.171877265506800148e-03
2.251765883198700129e-03
2.335613240503099913e-03
2.247302289654800212e-03
2.188787730022200007e-03
2.440256666142200017e-03
2.365773475923500097e-03
2.293114873215199977e-03
2.439832981991300193e-03
2.401836313939699832e-03
2.239765323723000127e-03
2.249501849119700005e-03
2.327604904754399916e-03
2.289453319429700026e-03
2.283653213879700047e-03
2.155744784609600184e-03
2.510608274904200209e-03
2.219883846962499886e-03
2.121757789052200038e-03
1.744275367849400021e-03
2.235473030014199867e-03
2.159518314616699908e-03
2.356946667104800174e-03
2.296659789438500188e-03
2.399373647571300186e-03
2.368994475860300084e-03
2.313822887406699873e-03
2.396249627593400027e-03
2.401709019742600051e-03
2.326570178965300072e-03
2.333259346683199797e-03
2.266479846812800066e-03
2.346594903166699872e-03
2.294082924590999922e-03
2.240597560486800189e-03
2.327250635193099833e-03
2.305606926578500099e-03
2.338229274959600056e-03
2.314041755823400149e-03
2.360819925037999870e-03
2.414361633511800161e-03
2.126500485298800196e-03
2.238692093165700007e-03
2.528761142509200217e-03
2.434254490631899970e-03
2.243314843687900084e-03
2.352911406756500075e-03
2.384355343576199937e-03
2.366714232810400095e-03
2.472640108313300077e-03
2.257794640733799818e-03
2.316340105733900000e-03
2.255045543320199821e-03
2.016675411679999877e-03
2.175096875130599992e-03
2.673255211488799812e-03
2.290099317249499975e-03
2.368818517040900077e-03
3.020772146215400158e-03
2.363013769216000103e-03
2.185511772186999897e-03
2.692507051986100120e-03
2.340739760438800138e-03
2.366958772807699948e-03
2.300212026556799991e-03
2.452638378108499845e-03
2.274572723710499827e-03
2.311037409623799884e-03
2.387403602969800139e-03
2.371359813308499941e-03
2.255658346143999977e-03
2.335999685170799933e-03
2.228967348374299995e-03
2.304439888703700180e-03
2.363831603815899889e-03
2.266313959243300077e-03
2.181796508528100007e-03
2.374833454531400170e-03
2.402653416679999786e-03
2.151568920818899833e-03
2.316869305406100196e-03
2.277220849331399854e-03
2.228129259364000029e-03
2.130360574208599918e-03
2.394656398739499967e-03
2.106718329756900217e-03
2.439832981991300193e-03
2.345768096940599890e-03
2.509164584673000045e-03
2.392642459358100115e-03
2.282817192890300006e-03
2.218691941199199807e-03
2.199275832222099929e-03
2.133901956126500136e-03
2.328858390065800029e-03
2.276163103896400048e-03
2.274621562268599843e-03
2.397745371563799865e-03
2.341795231834299836e-03
2.295845570530800038e-03
2.370233684730399786e-03
2.322065010939899921e-03
2.346091984568900168e-03
2.522457948333999955e-03
2.428431903629500212e-03
2.188790779517800055e-03
2.163445283774699870e-03
2.252877620663599860e-03
2.222260930581099799e-03
2.350620498763399818e-03
2.382250505312800103e-03
2.243258444807300078e-03
2.543026915123299935e-03
2.315684802677300206e-03
2.341459789383300207e-03
1.977918470108799929e-03
2.097002039485099806e-03
2.487871876711900132e-03
2.276161648823299844e-03
2.384494887969600217e-03
2.036445473779399835e-03
2.245392907206799835e-03
2.105489405340500199e-03
2.232536749254499832e-03
2.204268389416199920e-03
2.195191643438100092e-03
2.240288756849700101e-03
2.226720233803099885e-03
2.316913004434600128e-03
2.383851781561299819e-03
1.893987294159899968e-03
2.389854881243499898e-03
2.500767656674399847e-03
2.294120679706199931e-03
2.413289415206099856e-03
2.217881893117400020e-03
2.389361520020700114e-03
2.182985253831099936e-03
2.254500489153200143e-03
2.284169258912699830e-03
2.251714415787500062e-03
2.356595064475199876e-03
2.181098510652599871e-03
2.173879061323299826e-03
2.357023406746199846e-03
2.341795469899599948e-03
2.267553038742800044e-03
2.529411698607699974e-03
2.208200517929500076e-03
2.289333870775899903e-03
2.439765282203599887e-03
2.333321909008399982e-03
2.322555284622000032e-03
2.577408321491999905e-03
2.371477615429799877e-03
1.995071411628799793e-03
2.200394117032500058e-03
2.239416632695600054e-03
2.381698347460700204e-03
2.279883413060000176e-03
2.258215331154500138e-03
2.268024333733699958e-03
2.251508875703900174e-03
2.220378431011900064e-03
2.183241455187199826e-03
2.402131494362599960e-03
2.507882588759600007e-03
2.278952831803500098e-03
2.198531371556599820e-03
2.424979537994400181e-03
2.361746151131599927e-03
2.406234600819400025e-03
2.183780423608199916e-03
2.262798748665599893e-03
2.082750526405299958e-03
2.391487932782600159e-03
2.132981178803299797e-03
2.198531371556599820e-03
2.338181477843899805e-03
2.283740971447699875e-03
2.238692093165700007e-03
2.354087523088499966e-03
2.225001146143699895e-03
2.107973436032800109e-03
2.488004171271700204e-03
2.319041804698500093e-03
2.346040623493199969e-03
2.342068796040899965e-03
2.241312038067000151e-03
2.358445270675399875e-03
2.143751368263200046e-03
2.573438846125900188e-03
2.103693277267699915e-03
2.187650142354699827e-03
2.460727289615400031e-03
2.277509985762699810e-03
2.329899437802799948e-03
2.032438775007700069e-03
2.311137364103100101e-03
2.303143901929699880e-03
2.381829254589400147e-03
2.124953362525099955e-03
2.167881265292099895e-03
2.323332305510700073e-03
2.225077646006700174e-03
2.518086883759900006e-03
2.323657152569599989e-03
2.318954534251100198e-03
2.407525153944200039e-03
2.237606434297199822e-03
2.320827259583099940e-03
2.143371429302699978e-03
2.332958495853000146e-03
2.438610944438499972e-03
1.976692378901999999e-03
2.261611198986299837e-03
2.390607068075800094e-03
2.375783133554399979e-03
2.401326693600199912e-03
2.550352237289500203e-03
2.366806313200200095e-03
2.447454009852600022e-03
2.415473905634099843e-03
2.253140910375000042e-03
2.151079890277499910e-03
2.197343770008000109e-03
2.385180789178300165e-03
2.286622858411299815e-03
2.207904340905399946e-03
2.293114873215199977e-03
2.390607068075800094e-03
2.294139615493099790e-03
2.231231390727699947e-03
2.433532385563699860e-03
2.250428816524899841e-03
2.893240896803499999e-03
2.431534850001700054e-03
2.296218506350400021e-03
2.239258350079299797e-03
2.190555386840300090e-03
2.313296677508000065e-03
2.221133898124200146e-03
2.103778410653800186e-03
2.336743960572899934e-03
2.211635451797600189e-03
2.349220966884499936e-03
2.252504678655199970e-03
2.341795469899599948e-03
2.297102360514200175e-03
1.995907909548299847e-03
2.061428429910700053e-03
2.410355579606799931e-03
2.330315285318599813e-03
2.202639980194999979e-03
2.146603269839199996e-03
2.246003729506900089e-03
2.158181167492799913e-03
2.556724673621899816e-03
2.430825370944399936e-03
2.125603693437800017e-03
2.339244674541700146e-03
2.384505024961000152e-03
2.239800647718899907e-03
2.259448254009199797e-03
2.459208784182200132e-03
2.466279235806599981e-03
2.217612680044599941e-03
2.188658972540800073e-03
2.320659952101500161e-03
2.197343770008000109e-03
2.153482592049300176e-03
2.103778410653800186e-03
2.192502029999599845e-03
2.715472324087100063e-03
2.219415434032999835e-03
2.200649498286100150e-03
2.626129625068599795e-03
2.380353000486900000e-03
2.163009738318200006e-03
2.242207860977200092e-03
2.465599732890999801e-03
2.297617834552800192e-03
2.235151830083700018e-03
2.287228982926299906e-03
2.433003964207499856e-03
2.377296682867899909e-03
2.263325564470400168e-03
2.196527717346700038e-03
2.204157034066800153e-03
2.294356527391900116e-03
2.095640089289699942e-03
2.228979024017700011e-03
2.276608986027899798e-03
2.534735614781599960e-03
2.391061263133399933e-03
2.429079901333700171e-03
2.323230340911100044e-03
2.409935839890299872e-03
2.383123910630799945e-03
2.392465388417299929e-03
2.354297335666400044e-03
2.231335882548099794e-03
2.433908332374700063e-03
2.226720717550199988e-03
2.312450191571500165e-03
2.308653696967500127e-03
2.315794518957299802e-03
2.402621092862800099e-03
2.066015856515800164e-03
2.201221814928499849e-03
2.216286654588700122e-03
2.137669783085200011e-03
2.374723294191399998e-03
2.387475105827800096e-03
2.394292018796699995e-03
2.318447591722400201e-03
2.336749921903599845e-03
2.420097295248500088e-03
2.360147600092699863e-03
2.217271890249099958e-03
2.499640524784099878e-03
2.280790862604899823e-03
2.291420099580200164e-03
2.210270892616800209e-03
2.537807602742399825e-03
2.286191992740600146e-03
2.013031053307500103e-03
2.087628483015799893e-03
2.371429538514800012e-03
2.505587114970499792e-03
2.244471242001199948e-03
2.336483377958200203e-03
2.332456986717100066e-03
2.304244583249299982e-03
2.157447646924400171e-03
2.096047474790800180e-03
2.385611250993800118e-03
2.063206150326700027e-03
2.331800151053799869e-03
2.283768047236700051e-03
2.042810902900699891e-03
2.318447591722400201e-03
2.406293153479700190e-03
2.399546464194199803e-03
2.265077745315500178e-03
2.528179580717100031e-03
1.987207129617099988e-03
2.490590061586599960e-03
2.373424419663300051e-03
2.319678005967999897e-03
2.239402813652099835e-03
2.362081263070399915e-03
2.207991481359400116e-03
2.339784773194200206e-03
2.369931628355599791e-03
2.364947205027900096e-03
2.203472725680999823e-03
2.407867144054799940e-03
2.283591230065799924e-03
2.222558353391399823e-03
2.119302904973500209e-03
2.326603167445099891e-03
2.479764716514999863e-03
2.412479766309000122e-03
2.242111686762699851e-03
2.303706733782899876e-03
2.286754558212699805e-03
2.470436678140299890e-03
2.257827871652099902e-03
2.352745419366599876e-03
2.323230340911100044e-03
2.170916687233900161e-03
2.382463950428099966e-03
2.336433767364200133e-03
2.454039799093399830e-03
2.433705881894200011e-03
2.359417167178700075e-03
2.155026523617899897e-03
2.146603269839199996e-03
2.415561265943999992e-03
2.176634866944100050e-03
2.287636335671599901e-03
2.231577256893900029e-03
2.278191397437200061e-03
2.225661884149199906e-03
2.394499328894000162e-03
2.336607211440099897e-03
2.343114035269600048e-03
2.417434110030900179e-03
2.420250996810200013e-03
2.428128356818800085e-03
2.272192703893300119e-03
2.259144906090599942e-03
2.392348556012999835e-03
2.389315230430399950e-03
2.430819237479800009e-03
2.406234600819400025e-03
2.352514604646699890e-03
2.317966163349699949e-03
2.295916710461299876e-03
2.393131200994400107e-03
2.099191319825800209e-03
2.288180799854999843e-03
2.309593132465400170e-03
2.347873762837899940e-03
2.542443278940700099e-03
2.193137262240300173e-03
2.038380002122200212e-03
2.230689049129399876e-03
2.194190221720699902e-03
2.491066798188400037e-03
2.219563109652300179e-03
2.314914221221600014e-03
2.342204177103299981e-03
2.130348099372000002e-03
2.152673888370999940e-03
2.128339559028599812e-03
2.330303343203500056e-03
2.394524605745500072e-03
2.232442167779000175e-03
1.971542823450900088e-03
2.753872881879500072e-03
2.174196314918199792e-03
2.147991324671999925e-03
2.245402321641100114e-03
2.497605389406199958e-03
2.142652102048199850e-03
2.177568272086300057e-03
2.282931747882199942e-03
2.320145193249999790e-03
2.168969207682799969e-03
2.293564360182900105e-03
2.513266247281500075e-03
2.273612655223899819e-03
2.358627244992199997e-03
2.037914565333799784e-03
2.239222303185000023e-03
2.506056873179899908e-03
2.429560798042100164e-03
2.102086008331499958e-03
2.341037189308800212e-03
2.127031230446899991e-03
2.382929157813699819e-03
2.330097145417799921e-03
2.534735614781599960e-03
2.753872881879500072e-03
2.287526011221099800e-03
2.202234279177599837e-03
2.371201976122199861e-03
2.098275751991699953e-03
2.240946945734100144e-03
2.282604853016899880e-03
2.297590102704299888e-03
2.318040375724399887e-03
1.779680896645899953e-03
2.649223509101300209e-03
2.244818248375700202e-03
2.268813580283999837e-03
2.403156279568199796e-03
2.158181167492799913e-03
2.379806650791500052e-03
2.396693020491399897e-03
2.242335263621900165e-03
2.308988364968899819e-03
2.240569013035399997e-03
2.248074413935599852e-03
2.285927367944399873e-03
2.462754360273600174e-03
2.240882239228900175e-03
2.266786707771100209e-03
2.341579124527900027e-03
2.314036888096799877e-03
2.071523221662600195e-03
2.251708277267600207e-03
2.276596095142799977e-03
2.421316687891800126e-03
2.309411536547499935e-03
2.066329261489700114e-03
2.277157443316399788e-03
2.223538637796599986e-03
2.167068941622999918e-03
2.246553437904899933e-03
2.161160381789999866e-03
2.319273615451099974e-03
2.144383748912600043e-03
2.551257749244799800e-03
2.275006021725100008e-03
2.165095516335700018e-03
2.053890545301700118e-03
2.131324743651099880e-03
2.303331470756400049e-03
2.242325903625099967e-03
2.347031218344100036e-03
2.333985522106000153e-03
2.368945590986700021e-03
2.296359415770399866e-03
2.443974958115100078e-03
2.419631346858699961e-03
2.496561981010799944e-03
2.401836313939699832e-03
2.344801123304999981e-03
2.378108683353800067e-03
2.143744881360399972e-03
2.447103410192599891e-03
2.048279253004499801e-03
2.388011768939899814e-03
2.449773271098899981e-03
2.376013854961599951e-03
2.252999604150199807e-03
2.228946729556700087e-03
2.433716734600500052e-03
2.256205347190599897e-03
2.130344098589100153e-03
2.448777724548900116e-03
2.536508844934099935e-03
2.671924584214200021e-03
2.406249038323000217e-03
2.535964852544299840e-03
2.275964468335200160e-03
2.195285527701199956e-03
2.110144830703100053e-03
2.262704181117400088e-03
2.286468989998099825e-03
2.317781696882099864e-03
2.280939053287400157e-03
2.241152928969500011e-03
2.376444502905499922e-03
2.183780423608199916e-03
2.238865554357599794e-03
2.428267244092300204e-03
2.242163425393700008e-03
2.279742216032800122e-03
2.364135711515100158e-03
2.374649153995699816e-03
2.341379133179900037e-03
2.330325642891100009e-03
1.911145068423100030e-03
2.406203862405600045e-03
2.316849247436299913e-03
2.290419455919299845e-03
2.351991094831000148e-03
2.333909239670100069e-03
2.416974457370300172e-03
2.376074272416199996e-03
2.075397239942100135e-03
2.402892951252900023e-03
2.193426390482399943e-03
2.374250705038900150e-03
2.480739583224800086e-03
2.046975052780400199e-03
2.168722328285500010e-03
2.715472324087100063e-03
2.598271699259499783e-03
2.221577174822600160e-03
2.301595413707500145e-03
2.165088111987900198e-03
2.265555582706300138e-03
2.216661111857499804e-03
2.451576504239800103e-03
2.158756662918300071e-03
2.026671109455599820e-03
2.264253991573299957e-03
2.457309826909500044e-03
2.048053977048300105e-03
2.168847880572500122e-03
2.281288391559299980e-03
2.381726559094099818e-03
2.499350694303300192e-03
2.371615980149099998e-03
2.121935065245300189e-03
2.422139967467199905e-03
2.450674869304700181e-03
2.291976712214100018e-03
2.309184304730899952e-03
2.163189355940600168e-03
2.160235596629199971e-03
2.074275348895599901e-03
2.334581299503299835e-03
2.274098258393599924e-03
2.393921002657199790e-03
2.193622228764899925e-03
2.348740276956399857e-03
2.453768042958999907e-03
2.216012085728700023e-03
2.146733972312700033e-03
2.193620509614099909e-03
2.128489913255000171e-03
2.250324589897400186e-03
2.734208174704300196e-03
2.276712444085900178e-03
2.342769185754700004e-03
2.110529321688100080e-03
2.232536749254499832e-03
2.242938144746999853e-03
2.306053577363899928e-03
2.226403007637199963e-03
2.323587909343699954e-03
2.315714532391099922e-03
2.240545264882800192e-03
2.240774502198600044e-03
2.437926367305799907e-03
2.494112146329400138e-03
2.191227974662500032e-03
2.347823010259800138e-03
2.325763498527799993e-03
2.044987489946600064e-03
2.183727305339199995e-03
2.228199891800499918e-03
2.095504982356700095e-03
2.390423563568899908e-03
2.285906563215700082e-03
2.393063091855700091e-03
2.400558674182600057e-03
2.221720058722999932e-03
2.229531354347500001e-03
2.455000527824600150e-03
2.392302773039999865e-03
2.124249696869100115e-03
2.202819961538400075e-03
2.264291324210199793e-03
2.481452202977200028e-03
2.153686476642999951e-03
2.319371988446599937e-03
2.180657134889399905e-03
2.254282059956199975e-03
2.244471242001199948e-03
2.143900921304999971e-03
2.257120298936599913e-03
2.104889990749500214e-03
2.321552184558900011e-03
2.463839627725799945e-03
2.187787220437900203e-03
2.086464209172599928e-03
2.231516784285000020e-03
2.293794448730099994e-03
2.115935968017899991e-03
2.510343465378399828e-03
2.671924584214200021e-03
2.267140275431300117e-03
2.471876030268100113e-03
2.352055404568700187e-03
2.303367888423799980e-03
2.337971583864500037e-03
2.357245486837699928e-03
2.454225515660199853e-03
2.230081220038599831e-03
2.347199005843100209e-03
2.283155059249399911e-03
2.234210648747800201e-03
2.045859840577599845e-03
2.140138932740599798e-03
2.322713868553399896e-03
2.188353818266799890e-03
2.382056163619499910e-03
2.210764531883999996e-03
2.301430429011300152e-03
2.234418649243200168e-03
2.274734214249599876e-03
2.276486853484199855e-03
2.627980574430300014e-03
2.260192365143199808e-03
2.668841841692600088e-03
2.320538686962899787e-03
2.397506182678099847e-03
2.357163080770600071e-03
2.367995070833399818e-03
2.398380722865100113e-03
2.351341945467099858e-03
2.423642856111100138e-03
2.280262193268599823e-03
2.205701451330600079e-03
2.408639779848099904e-03
1.893987294159899968e-03
2.454479539948200163e-03
2.326538652009299806e-03
2.351326443986700206e-03
2.086923168018499797e-03
2.511834929802400120e-03
2.223077200308000174e-03
2.153853387848700049e-03
2.231848549862800075e-03
2.210270892616800209e-03
2.310934209341399849e-03
2.139763193470200185e-03
2.380105057047899805e-03
2.251046031662199808e-03
2.287981501772499981e-03
2.335737737409299911e-03
2.262901095698799901e-03
2.291556829384399849e-03
2.135444997174299961e-03
2.086006765134500087e-03
2.241393822808300171e-03
2.402143296959700133e-03
2.072488382279599837e-03
2.306495890714100119e-03
2.330848553830599818e-03
2.588732147388599861e-03
2.437484577215699895e-03
2.265421342367600083e-03
2.350041610876799861e-03
2.231231390727699947e-03
2.234185421557299996e-03
2.148326981415499964e-03
2.056351885733199991e-03
2.349620077642799922e-03
2.310990233315400166e-03
2.272566233983799953e-03
2.242776089876399870e-03
2.467795188812499981e-03
2.380870440210000171e-03
2.420427366717099998e-03
2.300701039296700057e-03
2.281915168710499809e-03
2.278458491253299890e-03
2.322894986560499787e-03
2.506793566397900151e-03
2.268135879713899933e-03
2.380695067687300156e-03
2.526909470369400040e-03
2.326936825065200123e-03
2.036832161960799945e-03
2.448042098220399795e-03
1.971542823450900088e-03
2.320021314722800140e-03
2.260192383121399900e-03
2.349037255528400089e-03
2.259198303234800139e-03
2.097283202148199788e-03
2.461786712350999898e-03
2.163129323725900000e-03
2.314865308939199895e-03
2.233580170122500055e-03
2.342204177103299981e-03
2.297968911934500195e-03
2.367125960367499806e-03
2.215890504475999910e-03
2.509559710149700078e-03
2.236385093430900192e-03
2.343853998877799827e-03
2.316690645101399972e-03
2.461786712350999898e-03
2.387280578183000046e-03
2.479301531891799863e-03
2.251621374107900132e-03
2.324253165550500041e-03
2.052878663079699822e-03
2.124209198556199860e-03
2.445278730742999913e-03
2.324720124530400053e-03
2.442563279493899838e-03
2.350854804631500195e-03
2.254621736397600072e-03
2.261656315301700023e-03
2.348089032732700050e-03
2.422698499917200123e-03
2.368338385904399795e-03
2.082750526405299958e-03
2.203002996871000155e-03
2.220873757814699825e-03
2.293786510337699966e-03
2.400287879225200104e-03
2.270013113413900212e-03
2.399780353904500119e-03
2.318951834957400180e-03
2.380491766354300102e-03
2.137572409564799953e-03
2.229699730776499994e-03
2.223486192895700059e-03
2.302311509801000054e-03
2.416382953056100090e-03
2.221427983803200140e-03
2.306574429238499816e-03
2.378539614750400152e-03
2.229366937326299897e-03
1.977929272828500042e-03
2.059055886888200206e-03
2.341700394507300036e-03
1.949799626423699911e-03
2.235741415939599894e-03
2.337034298285800126e-03
2.490012184689399839e-03
2.460812886569099973e-03
2.727216409766600180e-03
2.449943693141699852e-03
2.485411347837800100e-03
2.242707039804399827e-03
1.995071411628799793e-03
2.339801879178499827e-03
2.282899065017400010e-03
2.243221448801100120e-03
2.199231603830999800e-03
2.310239066350399956e-03
2.360707306199100013e-03
2.112129550675100054e-03
2.334406785259399847e-03
2.373428278577999987e-03
2.386944211410500002e-03
2.518090056390300153e-03
2.472809936579800118e-03
2.436384123640899808e-03
2.260192365143199808e-03
2.249814996747700156e-03
2.258210767989999798e-03
2.203522669306999873e-03
2.068365242724000148e-03
2.526208080458800052e-03
2.429829077669400095e-03
2.279279274472299863e-03
2.281839178025599820e-03
2.242133729314299811e-03
2.378086608628999805e-03
2.257863299008300035e-03
2.229193995827400115e-03
2.255346385970100152e-03
2.642931937172699960e-03
2.352340714158999806e-03
2.363463286179299985e-03
2.360673318083700203e-03
2.246485741056299980e-03
2.418736267588100005e-03
2.353387296942100002e-03
2.179822761970599994e-03
2.636455136549599974e-03
2.429894339420300177e-03
2.396466351009399805e-03
2.401531348722999847e-03
2.213091778595699995e-03
2.332792256563700171e-03
2.277918069237900005e-03
2.056773707367099812e-03
2.279772027813499989e-03
2.086637128535199972e-03
2.262550683098300038e-03
2.214641563935500126e-03
2.050889015134200067e-03
2.208076658749300123e-03
2.431005797605299921e-03
2.237985592592400125e-03
2.425516606562799944e-03
2.064954947274300154e-03
2.353937560654200106e-03
2.267833714713000069e-03
2.256719002223400196e-03
2.291598372306199918e-03
2.288509248727799844e-03
2.273364946800299994e-03
2.262485647949499887e-03
2.387899670218499807e-03
2.217211845116800074e-03
2.037914565333799784e-03
2.221356300702199971e-03
2.448393436522899955e-03
2.318892118904699803e-03
2.371868914288100157e-03
2.431166822329499863e-03
2.268167827619699956e-03
2.196268859805799827e-03
2.808353057300799933e-03
2.115588564380300150e-03
2.257723957586299859e-03
2.364245154564500150e-03
2.177266143821399852e-03
2.382385137350599962e-03
2.417102093822599829e-03
2.468292465548600073e-03
2.174547770676900100e-03
2.220882839505700177e-03
2.305672092484300096e-03
2.245423968603200114e-03
2.175066531967900091e-03
2.254015294455700112e-03
2.266313959243300077e-03
2.252730845001100005e-03
2.339361561882300107e-03
2.332775897357699905e-03
2.421162021631500117e-03
2.310466870847599930e-03
2.439370026745599825e-03
2.088720505484900104e-03
2.206090746253999962e-03
2.130360574208599918e-03
2.334001281452299879e-03
2.563225147722900023e-03
2.206136265463099887e-03
2.216803556513800150e-03
2.389725220376099843e-03
2.235101520971800176e-03
2.180513399423200053e-03
2.319843620450600004e-03
2.439453437711599885e-03
2.355718211555200142e-03
2.215749369766999936e-03
2.308943346930100032e-03
1.976525110999299839e-03
2.312289520216399830e-03
2.117908940379400161e-03
1.911145068423100030e-03
2.301306694124199883e-03
2.438415989660600199e-03
2.321147954608100000e-03
2.374074773145900055e-03
2.637585866889200197e-03
2.124953362525099955e-03
2.436585888843900184e-03
2.820916361986600118e-03
2.292564734715999818e-03
2.274633942539799978e-03
2.340634509046700049e-03
2.178528042990400190e-03
2.268115495623199834e-03
2.139537352607100151e-03
2.083295364894099944e-03
2.228741551531400206e-03
2.151464253330699801e-03
2.268497116478300057e-03
1.983653468473399982e-03
2.382097067014199866e-03
2.708004388920300012e-03
2.290871455040199844e-03
2.529438037821199903e-03
2.036445473779399835e-03
2.307391595884999980e-03
2.272400056633199807e-03
2.256113784693800084e-03
2.077005387280699954e-03
2.371998262464400202e-03
2.419567718685899926e-03
2.313579832309500036e-03
2.091866576414799957e-03
2.044760771472199992e-03
2.267779966799100128e-03
2.235919925637099796e-03
2.165230424833099881e-03
2.332861019066499991e-03
2.303281244517900190e-03
2.139733631616600167e-03
2.319901688849899946e-03
2.220936954665699969e-03
2.330563408777199929e-03
2.255955230336999934e-03
2.229366937326299897e-03
2.208278173025699821e-03
2.373488878786900007e-03
2.406563705936799920e-03
2.333683522521800158e-03
2.338418648366999940e-03
2.326082730143399883e-03
2.071523221662600195e-03
2.374344043832200043e-03
2.519695776550699793e-03
2.564241997787400102e-03
2.244137514422100185e-03
2.242207860977200092e-03
2.132621871125000169e-03
2.545142639214799819e-03
2.146831264447600189e-03
2.286199249674499868e-03
2.351027864303599935e-03
2.405762640314999899e-03
2.082115014236799941e-03
2.212745508227900205e-03
2.453873680195499830e-03
2.267700582484100114e-03
2.313377678188799965e-03
2.266902848482600045e-03
2.465599732890999801e-03
2.183242489955199844e-03
2.437183048170500025e-03
2.330357500647600114e-03
2.284525210195200145e-03
2.330983647955500032e-03
2.211774270190999900e-03
2.399383866649900006e-03
2.326765705631300089e-03
2.458625316936100067e-03
2.734208174704300196e-03
2.247419847118499979e-03
2.350603928676899858e-03
2.548234451772600148e-03
2.325689019584999996e-03
2.267688210435399917e-03
2.265533701653400008e-03
2.393588775390999984e-03
2.184139671934000066e-03
2.447320683021499826e-03
2.565785693999400163e-03
2.486853096215299857e-03
2.352306833490800005e-03
2.298934469087199946e-03
2.471876030268100113e-03
2.328619557733199990e-03
2.321342882136299881e-03
2.411428778760600026e-03
2.143371429302699978e-03
2.278879014405499944e-03
2.218997411410000148e-03
2.537806306241300203e-03
2.482275385135900101e-03
2.588732147388599861e-03
2.169937969651499973e-03
2.209953937194799808e-03
2.224946525814499795e-03
2.323540823699199800e-03
2.292883005412099922e-03
2.263271235737000092e-03
2.348578328751800125e-03
