3.839583959375151082e-03
4.388123053470169115e-03
4.638038556804014063e-03
6.770411098406666980e-04
4.155657633533763745e-03
7.124645860288455687e-04
4.324432613936983298e-03
4.077550965895722010e-03
2.792382569100676677e-04
4.361920310459508829e-03
4.094081894763712190e-03
4.167122256977747775e-04
3.868496742854974062e-03
4.673462032992192934e-03
4.308032246263301251e-03
4.388123053470169115e-03
4.618473772643439355e-03
6.102771705288551410e-04
4.436117714950022634e-03
4.287315444328535646e-03
4.275777800033270237e-03
4.672637892626057589e-03
4.638038556804014063e-03
4.170526512623515605e-04
4.595027984479213221e-03
4.241531919096356955e-03
3.948474160418275446e-04
4.205766995776752393e-03
4.538382965436571492e-03
4.364677265305942112e-03
4.275777800033270237e-03
4.438162254818048442e-03
8.521363851043523528e-04
4.020690474785087488e-03
4.436117714950022634e-03
4.618473772643439355e-03
3.921649162346095910e-03
4.601582484206013721e-04
6.217856659310812446e-04
4.399306141571919515e-03
6.340305375158658552e-04
4.568173584635526648e-03
3.893470512170918961e-03
4.436117714950022634e-03
4.399306141571919515e-03
8.732678631731900960e-04
4.506128519206541345e-03
4.182911020229581125e-03
4.436117714950022634e-03
3.830053416097544371e-03
4.399306141571919515e-03
4.408846860905182331e-03
4.638038556804014063e-03
4.308032246263301251e-03
4.361920310459508829e-03
4.618473772643439355e-03
3.755792026136849614e-04
3.985731535977372030e-03
4.151999881519367018e-03
4.568173584635526648e-03
8.521363851043523528e-04
4.123821231344190069e-03
4.275777800033270237e-03
4.568173584635526648e-03
3.921649162346095910e-03
5.773855184732241269e-04
4.436117714950022634e-03
4.538382965436571492e-03
6.474033704356226687e-04
4.568173584635526648e-03
4.060404135270815479e-03
4.568173584635526648e-03
4.361920310459508829e-03
4.619175867393863003e-04
4.538382965436571492e-03
3.868496742854974062e-03
4.308032246263301251e-03
4.251041193958358597e-03
5.653072358530746196e-04
4.421155695383948737e-03
4.431022961075002306e-03
4.205766995776752393e-03
2.884744043074823940e-04
4.471882638269628063e-03
4.438162254818048442e-03
2.728853436823673421e-04
4.443111313818922693e-03
4.618473772643439355e-03
2.958506409897034353e-04
4.471882638269628063e-03
4.506128519206541345e-03
4.123821231344190069e-03
4.256848087953050801e-03
5.384528360093880466e-04
4.670698991929426655e-03
4.168955422398649274e-03
4.256848087953050801e-03
5.086622168104337587e-04
4.287315444328535646e-03
7.116404456627102235e-04
4.436117714950022634e-03
4.394382860798998550e-03
5.887530240173016217e-04
4.091647932480778696e-03
8.386685273511465706e-04
4.205766995776752393e-03
4.225703124130704771e-03
2.792382569100676677e-04
4.506128519206541345e-03
3.985731535977372030e-03
5.569609279206144854e-04
4.568173584635526648e-03
4.538382965436571492e-03
4.431022961075002306e-03
4.216082255150642270e-03
4.098847462028244737e-03
4.308032246263301251e-03
6.922683059126565411e-04
3.989504225753125882e-03
4.251041193958358597e-03
4.131569591286237721e-03
4.438162254818048442e-03
4.056964725155265405e-03
4.241531919096356955e-03
4.094081894763712190e-03
4.618473772643439355e-03
4.399306141571919515e-03
4.168955422398649274e-03
4.422915033702733666e-03
4.664062366277462422e-03
3.847200246722451769e-03
4.094081894763712190e-03
7.307401761876609371e-04
4.364677265305942112e-03
4.182911020229581125e-03
4.251041193958358597e-03
4.287315444328535646e-03
3.921649162346095910e-03
4.407687837630742955e-03
4.333854138356511843e-04
4.151999881519367018e-03
4.638038556804014063e-03
4.812897264894391153e-04
4.168955422398649274e-03
4.638038556804014063e-03
4.241531919096356955e-03
4.241531919096356955e-03
4.287315444328535646e-03
4.182911020229581125e-03
6.437412843660552005e-04
4.216082255150642270e-03
4.668512973991319551e-03
4.205766995776752393e-03
4.020690474785087488e-03
4.308032246263301251e-03
4.235453276598240974e-03
4.465803995771512082e-03
3.830053416097544371e-03
4.241531919096356955e-03
4.241531919096356955e-03
4.664062366277462422e-03
4.443111313818922693e-03
5.691127586771810645e-04
4.251041193958358597e-03
4.388123053470169115e-03
4.308032246263301251e-03
4.182911020229581125e-03
4.661373680248273414e-03
4.399306141571919515e-03
4.388123053470169115e-03
4.422915033702733666e-03
4.205766995776752393e-03
4.168955422398649274e-03
4.251041193958358597e-03
4.672637892626057589e-03
4.551053986479330730e-03
4.324432613936983298e-03
4.251041193958358597e-03
4.618473772643439355e-03
4.361920310459508829e-03
5.451310722431939801e-04
3.266102087473433772e-04
6.454616177790938915e-04
4.440348272756156414e-03
5.341199643645743074e-04
5.786800687728314331e-04
4.790089295099542004e-04
6.340305375158658552e-04
4.443111313818922693e-03
4.287315444328535646e-03
4.399306141571919515e-03
3.921649162346095910e-03
4.568173584635526648e-03
4.471882638269628063e-03
4.361920310459508829e-03
4.278378958962821693e-03
7.003762332849260488e-04
4.205766995776752393e-03
4.131569591286237721e-03
3.387620395039099563e-04
2.079579754353019089e-04
4.287315444328535646e-03
3.868496742854974062e-03
4.506128519206541345e-03
8.191037431905718626e-04
4.241531919096356955e-03
4.205766995776752393e-03
4.471882638269628063e-03
4.337822865462255539e-03
4.361920310459508829e-03
4.151999881519367018e-03
4.337822865462255539e-03
4.438162254818048442e-03
4.131569591286237721e-03
4.471882638269628063e-03
4.275777800033270237e-03
4.812897264894391153e-04
4.399306141571919515e-03
4.241531919096356955e-03
4.361920310459508829e-03
4.407687837630742955e-03
6.340305375158658552e-04
3.868496742854974062e-03
4.251041193958358597e-03
4.287315444328535646e-03
4.399306141571919515e-03
4.308032246263301251e-03
4.595027984479213221e-03
4.668512973991319551e-03
4.568173584635526648e-03
4.436117714950022634e-03
4.047879362477716132e-03
3.893470512170918961e-03
4.324432613936983298e-03
4.337822865462255539e-03
4.471882638269628063e-03
6.429171439999189878e-04
4.216082255150642270e-03
4.275777800033270237e-03
4.112518588607757923e-03
4.618473772643439355e-03
4.619175867393863003e-04
4.216082255150642270e-03
2.952714468375237412e-04
3.893470512170918961e-03
4.123821231344190069e-03
3.893470512170918961e-03
6.059299217869560696e-04
4.664062366277462422e-03
5.445046009942299849e-04
4.538382965436571492e-03
4.895319540847522556e-04
3.893470512170918961e-03
4.047879362477716132e-03
4.664062366277462422e-03
4.568173584635526648e-03
4.060404135270815479e-03
1.795467782956666758e-04
4.506128519206541345e-03
4.618473772643439355e-03
4.471882638269628063e-03
4.751202679866752682e-04
4.436117714950022634e-03
4.436117714950022634e-03
4.399306141571919515e-03
4.337822865462255539e-03
4.538382965436571492e-03
4.793508257928090488e-04
4.077550965895722010e-03
4.077550965895722010e-03
4.361920310459508829e-03
4.364677265305942112e-03
4.123821231344190069e-03
5.108851913062806976e-04
3.597058203427122569e-04
4.538382965436571492e-03
4.308032246263301251e-03
4.595027984479213221e-03
8.191037431905718626e-04
4.568173584635526648e-03
4.506128519206541345e-03
4.241531919096356955e-03
4.308032246263301251e-03
3.470347992999538861e-04
2.079579754353019089e-04
3.387620395039099563e-04
5.034821481760148355e-04
7.067584897536738527e-04
4.399306141571919515e-03
4.324432613936983298e-03
4.131569591286237721e-03
4.324432613936983298e-03
4.187690885796132613e-03
4.123821231344190069e-03
4.568173584635526648e-03
4.436117714950022634e-03
7.307401761876609371e-04
4.308032246263301251e-03
4.308032246263301251e-03
7.075155270279721853e-04
5.773855184732241269e-04
4.275777800033270237e-03
3.921649162346095910e-03
4.568173584635526648e-03
5.108851913062806976e-04
4.337822865462255539e-03
1.795467782956666758e-04
4.433711647104192181e-03
4.337822865462255539e-03
4.568173584635526648e-03
4.673462032992192934e-03
4.619175867393863003e-04
5.108851913062806976e-04
4.053355383258063979e-03
4.287315444328535646e-03
6.340305375158658552e-04
4.020690474785087488e-03
4.056964725155264538e-03
