2.393218611548702096e-06
2.358267284646860693e-06
2.358060510009596067e-06
2.372979684659820431e-06
2.460196520068663293e-06
2.370459763869774775e-06
2.356094137279788954e-06
2.363916199645267513e-06
2.403656585486600012e-06
2.355736930027128431e-06
2.356949013058164970e-06
2.395828532771394337e-06
2.362689643741049291e-06
2.360858931227269441e-06
2.356950298463840286e-06
2.358267284646860693e-06
2.357508075273201210e-06
2.375939755619754410e-06
2.355471922143965682e-06
2.356596919292481707e-06
2.356646690023709491e-06
2.361909067483456081e-06
2.358060510009596067e-06
2.371748914430470902e-06
2.356985568170445688e-06
2.356446592394124040e-06
2.386007548809690191e-06
2.356367616657804362e-06
2.356094446137962348e-06
2.357781830208209223e-06
2.356646690023709491e-06
2.363648611771266654e-06
2.383035953675674972e-06
2.358008338150710967e-06
2.355471922143965682e-06
2.357508075273201210e-06
2.360454596788146939e-06
2.369068431015565763e-06
2.381134382442956675e-06
2.355529785840184353e-06
2.374118558916658675e-06
2.356507370055931768e-06
2.361497380691845912e-06
2.355471922143965682e-06
2.355529785840184353e-06
2.383965355091414936e-06
2.355770067493017971e-06
2.358897598465856635e-06
2.355471922143965682e-06
2.365775645955347210e-06
2.355529785840184353e-06
2.368973073124022717e-06
2.358060510009596067e-06
2.356950298463840286e-06
2.355736930027128431e-06
2.357508075273201210e-06
2.385659623293307232e-06
2.358715811831609998e-06
2.359911804102605011e-06
2.356507370055931768e-06
2.383035953675674972e-06
2.361061565791318038e-06
2.356646690023709491e-06
2.356507370055931768e-06
2.360454596788146939e-06
2.375131013944267759e-06
2.355471922143965682e-06
2.356094446137962348e-06
2.372918534111785768e-06
2.356507370055931768e-06
2.365765793515532813e-06
2.356507370055931768e-06
2.355736930027128431e-06
2.371430019686741719e-06
2.356094446137962348e-06
2.362689643741049291e-06
2.356950298463840286e-06
2.357237269281415735e-06
2.387220326256667953e-06
2.366920749907375930e-06
2.365146611693892581e-06
2.356367616657804362e-06
2.393154799643427247e-06
2.355556394564246286e-06
2.363648611771266654e-06
2.423069319192641467e-06
2.361400260500147173e-06
2.357508075273201210e-06
2.382451423946639075e-06
2.355556394564246286e-06
2.355770067493017971e-06
2.361061565791318038e-06
2.390973256014810405e-06
2.387741275330434261e-06
2.359994690204935245e-06
2.356422014713158146e-06
2.390973256014810405e-06
2.388225253008349922e-06
2.356596919292481707e-06
2.370058337861921600e-06
2.355471922143965682e-06
2.371289916368848875e-06
2.386637707770353419e-06
2.404933684211339219e-06
2.387570818965888651e-06
2.356367616657804362e-06
2.454614085845569198e-06
2.403656585486600012e-06
2.355770067493017971e-06
2.358715811831609998e-06
2.384731177672545988e-06
2.356507370055931768e-06
2.356094446137962348e-06
2.365146611693892581e-06
2.358006275871283200e-06
2.362377722336748434e-06
2.356950298463840286e-06
2.372330922458727499e-06
2.765661852911818843e-06
2.357237269281415735e-06
2.356615847224813991e-06
2.363648611771266654e-06
2.357416140197926794e-06
2.356446592394124040e-06
2.356949013058164970e-06
2.357508075273201210e-06
2.355529785840184353e-06
2.356422014713158146e-06
2.359315625313589641e-06
2.359270991486148972e-06
2.364086428132530429e-06
2.356949013058164970e-06
2.386449199289171534e-06
2.357781830208209223e-06
2.358897598465856635e-06
2.357237269281415735e-06
2.356596919292481707e-06
2.360454596788146939e-06
2.358779006651918958e-06
2.370566735296897270e-06
2.359911804102605011e-06
2.358060510009596067e-06
2.368983173916431148e-06
2.356422014713158146e-06
2.358060510009596067e-06
2.356446592394124040e-06
2.356446592394124040e-06
2.356596919292481707e-06
2.358897598465856635e-06
2.382826711051690493e-06
2.358006275871283200e-06
2.363183876100201927e-06
2.356367616657804362e-06
2.358008338150710967e-06
2.356950298463840286e-06
2.393517940866135128e-06
2.392574461410322002e-06
2.365775645955347210e-06
2.356446592394124040e-06
2.356446592394124040e-06
2.359270991486148972e-06
2.361400260500147173e-06
2.379527403417246130e-06
2.357237269281415735e-06
2.358267284646860693e-06
2.356950298463840286e-06
2.358897598465856635e-06
2.364711826022512769e-06
2.355529785840184353e-06
2.358267284646860693e-06
2.359315625313589641e-06
2.356367616657804362e-06
2.356422014713158146e-06
2.357237269281415735e-06
2.361909067483456081e-06
2.381889965396751432e-06
2.356094137279788954e-06
2.357237269281415735e-06
2.357508075273201210e-06
2.355736930027128431e-06
2.375648031599286423e-06
2.384753599959101701e-06
2.387382566149748091e-06
2.360579605388206134e-06
2.385987222917951337e-06
2.381949485460991172e-06
2.385360815337332471e-06
2.374118558916658675e-06
2.361400260500147173e-06
2.356596919292481707e-06
2.355529785840184353e-06
2.360454596788146939e-06
2.356507370055931768e-06
2.355556394564246286e-06
2.355736930027128431e-06
2.388236532579607092e-06
2.369908609474993373e-06
2.356367616657804362e-06
2.356615847224813991e-06
2.378548796209310047e-06
2.376835222593517177e-06
2.356596919292481707e-06
2.362689643741049291e-06
2.355770067493017971e-06
2.388192508296411760e-06
2.356446592394124040e-06
2.356367616657804362e-06
2.355556394564246286e-06
2.357336140980967582e-06
2.355736930027128431e-06
2.359911804102605011e-06
2.357336140980967582e-06
2.363648611771266654e-06
2.356615847224813991e-06
2.355556394564246286e-06
2.356646690023709491e-06
2.368983173916431148e-06
2.355529785840184353e-06
2.356446592394124040e-06
2.355736930027128431e-06
2.358779006651918958e-06
2.374118558916658675e-06
2.362689643741049291e-06
2.357237269281415735e-06
2.356596919292481707e-06
2.355529785840184353e-06
2.356950298463840286e-06
2.356985568170445688e-06
2.363183876100201927e-06
2.356507370055931768e-06
2.355471922143965682e-06
2.368056813913169462e-06
2.361497380691845912e-06
2.356094137279788954e-06
2.357336140980967582e-06
2.355556394564246286e-06
2.382152105011883070e-06
2.358006275871283200e-06
2.356646690023709491e-06
2.514489814248022178e-06
2.357508075273201210e-06
2.371430019686741719e-06
2.358006275871283200e-06
2.389327815855715812e-06
2.361497380691845912e-06
2.361061565791318038e-06
2.361497380691845912e-06
2.386464208140509757e-06
2.359270991486148972e-06
2.384900081532717659e-06
2.356094446137962348e-06
2.584864423571162605e-06
2.361497380691845912e-06
2.368056813913169462e-06
2.359270991486148972e-06
2.356507370055931768e-06
2.365765793515532813e-06
2.393706168617188844e-06
2.355770067493017971e-06
2.357508075273201210e-06
2.355556394564246286e-06
2.376823789206748518e-06
2.355471922143965682e-06
2.355471922143965682e-06
2.355529785840184353e-06
2.357336140980967582e-06
2.356094446137962348e-06
2.370021125007551769e-06
2.363916199645267513e-06
2.363916199645267513e-06
2.355736930027128431e-06
2.357781830208209223e-06
2.361061565791318038e-06
2.376205332101556790e-06
2.376639119950189661e-06
2.356094446137962348e-06
2.356950298463840286e-06
2.356985568170445688e-06
2.388192508296411760e-06
2.356507370055931768e-06
2.355770067493017971e-06
2.356446592394124040e-06
2.356950298463840286e-06
2.374410942504469285e-06
2.376835222593517177e-06
2.378548796209310047e-06
2.416756417862637487e-06
2.390136650544316883e-06
2.355529785840184353e-06
2.356094137279788954e-06
2.356615847224813991e-06
2.356094137279788954e-06
2.436020992552832964e-06
2.361061565791318038e-06
2.356507370055931768e-06
2.355471922143965682e-06
2.386449199289171534e-06
2.356950298463840286e-06
2.356950298463840286e-06
2.369860505734770746e-06
2.375131013944267759e-06
2.356646690023709491e-06
2.360454596788146939e-06
2.356507370055931768e-06
2.376205332101556790e-06
2.357336140980967582e-06
2.393706168617188844e-06
2.359900980191646508e-06
2.357336140980967582e-06
2.356507370055931768e-06
2.360858931227269441e-06
2.371430019686741719e-06
2.376205332101556790e-06
2.386234643725297486e-06
2.356596919292481707e-06
2.374118558916658675e-06
2.358008338150710967e-06
2.357416140197926794e-06
