-8.280515952058584705e-01
4.364366608171212469e+00
-1.390734898346581039e+00
-4.967429161061161225e-02
-4.768900565410217895e-01
-5.576874192836162730e-02
2.018029118834851587e+00
-8.463274529266708035e-02
1.860065596679505995e-01
2.787936410428766276e-01
-7.026497031438759810e-01
1.363303466600130076e-01
1.287004824975120920e+00
-1.555880649428075468e+00
-9.018837761249237639e-01
-2.416298568327558335e-02
-1.280085291040006901e+00
-1.404418188044506410e-01
-1.008008775732736728e+00
-7.453058377465640039e-01
-5.151538345364508054e-01
1.140154330945115868e+00
3.557041726500510537e-01
1.960483180104347634e-01
-4.733462782811252434e-01
-8.374948346122286502e-02
-8.957097359868652908e-03
1.173225387932896213e+00
5.777509173078825278e-01
3.542052882640582545e-04
-7.486032893838651114e-01
4.301848287041794450e+00
-1.574972003200841297e-01
-5.352166557734643337e-01
-1.106949972983968244e+00
8.141712305866272148e-02
-7.011381269347858325e-01
-4.086891022627862913e-02
-1.729021254616408543e-01
-9.212450274328610744e-01
-1.566761132531596379e-01
-6.610825888574516085e-02
-7.532114791174194801e-01
-1.440415355217560256e+00
1.612324027424948181e+00
-9.258815452131456680e-02
5.278943301959618944e-02
2.091926953123546262e+00
9.690433448058723143e-02
-7.128962073844554714e-01
-1.190960549123692980e+00
-6.390933366553591677e-01
-2.063899610578740218e-01
3.873704131504169257e-01
1.219502032370577416e+00
2.812874455361485393e-01
1.806139050757405579e-02
3.613413207879708211e-01
1.466077800861281144e+00
-5.957190836563751590e-01
-3.019177112959925413e-01
-4.912465910272051373e-01
2.001941933780517324e+00
-1.374466234792579789e+00
-3.535645895758587898e-01
-1.755984523595086749e-02
8.157391415723782568e-01
-9.280513457867834992e-01
-2.209801402874529141e-01
-1.358544011419758668e+00
3.591558047229036210e-02
-2.029922141825081516e-01
-5.873341613236142678e-01
-3.135282916031721656e-02
-3.184332600503638200e-01
-3.925656775625548933e-01
1.682395587985405117e+00
-6.481223067042209962e-01
1.897657251283688118e-01
-1.117202556680070735e+00
-1.518727432880104811e+00
2.478019908515118885e+00
1.133269317747012395e-01
3.038496708796694645e-01
-6.848323027635005306e-03
5.596104376690190507e-02
2.181679162975691810e-01
-1.128557724292666320e+00
1.196677733209030731e-01
1.141397935984534096e+00
-5.055295038766670634e-01
4.270696431042987906e-01
-7.559097873858751093e-01
-6.848137831892073257e-02
4.547270418997577668e-01
-1.066701556422220865e+00
-9.249686573642900145e-01
3.330026240618200184e-01
1.328021585225344303e+00
-2.467683978295849567e-02
-9.915622044186759299e-01
-7.115596720558271526e-01
-4.154329044254184526e-03
2.430461334703361287e-02
-2.444000760236745007e-01
-9.124703979703207013e-01
-6.379155465242276613e-01
1.132257530877341239e-01
8.868010421538659038e-01
-4.565893104625796672e-01
-1.374751396988421193e-01
-1.251422864934779611e+00
-1.502872854623939602e+00
-9.828834053519998060e-01
7.485281977285761501e-01
-1.035647533918189644e+00
-6.094315629317861305e-01
-1.701219602302711520e-01
-5.776677517173917087e-01
-9.652125213528416348e-01
7.830007075571027153e-01
-1.545385644415944615e+00
-9.168435764669931043e-01
-5.068111020595704730e-01
-9.557875748493084300e-01
-1.140360008026863659e+00
4.909814053394675470e-01
-4.510412926996320571e-01
1.147470716476112207e+00
-1.049914234437627103e+00
-1.077816681406961949e-02
1.110903369047415490e+00
-1.563061212434586345e-01
-1.168341807470959726e+00
1.974746152084766670e+00
-7.856756212922686444e-01
5.942570081540292648e-01
-7.140657073433092084e-01
-9.789665391723814114e-01
-7.815595878318062906e-02
8.335077448075195461e-01
1.206357700272533001e-01
-1.503620471192491578e-02
-1.203759060534520309e+00
1.513188099009532328e+00
2.665753239149062814e+00
-6.316904172729375100e-01
-3.949166480487420472e-01
1.301219730075958037e+00
-1.415070563357298528e-01
-5.437194553207946868e-01
4.250833665743295242e+00
-7.448628379481653239e-01
-4.655696740890419294e-03
-1.313883621919444966e+00
-1.159242065773872010e+00
-1.371963213295952722e+00
-3.039793167119824724e-01
-6.486198313521921444e-01
2.231262347957115033e-01
-1.137692835400355040e+00
-1.233472502851548080e+00
2.659461641069903459e-01
4.365065959675071827e-01
-8.322504123719467461e-01
-9.961201160151557099e-01
9.614745093004214427e-01
4.414454685993828065e+00
-4.200216958761598951e-01
-7.436262769979681275e-01
1.029781175380995784e+00
-4.662719917812517267e-01
-9.007487741330085784e-01
-1.162413915508719864e-01
6.805982938621987222e-01
-1.442182404459075640e+00
-6.937512958703984101e-01
-1.154957132597621783e+00
-1.162172492726025963e+00
-1.942567598233244652e-01
1.468504408352088505e-03
4.010211849257407091e-02
-1.158022935588052665e-01
2.287008266952603730e+00
-1.285787161854364535e-01
-7.633535759617529615e-02
-3.087608865344680653e-02
1.267609568643714435e-01
2.588151941658790367e+00
-1.105644455906226176e+00
-2.262449674307703551e-01
2.316883416849051969e+00
-5.269139480924587282e-01
-9.843040920810999239e-01
8.445066024198670807e-01
-7.482332664252895338e-01
-2.008376728014649448e-01
-8.603058870094236754e-01
-9.293102305915554862e-01
5.857641489005728508e-02
1.781676488738985764e-01
3.152964711123957375e+00
-7.940264882568691673e-01
-5.980292743072759265e-01
-2.793524719716524718e-01
-6.316855505557853467e-01
-7.653767420105046515e-01
3.380417828683639492e-01
2.203922610860351128e+00
-9.355923317945754603e-01
-8.071285265540606435e-01
-1.096651639361465147e+00
-1.018686749115668977e-01
-7.257341347896719697e-01
-3.068715660124265998e-01
-1.342606170348457972e+00
-6.168319921919519777e-02
3.035816026945213353e-01
-3.114650008429509787e-01
-1.090203127351275114e+00
-2.241398672092446698e-01
-5.257333457853007042e-02
-6.664340054492011722e-01
-5.070604364582271817e-01
-7.328172790156199934e-01
6.483527897520310335e-01
-6.126957474711230978e-01
-1.852175826337247588e-01
-2.971737073084880776e-01
7.614916288533004618e-01
2.018312426535110171e-01
-3.880561416761904026e-01
1.433032525720417671e-01
3.577771689484654072e+00
-1.206300629798017221e+00
6.647363236443464274e-01
-3.625279186511671387e-02
1.175068653385700879e+00
-7.605752165768526751e-01
6.133261504945444198e-01
6.312243395937530699e-02
2.197297133049899362e-02
-5.564065569594124350e-01
8.142518895976565141e-02
2.145228281957082039e+00
-3.348858064180367800e-01
-4.360648751042242588e-01
-1.105940258202551540e-01
-1.965440877294220290e-01
-1.086711343877858060e-01
4.977045861700624130e-01
6.052157708874065234e-01
-6.939042390977979702e-01
5.943230345836502115e-01
8.287857372107679810e-01
1.712822723755808296e-01
-2.976771981686853197e-01
9.418200891380551498e-02
-1.288345415434214436e+00
8.341393492493515138e-01
1.354828024822519517e+00
6.409388129286987257e-02
-1.464888381654756655e+00
-1.474799508774697676e+00
-1.213877298387427528e+00
-1.291749502383991777e+00
-2.468431578010331362e-01
6.295671380585009247e-02
7.510251909459651765e-02
1.224848060855123211e-01
1.947206993557771160e+00
-1.359449177688127230e+00
-1.963271465433950175e-02
-1.160669283206434699e-01
1.171316655568723775e-01
1.468168487237860309e-01
-1.095837662246351707e-01
2.766963315062152540e-01
-8.280507678539694716e-02
-8.330448119091813375e-01
8.216510305112380008e-01
-1.150860554599334673e+00
-6.566211904253372866e-01
9.634981581407521534e-02
1.394983873971720190e-01
3.747652844041219917e-03
-4.650379642388278306e-02
5.548888502695754621e-01
-1.237460344775632715e+00
-5.137928679883604355e-01
-3.260535685221108704e-01
-1.228521260412049454e+00
-7.421332811000312946e-01
-2.045712783197210782e-01
2.328334290086216118e-01
-1.898807738523315969e-01
-1.673936636946891376e-01
2.601953171182796787e+00
-1.198267080752700053e+00
-1.243000903550371267e-01
-1.755984523595086749e-02
2.650799794386920816e+00
-6.008773705555791045e-01
-1.605742635966493470e+00
-9.228410167730950742e-02
1.359474951353288219e+00
9.418200891380551498e-02
-1.219264798956400941e+00
3.532115575451978962e-01
2.443512515394098195e+00
-1.597604780377798628e+00
-3.135282916031721656e-02
-8.036476587787780290e-02
-2.463466624306523967e-01
-1.048744915481411466e+00
-5.257333457853007042e-02
-6.560033842437673623e-01
-9.338834454891926651e-01
