2.901319614178199911e-03
2.770722144495100115e-03
6.303095732541900281e-03
6.166815162852399938e-03
5.414178183066700213e-03
2.745885558603400074e-03
3.025722399896900103e-03
3.473339034843200140e-03
3.142895232239999951e-03
2.900885796794800027e-03
3.008557151416700170e-03
6.333306686732999811e-03
3.264030347783799819e-03
3.064253820099299957e-03
3.462624268011799903e-03
2.628055704510199979e-03
3.019401679074600053e-03
3.192911659747400040e-03
3.313021864720799934e-03
3.070780624473400024e-03
3.496127813558499997e-03
3.465239762631000184e-03
3.075420052675800070e-03
5.812723072929400041e-03
3.144074756865799809e-03
3.154831566243799981e-03
3.454487426417600024e-03
2.863049482071000195e-03
3.212789007089200070e-03
5.901239131333499595e-03
3.184504564778999937e-03
2.723184117522399819e-03
3.231360506197799784e-03
3.149161669771500128e-03
2.998523338209999837e-03
3.102627036188400095e-03
2.724766081334499893e-03
6.151289326467900345e-03
7.437937384171600282e-03
3.227287197690999979e-03
5.300373965801299762e-03
3.240511709539299883e-03
2.832461893170900181e-03
6.774532750724900423e-03
3.195769747743299784e-03
3.150675545413999905e-03
3.426286755336300192e-03
2.963021834193800119e-03
2.960943652839700003e-03
3.101634832626899967e-03
3.069379353274300122e-03
2.814337474258200075e-03
3.057164126906499867e-03
3.308924222785700024e-03
5.145022745929200315e-03
2.999466382604600023e-03
7.341780369495400430e-03
3.088867063235300157e-03
6.302568705260799993e-03
2.557681497778200187e-03
2.730801783868999806e-03
3.098954956714999875e-03
3.396761715917800181e-03
3.052090972962800096e-03
2.993517554264800082e-03
3.099090231144699826e-03
6.681941255380199896e-03
2.731129437827300131e-03
2.987464249827499838e-03
2.866829663869399983e-03
3.023181500277299840e-03
2.964370529140000071e-03
3.393136919770100082e-03
6.159813461564900110e-03
3.184135037332700129e-03
6.530494276509099874e-03
3.177126059136899973e-03
5.791832538634400333e-03
2.610208836530999998e-03
3.604190988149999931e-03
3.269937984498200081e-03
3.096757358859900024e-03
2.897306828914599820e-03
2.850999085440100202e-03
5.192496035868200341e-03
3.191516927733899830e-03
2.931847221795100093e-03
5.412375142497099709e-03
3.066111730309599957e-03
6.361471507356100327e-03
2.958723529575200007e-03
3.073138712154900153e-03
2.950618845548300118e-03
7.130054475849899667e-03
3.154660592332100139e-03
3.169480762781199876e-03
2.465145015723699869e-03
3.056747200034300171e-03
3.217074973919100203e-03
3.280116682232000081e-03
2.739771553155800031e-03
2.885024269501399851e-03
7.341780369495400430e-03
3.175429944544999952e-03
2.989366853876899988e-03
3.179678373555600100e-03
6.460640620595000001e-03
2.811451177028100046e-03
5.158628094639900255e-03
2.837113178523799958e-03
3.036225575613100188e-03
5.791436952008399697e-03
2.989373919581100100e-03
2.906832740052300076e-03
6.708899693901499567e-03
3.357276179594800153e-03
3.144170961349600137e-03
2.880320838582600077e-03
2.950509375388700190e-03
2.902643978599300009e-03
3.393969937490200206e-03
3.065789948224499975e-03
3.134469286299500137e-03
3.117297869849899785e-03
3.062988159999299829e-03
3.182545001562699788e-03
5.427378405880999880e-03
2.896373030737500048e-03
3.067605859382999817e-03
3.403061153459399895e-03
3.029503692403400037e-03
3.450230551931300019e-03
3.112628774894700152e-03
3.096769030108699906e-03
3.038689722009399984e-03
2.694454399043600019e-03
2.988147717867600025e-03
3.127779663583399837e-03
3.097081679085200191e-03
2.479852763848499914e-03
3.080942603082999914e-03
2.878717679858800154e-03
3.113965473046299837e-03
4.315685808493299747e-03
3.030287736327200165e-03
7.010955999575000167e-03
3.052173255811599806e-03
3.155530777068699892e-03
3.170513608898899854e-03
3.035923305427300038e-03
6.678652811009999808e-03
5.984314709758900216e-03
3.151972763821900107e-03
6.776928705685900112e-03
3.492883006467299798e-03
5.306821987948499679e-03
2.775268042917200181e-03
2.898407673443900018e-03
2.918995761156199884e-03
2.706533646113800165e-03
2.968998782690000088e-03
2.618874995767100054e-03
2.745704141507199908e-03
6.345717788749200353e-03
3.476503110905700134e-03
3.146825773529099944e-03
3.043900553417900039e-03
3.002637242379300065e-03
6.175164969971599915e-03
6.197127136214899794e-03
6.348637239361599842e-03
3.082712294941599828e-03
3.155477026499400178e-03
6.585404684528900141e-03
5.430271729515300135e-03
3.263687845545200188e-03
3.229931097203700072e-03
2.942337482114499962e-03
2.653014662441800179e-03
2.815116657761300174e-03
3.216709173406699911e-03
3.074442735122900200e-03
3.171230292316700068e-03
3.167386268466799906e-03
3.163554073130599945e-03
3.211293315083799810e-03
2.959414398076599950e-03
2.872368052977599881e-03
3.002434379200800106e-03
3.014551425170900086e-03
3.331161532232299917e-03
2.941688643083899962e-03
5.534556443202100391e-03
6.423711595594299925e-03
3.282623061257899932e-03
3.106013451611900136e-03
3.213477675377500193e-03
3.252293939769499917e-03
3.218948032072700086e-03
2.891329568131899806e-03
2.972808657034000084e-03
3.289036084569799904e-03
3.072197505457200002e-03
2.836451313635200092e-03
2.923471644717200169e-03
5.620411952686600252e-03
3.265331112729199896e-03
3.081873769605099865e-03
2.741068222225600051e-03
2.968297296127399894e-03
3.325600941248600066e-03
3.054534157431300009e-03
2.727364378258400213e-03
2.865540432736800140e-03
5.879806266197299888e-03
2.747782583769500016e-03
5.880397035945599676e-03
5.775428083835100306e-03
4.529463636321899751e-03
2.898255672607499833e-03
3.176837204667899879e-03
3.279036922025200043e-03
3.025991637715999810e-03
3.365773080540400159e-03
3.141985063854000129e-03
3.380312066065400012e-03
3.137061237584099979e-03
5.544948723923399589e-03
2.747988072480599901e-03
6.067571528252000204e-03
2.867957484104999982e-03
3.133090148529799838e-03
2.799042320978099851e-03
6.763569229050600193e-03
3.018960280914700142e-03
3.296831589761599866e-03
3.285454909397500164e-03
3.078961286692699813e-03
5.828038684305199973e-03
3.309098741770400212e-03
6.404501995313000365e-03
3.566277324160900021e-03
2.967631167284300216e-03
5.824982913279899872e-03
3.056304213616599808e-03
3.152634373886399784e-03
3.022250910599800187e-03
2.694565223868399841e-03
3.119066504017099957e-03
3.040516101695500163e-03
2.984019016648300007e-03
2.977370273952699951e-03
5.371729842144300042e-03
3.510720114982999844e-03
3.338577043167399901e-03
3.213990839316400137e-03
2.741299809980200092e-03
3.115002627189600130e-03
3.140696507504199802e-03
2.564926329583799847e-03
5.306821987948499679e-03
3.136547287050399889e-03
3.088406845118500058e-03
6.423711595594299925e-03
3.091055534833599822e-03
6.750095773634799678e-03
2.969500346749200017e-03
5.381739076041999921e-03
3.068873282854300052e-03
3.164561292219000063e-03
4.617010598811100049e-03
7.057715225442399987e-03
2.571920051831599885e-03
3.149513555984400064e-03
3.210435136774800018e-03
2.977502110050699816e-03
2.876781202699099822e-03
6.159813461564900110e-03
3.063128164621100203e-03
5.983309900996700015e-03
3.198596751838599789e-03
5.871409139558900203e-03
3.062010069105999994e-03
6.495321124021799855e-03
6.551407311415600315e-03
2.990330993880499846e-03
2.513389317730499884e-03
6.987164656487399733e-03
3.091838924437699965e-03
2.746114182570300044e-03
3.091007005615899889e-03
5.734215943133599835e-03
6.169114742060799808e-03
3.127659009299699980e-03
3.116812670452699923e-03
3.465683356187200179e-03
2.854476368817799974e-03
6.510439100053000416e-03
3.256614834754600202e-03
3.015138270550800186e-03
3.167577432995000077e-03
3.049225492205699835e-03
2.968772248792900074e-03
3.347682366386899814e-03
3.129430522466300144e-03
2.626612410677599957e-03
3.154831688355500072e-03
6.587666976203799922e-03
7.061991235214700249e-03
3.154227760535100074e-03
2.916797278194599788e-03
2.957554839610900162e-03
3.197402657210599974e-03
6.929547391890200289e-03
3.409017992738799883e-03
2.853425244926000200e-03
2.952806742131100157e-03
3.019216930979300075e-03
2.952342110659999987e-03
2.806610101130399808e-03
5.936860174554199621e-03
2.839123504421699976e-03
3.012273231143800054e-03
3.144025673591299870e-03
5.235289645893899738e-03
2.985628733089700209e-03
6.688912485629200030e-03
2.993320490005699913e-03
2.450698324363100034e-03
2.850458744482099824e-03
5.192496035868200341e-03
2.887802465555000010e-03
2.936932562728600000e-03
6.328479441972800074e-03
3.184558551055800043e-03
3.021941842913199953e-03
5.676713060784399981e-03
2.784489541032400105e-03
3.434769626453100175e-03
2.932836336936700192e-03
2.827742785748499962e-03
3.116884694680899931e-03
3.313462003926400095e-03
3.085784182758300083e-03
3.252987286495799893e-03
3.166822081102799950e-03
6.156752808673500270e-03
2.824989593501899942e-03
6.092554007859900256e-03
2.915267195128000161e-03
2.824898046370399873e-03
3.006371430618100075e-03
3.495143979513400112e-03
3.019067209491999981e-03
2.906758824515400137e-03
3.267534617882600009e-03
2.799421197712799979e-03
5.664392775330500188e-03
3.230623378546200204e-03
3.158562087620600187e-03
3.026224770375399858e-03
2.657791755969399986e-03
3.537076790357199935e-03
3.003175932359299864e-03
3.216016894224499930e-03
2.503005865941800023e-03
3.402260653342200052e-03
2.925132785458200210e-03
3.143064958201600197e-03
3.049281155879600066e-03
6.386555128329999761e-03
3.126366335312599949e-03
2.916672857453899911e-03
3.043861257613399932e-03
3.203072022381099962e-03
3.092134250638700187e-03
3.374246791582899939e-03
6.357979257524600317e-03
2.793866882500500078e-03
2.776192543818300097e-03
2.768019977573599796e-03
3.315653226063600134e-03
6.616097967910900338e-03
3.525478869439600035e-03
2.917325763995000203e-03
5.427378405880999880e-03
3.458557905983200044e-03
6.057436900298999657e-03
2.897281526298400075e-03
2.800272673527700110e-03
3.277487296186399994e-03
2.998724545270899967e-03
6.348637239361599842e-03
3.115973969988900145e-03
2.811349588269700193e-03
3.325440880844100170e-03
3.273257459996399815e-03
5.719545975975099707e-03
3.300981350859699941e-03
2.733419025900600194e-03
3.047539175131299804e-03
3.074180887926400083e-03
2.900588860811200050e-03
2.871993270420699924e-03
3.058286496092799990e-03
3.073075864485400131e-03
3.145663086711499891e-03
6.640532905591399818e-03
2.670663438979300162e-03
3.065112558664599869e-03
3.017936241822800209e-03
3.249716889990900137e-03
5.206068741253100027e-03
2.779610498050500214e-03
2.804581153303199997e-03
7.123465655741199887e-03
3.230046168260600203e-03
3.137027184181399864e-03
3.128044391047600081e-03
2.933090715951000051e-03
3.188181062017300151e-03
3.678220769884799849e-03
6.226272508601400288e-03
2.946402300208600042e-03
3.065968681429000111e-03
5.791832538634400333e-03
3.553120113136100204e-03
7.434920593713600229e-03
3.137444158487099830e-03
2.949516492121999952e-03
3.239438627056900194e-03
3.170069775692800108e-03
7.242000995585699992e-03
3.143060296678899801e-03
3.243059901560700186e-03
6.242476288148299766e-03
5.704287098222999772e-03
2.908154971873000080e-03
2.917561801845099806e-03
6.613588357421200381e-03
3.103860290660300034e-03
3.290281701576899809e-03
2.970035847509400109e-03
6.042213028602999580e-03
3.311231624769899861e-03
2.645189803851200061e-03
3.207801752593700175e-03
2.834724220954099906e-03
3.168393423949299962e-03
3.091151213606699918e-03
3.116590532870599888e-03
3.014348807325699809e-03
2.979633041798400005e-03
3.225295606546300150e-03
2.760326886162599910e-03
3.205565068881999994e-03
3.079064489522099785e-03
3.336967537734799975e-03
6.585420168722699689e-03
3.591808619435300082e-03
3.038722897548200037e-03
2.950795586583000035e-03
3.159770829533000130e-03
6.166815162852399938e-03
2.834182837748099818e-03
3.241707998269499971e-03
4.833513879796899615e-03
2.991983747563100107e-03
3.236226165889800194e-03
6.952486836179700043e-03
3.159469196036200113e-03
2.683428775824600165e-03
3.002671853133900056e-03
4.767772089035099588e-03
2.916514156734400023e-03
3.020784205595000108e-03
2.937901403494700033e-03
3.005589103843599869e-03
2.956991813993799841e-03
6.632554668054800422e-03
2.544860381428000213e-03
2.694361056033100187e-03
3.214231488696300126e-03
5.677300695248700332e-03
3.030293446030399990e-03
3.084606832687999869e-03
2.828547733656699894e-03
5.929604889423300412e-03
2.949484123165699908e-03
6.051849972867700232e-03
5.641727892123299740e-03
3.007287340758300030e-03
2.956305223319200155e-03
7.172435725994100349e-03
6.551407311415600315e-03
3.371744412841199898e-03
5.170356434997499910e-03
3.086301544668600214e-03
2.882009514093899875e-03
2.989709384769999832e-03
3.144595625873999791e-03
3.146010551953399952e-03
2.808031985852200117e-03
3.047891903393400072e-03
2.858645210441199992e-03
3.237860979322999821e-03
6.223959609079899626e-03
2.780500867047799862e-03
3.309871337492299986e-03
5.715501353157699700e-03
3.399143978635999798e-03
2.960164590884700048e-03
3.010185738762499816e-03
3.141522482539899856e-03
2.906658105250399873e-03
3.029163241449999832e-03
3.258327861348500002e-03
3.110224851495999986e-03
2.805044648504200020e-03
3.152882018485199996e-03
3.399165186588400112e-03
5.798116908191800270e-03
3.106780930741799996e-03
5.507324929814400027e-03
3.163088113654100118e-03
2.859319385322100105e-03
2.780082412705300182e-03
3.006892732895099802e-03
3.100951620134199862e-03
3.645346326038400100e-03
3.236773468513999812e-03
3.289133141807099991e-03
2.706588836302500130e-03
3.506319180601099976e-03
2.758786476676100118e-03
2.704162500013900048e-03
6.357979257524600317e-03
5.839524173827300227e-03
6.604649740838700045e-03
3.200692977673800198e-03
6.215947490670500203e-03
3.249760591351400114e-03
3.065871815439900026e-03
3.025436394893899969e-03
6.057436900298999657e-03
3.244777181062600147e-03
6.988708211690700285e-03
3.064887832131000037e-03
3.251778799962400015e-03
2.780952901724400173e-03
6.906744928749699794e-03
3.119611092694000044e-03
3.464761019810600005e-03
2.554882304544300008e-03
2.785307600789699994e-03
2.945997262281699943e-03
3.078746792963400064e-03
2.936778358247199832e-03
3.130764915831900190e-03
2.675782767287099989e-03
2.869956791057999817e-03
3.120494923348000188e-03
3.214956673345900021e-03
2.910703770551699866e-03
2.749320816266899968e-03
3.514577983161099907e-03
3.387409375302099807e-03
2.814314394847499800e-03
3.044828190554399808e-03
3.190661745772799870e-03
3.147597987404100132e-03
2.978967192376399866e-03
2.931400475014200088e-03
2.868657268446699916e-03
6.089406882788700112e-03
5.544967008662999609e-03
3.007846304777800003e-03
3.049431642158500003e-03
3.197214830180099884e-03
3.042245088242100104e-03
2.917937542769500139e-03
3.175684756237800044e-03
3.085596915463199950e-03
3.463156976075299799e-03
2.749037665013599925e-03
3.179316291069900127e-03
3.331926492438199838e-03
3.127497472169899883e-03
3.090327370993900015e-03
3.007293913321100031e-03
2.759081591164999799e-03
3.167209278257799871e-03
3.114728200870300195e-03
3.308592021687900130e-03
3.477600815476500091e-03
2.893059726783699971e-03
3.394438154764299956e-03
3.235218289562300127e-03
5.916326349572899670e-03
2.978665837140299921e-03
6.503376308185000038e-03
6.223421803135700120e-03
5.367504851522600200e-03
5.442028215466600087e-03
2.941378678051300138e-03
3.253243242984300062e-03
3.244300477348899866e-03
3.006911049205199943e-03
3.014781226473199800e-03
6.472289249049099913e-03
3.171106894128600077e-03
3.431946970969899924e-03
3.240954861565700177e-03
2.976567715172300128e-03
3.075137471062899981e-03
2.998967997694600065e-03
3.193927912049599957e-03
3.240712782842299858e-03
3.200101808018800207e-03
3.338591420035499999e-03
3.159548171541000025e-03
2.896940041561199986e-03
2.787796834228199912e-03
3.298586072494500039e-03
2.699623475647699999e-03
6.708899693901499567e-03
2.890655952679799853e-03
3.347548758919600010e-03
3.156118195669899845e-03
3.147428619350499997e-03
2.650335476705800025e-03
7.010955999575000167e-03
6.623592040667899798e-03
3.315862733182700032e-03
2.832502916495400168e-03
2.793372081436100180e-03
3.058916179437599827e-03
3.005290810621400171e-03
2.922206620403800057e-03
2.951197034901099827e-03
5.013551857546899582e-03
3.022237810042700118e-03
3.177237870165900129e-03
3.437773707709099961e-03
6.741883256648899779e-03
3.342848227306200164e-03
5.744981698366700106e-03
3.094632516760299854e-03
2.907902289540599799e-03
3.032201478198499889e-03
3.068183967431299935e-03
3.115561998513300020e-03
2.764892084390999961e-03
3.224313990227900030e-03
2.760814550437799830e-03
5.718484754547399629e-03
3.380185447335999800e-03
3.200773799601399922e-03
2.871293602703199870e-03
3.034745514243100076e-03
6.585404684528900141e-03
3.234817891554300079e-03
2.849823441181500213e-03
3.115968969008499952e-03
3.230463282586600211e-03
2.975232257616399964e-03
5.320173038936400201e-03
6.812167778167999704e-03
3.095927078808799818e-03
2.954528302772400136e-03
6.482420410643599876e-03
6.534176642739799798e-03
3.292651013506800017e-03
3.165773143951400043e-03
5.863232584062400346e-03
3.323365920863500036e-03
2.883120475207699880e-03
3.179549391059599897e-03
2.848088588903700032e-03
3.001900602339400200e-03
5.270816514442400354e-03
3.029630698636600131e-03
3.068560020241500007e-03
3.044414696939700023e-03
2.943854850051299838e-03
3.455742395159199995e-03
3.025401103061600098e-03
3.051303088130999895e-03
2.855166376777899806e-03
3.132879902077400063e-03
2.776418209072900167e-03
3.316718200217900168e-03
3.149930408467499846e-03
2.992870565573499831e-03
3.541828188276999797e-03
3.150188878513500174e-03
3.107074370906199885e-03
3.209765675783099893e-03
2.920852341848700212e-03
5.718484754547399629e-03
3.284671195024699807e-03
3.306094861813500211e-03
5.013551857546899582e-03
3.314955185527200011e-03
2.901198174204899869e-03
3.305926325158299855e-03
3.070530364534999977e-03
2.747832372432299809e-03
3.316509249619300093e-03
6.613588357421200381e-03
3.067300050751199918e-03
5.677300695248700332e-03
2.985888233675799974e-03
2.838443405179200043e-03
3.201005513277900040e-03
3.444794705984400001e-03
2.886517671848800020e-03
3.126504073396999851e-03
2.508807634286599857e-03
3.213926086228200123e-03
2.953178133926699905e-03
2.796457546892399879e-03
5.899284472160900086e-03
2.978161339028299794e-03
3.037389839200100184e-03
6.175164969971599915e-03
6.770309043105200361e-03
3.125483161441500006e-03
5.885078318422500357e-03
2.836521511165600133e-03
6.464045450726900108e-03
4.434749477868299601e-03
6.791053110708700040e-03
3.159807727400299870e-03
5.293484433523699788e-03
6.969564819270000072e-03
3.347620400484099812e-03
2.960032510554599927e-03
3.045709012819499979e-03
2.980356133729800214e-03
2.675384409933900028e-03
5.917326987251700192e-03
2.886627556479200076e-03
2.976145304860199937e-03
2.897450405824099785e-03
3.300065597399599870e-03
6.580594714183700400e-03
2.911143186882800184e-03
2.731528959821500051e-03
6.763569229050600193e-03
3.530006636904899943e-03
5.514423459262300133e-03
3.461480644094700170e-03
4.559447906847399583e-03
3.290055215013000089e-03
5.596835733453099995e-03
3.067985534082199976e-03
2.926007705032999864e-03
3.182709986163499965e-03
6.345717788749200353e-03
3.021467670468000032e-03
6.966732649898800360e-03
4.940898466569999641e-03
2.953076091511199885e-03
3.003756321096100017e-03
5.780726895911600036e-03
3.309528475220899907e-03
2.771767588839900084e-03
6.221273957706699789e-03
5.331694585373800317e-03
3.016999069317499900e-03
6.095478556815399872e-03
5.019140466551099897e-03
3.012051086205399988e-03
3.171126033685800049e-03
2.704345636628200170e-03
3.211180480392200089e-03
3.224031685685000131e-03
3.116235808405099991e-03
2.905218413710099808e-03
2.908177854892500178e-03
3.051754450290000004e-03
2.798630261698699905e-03
2.740158840820100094e-03
6.392281789213499765e-03
2.978441162743500174e-03
2.945621536417300165e-03
2.709497186990900142e-03
2.884259170920099816e-03
4.903444795035800073e-03
3.224072749850499971e-03
2.922898919289599901e-03
2.788800250637000003e-03
5.572322724595800240e-03
3.493942952173399903e-03
2.941227831690300214e-03
2.757379975439900200e-03
2.798325100176900140e-03
2.630020090191199835e-03
3.034307973918099789e-03
3.015820186934599963e-03
2.975911185970099918e-03
2.901205245445900166e-03
2.727066399170700178e-03
5.167075061746900268e-03
5.807482494250700358e-03
6.632554668054800422e-03
2.839907504209500128e-03
2.756797069657400141e-03
2.764229434967400197e-03
2.857422309900200207e-03
3.042276730409299891e-03
2.707668490034400091e-03
3.312962126139900199e-03
5.934329207977800252e-03
3.269224290430299863e-03
3.561696441389599829e-03
2.995314989624700119e-03
2.912069906187599987e-03
3.098940952045299915e-03
5.885078318422500357e-03
2.673431606125000002e-03
6.688912485629200030e-03
2.998353313622800081e-03
6.215947490670500203e-03
3.021792862392300074e-03
2.997536240568600061e-03
5.899284472160900086e-03
3.068291566180100099e-03
6.051849972867700232e-03
3.086807234406999893e-03
2.898694497150100004e-03
2.931815335554199820e-03
2.881602780884299966e-03
3.088537224377000193e-03
3.007488625146399926e-03
6.917725691043400023e-03
2.808871204972100168e-03
2.956988853587699893e-03
3.203565403713400182e-03
2.777159702195699988e-03
7.447289473357700425e-03
2.936305539413399963e-03
5.946289734569399667e-03
2.931590073103400047e-03
3.224224119337499878e-03
2.627407196163699873e-03
3.191717482591299986e-03
2.918062807738000097e-03
3.176999607033700011e-03
3.055639727457499805e-03
6.993678002379800050e-03
6.333306686732999811e-03
2.982552125745000209e-03
3.115951252131900044e-03
3.234234804634600162e-03
5.725445167795799838e-03
6.534176642739799798e-03
3.540690256607600169e-03
5.167075061746900268e-03
3.038451471974699947e-03
2.918257606962299921e-03
3.478787125779700135e-03
3.097448870432399810e-03
2.842813300271600143e-03
3.348628381675800101e-03
2.785878396523300184e-03
6.721791647216699903e-03
3.154131983891199972e-03
3.055998480964200199e-03
6.768421881127100262e-03
3.049013826444700159e-03
3.102786172629799950e-03
2.800687625604300190e-03
2.909483831601400190e-03
5.824982913279899872e-03
3.201678111593399788e-03
2.966222608500300190e-03
5.735856135119899758e-03
3.163422711293799837e-03
2.953716055372600062e-03
3.035574330115899978e-03
6.062585001732400357e-03
3.417981815524399804e-03
3.193946925190299831e-03
6.681941255380199896e-03
2.902925615815300005e-03
3.274520320192199959e-03
7.061991235214700249e-03
3.195137752227099857e-03
4.711391030465699944e-03
2.748195969772699795e-03
3.240058529867400044e-03
2.751375854914599964e-03
2.843669698183700148e-03
2.709160684929700150e-03
3.106022827168600058e-03
2.881246503602000013e-03
3.009670433796900191e-03
6.095478556815399872e-03
2.795379441512299990e-03
2.942860622859400175e-03
3.557819014529799932e-03
2.942041796472200099e-03
5.544967008662999609e-03
3.100150161335600129e-03
2.978616947234600121e-03
3.049281155879600066e-03
6.285651073834300391e-03
2.967965286862999860e-03
3.102314283364400200e-03
3.303237438902400201e-03
3.096551443812399929e-03
2.755571398305700116e-03
3.142190524715200110e-03
3.153397274907000000e-03
3.139876114115099960e-03
3.125595084797900148e-03
2.926588593782700025e-03
5.904754218751299966e-03
5.379279578669400423e-03
3.367113909495100029e-03
3.286655064261099785e-03
2.698325462755799941e-03
3.068919231201600213e-03
4.848624344991899794e-03
5.456513275330299867e-03
3.118726837489200002e-03
6.064588688183700227e-03
6.213449642147699827e-03
3.259679975415099955e-03
3.137037549579100183e-03
2.822983941661699834e-03
2.783142347327999862e-03
3.240381373826500214e-03
4.847672001847399756e-03
5.629698279467100323e-03
4.617010598811100049e-03
3.227636688157399861e-03
2.773500885163599893e-03
5.180270678633700290e-03
3.101571106291900210e-03
2.957256110152800196e-03
5.313976772630299786e-03
3.512256191538699890e-03
2.947232528047800081e-03
3.009601223657600022e-03
3.364545137944000008e-03
5.371729842144300042e-03
3.202220669929799982e-03
2.887867973505799969e-03
6.352967007248499706e-03
2.878544439575999973e-03
3.138590336553800150e-03
6.640532905591399818e-03
3.111763158362799899e-03
2.710371864968899938e-03
5.514423459262300133e-03
3.649195976961100169e-03
5.906744728270399945e-03
5.979343490111400060e-03
4.434749477868299601e-03
3.197336448698199964e-03
2.898450933206799928e-03
2.804921340730999989e-03
2.769104619493600178e-03
2.917497542678300099e-03
3.047989469293499974e-03
3.186164438490100143e-03
3.022491539913000139e-03
2.729607912216600214e-03
3.093194208132600195e-03
3.007895596278300186e-03
2.656943821894599839e-03
5.627924571151799761e-03
3.308398445734000212e-03
2.943200058334899828e-03
3.529604921621399844e-03
2.985388507365900005e-03
2.859067761590200051e-03
5.712627809641399566e-03
2.787923584288700199e-03
3.019566663283200069e-03
3.103422166030799997e-03
3.209866995846499902e-03
3.188383381507300073e-03
3.098055541854900091e-03
3.114915459195199878e-03
3.155326058285099801e-03
2.946621309027700093e-03
2.987772745961500120e-03
6.623592040667899798e-03
3.181278778434199969e-03
2.938720416842600068e-03
2.598861853066699798e-03
3.097257369911099976e-03
5.765509387188699764e-03
3.006866233756599980e-03
3.161995331459100094e-03
3.176980153540399834e-03
3.077898230511899851e-03
5.687550134710999718e-03
2.695527102589800016e-03
5.822068581714899896e-03
3.583470957638900094e-03
3.392875792645599822e-03
2.684576506758299969e-03
2.640788588029199802e-03
5.751643232084899769e-03
2.920145226560900108e-03
2.753076933569100198e-03
2.653732322998000100e-03
3.184559096662300127e-03
3.319739880618300006e-03
3.274712089624899885e-03
3.298909188502500110e-03
3.115697454262400003e-03
3.218922031869199916e-03
3.077802369475999850e-03
2.695089517564099989e-03
3.018183582009900147e-03
3.086709423171699919e-03
5.636980030946999939e-03
6.445462567137999650e-03
3.302452298171300142e-03
3.479686788587000017e-03
5.381739076041999921e-03
7.100231111464599953e-03
2.834290805223600197e-03
5.879806266197299888e-03
5.780726895911600036e-03
2.898711052667200024e-03
3.150637643697799892e-03
3.401748895739699872e-03
5.715501353157699700e-03
3.180155130580600200e-03
3.040357969979600155e-03
2.933451457446599811e-03
3.229785832490900208e-03
3.442646871587299890e-03
3.505198088897099919e-03
3.207285654712500184e-03
2.703378221098199849e-03
3.449161136336400136e-03
5.789296629482699671e-03
3.195826042201999843e-03
3.183572540537000107e-03
3.158755940266000112e-03
5.442028215466600087e-03
6.252411378816500123e-03
3.095066111271900164e-03
5.925899218723699839e-03
3.138798866027700009e-03
5.373286832157600328e-03
3.153693944846800139e-03
2.839502718853300061e-03
5.887074466855300031e-03
3.097773562244199828e-03
5.965102628522699936e-03
3.137357033476099837e-03
2.964545739681499932e-03
5.141678293188199633e-03
3.126321468536399830e-03
3.129579071919200151e-03
3.092735201154400097e-03
3.039620404519200077e-03
3.386457303682199882e-03
3.028547793039999911e-03
2.984986234793300056e-03
3.090146648404800116e-03
2.936736948167699857e-03
2.735860150013100147e-03
2.847796653477500071e-03
3.085506269784900162e-03
3.067466057635899988e-03
2.851370297770400124e-03
2.562254842561099803e-03
3.330712648769400177e-03
3.046938740361799982e-03
2.941953411838200017e-03
2.791862594253099843e-03
3.158142848428999866e-03
3.218616527448699832e-03
2.918391120406500089e-03
2.928260210007699836e-03
3.040510078323700131e-03
5.744981698366700106e-03
2.901338972857399941e-03
3.205376874588199837e-03
5.149451519054100250e-03
6.836531453190000142e-03
2.861801670269499814e-03
2.966792362677700152e-03
3.251368749016899859e-03
3.106756708986900019e-03
2.991032293871200183e-03
2.803197929688899977e-03
3.154442265473999911e-03
2.712001311039899908e-03
6.993678002379800050e-03
3.148042482124799920e-03
6.287861927381699703e-03
7.498359048064599623e-03
3.019915879882300019e-03
3.071069112506600012e-03
2.822491413034299793e-03
3.084473239408400125e-03
5.610519825391099662e-03
2.885251163256699961e-03
3.095586677450400028e-03
6.361471507356100327e-03
3.413944038407299830e-03
3.199390819091000194e-03
3.070119449146699927e-03
3.485632219027400176e-03
3.018000519976899929e-03
5.385857669652599836e-03
3.214560926198799934e-03
6.513293258466899653e-03
2.585028657328699783e-03
2.778140194960700051e-03
3.230693727833799933e-03
2.914057804015999890e-03
2.480836971543799990e-03
5.554097289007900104e-03
2.790868072333300108e-03
2.979860550115800109e-03
5.311345843222100085e-03
3.138850135068599854e-03
2.723919477148699884e-03
3.517261587483599787e-03
3.378129696822499990e-03
3.113727840659599819e-03
3.357035692889800190e-03
3.050734170982599865e-03
5.419734772578100289e-03
3.143077431341699968e-03
4.747462126818100328e-03
3.220799247316399883e-03
3.063771369853000078e-03
5.889465445715999677e-03
6.221273957706699789e-03
3.226033560105999887e-03
2.848549121003999922e-03
3.282735435371499869e-03
2.811485497493299880e-03
2.973100545308399786e-03
2.843624608532900177e-03
2.880891400969499798e-03
2.920694972351099965e-03
2.881123387798500100e-03
3.323231201949499933e-03
3.125065025469800101e-03
2.888151056642699905e-03
5.828038684305199973e-03
3.442840471477900087e-03
3.133156960538800197e-03
3.156617414884199928e-03
3.070885259618000036e-03
3.137883865830299983e-03
5.703003668173599675e-03
2.583920987732100071e-03
2.753254719014399787e-03
4.935573097127299649e-03
3.208606950068000098e-03
3.159654791335999788e-03
2.755346626305000147e-03
2.945300685530099789e-03
2.980046458550500172e-03
4.836645450459699583e-03
2.892067941858899802e-03
3.104469254155299996e-03
2.835872835864300216e-03
3.188026554243399927e-03
3.540192422874699832e-03
3.067856245693399968e-03
3.085786917170400042e-03
4.940898466569999641e-03
3.010152594049699936e-03
3.046962207271299797e-03
6.929547391890200289e-03
3.009322159389499901e-03
6.768421881127100262e-03
2.996952160134699981e-03
2.953484300263300045e-03
3.225125320562499849e-03
2.819512857782000090e-03
5.019140466551099897e-03
5.837159669727300278e-03
4.730491290689100257e-03
3.173765943027099818e-03
6.900678448678800210e-03
2.994011563922999858e-03
3.298802049012099918e-03
3.188762305625300175e-03
3.008685326050000025e-03
6.769363892385599907e-03
3.248482401151100204e-03
3.151831418616600055e-03
6.226272508601400288e-03
6.197127136214899794e-03
3.165961291463900013e-03
6.039334553359899938e-03
3.127743334458500061e-03
6.285651073834300391e-03
3.406403025435400002e-03
3.276482953546400092e-03
3.356266402502900044e-03
3.144161369281099974e-03
2.913497335409900076e-03
5.412375142497099709e-03
3.002195195591899918e-03
2.982075020458900029e-03
3.113843081323999871e-03
3.040781843226300196e-03
2.925382179272499866e-03
3.287941943349800139e-03
3.362047447397099788e-03
7.123620089288899837e-03
2.762503176610300090e-03
2.965523679345600030e-03
6.045556221498099916e-03
2.850349153570999952e-03
2.925977326856499944e-03
2.838340204837900074e-03
3.180814879143100023e-03
2.926146185354500107e-03
2.948302138326200188e-03
2.958399037831000063e-03
3.192855073090299957e-03
2.646242299887900142e-03
2.793770314167900136e-03
5.363086429698600034e-03
3.099387737010099973e-03
3.410186274834299796e-03
3.182580134802299923e-03
3.190074742302399877e-03
3.167712149118000111e-03
3.035142263808600187e-03
3.513827855854699794e-03
5.019859103265199990e-03
3.049684605521899971e-03
2.958879188277899978e-03
3.497132660875500176e-03
2.958024150433900216e-03
6.897454556298999832e-03
3.047483724099300188e-03
6.482420410643599876e-03
3.248043992386099883e-03
5.775446476330699762e-03
2.955142799341500121e-03
2.995927100322399918e-03
6.821822746482400154e-03
6.896407879911600411e-03
2.989187904771299902e-03
3.393745334647999944e-03
2.712354381781400051e-03
5.403716655587900188e-03
3.182098011600699959e-03
2.938810413714799865e-03
3.155477763099300177e-03
2.911438665832999980e-03
2.912190837881399944e-03
2.814824371055400006e-03
7.246945486748699802e-03
2.956843306278500189e-03
2.933166193595999980e-03
6.436354927622900401e-03
5.269041338925700355e-03
5.917326987251700192e-03
6.683927546892899987e-03
3.247745124714200137e-03
