7.182000228374100029e-03
7.413817255513099891e-03
7.304280194772400266e-03
7.279466902539199688e-03
7.385119559330500204e-03
7.282600082043099929e-03
7.233518217393999916e-03
7.123406103815800236e-03
7.249342432024800248e-03
7.253262484408500195e-03
6.978942222097800352e-03
7.164812997674400129e-03
7.298754292541899738e-03
7.390004948666100033e-03
7.428584732378599835e-03
7.129156866052300395e-03
8.132928560370199234e-03
7.159065675918899890e-03
7.053978491504199998e-03
7.300609178373399823e-03
7.384151962328500129e-03
7.301101415323999963e-03
7.188197159090499791e-03
6.960087386476500326e-03
7.153152487773599584e-03
7.220719882487800292e-03
7.220855752229000425e-03
7.021279860873100298e-03
7.189919767202899645e-03
7.302658614552599847e-03
7.052226164576999579e-03
6.158987035103299923e-03
7.437188470582700370e-03
7.283014026341299782e-03
7.244645673188199707e-03
7.196341133629100169e-03
7.145371749917899667e-03
7.348953597536799637e-03
7.327477454070899579e-03
7.448159964354400357e-03
7.178870332576300223e-03
6.392291645359499813e-03
7.113604094275499667e-03
7.167129311284600041e-03
7.284359844787200063e-03
8.395718030395500284e-03
7.275148747527999948e-03
7.429100976261300213e-03
7.152551354838400030e-03
7.313690164169399724e-03
7.164871998899599928e-03
7.200583159690600137e-03
7.357793808647400402e-03
6.522377431668400019e-03
7.184994942766200279e-03
7.118035045353200349e-03
7.388307437331599961e-03
7.359187753199199732e-03
7.168617564226800222e-03
7.107164673550200006e-03
7.048581174453500200e-03
7.222810576279099608e-03
7.252136368179500081e-03
7.039246952118100378e-03
7.046115454122999985e-03
7.131794770141300019e-03
7.225790464161599945e-03
7.272776641204499980e-03
7.121735325364799904e-03
7.396240156061700127e-03
7.348060517737399835e-03
7.292071396369200278e-03
7.272284628426600207e-03
7.431269911584200381e-03
6.348504421770899929e-03
8.744817476825900160e-03
7.385522447565399939e-03
7.031417737192799736e-03
7.167268592328300200e-03
7.231159375805300098e-03
7.181503737924300329e-03
7.166572506521799724e-03
7.228186611259899627e-03
7.139454312228299578e-03
7.142646475773799589e-03
6.529389984429799856e-03
7.374756016168999839e-03
7.306688686202600369e-03
7.098730116262300278e-03
6.899309887005200363e-03
7.341645622757800131e-03
7.211177722027299966e-03
7.897312948253999709e-03
7.217480199217800318e-03
7.322170259394199937e-03
7.302437915700700326e-03
7.259990554272299952e-03
7.263412163617899951e-03
7.246899681525299959e-03
6.512035083268899807e-03
8.068404779099100713e-03
7.498289358598700209e-03
7.235195833489900183e-03
7.697102797283399828e-03
7.252794393525999889e-03
7.280732749702600176e-03
7.314967958656400267e-03
7.036666198608599633e-03
8.068404779099100713e-03
7.112860246213200364e-03
7.156340167654999876e-03
7.107704230458899639e-03
7.150911576012299736e-03
7.124976890800999683e-03
7.304885158302899979e-03
7.327357619063499736e-03
7.347059848440099829e-03
7.328604305498799716e-03
7.935272488080499786e-03
7.337783970502500044e-03
7.215230259504700275e-03
8.410498781068399821e-03
7.326761128816500213e-03
7.100708954422299719e-03
7.306239040853800340e-03
8.083617299741599135e-03
7.046736618092300057e-03
7.481559857240200305e-03
6.657769218768599603e-03
7.399497783420400272e-03
7.476288590382199929e-03
7.051257407765200089e-03
8.055202690294999135e-03
7.084488950837700139e-03
7.158393411191800101e-03
7.058353924462900178e-03
7.296071821371300295e-03
7.085661615303899888e-03
7.111728148227700400e-03
7.136220771937499575e-03
6.212998354099499680e-03
7.147211545722199737e-03
7.021978088508700269e-03
7.214646288229800176e-03
7.395760159983800000e-03
7.199942121058000404e-03
7.400264000551899819e-03
7.175204644263699812e-03
7.211725321973999972e-03
7.441558372330499792e-03
7.390597124630999583e-03
7.113186278012300322e-03
7.390736742711500121e-03
7.166441599354999616e-03
7.210125972894199618e-03
7.239648022315399965e-03
7.012106259874599859e-03
7.529375121668699898e-03
7.022000045983399844e-03
7.136996795067599916e-03
7.223360245524700247e-03
7.470115034433300223e-03
7.122028230637999884e-03
7.188917676945999653e-03
7.288132702821300407e-03
7.238901773852800259e-03
7.265574088298599673e-03
7.282045014909300368e-03
7.495508140374199796e-03
7.157748175295399959e-03
7.191474355438799704e-03
6.778372948018700390e-03
7.305216753356299879e-03
7.384504932062699659e-03
7.357463208958099805e-03
7.272537423092299835e-03
7.162613110336099598e-03
7.143762306510300329e-03
7.166328597785200268e-03
7.209004928102800101e-03
7.149247754858200320e-03
7.711506173987799778e-03
7.086006125451699972e-03
7.133761310036799801e-03
7.055328971134900394e-03
7.205342837464799761e-03
7.210137099151900375e-03
6.971737578387300280e-03
7.980402963156000423e-03
7.339806372824900227e-03
7.486696564383400407e-03
7.161490125032999969e-03
7.036376913393900014e-03
7.338884054428299920e-03
6.529389984429799856e-03
7.459535901886100301e-03
7.201354882481299929e-03
7.070496264183099774e-03
7.048580316548600302e-03
7.669611698781500335e-03
7.171449107386000145e-03
7.312568669307599988e-03
7.312326233925900421e-03
7.186941202364400053e-03
7.426371243434299815e-03
7.214697302016999901e-03
7.347059848440099829e-03
7.327598716178099734e-03
7.451453574106200323e-03
7.599479293925200281e-03
7.439920915475599882e-03
7.073401927254399993e-03
7.004669608089099733e-03
7.242644410788100055e-03
7.261373259224900012e-03
7.392205502564299854e-03
7.297710409230499969e-03
7.115099479023600029e-03
7.148602499607000296e-03
7.196651939817000354e-03
7.247736246469200366e-03
7.488594417455900036e-03
7.207293644334700211e-03
6.664743126459700233e-03
7.502116092951900163e-03
7.128937069400200117e-03
7.473966457089399607e-03
7.470948635618099645e-03
8.265157820808799807e-03
7.042541410015299742e-03
7.280251849075199642e-03
7.250376040556999815e-03
7.083120417761300421e-03
7.392792520235699598e-03
7.305885914027100345e-03
7.151267961655999837e-03
7.099078282881500328e-03
7.267458995238699690e-03
7.172177571734100233e-03
7.204670326823200271e-03
7.620762860594000251e-03
7.256662368609200116e-03
7.148701407460000129e-03
7.082916835156200137e-03
7.705384166585899607e-03
7.029690454341899937e-03
7.413547623490400300e-03
7.193755397212399719e-03
7.209342409132200001e-03
7.182623094939600411e-03
7.223284364344000237e-03
7.440708627845399672e-03
7.199435604430599878e-03
7.186628733653699884e-03
7.314048078674900005e-03
7.317366044625899825e-03
7.058353924462900178e-03
7.263195682399700183e-03
7.415351083233399920e-03
7.264773823683600036e-03
7.258943696843700270e-03
7.465931204990499705e-03
7.324580438665699925e-03
7.246967657235500390e-03
7.436630096592699614e-03
7.302575733287799790e-03
7.195792539683099759e-03
7.183773809506599842e-03
7.162275417045300269e-03
7.326161336097400216e-03
7.344441539698200357e-03
7.289048018857400245e-03
8.505874118838600492e-03
7.538535597838899767e-03
8.205397129164399353e-03
7.187821784476300380e-03
7.188357379141300206e-03
7.309103583586500259e-03
7.211899190481399664e-03
7.290581328842199969e-03
7.911146893538700473e-03
6.952722928202099972e-03
7.175208935739300041e-03
6.999248551676299709e-03
7.188988353661899568e-03
7.208252886447799775e-03
7.130295784793999787e-03
7.333465877838700117e-03
7.179150644852800092e-03
7.315388956691599998e-03
7.276710157152300323e-03
7.165849401679600349e-03
7.322032274646000406e-03
7.425475264367100217e-03
9.111990549062500694e-03
7.265496623280300395e-03
7.219050194689100204e-03
7.238423350498700282e-03
7.185486967862400078e-03
7.169270059448100245e-03
7.252325878147300106e-03
7.212320945303100049e-03
8.594983368585400532e-03
7.235404129707400170e-03
6.900291860415500370e-03
7.296968172875300043e-03
7.203550800544400272e-03
7.714542922039799994e-03
7.015973912262499917e-03
7.333895492221499668e-03
6.474610100563000202e-03
7.228402076181300075e-03
7.252698335434799859e-03
7.331508635269899654e-03
7.653398090273599852e-03
7.312207526764999931e-03
7.214922843608100392e-03
7.227572527842200320e-03
7.120371663542400184e-03
7.228828650744499595e-03
7.041870631644200039e-03
7.264208392164000355e-03
7.332974920587299883e-03
7.867708989450999599e-03
7.164608556004399900e-03
7.158804829771299796e-03
7.394337695249500290e-03
7.208937258480600102e-03
6.692867172568699695e-03
7.182349727816999575e-03
7.303970539157000202e-03
7.247374423850799947e-03
7.256504997311699796e-03
8.043167740027199614e-03
7.300107720527199660e-03
7.170765553450899644e-03
7.185000157490100368e-03
6.943179158917099809e-03
7.113917135543999619e-03
7.207924059387900081e-03
7.529124992601199905e-03
7.013505870114400409e-03
7.299188273018899879e-03
7.248626143259700311e-03
8.549936584080500279e-03
6.808051415166000396e-03
7.415448005606299978e-03
7.092019088270999638e-03
6.799577303791199887e-03
7.281457302469799935e-03
6.965275552970100204e-03
7.538535597838899767e-03
7.313121484348599974e-03
7.498508680675699915e-03
7.094731076052999789e-03
7.188994129301499829e-03
7.197741362421000016e-03
7.048835102435400263e-03
6.999981347384200137e-03
7.262704470963800112e-03
7.150524129993499588e-03
7.319420504946399890e-03
7.528911999264999849e-03
7.290356206695300205e-03
7.231254329134300003e-03
7.454629817731900365e-03
6.909510853765899775e-03
7.179629873655200140e-03
7.898692449896799195e-03
7.290030833161999756e-03
7.195225268477299825e-03
7.210498155134599692e-03
7.024125724254899963e-03
7.265293824076799779e-03
7.316097759054699876e-03
7.202106382542700427e-03
7.287546971235600406e-03
7.375420061793700084e-03
7.448353811208699611e-03
7.177959718970099851e-03
7.971416109199599281e-03
7.107785041395000419e-03
7.251855311324099940e-03
7.201389423221600007e-03
7.262870912887800338e-03
7.430365931792900190e-03
7.153589072386600314e-03
7.225113543415599866e-03
6.833928619921599695e-03
6.849921130245100430e-03
7.268945328282499889e-03
7.235828552649300159e-03
7.153060182232899925e-03
7.165843262566700018e-03
7.359408174616099800e-03
7.354220533402800082e-03
7.326846753302599692e-03
7.525079725912100018e-03
7.289715704772799579e-03
7.394418995276700289e-03
7.289834879116200220e-03
7.325693409426000356e-03
7.195923072424799567e-03
7.332591048931499760e-03
7.288114574051299602e-03
7.197616607675899614e-03
7.511784176448200318e-03
7.238431565593899872e-03
7.093938561985100102e-03
7.288404377288199877e-03
7.361375784383300362e-03
8.025778907106399448e-03
7.612434535412500314e-03
7.213783259663099703e-03
7.161356424316800244e-03
7.599598834655899894e-03
7.076900358719999569e-03
7.363301274807399974e-03
8.217326791603200148e-03
7.345711687833099933e-03
7.069253505055599941e-03
7.285244155235799657e-03
7.288640507046599895e-03
7.100073177066300138e-03
7.233781237467900270e-03
7.192329594678800037e-03
7.083932842104100243e-03
7.222489029162400265e-03
7.144521391212300433e-03
7.262022569413300287e-03
7.241209829679799877e-03
7.536497665793400087e-03
7.266330717636599983e-03
8.225829567293500844e-03
7.966420808762199671e-03
7.235852070478199748e-03
7.049559881406599997e-03
7.870385531618799904e-03
6.581693237079600314e-03
6.528709542266700021e-03
7.299460197915199657e-03
6.782834817842299698e-03
8.225829567293500844e-03
7.306240789400999733e-03
7.016746704562900130e-03
7.714542922039799994e-03
7.139746983063400415e-03
7.295860230678199998e-03
7.250697664549199915e-03
7.004669608089099733e-03
7.180421678605599864e-03
7.174341588705700386e-03
7.264055429939800072e-03
7.202967556964199811e-03
7.258473649812399731e-03
7.328911622748100069e-03
7.391059560909300080e-03
7.177914515882900283e-03
7.118283846841699618e-03
7.338592403665299656e-03
7.195525602711299630e-03
7.247223736104199850e-03
7.145406568208100342e-03
7.222368174396700050e-03
6.212998354099499680e-03
7.253454209324300406e-03
7.448255108415799755e-03
7.173800787495200268e-03
7.232082226348000159e-03
7.442949326409800150e-03
7.905569472813000001e-03
7.427516165950200089e-03
7.657575277431800422e-03
7.179760821613099912e-03
7.203591376526300230e-03
7.278409911510799572e-03
6.425628633314000270e-03
7.290021863578500204e-03
7.271341030201199790e-03
7.219127976856499866e-03
7.210985592186599721e-03
6.755352428029199816e-03
7.129476624726199634e-03
7.042973906905300105e-03
6.970259102962499988e-03
7.271407118578999615e-03
8.055202690294999135e-03
7.377476791944799668e-03
7.398251662157699984e-03
7.449107688003499608e-03
7.207096799816999598e-03
7.076786370450800084e-03
7.323124868855999600e-03
7.049416516848199844e-03
8.505874118838600492e-03
6.755352428029199816e-03
7.295461981845600095e-03
7.502440251177799890e-03
7.999668500753499140e-03
7.288888779523499881e-03
7.488594417455900036e-03
7.173196122741899716e-03
7.391720039975300041e-03
7.210886410134799938e-03
7.235947718368300127e-03
8.052723929368600653e-03
6.529032874705300096e-03
7.552852500985500137e-03
7.308251480506500024e-03
7.031658880862799894e-03
7.639314031580599594e-03
7.344834315227699584e-03
7.361375784383300362e-03
7.204875191149999816e-03
7.223664996928699615e-03
7.173342952808300227e-03
7.371597812915200131e-03
7.319376859511299641e-03
7.191690042008499692e-03
6.897508250694000392e-03
7.134324095365999867e-03
6.111935041048900154e-03
7.342074285605099983e-03
7.396443080521199892e-03
7.105942875504699628e-03
7.982707981513599907e-03
7.391057255792999985e-03
7.107876613566399895e-03
7.199637738499399704e-03
7.230139917725000170e-03
7.344875486947099671e-03
7.139158352374599600e-03
7.080713177589900015e-03
7.306162751667399924e-03
7.207096799816999598e-03
8.186957970338599316e-03
7.552852500985500137e-03
7.204146420138999793e-03
8.407199336239099680e-03
7.262255556408200342e-03
7.162980991351500237e-03
8.235768898008600722e-03
7.321663592698200371e-03
7.032082266925399582e-03
7.724089882210100066e-03
6.755031350057399617e-03
7.218732403840799616e-03
7.066638835581599658e-03
7.180859563635300265e-03
7.324567449728799917e-03
7.327873761039199914e-03
7.136562443595399936e-03
7.197830188493199895e-03
7.197215203145600031e-03
7.266739875233199641e-03
7.282618873031899628e-03
7.101800781059900043e-03
7.157794096694599685e-03
7.610496292361999641e-03
7.441558372330499792e-03
7.287047392861700258e-03
8.605816955800600632e-03
7.355630647968800298e-03
7.336929492403799873e-03
7.112468091640500138e-03
7.363642579180399925e-03
7.051758457695900262e-03
7.267539166931700177e-03
7.185532294165799909e-03
7.347328000586199684e-03
7.216050707524499820e-03
7.294130028839699957e-03
7.277914063571200298e-03
7.036155881597099676e-03
7.296396781835599865e-03
7.250823686517400210e-03
7.202554954536999690e-03
7.108840454180300091e-03
7.194356554440600043e-03
7.250990907704799905e-03
7.192830402747400417e-03
7.479281318362500375e-03
7.281372944036399765e-03
7.246302597823399763e-03
7.137444082803199794e-03
7.280846139551800343e-03
7.259479253767400428e-03
7.272245169845700102e-03
6.608990373959000401e-03
6.548367896470900368e-03
7.151673708194800430e-03
7.214581994638500327e-03
7.031763494676999786e-03
7.328090720146099649e-03
7.337983534902699570e-03
6.648124399970799583e-03
7.285447063009199871e-03
7.410367100051699733e-03
7.247532789611699916e-03
8.072551999655900451e-03
7.124103361556499703e-03
7.436231069285499824e-03
6.764890336981899815e-03
7.361587443564500399e-03
7.185480023008199678e-03
7.235483389464399985e-03
7.192830402747400417e-03
7.333729053561399876e-03
7.329110810761800369e-03
7.151769559453099827e-03
7.352494450177900383e-03
6.122156779069999610e-03
7.415775945734700073e-03
7.313298098416899824e-03
7.181661765784799929e-03
7.149786537672999862e-03
7.314346909779399601e-03
7.266110954679200380e-03
7.096606102815899986e-03
7.262803432063300035e-03
7.265972550503200199e-03
7.276311449547499637e-03
7.353550741253700278e-03
7.088002218520000203e-03
7.233452934512400213e-03
7.046410187762699832e-03
6.813008553942800222e-03
7.095586543966999997e-03
7.225598639079999601e-03
7.184354391909899933e-03
7.262931437500300125e-03
7.250283776222800174e-03
7.349030417377700429e-03
7.165132039081099739e-03
7.320191796470800101e-03
8.605816955800600632e-03
7.118121985760599707e-03
7.479504326922899876e-03
7.256664124267999880e-03
7.223605916104399935e-03
7.391313892730700177e-03
7.086431297816399820e-03
7.045162813717200170e-03
6.897508250694000392e-03
7.269654135291600365e-03
7.092410913935099856e-03
7.293234921596200397e-03
8.611155139997200142e-03
7.217455613978900064e-03
7.162181524604900422e-03
7.333742825606300204e-03
7.397580120936699845e-03
7.215042566778200397e-03
7.268128035818900365e-03
7.197463278274999696e-03
7.674123281035299775e-03
7.170076492574099618e-03
7.161578357459699902e-03
7.440390792610300161e-03
7.430796662813200087e-03
7.330165170958099705e-03
7.049559881406599997e-03
7.154588226822800046e-03
7.122676046323699744e-03
7.764437825295100390e-03
7.388803540408100425e-03
7.065301551732299998e-03
7.131454220706399949e-03
7.249523791781600258e-03
7.279720523131700226e-03
6.340749913019400226e-03
7.177463717884900209e-03
6.475283318317500043e-03
7.293211473445400037e-03
7.156133320842200315e-03
7.572202431772000197e-03
7.094724031771099809e-03
7.697102797283399828e-03
8.101714141470900410e-03
7.121489513773399636e-03
7.035677304147399704e-03
7.044836004578399792e-03
7.055194158637199606e-03
7.314290499397699610e-03
7.258393200868100067e-03
7.672333091902900151e-03
7.834543597242300123e-03
7.077509773131400103e-03
7.230796793948699591e-03
7.131885374437100383e-03
7.214491747028799890e-03
7.105389467533199804e-03
6.969046012372299807e-03
7.185186485227599944e-03
7.090552903460299594e-03
7.213812017055299883e-03
7.243527933712100297e-03
7.919479145584900140e-03
7.319021021555300287e-03
7.432982400649999592e-03
6.616339796097500149e-03
7.155464652080200001e-03
7.386904460141899970e-03
7.313479690950800381e-03
7.069152080186200116e-03
7.233000234938800031e-03
7.233665458763900366e-03
7.337479998745399801e-03
7.257752643444299705e-03
7.610496292361999641e-03
7.834543597242300123e-03
7.195457961980900041e-03
7.346435632418699992e-03
7.167798972013699962e-03
7.206718526348500353e-03
7.271615509052699669e-03
7.210593984682000385e-03
7.038982928877400395e-03
7.110207617643199939e-03
8.074785224824200178e-03
8.204520572492100469e-03
7.181844514757699735e-03
7.209196992984500361e-03
7.284171633915700189e-03
6.111935041048900154e-03
7.278923268491799617e-03
7.289031147806299821e-03
7.191713199374100314e-03
7.311645453847899663e-03
7.125032623012100136e-03
7.326442476213400161e-03
6.981421789260300152e-03
7.064101019460799873e-03
7.175992423373399667e-03
7.222139598496900292e-03
7.152746995019199604e-03
7.244833876386199724e-03
6.455856571600899693e-03
7.323653981704500091e-03
7.115508924952900285e-03
7.357959451647399889e-03
7.236754047495399730e-03
7.117488220844399999e-03
7.125823772245100211e-03
7.268010170173600133e-03
7.003246869863699597e-03
7.166036768392900283e-03
7.195479883417000427e-03
7.192728057917900306e-03
7.109255145212999699e-03
7.597335679649100219e-03
7.164172324952300212e-03
7.170929965557400025e-03
6.392291645359499813e-03
7.129483221974100386e-03
7.228964234199800228e-03
7.308147520036500054e-03
7.257030994236400058e-03
7.299470073148899875e-03
7.193755397212399719e-03
7.328671008371899671e-03
7.189048457816299594e-03
7.171834073622499785e-03
7.941933072691000767e-03
8.205397129164399353e-03
7.499419849360399945e-03
7.315702555877099875e-03
7.081621030475900198e-03
7.442535407901500026e-03
7.230369152241900021e-03
8.092093360802899565e-03
7.231964279579300263e-03
7.324104457384499750e-03
7.123286932795999671e-03
7.211487029688799962e-03
7.328939129165100083e-03
7.322443075915999709e-03
7.094050494213299807e-03
7.196990419591499898e-03
7.450270233777699612e-03
7.036243400021799724e-03
7.364778883561899636e-03
7.460692655865300109e-03
7.298023203809999963e-03
6.981010778349099749e-03
7.263113616211299729e-03
7.680213246317999821e-03
7.038644701012100081e-03
7.350284019688800401e-03
7.281713684151799870e-03
7.302653627897799822e-03
7.064286984735400343e-03
7.870385531618799904e-03
7.226985283919499896e-03
7.955321958428299839e-03
7.127203466834999834e-03
7.219561006266199572e-03
7.424523873453200105e-03
7.218386887706600315e-03
7.230189695078300186e-03
7.041589769429299796e-03
6.846480083149499712e-03
7.311840377264800135e-03
7.248671476414000198e-03
7.297215282285799895e-03
8.266226588870400141e-03
7.329389337122699938e-03
7.201046781402500006e-03
7.215897646823499906e-03
7.064717181085499766e-03
7.339481298954200067e-03
7.008509717765999854e-03
7.366536781367599880e-03
7.333782994540499929e-03
7.215434009191199621e-03
7.138269688006100046e-03
8.407199336239099680e-03
7.571205498160199845e-03
7.123879789288399891e-03
7.255753333140799871e-03
7.160947573211899793e-03
7.063437561554300123e-03
7.563995908635799854e-03
7.321868482926499611e-03
7.156002382331099788e-03
7.178414855900599675e-03
7.249133081375900428e-03
6.657769218768599603e-03
7.150681020189699616e-03
7.214210905373000075e-03
7.153342195319699684e-03
7.497477431278399933e-03
7.326849417252099921e-03
7.162608308152599787e-03
7.384151962328500129e-03
7.297352622084900091e-03
7.149053126753199781e-03
7.092135884882599765e-03
7.267369849075500099e-03
7.309037649566699907e-03
7.139713002155900247e-03
7.114021770088199692e-03
7.260773220587300042e-03
7.265294811105700232e-03
7.206901023042699625e-03
7.282042957126600054e-03
7.182331089278700016e-03
7.195334607215300021e-03
7.178910036492999747e-03
7.180195860491799670e-03
7.139097336136200102e-03
7.100212252117299970e-03
7.231717238526599867e-03
7.579133782085700072e-03
7.289615482033599825e-03
7.310448577537599982e-03
7.079499178469899831e-03
6.833928619921599695e-03
7.010163501978299884e-03
7.347470461820900141e-03
7.169736184769500385e-03
7.090003357941299968e-03
6.438867394594699825e-03
7.247444431554800164e-03
7.235978272441300103e-03
7.354895668879799821e-03
7.359231005810699944e-03
7.981306196068599368e-03
7.435760808702500391e-03
7.189242388517699985e-03
7.166519629545699960e-03
7.189606572172700140e-03
7.125988214129900210e-03
7.683512627205500191e-03
7.194985893877300399e-03
7.124182608314899925e-03
7.837061259239100006e-03
7.166911621739400183e-03
7.234602505038399689e-03
7.126321914723700128e-03
7.189176252419300119e-03
7.257643955884699773e-03
6.982414111590000416e-03
7.153996585718799990e-03
8.736756192678199820e-03
7.260326339359099955e-03
7.608788272237000314e-03
7.980402963156000423e-03
7.085270400126199818e-03
7.159313837074399861e-03
6.648124399970799583e-03
7.141704122161999721e-03
7.336544930274599939e-03
7.100498827097999691e-03
7.213519685331099864e-03
7.531024088649100091e-03
7.117242992951599602e-03
7.161751422586900423e-03
7.277761614817099788e-03
7.241598466138399713e-03
7.219534779462399680e-03
7.988677541205399524e-03
7.036243400021799724e-03
7.163425375811599896e-03
7.821465351830200058e-03
7.255956674775299910e-03
7.320236689135200224e-03
7.327440824736199641e-03
7.214376292998200130e-03
7.224908301015500224e-03
7.147968912538799936e-03
7.169938694409900073e-03
7.235406580578899842e-03
7.118995045738999751e-03
6.710433679528900186e-03
7.180980174323199974e-03
7.232373630546799943e-03
7.258926018796900415e-03
6.483147454195700016e-03
7.216782126221999577e-03
7.174903962445400123e-03
7.141361891000600273e-03
7.163953675761200283e-03
7.425366452020200000e-03
7.522252884715099897e-03
6.143588760071700197e-03
6.640922221178799725e-03
7.275931810128100259e-03
7.224776867476199842e-03
7.265598873069800331e-03
7.180232833670799862e-03
8.745942976176200243e-03
7.201602021007999684e-03
7.170947989467300193e-03
7.074799892087800003e-03
7.278957993153799613e-03
7.509501387842099605e-03
7.354220533402800082e-03
8.003733660012500237e-03
7.000934761500999734e-03
7.392998622590399825e-03
7.121347948144200399e-03
7.256482849738899767e-03
7.113187267676499871e-03
7.152775341479299803e-03
7.128610121620199656e-03
6.608990373959000401e-03
7.131059036055100234e-03
7.052381360337200110e-03
8.395718030395500284e-03
7.195972160514699754e-03
7.305292281817699941e-03
7.415937474980900147e-03
6.970587150472200115e-03
7.237357937939299830e-03
6.989210106374900248e-03
7.075212254629799878e-03
7.226511193863099751e-03
7.359958579252199803e-03
7.506861049666900022e-03
7.268395086088900309e-03
8.446364206529100721e-03
8.090747818043699316e-03
7.269890154369299667e-03
7.235568586280200117e-03
7.002908552592400186e-03
7.502440251177799890e-03
7.227946281388899878e-03
7.149852005755399573e-03
7.116349935554299941e-03
7.310606211147300040e-03
7.299083634217299818e-03
7.234138126548200071e-03
7.248634259507899871e-03
7.158254257998200240e-03
7.266984250399999984e-03
7.319754174717799620e-03
7.201294686931499975e-03
7.168377153400300357e-03
7.266855944090900091e-03
7.211339462131999972e-03
7.002446923057199964e-03
7.175829596906199703e-03
7.369321733347799878e-03
7.424789065441099803e-03
7.134174078230100420e-03
7.188403907965100134e-03
7.172613250979899616e-03
7.672333091902900151e-03
7.052571795253100018e-03
7.281797502817400139e-03
7.094684938718899894e-03
7.271298208200700428e-03
7.090734231681700313e-03
8.354733215438199870e-03
7.208341922189900018e-03
7.245961005032700367e-03
7.176846421811200298e-03
8.101714141470900410e-03
6.571635272271099913e-03
7.183041352662999750e-03
7.255276394356699812e-03
7.118290573258599652e-03
7.288249452099699807e-03
7.295810892648500051e-03
7.324178252732200384e-03
8.354733215438199870e-03
7.196453034315299958e-03
7.324246175733399589e-03
7.124308834953000172e-03
7.228900158179899643e-03
6.224616130552899744e-03
7.069676727032099886e-03
7.327544903536500030e-03
7.208088280548700238e-03
7.383196150342099737e-03
7.219833824849300127e-03
7.228959531338999787e-03
6.429289601450700366e-03
7.275301626236499800e-03
7.516902130503900006e-03
7.360671389098299641e-03
6.528709542266700021e-03
7.061623829954099749e-03
7.172864881911600321e-03
7.228574242937600355e-03
7.379050867539299792e-03
7.253736535049499709e-03
7.311165495689799648e-03
7.278814122071599994e-03
7.286414354243399977e-03
7.159205361585500339e-03
7.197370991412799755e-03
7.232940243514200326e-03
7.210222285969600069e-03
7.190304546335599817e-03
6.930849311981799980e-03
7.256972319593799764e-03
7.279976452809600214e-03
7.530263017835699645e-03
7.067975147223200423e-03
7.330262334997100088e-03
7.383122907117899668e-03
7.111728148227700400e-03
7.273783279800800396e-03
7.224099076320600332e-03
8.619472626913499830e-03
7.412570388287300152e-03
8.197050156950999936e-03
8.297617063774600371e-03
7.271537605451699852e-03
7.209167726917599731e-03
7.069253505055599941e-03
7.355263642608599918e-03
6.779880764722199908e-03
7.197111180058100334e-03
9.095151866103899641e-03
7.045201129589300296e-03
7.348262181640400140e-03
7.084393737985600174e-03
7.411707246177900131e-03
7.297628351024099992e-03
7.303286723841600353e-03
7.264461512687299567e-03
7.195096186596500187e-03
7.705384166585899607e-03
6.143588760071700197e-03
7.438310241265300334e-03
7.169797793362299790e-03
7.246607202229400288e-03
7.009239105120500420e-03
7.497019491799299801e-03
7.299113212728500048e-03
7.180891395267400418e-03
7.084195255021200066e-03
7.192816862326300090e-03
7.573349957916399901e-03
7.117970655370500430e-03
7.292258936803799711e-03
7.189216145009100223e-03
8.602408269049800424e-03
7.154060754904299942e-03
7.254074914663300074e-03
7.136716914269800038e-03
7.207493794968799702e-03
7.274920384877600101e-03
7.191833372679299653e-03
7.127050763318400033e-03
7.297803924007299770e-03
7.163071235299600138e-03
7.214344479755299862e-03
7.187344629041099615e-03
7.094499997135300315e-03
7.152890681329899907e-03
7.269606883903200270e-03
7.157275707346100364e-03
7.143948124505099598e-03
7.036449621162699578e-03
7.284755918266399947e-03
7.143908518103999836e-03
7.143892565396800336e-03
7.224506825963500183e-03
7.436939520775000430e-03
7.283208976113200034e-03
7.270695926518900426e-03
7.058074383968399729e-03
7.238557964105199818e-03
7.171644426539900211e-03
7.129211057775300051e-03
7.242414352825600303e-03
7.052621174959100396e-03
7.143897691785200052e-03
7.238266295187399842e-03
7.338250457969900005e-03
7.253341078957200108e-03
6.616339796097500149e-03
7.012168167067399892e-03
7.455411758820199714e-03
7.082246208198099760e-03
7.428718139925199852e-03
7.371897303392500010e-03
7.194118249940800042e-03
7.132052862092900375e-03
7.534086621483899668e-03
7.130088778269799872e-03
7.126159694900800062e-03
7.353447877149200430e-03
7.229650114739499811e-03
7.334317148347599749e-03
7.131567597159100061e-03
7.212354217287999907e-03
7.041797093231200351e-03
7.193997709107199760e-03
7.291247907656899993e-03
7.223663513534200366e-03
7.069738604558999974e-03
7.177688892066900160e-03
7.529124992601199905e-03
7.317901599864500006e-03
7.286350987607000118e-03
7.227917877595400366e-03
7.168371341606700163e-03
7.324259682216700297e-03
7.256827766053199590e-03
7.191713923860299645e-03
8.678462056211399753e-03
6.799577303791199887e-03
7.273337761846600073e-03
6.997088780405999638e-03
7.068560357208799640e-03
8.420754493696799500e-03
7.518509764415999726e-03
7.143510648602099597e-03
7.167798490417300050e-03
7.076205182368499984e-03
7.309534481864100181e-03
7.357016558800799980e-03
7.280142380229499659e-03
7.180767515273399695e-03
7.051787405095100159e-03
7.423275103982700067e-03
7.156563951721900407e-03
6.846480083149499712e-03
6.806816561316799720e-03
7.280105089313200321e-03
7.140653162335999955e-03
7.028725463816699881e-03
7.556468711407000362e-03
7.448255108415799755e-03
7.428440290581200291e-03
7.535653882495500083e-03
7.257467651463600164e-03
7.190494193893600360e-03
7.276001626924899837e-03
6.361887230948999605e-03
7.229168115969899708e-03
7.919139152691899441e-03
7.134706069386599972e-03
7.187329606005900089e-03
7.103400421925700273e-03
7.195640707167900302e-03
7.027986750767800314e-03
7.196272346239799937e-03
7.428705780067800142e-03
7.230837541563500150e-03
7.999827818533400067e-03
7.430365931792900190e-03
7.306049323128199768e-03
7.203689019773899631e-03
7.223304896644799911e-03
7.123845681957900050e-03
7.211836219851700328e-03
7.413356606025700395e-03
7.226113829511300081e-03
6.977032103072099666e-03
7.016778244106699688e-03
7.269734805472900102e-03
7.312281164880699708e-03
7.389341699681800137e-03
7.470948635618099645e-03
7.176479748286700329e-03
7.056713641025599837e-03
7.302655252649800297e-03
7.119318423811899985e-03
7.318513296998000427e-03
7.077320655607300011e-03
7.530263017835699645e-03
7.249203439792999831e-03
7.262223451626299668e-03
7.442611731057500145e-03
7.390559658775700327e-03
7.296132279125000335e-03
7.104779581108400417e-03
6.455856571600899693e-03
7.892667505182100057e-03
7.379049295800800025e-03
7.404954292823899727e-03
7.202726732382099852e-03
7.724089882210100066e-03
7.044180767000400405e-03
7.643010614176199910e-03
7.069799643806599920e-03
7.062191283309099919e-03
7.246284761332199946e-03
7.376047387746299637e-03
7.055042792334400431e-03
7.072898779876600137e-03
7.444529911835300051e-03
7.135111983003500184e-03
7.262012130015400337e-03
7.191584304474200190e-03
6.755031350057399617e-03
7.165685089526499692e-03
7.497374189612799646e-03
7.237227672091800339e-03
7.251506344960400099e-03
7.300965890254400119e-03
7.097452351492400044e-03
7.304007022882800203e-03
7.155356703898899974e-03
7.950106013287499759e-03
7.579133782085700072e-03
7.152055502189299738e-03
7.296907003525500250e-03
7.221921688770499906e-03
6.832947239073399771e-03
7.207326961275299822e-03
7.208196258440400205e-03
7.366425099328200408e-03
7.245124468365799625e-03
7.333797704069299796e-03
7.498809531809300100e-03
7.214358091395399637e-03
7.260916319732800203e-03
7.132791209930600118e-03
7.821465351830200058e-03
7.348100722287500414e-03
7.401554776108000208e-03
7.292664860325599741e-03
6.425628633314000270e-03
7.304360147842300227e-03
6.834245760592600263e-03
7.532701782495700334e-03
7.331088457926299672e-03
8.090747818043699316e-03
7.123937681671599700e-03
7.212810562832299918e-03
7.152218308051599971e-03
7.222721955802999770e-03
7.255020391519299665e-03
7.046920241462400342e-03
7.216585003498600034e-03
