8.679485593201266002e-08
8.680193801343537066e-08
8.730381860039447633e-08
8.715754682652654383e-08
8.687580252931766460e-08
8.705533790202431065e-08
8.677960133516517547e-08
8.698974237539437847e-08
8.677540100035904262e-08
9.188920622344421036e-08
8.677540100035904262e-08
8.680520115955428929e-08
8.789974268773846553e-08
8.712176293943529611e-08
8.679452226771466646e-08
8.679210762342966101e-08
8.688538186026943102e-08
8.764718393809537430e-08
8.680193801343537066e-08
8.679210762342966101e-08
8.679452226771466646e-08
8.679452226771466646e-08
8.677960133516517547e-08
8.748553917233195204e-08
8.688538186026943102e-08
8.699262245756080113e-08
8.680737951918782865e-08
8.679982382419727270e-08
8.686343415211021741e-08
8.698974237539437847e-08
8.677540100035904262e-08
8.742536485042164870e-08
8.681519761844837457e-08
8.679452226771466646e-08
8.687580252931766460e-08
8.675667589326117279e-08
8.677540100035904262e-08
9.029784040235106012e-08
8.681519761844837457e-08
8.676875143772265643e-08
9.066566075684509783e-08
8.683263048623700210e-08
8.681519761844837457e-08
8.675667589326117279e-08
8.684028199007532087e-08
8.994258562922778542e-08
8.719038509514646537e-08
8.679982382419727270e-08
8.696111545408875197e-08
8.676360483219053589e-08
8.697538765146447192e-08
8.694802222316482502e-08
8.690722335172177594e-08
8.677540100035904262e-08
8.681601165915759998e-08
8.679982382419727270e-08
8.681404123738447965e-08
8.688538186026943102e-08
8.729205328053973950e-08
8.686343415211021741e-08
8.684894146069324936e-08
8.709547313743533938e-08
8.684028199007532087e-08
8.704485682475905454e-08
8.679452226771466646e-08
8.677960133516517547e-08
8.675667589326117279e-08
8.677540100035904262e-08
8.761885977693278178e-08
8.696111545408875197e-08
8.693954430806341777e-08
9.180362527849415842e-08
8.710872961720600113e-08
8.687815773006236176e-08
8.677960133516517547e-08
8.697538765146447192e-08
8.676360483219053589e-08
8.729864225331218239e-08
8.681519761844837457e-08
8.752592779824636306e-08
8.681404123738447965e-08
8.758314477423768216e-08
9.225692488073091472e-08
8.729205328053973950e-08
8.826819208941408335e-08
8.712176293943529611e-08
8.679982382419727270e-08
8.701586816741983468e-08
8.677540100035904262e-08
8.684894146069324936e-08
8.683263048623700210e-08
8.677960133516517547e-08
8.987121681495851002e-08
8.693954430806341777e-08
8.799278029252130156e-08
8.675743889154372253e-08
8.704485682475905454e-08
8.742536485042164870e-08
8.693954430806341777e-08
8.943143694505166137e-08
8.684894146069324936e-08
8.679210762342966101e-08
8.684894146069324936e-08
8.676360483219053589e-08
8.706332710853813861e-08
8.675667589326117279e-08
8.679982382419727270e-08
8.706332710853813861e-08
8.681601165915759998e-08
8.697538765146447192e-08
8.689712719112910470e-08
8.679452226771466646e-08
8.680737951918782865e-08
8.681818905927553865e-08
8.692533975421441981e-08
8.681818905927553865e-08
8.785831161815878997e-08
8.686343415211021741e-08
8.682465692897526640e-08
8.677540100035904262e-08
8.681404123738447965e-08
8.677960133516517547e-08
8.681404123738447965e-08
8.762601961092868998e-08
8.758314477423768216e-08
8.684594016631305603e-08
8.690722335172177594e-08
8.987121681495851002e-08
8.677540100035904262e-08
8.680737951918782865e-08
8.679452226771466646e-08
8.729205328053973950e-08
8.686343415211021741e-08
8.690870904113200339e-08
8.676875143772265643e-08
8.689712719112910470e-08
8.680737951918782865e-08
8.705533790202431065e-08
8.679257353578943470e-08
8.683263048623700210e-08
8.752592779824636306e-08
8.691314426644955117e-08
8.675743889154372253e-08
8.686023164480249678e-08
8.676875143772265643e-08
8.680737951918782865e-08
8.682465692897526640e-08
8.683105461917624291e-08
8.677540100035904262e-08
8.677960133516517547e-08
8.676875143772265643e-08
8.676360483219053589e-08
8.821333447971142308e-08
8.681519761844837457e-08
8.675743889154372253e-08
8.700459280959358097e-08
8.681404123738447965e-08
8.675743889154372253e-08
8.687815773006236176e-08
8.701586816741983468e-08
8.676360483219053589e-08
8.762601961092868998e-08
8.690722335172177594e-08
8.680737951918782865e-08
8.679982382419727270e-08
8.676074145246134170e-08
8.694802222316482502e-08
8.685260140072713037e-08
8.684028199007532087e-08
8.679452226771466646e-08
9.033082745470770533e-08
8.681601165915759998e-08
8.679210762342966101e-08
8.683105461917624291e-08
8.676875143772265643e-08
8.758314477423768216e-08
8.701586816741983468e-08
8.701586816741983468e-08
8.762601961092868998e-08
8.736716334637603144e-08
8.764675892317412810e-08
8.681818905927553865e-08
8.680520115955428929e-08
8.684028199007532087e-08
8.676074145246134170e-08
8.677540100035904262e-08
8.679452226771466646e-08
8.685260140072713037e-08
8.680520115955428929e-08
8.679210762342966101e-08
8.675667589326117279e-08
8.680193801343537066e-08
8.677960133516517547e-08
8.684028199007532087e-08
8.681601165915759998e-08
8.684230911397189642e-08
8.677540100035904262e-08
8.680737951918782865e-08
8.962212271360535206e-08
8.687356229813693647e-08
1.001443808006505368e-07
9.918445347735245715e-08
8.677540100035904262e-08
8.675743889154372253e-08
8.962212271360535206e-08
8.769775869597705312e-08
8.684230911397189642e-08
8.681519761844837457e-08
8.683105461917624291e-08
8.681404123738447965e-08
8.679982382419727270e-08
8.679257353578943470e-08
8.683105461917624291e-08
8.679272223919598888e-08
8.690870904113200339e-08
8.710872961720600113e-08
8.679982382419727270e-08
8.679485593201266002e-08
8.766968450129918697e-08
8.710872961720600113e-08
8.694802222316482502e-08
8.686023164480249678e-08
8.677960133516517547e-08
8.777440413089266185e-08
8.792402117937372915e-08
8.677540100035904262e-08
8.677540100035904262e-08
8.679452226771466646e-08
8.679982382419727270e-08
8.706332710853813861e-08
8.679257353578943470e-08
8.679452226771466646e-08
8.679210762342966101e-08
8.675743889154372253e-08
8.683105461917624291e-08
8.681818905927553865e-08
8.689712719112910470e-08
8.675667589326117279e-08
8.679485593201266002e-08
8.680193801343537066e-08
8.762601961092868998e-08
8.679272223919598888e-08
8.679272223919598888e-08
8.682465692897526640e-08
8.943143694505166137e-08
8.679452226771466646e-08
8.681601165915759998e-08
8.681404123738447965e-08
8.677960133516517547e-08
8.694774339339666980e-08
8.679452226771466646e-08
8.679452226771466646e-08
8.685260140072713037e-08
8.684028199007532087e-08
8.680737951918782865e-08
8.712176293943529611e-08
8.679452226771466646e-08
8.689712719112910470e-08
8.684230911397189642e-08
8.677540100035904262e-08
8.677960133516517547e-08
8.910939689995831988e-08
8.675743889154372253e-08
8.681519761844837457e-08
8.675667589326117279e-08
8.687356229813693647e-08
8.679452226771466646e-08
8.683263048623700210e-08
8.680737951918782865e-08
8.679257353578943470e-08
8.676875143772265643e-08
8.753858534396109174e-08
8.712176293943529611e-08
8.677960133516517547e-08
8.719731409252558846e-08
8.675667589326117279e-08
8.687356229813693647e-08
8.847492258012936967e-08
8.705533790202431065e-08
8.821333447971142308e-08
8.690722335172177594e-08
8.676360483219053589e-08
8.705533790202431065e-08
8.701586816741983468e-08
8.684230911397189642e-08
8.680193801343537066e-08
8.677540100035904262e-08
8.676875143772265643e-08
8.677540100035904262e-08
8.799278029252130156e-08
8.729864225331218239e-08
8.676074145246134170e-08
8.684230911397189642e-08
8.676875143772265643e-08
8.676360483219053589e-08
8.683263048623700210e-08
8.684894146069324936e-08
8.676074145246134170e-08
8.679982382419727270e-08
8.692533975421441981e-08
8.690870904113200339e-08
8.677960133516517547e-08
8.762601961092868998e-08
8.687356229813693647e-08
8.719731409252558846e-08
8.699262245756080113e-08
9.377344925389917433e-08
8.679272223919598888e-08
8.680520115955428929e-08
8.679452226771466646e-08
8.706332710853813861e-08
8.688538186026943102e-08
8.683105461917624291e-08
8.687356229813693647e-08
8.685260140072713037e-08
8.679210762342966101e-08
9.377344925389917433e-08
8.676074145246134170e-08
