2.459159101969641105e-04
2.231036164257049358e-04
2.396616059700832832e-04
2.429500593407352301e-04
2.203976995930803228e-04
2.221668991623017579e-04
2.224137290606811022e-04
2.240389820801368570e-04
2.489548536675569067e-04
2.211487218709325001e-04
2.208215789571826566e-04
2.172585265029129762e-04
2.408102387966126040e-04
2.245879744247845911e-04
2.198532692221138107e-04
2.563977152346150288e-04
2.198532692221138107e-04
2.328807445598517678e-04
2.198532692221138107e-04
2.172585265029129762e-04
2.617067787145245625e-04
2.235427634349641400e-04
2.191644732877714866e-04
2.320349053259194235e-04
2.198532692221138107e-04
2.994586771539063576e-04
2.198532692221138107e-04
2.172585265029129762e-04
2.258270884667511278e-04
2.568381448802701714e-04
2.421331348945688570e-04
2.481567876468618772e-04
2.183074972335417982e-04
2.287494917410907872e-04
2.345966094405130308e-04
2.708369813638892881e-04
2.438070131330166658e-04
2.245879744247845911e-04
2.235427634349641400e-04
2.265086142911929934e-04
2.385717691935426038e-04
2.409224700162784696e-04
2.385025218846595937e-04
2.337308933763217048e-04
2.240389820801368570e-04
2.445927384382399366e-04
2.454594297745763963e-04
2.418210249664521922e-04
2.492563971516187750e-04
2.311945624906386711e-04
3.349253991866877429e-04
2.198532692221138107e-04
2.808227841854930872e-04
2.392605651278849007e-04
2.219662201526397525e-04
2.287494917410907872e-04
2.364322184540933994e-04
2.398049954988514128e-04
2.445927384382399366e-04
2.459159101969641105e-04
2.590689018758543733e-04
2.579098177904307109e-04
2.603297659220495325e-04
2.473814097705723681e-04
2.514422012316905406e-04
2.506018583964097612e-04
2.459159101969641105e-04
3.188659730596774206e-04
2.385717691935426038e-04
2.421331348945688570e-04
3.271699811760212201e-04
2.538053352239474643e-04
2.396616059700832832e-04
2.445927384382399366e-04
2.265086142911929934e-04
2.385025218846595937e-04
2.758050111403860917e-04
2.590689018758543733e-04
2.429500593407352301e-04
3.349253991866877429e-04
2.240389820801368570e-04
3.045823372381440590e-04
2.632143090387877287e-04
2.354922615379341467e-04
2.592182875235534388e-04
2.411951733809545694e-04
2.374308489744990814e-04
2.398049954988514128e-04
2.214029428908415140e-04
2.429500593407352301e-04
2.364322184540933994e-04
2.396616059700832832e-04
2.548995574437052367e-04
3.139033554492966032e-04
2.405560177767035901e-04
2.211487218709325001e-04
2.429500593407352301e-04
2.300737015919452298e-04
2.622668871158925579e-04
2.227258389887977670e-04
2.439952703305556811e-04
2.364322184540933994e-04
2.481567876468618772e-04
2.413735160584108426e-04
2.198532692221138107e-04
2.758050111403860917e-04
2.328807445598517678e-04
2.497713098962190694e-04
2.425109123314760258e-04
2.224137290606811022e-04
2.459159101969641105e-04
2.603297659220495325e-04
2.345966094405130308e-04
2.245879744247845911e-04
2.235427634349641400e-04
2.392605651278849007e-04
2.445927384382399366e-04
2.364322184540933994e-04
2.603297659220495325e-04
2.251854425324688466e-04
2.522880404656228578e-04
2.265086142911929934e-04
2.522880404656228578e-04
2.374308489744990814e-04
2.221668991623017579e-04
2.408102387966126040e-04
2.287494917410907872e-04
2.708369813638892881e-04
2.413735160584108426e-04
2.434462779859079471e-04
2.211487218709325001e-04
2.396616059700832832e-04
2.303640139904479793e-04
2.408102387966126040e-04
2.472711015189409567e-04
2.287494917410907872e-04
2.203976995930803228e-04
2.272257220693558663e-04
2.590689018758543733e-04
2.303640139904479793e-04
2.429500593407352301e-04
2.216080565734212778e-04
2.410153524791923949e-04
2.198532692221138107e-04
2.217878774751834794e-04
2.402288748629537738e-04
2.439952703305556811e-04
2.279741138648013052e-04
2.506018583964097612e-04
2.392605651278849007e-04
2.445927384382399366e-04
2.960874198861097135e-04
2.548995574437052367e-04
2.418210249664521922e-04
3.002300800912642044e-04
2.279741138648013052e-04
2.287494917410907872e-04
2.884431772087605672e-04
2.364322184540933994e-04
2.558395143598644894e-04
2.408102387966126040e-04
2.402288748629537738e-04
2.396616059700832832e-04
2.320349053259194235e-04
2.592182875235534388e-04
2.385717691935426038e-04
2.221668991623017579e-04
2.366658224086840663e-04
2.429500593407352301e-04
2.425109123314760258e-04
2.385717691935426038e-04
2.245879744247845911e-04
2.240389820801368570e-04
2.472711015189409567e-04
2.429500593407352301e-04
2.849477381904576756e-04
2.214029428908415140e-04
2.816741830216636750e-04
2.497713098962190694e-04
2.459159101969641105e-04
2.374308489744990814e-04
2.345966094405130308e-04
2.531381892820927949e-04
2.454594297745763963e-04
2.438070131330166658e-04
2.590689018758543733e-04
2.766801239803386506e-04
2.473814097705723681e-04
2.466330179751269835e-04
2.648667256803475135e-04
2.251854425324688466e-04
2.337308933763217048e-04
2.786255834293245560e-04
2.408102387966126040e-04
2.960874198861097135e-04
2.592182875235534388e-04
2.258270884667511278e-04
2.311945624906386711e-04
2.425109123314760258e-04
2.258270884667511278e-04
2.514422012316905406e-04
2.492563971516187750e-04
2.415741950680728480e-04
2.632143090387877287e-04
2.960874198861097135e-04
2.217878774751834794e-04
2.411951733809545694e-04
2.410153524791923949e-04
2.409224700162784696e-04
2.203976995930803228e-04
2.960874198861097135e-04
2.666783974247120739e-04
2.216080565734212778e-04
2.214029428908415140e-04
2.385717691935426038e-04
2.473814097705723681e-04
2.418210249664521922e-04
2.219662201526397525e-04
2.240389820801368570e-04
2.392605651278849007e-04
2.472711015189409567e-04
2.429500593407352301e-04
2.272257220693558663e-04
2.851750413323729961e-04
2.217878774751834794e-04
2.172585265029129762e-04
2.418210249664521922e-04
2.497713098962190694e-04
2.214029428908415140e-04
2.429500593407352301e-04
2.217878774751834794e-04
2.295475577617858438e-04
2.216080565734212778e-04
2.514422012316905406e-04
2.411951733809545694e-04
2.203976995930803228e-04
3.139033554492966032e-04
2.666783974247120739e-04
2.251854425324688466e-04
2.531381892820927949e-04
2.320349053259194235e-04
2.320349053259194235e-04
3.271699811760212201e-04
2.438070131330166658e-04
2.265086142911929934e-04
2.786255834293245560e-04
2.221668991623017579e-04
2.328807445598517678e-04
2.235427634349641400e-04
2.666783974247120739e-04
2.418210249664521922e-04
2.421331348945688570e-04
2.445927384382399366e-04
2.385717691935426038e-04
2.214029428908415140e-04
2.191644732877714866e-04
2.385025218846595937e-04
