5.859484991702359841e-09
5.863306583001988738e-09
5.864036141469369434e-09
5.863922458088481092e-09
5.880283759097213099e-09
5.861064512740793532e-09
5.862125870656660542e-09
5.861845442702501148e-09
5.864283638773280420e-09
5.872603271313784968e-09
5.876943377116380490e-09
5.896643431606310920e-09
5.866431246560140846e-09
5.860503420640870289e-09
5.882313375391226205e-09
5.882530418574758046e-09
5.882313375391226205e-09
5.867747386936157632e-09
5.882313375391226205e-09
5.896643431606310920e-09
5.869600227492135691e-09
5.862867948435815739e-09
5.883737481919557950e-09
5.867405199284233820e-09
5.882313375391226205e-09
6.032559561604973791e-09
5.882313375391226205e-09
5.896643431606310920e-09
5.858116812587081903e-09
5.863590781539377510e-09
5.863561373575178902e-09
5.862314060487235526e-09
5.886920444711315199e-09
5.860283599861538508e-09
5.865797277645284421e-09
5.881334651555632908e-09
5.872319224691062936e-09
5.860503420640870289e-09
5.862867948435815739e-09
5.857620952301158743e-09
5.880210316379977311e-09
5.866221891295617933e-09
5.862761216545861456e-09
5.867102729879235453e-09
5.861845442702501148e-09
5.860781355594024080e-09
5.875483964420174353e-09
5.862353542744665693e-09
5.880144756379331229e-09
5.866166897354078002e-09
6.271427640076537736e-09
5.882313375391226205e-09
5.971544636203101432e-09
5.879133673401811863e-09
5.860689247684050335e-09
5.860283599861538508e-09
5.863063322761245642e-09
5.877473103981466506e-09
5.860781355594024080e-09
5.859484991702359841e-09
5.864837572279971070e-09
5.863722413889239743e-09
5.866869504276806118e-09
5.860737451491236434e-09
5.869312816990173908e-09
5.868140674053985558e-09
5.859484991702359841e-09
6.028740218810565725e-09
5.880210316379977311e-09
5.863561373575178902e-09
6.944170227128387920e-09
5.881798727925752822e-09
5.864036141469369434e-09
5.860781355594024080e-09
5.857620952301158743e-09
5.862761216545861456e-09
5.882646069689958455e-09
5.864837572279971070e-09
5.863922458088481092e-09
6.271427640076537736e-09
5.861845442702501148e-09
5.987125913501401314e-09
5.872693195705125748e-09
5.864298678753350327e-09
5.884889410818280553e-09
5.860813833932397659e-09
5.862467905855260081e-09
5.877473103981466506e-09
5.868062848399847414e-09
5.863922458088481092e-09
5.863063322761245642e-09
5.864036141469369434e-09
5.865734498961225714e-09
6.011707835720512455e-09
5.870572425001489620e-09
5.872603271313784968e-09
5.863922458088481092e-09
6.228391435497116231e-09
5.890610570400987429e-09
5.863028505037535003e-09
5.861964542225140922e-09
5.863063322761245642e-09
5.862314060487235526e-09
5.860223634802406006e-09
5.882313375391226205e-09
5.882646069689958455e-09
5.867747386936157632e-09
5.866344618083173264e-09
5.864114898734740233e-09
5.862125870656660542e-09
5.859484991702359841e-09
5.866869504276806118e-09
5.865797277645284421e-09
5.860503420640870289e-09
5.862867948435815739e-09
5.879133673401811863e-09
5.860781355594024080e-09
5.863063322761245642e-09
5.866869504276806118e-09
5.859158824039385536e-09
5.869566040104345285e-09
5.857620952301158743e-09
5.869566040104345285e-09
5.862467905855260081e-09
5.861064512740793532e-09
5.866431246560140846e-09
5.860283599861538508e-09
5.881334651555632908e-09
5.860223634802406006e-09
5.863117388979226523e-09
5.872603271313784968e-09
5.864036141469369434e-09
5.864327983912424763e-09
5.866431246560140846e-09
5.878191833929044247e-09
5.860283599861538508e-09
5.880283759097213099e-09
5.857817961431209354e-09
5.864837572279971070e-09
5.864327983912424763e-09
5.863922458088481092e-09
5.864196826370482658e-09
5.862963017412478540e-09
5.882313375391226205e-09
5.861657060328181773e-09
5.874517593469206153e-09
5.861964542225140922e-09
5.858737013840109990e-09
5.868140674053985558e-09
5.879133673401811863e-09
5.860781355594024080e-09
5.952790555674198281e-09
5.865734498961225714e-09
5.862353542744665693e-09
5.971271034968648156e-09
5.858737013840109990e-09
5.860283599861538508e-09
5.915645633834165474e-09
5.863063322761245642e-09
5.864345751698662340e-09
5.866431246560140846e-09
5.874517593469206153e-09
5.864036141469369434e-09
5.867405199284233820e-09
5.884889410818280553e-09
5.880210316379977311e-09
5.861064512740793532e-09
5.892509123851288993e-09
5.863922458088481092e-09
5.864114898734740233e-09
5.880210316379977311e-09
5.860503420640870289e-09
5.861845442702501148e-09
5.878191833929044247e-09
5.863922458088481092e-09
5.901081958117100042e-09
5.868062848399847414e-09
5.890886953704861699e-09
5.866344618083173264e-09
5.859484991702359841e-09
5.862467905855260081e-09
5.865797277645284421e-09
5.868810699097897026e-09
5.875483964420174353e-09
5.872319224691062936e-09
5.864837572279971070e-09
5.952716487554534376e-09
5.860737451491236434e-09
5.859763090667284067e-09
5.875746185087326662e-09
5.859158824039385536e-09
5.867102729879235453e-09
5.885080399345348824e-09
5.866431246560140846e-09
5.952790555674198281e-09
5.884889410818280553e-09
5.858116812587081903e-09
5.866166897354078002e-09
5.864114898734740233e-09
5.858116812587081903e-09
5.869312816990173908e-09
5.880144756379331229e-09
5.860957785596610170e-09
5.872693195705125748e-09
5.952790555674198281e-09
5.861657060328181773e-09
5.860813833932397659e-09
5.862963017412478540e-09
5.866221891295617933e-09
5.880283759097213099e-09
5.952790555674198281e-09
5.878364400534257876e-09
5.864196826370482658e-09
5.868062848399847414e-09
5.880210316379977311e-09
5.860737451491236434e-09
5.862353542744665693e-09
5.860689247684050335e-09
5.861845442702501148e-09
5.879133673401811863e-09
5.878191833929044247e-09
5.863922458088481092e-09
5.857817961431209354e-09
5.987930467107278514e-09
5.861657060328181773e-09
5.896643431606310920e-09
5.862353542744665693e-09
5.866344618083173264e-09
5.868062848399847414e-09
5.863922458088481092e-09
5.861657060328181773e-09
5.862247944634155740e-09
5.864196826370482658e-09
5.869312816990173908e-09
5.860813833932397659e-09
5.880283759097213099e-09
6.011707835720512455e-09
5.878364400534257876e-09
5.859158824039385536e-09
5.868810699097897026e-09
5.867405199284233820e-09
5.867405199284233820e-09
6.944170227128387920e-09
5.872319224691062936e-09
5.857620952301158743e-09
5.885080399345348824e-09
5.861064512740793532e-09
5.867747386936157632e-09
5.862867948435815739e-09
5.878364400534257876e-09
5.862353542744665693e-09
5.863561373575178902e-09
5.860781355594024080e-09
5.880210316379977311e-09
5.868062848399847414e-09
5.883737481919557950e-09
5.862761216545861456e-09
