-8.745441791184189739e-01
-1.503913308084207090e-01
-1.016877107927274260e+00
6.932032998876666019e-01
-3.678209439865925412e-01
-1.237662638341585186e+00
6.286686341124335664e-01
-5.960551565835849885e-01
1.946432770903920417e+00
-6.581941801606979725e-01
3.299053811472469344e-01
-1.830373307117711401e-01
1.656299680972145860e-01
-3.446632614583438614e-01
-7.528374280116177930e-01
1.368238909514464696e+00
7.979900681184238787e-01
-1.495319609100383085e+00
-1.641436987049689655e+00
-6.069545667042642867e-01
-1.497353797618370841e+00
-1.707833523023691846e+00
1.283991536594465632e+00
8.373312646835904260e-01
-1.360741902011782356e+00
-3.628789281398214772e-01
-2.185849552353744674e+00
-2.309040832680219868e+00
2.249382635447563089e-02
-1.294467327361523257e+00
5.006573566161750533e-01
-1.958098203555681538e+00
5.147268914472722390e-01
-8.917239346815612755e-02
1.242133209544472150e+00
4.736812478912083013e-01
-1.944586608558962759e-01
8.933851263566534584e-01
-1.729900167848220649e+00
1.656694115542140633e+00
7.151425414922358836e-01
7.128209927404188795e-02
-2.944075909771165511e-01
-1.001125897852186863e+00
9.539485326216842198e-01
-2.719829337113442366e-02
-2.267646288906446372e-01
-1.898621250234661662e-01
-1.523623414901089212e+00
1.433019362975386457e+00
8.180322299463304025e-01
-5.598965535258090265e-01
6.258595779467648335e-01
8.402629344459671135e-01
-1.649070111008433259e-01
1.943981528986922780e-01
-2.280208963282005230e-01
-5.502172740494449821e-01
1.524364173542529288e+00
-1.644225526322316278e-01
7.859490921084129333e-02
-5.216460324485890920e-01
-5.718418143311364554e-01
1.129026861765177081e+00
-5.447056600745602273e-01
4.540499212291326248e-01
-1.426160869763045957e-01
-2.963970413060310616e-01
-6.944683087390873810e-01
-5.848101904371394433e-01
4.818923801797762585e-01
7.874129835735614938e-03
5.236426432995880953e-01
9.474233278436964278e-01
1.658197868873366287e+00
3.568876364172963722e-01
5.344967112171599144e-01
9.137557009744545766e-01
3.156840010158667442e-01
1.699461415896821093e+00
2.418800870866875119e+00
-1.313072645630828816e+00
-1.489765168727847922e+00
-2.870172596817646693e-01
1.243371425212758341e+00
-2.914438005350261651e-01
-1.160484639158978037e+00
1.136186671897135847e+00
-8.387224689162482427e-01
-6.754246920108744057e-01
-9.201765946543302155e-01
-1.491388070001139710e+00
-2.488589212237098725e+00
-8.163443677509942820e-01
9.641146924382134609e-01
-4.532070762788715790e-01
7.547420167819569592e-01
8.746041127262073056e-01
-1.857112017655793812e+00
-8.620407330986079586e-01
1.664407599772653512e+00
-8.644854560921462205e-01
7.154009463005196467e-01
-1.146956730694571824e+00
-1.978326794643288977e+00
1.239956576949181155e+00
1.506732922467914904e-01
-6.098143935234551227e-02
6.130729992823223951e-01
1.587663960939975416e+00
9.268384135358186393e-01
3.650164653328892839e-01
-2.103317839732742611e-01
3.225717368754364989e-01
-2.805150069713150951e-01
-1.646750456966224352e+00
-1.008585509750237336e-01
1.111288977394851107e+00
8.393134616394095637e-01
-1.850527441112280069e+00
-1.532953103876962597e+00
-9.518909834377222712e-01
1.108763794201389263e+00
-3.222814221867754125e-01
2.271006115798931135e-01
2.617478029499061831e-01
1.085450771123602332e+00
1.188998499754046145e+00
-5.994640962445004773e-01
5.771460780200969864e-01
1.777518925119608184e+00
5.206506767227296884e-01
7.526923524127886456e-01
-4.316526114136884917e-01
-1.044058034557525660e+00
5.562271372380971357e-01
-1.049170006259584342e+00
6.209127394162161639e-01
-2.561362741900012896e-01
-1.186207716624994468e+00
1.189957603737799907e+00
1.449778071913446986e+00
-1.822182229725763103e-01
-1.522905064990995871e+00
4.509498630631341709e-01
1.106225703413509009e+00
1.050698337497333767e+00
2.717231122252418418e-02
1.118493903200090234e+00
-4.843782640882942081e-01
-1.532169794973900490e-01
-8.680341320914222170e-01
-3.106933891375830425e-01
-6.510833421322435033e-01
-9.807796734743634559e-01
-1.520916661625113520e-01
1.740211887990150919e+00
7.073627063431267015e-01
3.334355298811961243e-01
-7.344234702224276823e-02
-8.259000494379920010e-01
-3.562946921553040297e-02
7.758930356189930322e-02
-1.368324876744606844e-01
1.215109968195691170e+00
1.949798675133893600e-01
4.400149737572129904e-01
1.479241896497346831e+00
2.142569196656724628e+00
-3.254389511165683979e-01
-2.353788516789773855e+00
-1.261867172712630714e-01
8.645571982387163512e-01
1.077599746147837045e+00
-6.131033611543753592e-01
-1.382186887365261185e+00
-1.036790756399379898e+00
1.350441376613383593e+00
4.856902024729919387e-01
8.102708595299265015e-01
-1.496214782174206892e+00
3.459947596713668916e-01
1.105862431366130494e+00
-1.304494350970398342e+00
-3.388190756522446168e-01
6.297083606353539587e-01
4.708972638642100472e-01
6.209537924001704567e-01
-4.592077295648404056e-01
5.551214256498353539e-01
5.844641801136593595e-02
-6.934099983947235035e-01
1.441724583180322039e+00
-6.249186518095074527e-01
-1.702642447955666702e-02
-9.122847763277486255e-01
1.039032741798335380e+00
4.533734678358151138e-01
-9.125245884606673075e-01
1.323771367115817554e+00
1.093909967677869410e+00
1.122518573689601284e+00
4.376027377427831877e-01
-9.191324911138341047e-01
4.364825964567180250e-02
6.451281453001406208e-01
1.471743465663942763e-01
-1.580423511385574131e-01
8.835711483840935632e-01
1.096949499490237789e+00
1.525457151460433702e-01
2.076084974840392672e+00
2.406068573286737344e-01
-1.707056031619024472e-01
5.192826057594758238e-01
7.458377983310708892e-01
6.581126795863601227e-03
-6.685663669538018938e-01
-1.727068755702814817e+00
-1.189208762999132585e+00
-1.568588997805907548e+00
6.768997582455251738e-01
6.177279795882426594e-01
1.852380956855960381e+00
1.745886317081571049e+00
-4.305683591977106928e-01
-2.247378474236724072e-02
1.405417950132877625e+00
2.497924715502747861e-01
4.673017558988346032e-01
-1.852709541110366009e+00
2.324493840411679946e-01
4.508652020706462871e-01
6.529453304528620716e-01
9.642659393161228110e-01
6.385533641383670522e-01
1.396114684726050381e+00
9.231324117358123971e-01
1.202569956181785832e-01
-5.767689514554095176e-01
-7.870684665400273783e-01
-5.114996598990507737e-01
9.054236071344423653e-01
-1.949188467608168329e+00
-1.357407238393957050e+00
-9.228883362229770571e-01
-2.981028955344355302e-01
-9.810659784768829272e-01
1.988347293023225437e-01
5.792647973750834067e-01
2.360069522571126566e+00
-3.426523290549082779e-01
2.956752936580703262e-01
4.425867073863407608e-01
1.651711348640043653e+00
1.592246341470737070e+00
-3.614445884972214418e-01
