1.197899595952979859e-02
1.166886497562351702e-02
1.134780077961936376e-02
1.200759129463204074e-02
1.165713566708722823e-02
1.167895184197395575e-02
1.167577816505538206e-02
1.166065231822250269e-02
1.193770928164831005e-02
1.167621180434052011e-02
1.166845604043320432e-02
1.156624787378706179e-02
1.202350960092628783e-02
1.165575077717232247e-02
1.164175267402610577e-02
1.107670414040174550e-02
1.164175267402610577e-02
1.152890974093035564e-02
1.164175267402610577e-02
1.156624787378706179e-02
1.162972562672791310e-02
1.166498266279140245e-02
1.162180905097335779e-02
1.154822331641127547e-02
1.164175267402610577e-02
1.085898730110919537e-02
1.164175267402610577e-02
1.156624787378706179e-02
1.164374144665014654e-02
1.174844061541922835e-02
1.201503105330398516e-02
1.195005781091330356e-02
1.159680678765250168e-02
1.160744917907266527e-02
1.148444013001330248e-02
1.147680633568145224e-02
1.125627539481069417e-02
1.165575077717232247e-02
1.166498266279140245e-02
1.163638732768916030e-02
1.196441768281399608e-02
1.131769145783407052e-02
1.137724695621144394e-02
1.150760052016358212e-02
1.166065231822250269e-02
1.199276350673700656e-02
1.122536466163604266e-02
1.201838679689602035e-02
1.116412781211938675e-02
1.156561088322147213e-02
1.118145276402026343e-02
1.164175267402610577e-02
1.091493861534924802e-02
1.198436130586674406e-02
1.168154897111275091e-02
1.160744917907266527e-02
1.143335785768909325e-02
1.199974429892786652e-02
1.199276350673700656e-02
1.197899595952979859e-02
1.169040941146000205e-02
1.171985558805208223e-02
1.166030008967470881e-02
1.196097299048555322e-02
1.189083194825191377e-02
1.190821951506211042e-02
1.197899595952979859e-02
1.120159593294983366e-02
1.196441768281399608e-02
1.201503105330398516e-02
1.083715490316935516e-02
1.110499047859102653e-02
1.134780077961936376e-02
1.199276350673700656e-02
1.163638732768916030e-02
1.137724695621144394e-02
1.141931277224238379e-02
1.169040941146000205e-02
1.200759129463204074e-02
1.118145276402026343e-02
1.166065231822250269e-02
1.124071201517307973e-02
1.159888402665133246e-02
1.145962657451123773e-02
1.104951868066886451e-02
1.202568017403592322e-02
1.140583198357859006e-02
1.199974429892786652e-02
1.168090096908564954e-02
1.200759129463204074e-02
1.143335785768909325e-02
1.134780077961936376e-02
1.180223520635187602e-02
1.121264642983624618e-02
1.201882043618115840e-02
1.167621180434052011e-02
1.200759129463204074e-02
1.172109413919044697e-02
1.102354204024500427e-02
1.167242242146334687e-02
1.199835940901296076e-02
1.143335785768909325e-02
1.195005781091330356e-02
1.202415760295338920e-02
1.164175267402610577e-02
1.141931277224238379e-02
1.152890974093035564e-02
1.192380423794607916e-02
1.201147360746415704e-02
1.167577816505538206e-02
1.197899595952979859e-02
1.166030008967470881e-02
1.148444013001330248e-02
1.165575077717232247e-02
1.166498266279140245e-02
1.198436130586674406e-02
1.199276350673700656e-02
1.143335785768909325e-02
1.166030008967470881e-02
1.165015487489636827e-02
1.187151837277099393e-02
1.163638732768916030e-02
1.187151837277099393e-02
1.140583198357859006e-02
1.167895184197395575e-02
1.202350960092628783e-02
1.160744917907266527e-02
1.147680633568145224e-02
1.202415760295338920e-02
1.200326095006314098e-02
1.167621180434052011e-02
1.134780077961936376e-02
1.158119560610544087e-02
1.202350960092628783e-02
1.119458279939503607e-02
1.160744917907266527e-02
1.165713566708722823e-02
1.162796935326891601e-02
1.169040941146000205e-02
1.158119560610544087e-02
1.200759129463204074e-02
1.168302154494507694e-02
1.202563017678571523e-02
1.164175267402610577e-02
1.168307154219528493e-02
1.201106467227384261e-02
1.199835940901296076e-02
1.161836435864491493e-02
1.190821951506211042e-02
1.198436130586674406e-02
1.199276350673700656e-02
1.127613086781654832e-02
1.180223520635187602e-02
1.201838679689602035e-02
1.125754724718988631e-02
1.161836435864491493e-02
1.160744917907266527e-02
1.131818356203221840e-02
1.143335785768909325e-02
1.177596648952973328e-02
1.202350960092628783e-02
1.201106467227384261e-02
1.134780077961936376e-02
1.154822331641127547e-02
1.104951868066886451e-02
1.196441768281399608e-02
1.167895184197395575e-02
1.190885650562770008e-02
1.200759129463204074e-02
1.201147360746415704e-02
1.196441768281399608e-02
1.165575077717232247e-02
1.166065231822250269e-02
1.119458279939503607e-02
1.200759129463204074e-02
1.134147277918761375e-02
1.168090096908564954e-02
1.136615067208564256e-02
1.192380423794607916e-02
1.197899595952979859e-02
1.140583198357859006e-02
1.148444013001330248e-02
1.185020915200422041e-02
1.122536466163604266e-02
1.125627539481069417e-02
1.169040941146000205e-02
1.093352223597591003e-02
1.196097299048555322e-02
1.197057798510955430e-02
1.156797329347668268e-02
1.165015487489636827e-02
1.150760052016358212e-02
1.139212731250950281e-02
1.202350960092628783e-02
1.127613086781654832e-02
1.104951868066886451e-02
1.164374144665014654e-02
1.156561088322147213e-02
1.201147360746415704e-02
1.164374144665014654e-02
1.189083194825191377e-02
1.116412781211938675e-02
1.202156047381459404e-02
1.159888402665133246e-02
1.127613086781654832e-02
1.168307154219528493e-02
1.202568017403592322e-02
1.202563017678571523e-02
1.131769145783407052e-02
1.165713566708722823e-02
1.127613086781654832e-02
1.153719143123567437e-02
1.168302154494507694e-02
1.168090096908564954e-02
1.196441768281399608e-02
1.196097299048555322e-02
1.201838679689602035e-02
1.168154897111275091e-02
1.166065231822250269e-02
1.198436130586674406e-02
1.119458279939503607e-02
1.200759129463204074e-02
1.162796935326891601e-02
1.089810338333244144e-02
1.168307154219528493e-02
1.156624787378706179e-02
1.201838679689602035e-02
1.192380423794607916e-02
1.168090096908564954e-02
1.200759129463204074e-02
1.168307154219528493e-02
1.159510064980767176e-02
1.168302154494507694e-02
1.189083194825191377e-02
1.202568017403592322e-02
1.165713566708722823e-02
1.121264642983624618e-02
1.153719143123567437e-02
1.165015487489636827e-02
1.185020915200422041e-02
1.154822331641127547e-02
1.154822331641127547e-02
1.083715490316935516e-02
1.125627539481069417e-02
1.163638732768916030e-02
1.139212731250950281e-02
1.167895184197395575e-02
1.152890974093035564e-02
1.166498266279140245e-02
1.153719143123567437e-02
1.201838679689602035e-02
1.201503105330398516e-02
1.199276350673700656e-02
1.196441768281399608e-02
1.168090096908564954e-02
1.162180905097335779e-02
1.137724695621144394e-02
