1.575457297769078391e+00
-2.457073525121000745e-01
-8.446438112690696220e-02
-3.997887492885880967e-01
-6.384137125371768251e-01
-2.242048758327999103e-01
-7.279541438736160108e-01
-1.430402879042097064e+00
-4.478938549122926660e-01
-7.955579671362992267e-01
-9.176446928434447425e-01
1.455998947692113688e-01
-2.003326284118632505e-01
3.112873508888139629e+00
1.822636868295124168e+00
1.553902325397231998e-01
-6.891041204101722162e-01
2.189155002400028138e+00
3.102952684608722422e-01
4.058611185945106836e-01
1.480004364870421696e-01
-9.180377821036550534e-01
1.481564768504388674e-01
-5.398746831548657532e-01
-1.260356584257307899e+00
1.967802472262366598e+00
-1.057426943063372260e+00
-4.477388415742246108e-01
-1.195028191636491766e+00
-4.162240483450790896e-01
-1.968696868382622478e+00
4.711093244068817465e-01
-1.004841683966833044e+00
-3.799338936969819114e-02
-1.741470669263211146e+00
-1.094925296044695795e+00
-4.147535589790569133e-01
-1.554001671767579307e+00
1.340552820279715673e-01
-2.152865392772723985e-01
-6.393686538714696832e-01
2.569092860047835103e+00
-2.012037125412069472e-01
-2.600390858314463594e-01
-4.068513137650783262e-01
-1.170993951365338237e+00
-9.762214076945634478e-01
6.429769012862660005e-02
4.220038505387163630e-02
-1.923516053574302997e+00
-1.674420148299018973e-01
2.640058855226755652e-01
1.130264274365552074e-01
1.494855916154749442e+00
2.932118051874690878e-02
-2.111717454483275525e+00
6.551189619876864878e-01
1.353205735784974717e+00
2.910842979578151524e-02
1.432853806151491716e+00
1.595864188795314664e+00
-3.697479351232127454e-01
7.268262947976291688e-01
1.535459256132710726e-01
5.197763588074908458e-01
-1.285182642557391341e+00
1.484374214624021582e-01
-1.084912412737047305e+00
9.522901397850069144e-03
3.303992133554996435e+00
3.885329068892576232e-01
-4.255435385219853428e-01
-1.747572981296846351e+00
-1.144610032562024093e+00
4.073777630452184995e-01
-3.291636835856414506e-02
-1.460904095481731169e+00
-1.081852947821615674e+00
-3.182578092731199182e-01
7.201381161474792458e-01
-3.840694702554773854e-01
4.888714630876538347e-01
-5.186458602028905934e-02
-1.191599770731606389e+00
-1.545151616554285290e-01
1.605808018911940582e+00
3.239137557393563238e-01
2.052396876434265105e-01
-7.321699348822953146e-01
1.003532579663807933e+00
3.382663466754516346e-01
-2.456729169858517248e-01
5.979169422168971737e-01
-1.269961343296877931e+00
1.062180003581596255e+00
-1.311493608292403634e-01
1.907520465036204593e-01
-2.228375773665170478e-01
9.765679326987988240e-01
-8.213893381788363313e-02
-8.862655656907044710e-01
1.027415904948626890e+00
-1.322814575728292474e-01
7.473082278761040698e-01
1.529884970685852164e+00
-1.153253210857634992e+00
-8.085274053813672479e-01
-3.986765484933781911e-01
-3.108957960129221654e-01
1.036737254648995243e+00
7.884037081788464185e-02
-1.415913537556408308e-01
8.640404241681926001e-01
1.026841005390607631e+00
6.820878915402209808e-01
1.595579252788737745e-01
6.971388763921799736e-01
-1.825071247747263037e+00
-1.601659149952888717e+00
1.093568470236158108e-01
5.195471161643161473e-01
5.845624885893702105e-01
1.508594634829316661e+00
-6.308461419310988916e-01
-1.693873813399739303e+00
1.362004752600942892e+00
2.271295908800158858e-01
-3.615307662694663970e-01
5.767793317520505392e-01
-9.372827748783273405e-01
-1.227092964572841005e+00
1.210981468999213495e-01
-4.539982055967639041e-01
8.829463416650826790e-01
4.273350443907374951e-01
1.184027997071867233e+00
2.398465961134235602e+00
-1.253716422521584384e-01
-6.902759140707009911e-01
-2.250533287393515491e-01
5.134428782811777114e-02
-9.917487862467700976e-01
-1.397600351058918777e+00
-1.230962710439749141e-01
-5.174501280565635408e-01
-1.123656542985994600e+00
6.525155107136842991e-01
-1.524175580328117618e-01
-4.986338960619958183e-01
-4.357073552531398608e-01
-1.580285776659770880e+00
4.290038237313495983e-01
-6.127643890125018533e-01
1.556639719567598501e+00
1.235691707502526882e+00
-2.109959656010657714e+00
2.205683558799543809e-01
-1.050031463344378135e+00
9.866239538928680552e-01
-8.778480646892401484e-01
-9.560283017774138248e-01
-1.433576149106292053e-01
1.517283776196850287e+00
1.196839459380634407e+00
-6.771250700271324030e-01
-9.758649147999082230e-01
7.963272281704252276e-01
-1.164557167766030243e+00
-3.658200370062613116e-01
-2.433930736075501366e-01
-6.071598771861826949e-01
1.334138759695051135e+00
-1.141875741936370980e+00
-6.374973575751365917e-01
3.523050345976702635e-01
-2.042283901551826195e-02
6.013523939406141272e-01
-5.577328251636369805e-01
1.152067892011686023e+00
-4.149465667312210448e-01
7.645261116809336510e-01
-1.630050089659678958e-01
-2.058076319827369716e+00
8.929259211930951068e-02
1.732806098740785838e+00
6.563470148756280764e-01
-1.024083275608093313e+00
-2.313000839335446479e-01
6.739539266422372998e-01
3.651494562513866171e-01
-6.624778727554121449e-01
-7.289463354340940393e-01
1.368805189813953882e-01
-1.117299410005325733e+00
-1.006577430769405535e+00
-2.053989452051129261e-01
-7.357316680526488906e-01
-9.552521271812459691e-01
7.864054966365270349e-01
4.111643140886398484e-01
3.843095938980769510e-01
-7.648329613053321818e-01
-5.124046923549422372e-01
-2.224785718384888200e-01
1.346259776676454800e+00
-9.139177008765362320e-01
-9.240138820736950587e-01
6.335926706626550109e-01
7.702633797629725443e-01
-7.856330842119233493e-01
-2.529518429091287546e-01
1.013105059686161269e+00
2.548226876039214606e-01
1.285486067610730032e+00
-5.188319272038135477e-01
-6.772722204238291743e-01
-8.783017790654048529e-01
1.208504714918263057e+00
1.826779132806298500e-01
1.715269464734990423e+00
1.402109636310056251e+00
-7.662954437049298573e-01
-8.448495736818312229e-01
-1.093542245078974018e+00
7.146616183829296309e-01
2.100220095168809920e+00
-1.256181824958051640e+00
-6.659923168568473439e-01
-1.652231284989996052e+00
3.135967602335244520e-01
4.673311653999577264e-01
-8.578484270366174558e-01
-3.825151548146470959e-01
7.929045712438700377e-01
-3.069163544972520752e-01
9.067640647578261159e-01
-9.006328991962033736e-01
3.126146330475534224e-02
-4.342075979191818424e-01
-1.367725159056648598e+00
2.933139908185235512e-01
-2.183076244705912938e-01
9.232262047302641772e-01
-1.004586882133662540e+00
1.095584065200097434e+00
1.520846991115217373e+00
2.971139906642132011e+00
1.776885737615085947e+00
-1.357012939325916434e-01
-9.120414301710274563e-01
-2.441804847300308168e-01
1.362182612052498687e+00
-2.756377598244949545e-01
1.874652924520545660e-01
-1.297063709483273319e+00
-8.417833936694157915e-01
-2.283944584857193136e-02
