1.480011055063061576e-03
1.471476301492699720e-03
1.558914923817523567e-03
1.554772091121956173e-03
1.546024546226757628e-03
1.555055058568613566e-03
1.510476928119893186e-03
1.551043075253971670e-03
1.461562467905907180e-03
1.710763105022636982e-03
1.461562467905907180e-03
1.523625262502406119e-03
1.392798881199786747e-03
1.399881355163213681e-03
1.496573718250642946e-03
1.517361182030061220e-03
1.544685492636581770e-03
1.390442404871341728e-03
1.471476301492699720e-03
1.517361182030061220e-03
1.496573718250642946e-03
1.496573718250642946e-03
1.510476928119893186e-03
1.559772186484717493e-03
1.544685492636581770e-03
1.408540326156423276e-03
1.511815981710069043e-03
1.504408245530672881e-03
1.541687769772702747e-03
1.551043075253971670e-03
1.461562467905907180e-03
1.558599257806783005e-03
1.444679593308289363e-03
1.496573718250642946e-03
1.546024546226757628e-03
1.487070037448398607e-03
1.461562467905907180e-03
1.707038625222780581e-03
1.444679593308289363e-03
1.503069191940497023e-03
1.451305619634963521e-03
1.530514860655683620e-03
1.444679593308289363e-03
1.487070037448398607e-03
1.535335066873149464e-03
1.648450447053380298e-03
1.394885271586587643e-03
1.504408245530672881e-03
1.552382128844147528e-03
1.470137247902523862e-03
1.416026992006344173e-03
1.414687938416168533e-03
1.430135960618966447e-03
1.461562467905907180e-03
1.518700235620237078e-03
1.504408245530672881e-03
1.462901521496082820e-03
1.544685492636581770e-03
1.556638937450603201e-03
1.541687769772702747e-03
1.539484692343611729e-03
1.553716004978437709e-03
1.535335066873149464e-03
1.403126216819181298e-03
1.496573718250642946e-03
1.510476928119893186e-03
1.487070037448398607e-03
1.461562467905907180e-03
1.564819082067593669e-03
1.552382128844147528e-03
1.422811416019998353e-03
1.712102158612812623e-03
1.398542301573038040e-03
1.437903934634653666e-03
1.510476928119893186e-03
1.416026992006344173e-03
1.470137247902523862e-03
1.392251818028424895e-03
1.444679593308289363e-03
1.564158065909490710e-03
1.462901521496082820e-03
1.562819012319314853e-03
1.469159870845453738e-03
1.556638937450603201e-03
1.395226645040722720e-03
1.399881355163213681e-03
1.504408245530672881e-03
1.409879379746598917e-03
1.461562467905907180e-03
1.539484692343611729e-03
1.530514860655683620e-03
1.510476928119893186e-03
1.671563315721241727e-03
1.422811416019998353e-03
1.593472330845201136e-03
1.478672001472885935e-03
1.403126216819181298e-03
1.558599257806783005e-03
1.422811416019998353e-03
1.693551728522154883e-03
1.539484692343611729e-03
1.517361182030061220e-03
1.539484692343611729e-03
1.470137247902523862e-03
1.404465270409357156e-03
1.487070037448398607e-03
1.504408245530672881e-03
1.404465270409357156e-03
1.518700235620237078e-03
1.416026992006344173e-03
1.548540947231056989e-03
1.496573718250642946e-03
1.511815981710069043e-03
1.529175807065507979e-03
1.550639112671584009e-03
1.529175807065507979e-03
1.588795725852394517e-03
1.541687769772702747e-03
1.524964316092581760e-03
1.461562467905907180e-03
1.462901521496082820e-03
1.510476928119893186e-03
1.462901521496082820e-03
1.571427020295325773e-03
1.562819012319314853e-03
1.538145638753435872e-03
1.430135960618966447e-03
1.671563315721241727e-03
1.461562467905907180e-03
1.511815981710069043e-03
1.496573718250642946e-03
1.556638937450603201e-03
1.541687769772702747e-03
1.421472362429822495e-03
1.503069191940497023e-03
1.548540947231056989e-03
1.511815981710069043e-03
1.555055058568613566e-03
1.488409091038574248e-03
1.530514860655683620e-03
1.564158065909490710e-03
1.547201893640881131e-03
1.478672001472885935e-03
1.543026823362878388e-03
1.503069191940497023e-03
1.511815981710069043e-03
1.524964316092581760e-03
1.454383406241806535e-03
1.461562467905907180e-03
1.510476928119893186e-03
1.503069191940497023e-03
1.470137247902523862e-03
1.601410181539162985e-03
1.444679593308289363e-03
1.478672001472885935e-03
1.553833082044554868e-03
1.462901521496082820e-03
1.478672001472885935e-03
1.437903934634653666e-03
1.409879379746598917e-03
1.470137247902523862e-03
1.571427020295325773e-03
1.430135960618966447e-03
1.511815981710069043e-03
1.504408245530672881e-03
1.495234664660467306e-03
1.414687938416168533e-03
1.446018646898465003e-03
1.535335066873149464e-03
1.496573718250642946e-03
1.705699571632604723e-03
1.518700235620237078e-03
1.517361182030061220e-03
1.454383406241806535e-03
1.503069191940497023e-03
1.562819012319314853e-03
1.409879379746598917e-03
1.409879379746598917e-03
1.571427020295325773e-03
1.559938311396958863e-03
1.567221038097602699e-03
1.529175807065507979e-03
1.523625262502406119e-03
1.535335066873149464e-03
1.495234664660467306e-03
1.461562467905907180e-03
1.496573718250642946e-03
1.446018646898465003e-03
1.523625262502406119e-03
1.517361182030061220e-03
1.487070037448398607e-03
1.471476301492699720e-03
1.510476928119893186e-03
1.535335066873149464e-03
1.518700235620237078e-03
1.436564881044477809e-03
1.461562467905907180e-03
1.511815981710069043e-03
1.638813175001612625e-03
1.428796907028790589e-03
1.424591250644092729e-03
1.719780018165582283e-03
1.461562467905907180e-03
1.478672001472885935e-03
1.638813175001612625e-03
1.578808140426267307e-03
1.436564881044477809e-03
1.444679593308289363e-03
1.454383406241806535e-03
1.462901521496082820e-03
1.504408245530672881e-03
1.488409091038574248e-03
1.454383406241806535e-03
1.453044352651630894e-03
1.421472362429822495e-03
1.398542301573038040e-03
1.504408245530672881e-03
1.480011055063061576e-03
1.570087966705150133e-03
1.398542301573038040e-03
1.414687938416168533e-03
1.543026823362878388e-03
1.510476928119893186e-03
1.582109450951100843e-03
1.391459827609611106e-03
1.461562467905907180e-03
1.461562467905907180e-03
1.496573718250642946e-03
1.504408245530672881e-03
1.404465270409357156e-03
1.488409091038574248e-03
1.496573718250642946e-03
1.517361182030061220e-03
1.478672001472885935e-03
1.454383406241806535e-03
1.529175807065507979e-03
1.548540947231056989e-03
1.487070037448398607e-03
1.480011055063061576e-03
1.471476301492699720e-03
1.571427020295325773e-03
1.453044352651630894e-03
1.453044352651630894e-03
1.524964316092581760e-03
1.693551728522154883e-03
1.496573718250642946e-03
1.518700235620237078e-03
1.462901521496082820e-03
1.510476928119893186e-03
1.549300059081408151e-03
1.496573718250642946e-03
1.496573718250642946e-03
1.446018646898465003e-03
1.535335066873149464e-03
1.511815981710069043e-03
1.399881355163213681e-03
1.496573718250642946e-03
1.548540947231056989e-03
1.436564881044477809e-03
1.461562467905907180e-03
1.510476928119893186e-03
1.623848542181526239e-03
1.478672001472885935e-03
1.444679593308289363e-03
1.487070037448398607e-03
1.428796907028790589e-03
1.496573718250642946e-03
1.530514860655683620e-03
1.511815981710069043e-03
1.488409091038574248e-03
1.503069191940497023e-03
1.561157742556958930e-03
1.399881355163213681e-03
1.510476928119893186e-03
1.396224325176763283e-03
1.487070037448398607e-03
1.428796907028790589e-03
1.608506430984371020e-03
1.555055058568613566e-03
1.601410181539162985e-03
1.430135960618966447e-03
1.470137247902523862e-03
1.555055058568613566e-03
1.409879379746598917e-03
1.436564881044477809e-03
1.471476301492699720e-03
1.461562467905907180e-03
1.503069191940497023e-03
1.461562467905907180e-03
1.593472330845201136e-03
1.392251818028424895e-03
1.495234664660467306e-03
1.436564881044477809e-03
1.503069191940497023e-03
1.470137247902523862e-03
1.530514860655683620e-03
1.539484692343611729e-03
1.495234664660467306e-03
1.504408245530672881e-03
1.550639112671584009e-03
1.421472362429822495e-03
1.510476928119893186e-03
1.571427020295325773e-03
1.428796907028790589e-03
1.396224325176763283e-03
1.408540326156423276e-03
1.439663645609626187e-03
1.453044352651630894e-03
1.523625262502406119e-03
1.496573718250642946e-03
1.404465270409357156e-03
1.544685492636581770e-03
1.454383406241806535e-03
1.428796907028790589e-03
1.446018646898465003e-03
1.517361182030061220e-03
1.439663645609626187e-03
1.495234664660467306e-03
