4.636047550821292274e-01
-1.439823030155299999e-01
-9.445685383536583934e-01
1.583638957961535310e+00
-3.561819350578850907e-01
-2.734551843363445922e+00
-4.127488079158285472e-02
-4.805288796436253951e-01
3.883217488319906652e-01
-5.979823099928455399e+00
-2.964106631997924235e-01
1.818606674669051682e+00
-5.089628616230457148e-01
-3.250658857115379941e-01
1.667491610348740827e-01
-5.381754437708522465e-01
2.969851632169819844e-01
-1.542543689752401137e-01
1.245742730462290560e+00
-5.339801950747241621e-01
-3.786779151028040746e-01
1.150435083154415006e+00
5.413094642564090231e-01
-8.361986254853100986e-01
-2.179540122103792665e+00
-2.982254504350959068e-01
4.219968806610518985e-01
4.130298628735827593e-02
2.702091048246239510e-02
-1.490942419271681363e+00
-5.801453346094876951e-01
4.379213119074868432e-01
3.008164767382936339e-02
1.251623437528713412e+00
1.796454152015321548e-01
5.635384186745405755e-01
-3.022405667995234704e-02
1.578315029493269739e+00
7.748802347504197829e-01
-9.046181431027104924e-01
3.338207752277317364e-01
-1.060361764542894214e+00
-6.875513905389832869e-01
3.863488388535661899e-01
-1.364310763354770750e-01
-6.326032066399130960e-01
8.672845342764124998e-01
-8.236149985563127052e-01
3.282150964063436094e-01
4.183156338405176755e-01
1.386657355502503686e+00
7.834716810831928724e-01
-2.999138015809789115e-01
-1.057747907584464908e+00
1.325963635890044789e-01
2.034708192327357168e-02
-7.722293957187897906e-01
-2.179540122103792665e+00
8.825844452264927087e-01
1.154407772634602924e+00
2.134401663942881722e-01
-1.164651594479413771e-01
-2.402981375109121964e-01
-1.637025753800147587e-01
8.102410692357610023e-01
-2.282448728592143816e-01
1.154272812061516218e+00
5.701061233905494463e-01
-1.180978247746138132e+00
1.307126735643117321e+00
4.895980143567538190e-01
2.321358526970329628e-01
1.131554898223380512e+00
9.247908117936862737e-01
1.699936839612974371e-01
-5.336449892033696685e-01
5.437144787152543568e-01
-3.855453901720133636e-02
-1.461918787453069524e-01
-1.484056625390896444e+00
-2.257642628639849325e-01
-1.294795929335000650e+00
-3.395242963714623086e-01
1.109189251234416140e+00
-4.879632389754783306e-01
-5.776134796423245676e-01
8.369741859984329846e-01
3.590624138516154695e-01
5.656864957224783108e-01
-1.472733613643821549e-01
-5.585362897308381314e-01
1.700504658041487038e-01
1.923380167576863031e-01
-1.243939222356865715e+00
-1.012449898192117281e+00
-4.953815083988398760e-01
6.653029969312108660e-01
-5.534921462504165390e-01
5.992135837136370879e-01
9.005855986964341753e-01
9.678548348194072615e-01
-3.724665891006017499e-02
-1.570215659193018309e-01
-9.802223912788825544e-01
1.603338604613600671e+00
3.813611963656581838e-01
-4.353030491521597822e-01
7.764780065574171664e-01
4.338615444761958484e-01
1.967633200303297913e+00
3.225164505402065007e-01
-1.524941248084808798e+00
1.262782838076785152e+00
7.528377259816716460e-01
1.480378070832707227e+00
1.723525690826355761e-01
-1.370243620741774304e+00
-5.192033501787842731e-01
1.329358097133940264e+00
-9.700947883613098011e-01
1.477956225377459853e+00
2.581635890144222234e+00
-5.643088929630558637e-01
-2.076190504112457313e-01
4.658059464125169913e-01
1.422420625753692658e+00
-4.927868913546843976e-01
1.315091415515147188e+00
9.372336884578135185e-01
1.358525957893733427e+00
8.287993494962709873e-01
1.494122421529572087e+00
-8.392393787951381023e-01
1.296412501527320682e+00
-9.329147881267931819e-01
4.500139572903529700e-02
-2.590269218980810195e-01
1.781668352642784336e+00
-1.490764542423487216e+00
-5.585362897308381314e-01
-4.300787728856063086e-01
-9.673650734106328253e-01
-1.437824460715123598e+00
-5.997203294844595245e-01
5.144079860494511491e-01
-1.418542960884527249e+00
1.409920123698261918e+00
2.634026536734675461e-01
1.831502387644985963e-01
1.499726577884961942e-01
1.718885561722812261e+00
-3.276095798088276556e-01
-8.749449504137835065e-01
-6.763481307917726948e-01
6.211416677215131354e-01
1.941703528991923999e+00
-1.003278008624446827e+00
6.312523648004524368e-01
-6.419660760915680831e-01
8.634853555397655755e-01
-3.514643523990801932e-01
5.620986008292448988e-01
6.084153972179673353e-02
-1.721017603726435308e+00
1.323334831108790466e+00
-1.064144031570829707e+00
2.053121734137572929e-01
1.139857352882107655e+00
-1.045849906021445896e+00
6.188499236769883227e-01
-7.300092919793744750e-01
1.275203589607238674e+00
-1.129184596570525168e+00
3.177773139518749179e-01
4.521656635217067427e-02
-2.783654278918053573e-02
-4.997084078873410551e-01
-3.106063322927463122e-01
9.105600544583165590e-01
-4.910722925368213310e-01
-1.113566773265203924e+00
1.901351916749781212e+00
-8.287020928952860688e-01
-1.393280385804082977e+00
-8.505361746085010610e-01
5.515235072350531675e-01
2.471490266188024892e-02
-9.665580249566001481e-01
2.416189516458053355e+00
-8.771902797333781532e-01
6.729713184746516363e-01
1.688441214858531048e+00
-5.582638519230757046e-01
1.105834250785844519e+00
1.269727860719610524e+00
-4.624613522069869198e-01
5.901365891032471778e-01
-1.721017603726435308e+00
-1.388305362688538325e-01
-9.991274849695689353e-01
2.335202111272936532e-01
-1.362195192781558151e-01
-6.037006285165470443e-01
5.798213226475714688e-01
7.587498944404216239e-01
-1.447825808049770124e+00
-5.896362684233823481e-01
1.102345361022434578e-01
-2.819071071364683267e-01
2.796385057409452313e-01
9.281884133135219761e-01
2.555478362623268551e-01
1.628077532531788940e-01
5.339620439076198100e-01
-5.406812659910728014e-01
1.168121606236286469e+00
2.058174095960990102e-01
-6.118170464293431338e-02
1.760988419272134342e+00
1.003075673720370958e-01
5.823312553302355532e-01
-7.346059540070664085e-01
1.498242007797116138e+00
1.647726759762084825e+00
1.595132314355157233e+00
-1.880222838369652871e-01
-1.042445746946548263e-01
2.529814745535045040e-01
9.448415350428279735e-01
-8.483996023139233067e-01
8.656245123586012724e-01
-6.101510183350353778e-01
2.012193852041684217e+00
6.346398716837897691e-01
2.644576854133573907e+00
1.723525690826355761e-01
5.426282418224694926e-01
-1.299553087320428846e+00
-6.788709287751742982e-01
7.994966170332094002e-01
-6.801398878660041003e-01
-9.078801103697838049e-02
-5.180396033284686563e-01
7.468544663534908423e-01
2.579946287082360845e-01
6.641829885664409794e-01
-6.698298265617099734e-01
-3.101460613822388801e-01
6.258396446877628749e-02
-1.743546883112440327e+00
-9.181521280772931837e-01
-8.671010360777754444e-01
-8.171318412023654831e-01
8.211192605818969925e-01
-6.154445401762795864e-01
5.277113588543766443e-02
2.377175612836017304e+00
2.345529503779266722e-01
-4.793731737289129158e-01
-1.835987216942980282e+00
7.836777287215578314e-01
-1.232909119151130772e+00
-3.294415483631579766e-01
7.836458194621959139e-01
4.552526198537317770e-01
2.611056795519920981e-01
7.694414199923179654e-01
1.374195362355232319e+00
-1.066255786286024465e+00
2.788676774274027603e-01
-8.188632393956841726e-01
-1.180108448051973236e+00
4.378013403858226349e-01
-8.102304164696078059e-01
5.643008491800887150e-01
4.824577473943107986e-01
-3.165647745793180312e-01
1.232228801625496306e+00
9.435068248233162702e-01
-4.195757991809717091e-01
2.740224796119359318e-01
-4.207280268844333926e-01
2.854607273709219850e-01
8.809828172097194932e-01
-1.746150600280355347e-01
8.793248658512482496e-01
-1.282669094699864010e+00
1.905210836904553506e+00
1.255730214905869113e-01
9.423843576533277311e-01
4.715400801441050893e-01
-6.445324919913997253e-01
6.132464806344233299e-01
-7.092034963548771165e-01
8.504485292052946926e-03
1.763929997375230652e-01
7.067155497896087102e-01
-1.092078553860410972e+00
-5.689654380763005115e-01
1.526840331759166780e+00
2.200615468866789701e-02
1.403711913464802952e-01
-6.646413943520625978e-01
7.600283755006850828e-02
-5.336273023544135796e-01
6.683236076314007512e-01
5.221667968485956823e-01
5.014168020834620654e-01
1.174014394185239674e+00
1.130377030300299714e-02
6.215366462321715579e-02
1.728473414712340672e-01
5.309559321409864641e-01
-8.958396529345706849e-01
-2.342852883439610068e-01
7.713849938181744914e-01
-4.002157860158943592e-01
2.018103497081435993e+00
