2.061849903834800119e-03
2.460251786777600206e-03
2.281392764636599839e-03
2.438234148626000023e-03
1.953676479077699930e-03
2.138318852326199799e-03
2.406489793378499987e-03
2.687422857752599925e-03
2.396636415802700162e-03
2.484618062719299875e-03
2.593269459166600184e-03
2.014728332259799887e-03
2.759032962807900051e-03
2.523290245928699795e-03
2.320169331614399966e-03
2.555404171816500099e-03
2.465715545546900023e-03
2.543596445897100024e-03
2.311910785812899913e-03
2.589656189471299837e-03
2.232306084206200046e-03
2.316324257712600206e-03
2.200758886734299844e-03
2.172224012516800040e-03
2.565133760780100199e-03
2.480659539482600161e-03
2.636350301755299979e-03
2.783937821382600174e-03
2.075961816288900055e-03
1.980550174677500087e-03
2.195723729178200145e-03
1.895460568725999958e-03
2.414295095763199783e-03
2.381815604022400040e-03
2.439935410231000058e-03
2.128818882303100141e-03
2.397444357407399994e-03
2.086914862398600058e-03
2.264545760541500190e-03
2.198008580789299893e-03
2.426517771323100005e-03
2.284967369300000030e-03
1.974369463719499989e-03
2.339017187869199890e-03
2.412168413407200090e-03
2.602659500475400060e-03
2.381330631229799846e-03
2.404591693818200135e-03
2.574610226033299896e-03
2.466585274243599923e-03
2.166389012782999821e-03
2.074841979465699964e-03
2.328584509326599855e-03
2.415634811115099836e-03
2.177499660979000107e-03
2.519396453195999960e-03
2.505751103109099889e-03
2.333587436294699835e-03
2.130540363153000070e-03
2.447085721882600023e-03
2.449426116215500104e-03
1.838287786548699950e-03
2.281634257080999983e-03
2.472253654072699858e-03
2.487254405609299994e-03
2.317566356040899958e-03
2.455848535150999962e-03
2.159995173617200101e-03
2.014295384409500039e-03
2.176317866255599899e-03
2.493213930742299838e-03
2.711267753849399848e-03
2.527049301794600123e-03
2.680476269362499966e-03
2.284106643233100187e-03
2.778197006925299788e-03
2.495387837148400033e-03
2.561438244906000077e-03
2.292635677078300009e-03
2.285585525032599995e-03
2.424311383885499951e-03
2.191154036148200163e-03
2.385167082318000176e-03
2.393699397425000028e-03
2.582825518946600066e-03
2.243688247644200044e-03
2.639242272105500001e-03
2.352225540879600112e-03
2.558279053363699852e-03
2.189360159776599941e-03
2.227496347304099792e-03
2.623118529076299936e-03
2.303984246822799852e-03
2.345493532626199799e-03
2.384100155091000046e-03
2.115088971373899930e-03
2.259225892518999801e-03
2.399237121589300071e-03
2.565845049207200138e-03
2.006482054457799785e-03
2.037548220395200057e-03
2.452331021645600111e-03
2.214862248986100134e-03
2.065042950719300167e-03
2.168611579703600203e-03
2.307580681067099900e-03
1.981798106073899991e-03
2.137308644337899965e-03
2.405167027860700014e-03
1.981298129526100175e-03
2.318169537431500043e-03
2.010603139714199974e-03
2.294088904738699874e-03
2.320306177110200048e-03
1.758084923647399919e-03
2.402169377087500120e-03
2.393362211781100042e-03
2.249152882069999863e-03
2.037296654293599841e-03
2.404721890590199966e-03
2.404338728907599865e-03
2.598962238195699943e-03
2.337398614921399904e-03
2.316230401174799829e-03
2.542713443604500186e-03
2.342306141687899856e-03
2.276450972852700049e-03
2.295698668964299850e-03
2.438217363450000032e-03
2.346782426352300201e-03
2.487543853652299936e-03
2.205917689769200038e-03
2.519837930205499898e-03
2.355169141820899915e-03
2.367251293951900051e-03
2.253715374029600146e-03
2.166206396547800186e-03
2.431282962492500085e-03
2.306113563754300013e-03
2.646584713191099929e-03
2.394871662343399984e-03
2.334106235024200043e-03
2.287914417243199893e-03
2.397197167086799908e-03
2.310108594457500105e-03
2.560342616966299837e-03
2.448135775006800210e-03
2.505005521868399875e-03
2.466870029017700049e-03
2.520574478151100129e-03
2.335337198180300125e-03
2.382343400267100154e-03
2.333356767243100188e-03
2.338770436606199977e-03
2.197859175661899880e-03
2.397840979957799844e-03
2.033604981560300107e-03
2.538773464961399922e-03
2.215670201441000044e-03
2.610671792787699810e-03
2.472734436487000059e-03
2.707469240665599970e-03
2.497863643769999888e-03
2.249039085304800102e-03
2.445054050184000075e-03
2.472591046924499988e-03
2.442148623751899846e-03
2.308304820923800030e-03
2.432860284750999920e-03
1.734211453575600081e-03
2.440789364216999942e-03
2.157434065882399971e-03
2.377378602965299955e-03
2.488356606282399880e-03
2.497001524312199988e-03
2.501672662865299900e-03
2.285203697054300105e-03
2.036025335342200090e-03
2.238980198592200200e-03
2.370273871123700082e-03
1.824612026423799976e-03
2.854990725042899809e-03
2.151474755204800179e-03
1.972358383943900121e-03
2.433027689507800181e-03
2.532290201952499837e-03
2.353269917670700127e-03
2.393526090781900213e-03
2.390982364863800027e-03
2.382361491451899949e-03
2.457947800989099957e-03
2.229619202005400213e-03
2.401016385319600186e-03
2.599339965849099907e-03
2.300737447042899841e-03
2.679412441319800088e-03
2.269806008161999802e-03
2.424447963763500143e-03
2.243555510246600122e-03
2.282937766868700126e-03
2.481860326537100106e-03
2.380481419979999826e-03
2.578186440762400208e-03
1.932477882982300060e-03
2.431011153449999952e-03
2.500740031230400204e-03
2.469871502447300131e-03
2.524993207389599967e-03
2.628050502088800054e-03
2.579704631164199836e-03
2.480792622979400164e-03
2.403308435393000132e-03
2.584557881288399809e-03
2.631948343737399928e-03
2.446383749651899909e-03
2.347307532128300057e-03
2.390031147841600000e-03
2.471064044234800097e-03
2.406348539333399983e-03
2.359367774752000203e-03
2.601676667603300148e-03
2.482433823333800044e-03
2.491126916444100052e-03
2.511595962386699993e-03
2.334169612352199850e-03
2.243837276585699918e-03
2.394253256578199925e-03
2.486204224379100040e-03
2.528406589815499796e-03
2.307643296033099790e-03
1.979683339413799894e-03
2.336516651860499894e-03
1.991758896970999802e-03
2.315659271511200101e-03
2.529948045876799934e-03
2.343404267950900070e-03
2.290386640170199994e-03
2.625123039252799835e-03
2.663200156613100208e-03
2.593581928208799937e-03
2.474836284896799951e-03
2.396139077906099795e-03
2.115897096980099996e-03
2.285134953982300137e-03
2.501628115230500153e-03
2.136374802314199798e-03
2.317910685994900057e-03
2.467496260552299800e-03
1.980773369805199826e-03
2.325094103599700205e-03
2.523844799257600122e-03
2.503478541726499983e-03
2.344145384858400093e-03
2.574574177970199822e-03
2.032188314139600060e-03
2.238240173858600107e-03
2.375974202338300076e-03
2.319535743706299842e-03
2.319409802487900057e-03
2.386100526204000018e-03
2.405724187703699949e-03
2.567643863423199786e-03
2.438476010219900198e-03
2.154202919459200210e-03
2.727914565572399797e-03
2.545752047068599970e-03
2.398357084509999959e-03
2.408374594488399932e-03
2.414037145599699785e-03
1.910480947439100038e-03
2.223468328881799978e-03
2.536723168457199855e-03
2.506818217549900037e-03
2.422949132993399909e-03
2.159746651329500031e-03
2.478316841109399950e-03
2.158968689494899802e-03
2.537981551628900028e-03
1.932164894979600082e-03
2.267017151725100009e-03
2.065830458955399997e-03
2.274399289318100158e-03
2.157302861783200187e-03
2.346246691594099879e-03
2.389936962507199867e-03
2.718141946002099879e-03
2.010820307718600135e-03
2.367119067290800096e-03
2.388850833468500034e-03
2.495279549144600005e-03
2.408103210154599865e-03
2.649957203701500206e-03
2.429699217663399899e-03
2.283868716149500041e-03
2.537095599226800186e-03
2.621796012794100003e-03
2.422938187120100145e-03
2.606837043385199816e-03
2.384549535985500037e-03
2.509190347336800065e-03
2.624047945923500130e-03
2.231118915913000208e-03
2.373196812259400091e-03
1.970740952001700033e-03
2.059803587626400038e-03
2.572209417927200006e-03
2.170459764819700210e-03
1.962737162894100107e-03
2.413852838935799921e-03
2.503084013969000040e-03
2.336656471157100203e-03
2.552773035718099853e-03
2.359242044018400146e-03
2.214109607145099950e-03
2.490681041166599875e-03
1.993972567083800163e-03
2.543860436204099969e-03
2.075329869519300201e-03
2.343369760639900119e-03
2.546742776404199889e-03
2.237796151789600216e-03
2.360361900066000086e-03
2.271903738829299853e-03
2.132828608886399874e-03
2.384459044634100033e-03
2.198370722826499882e-03
2.382692510002999958e-03
2.191980897985400072e-03
2.557272454832499979e-03
2.525180045923899799e-03
2.371975242121699985e-03
2.122347679303499858e-03
2.641665736123499902e-03
2.333664221583699790e-03
2.308980729919200142e-03
2.323199915827199851e-03
2.375417663241900096e-03
2.273564547408199986e-03
2.555439090007400032e-03
2.338211063730700166e-03
2.299541617418899859e-03
2.437718722330299917e-03
2.321199051850400194e-03
2.364961212776699965e-03
2.388914109628800190e-03
2.562581777758300011e-03
2.401789454128700017e-03
2.220759625920300066e-03
2.233814334847700114e-03
2.485382153884200043e-03
2.469764872094199967e-03
2.336220820543799970e-03
2.464883427788700041e-03
2.398584356945500113e-03
1.879789684989099929e-03
2.497287895620600197e-03
2.040041287475700179e-03
2.272508379363500156e-03
2.532268300983599868e-03
2.388310896177800197e-03
1.985654533239799863e-03
2.481384398017799815e-03
2.458023544131499993e-03
2.492681319529700072e-03
2.457148266318800057e-03
2.767713466321700209e-03
2.503236380813100067e-03
2.487603433087399833e-03
2.392645355648299974e-03
1.956014816932900077e-03
2.087926471111399822e-03
2.111814315738699994e-03
2.241686557090200038e-03
2.037547204285299843e-03
2.290476152121800023e-03
2.289158676434499898e-03
2.065645117949800168e-03
2.294625732264700055e-03
2.121092753617799878e-03
2.491008001651399788e-03
2.590553911314900058e-03
2.090818869479100194e-03
2.002474412927399919e-03
2.202633345619600062e-03
2.475225310260999786e-03
2.395011068368600119e-03
2.176373535463800146e-03
2.261676762537899801e-03
2.389516210681199865e-03
2.471785794178899941e-03
2.476334994255200046e-03
2.249637729507800166e-03
2.379164940583899848e-03
2.310061306390299822e-03
2.094109050203899879e-03
2.371225899009499899e-03
2.144684739755499912e-03
2.339487668338600078e-03
2.435704744173099786e-03
2.408303197035699915e-03
2.434782525385400034e-03
2.316534877400599959e-03
2.504433931848500192e-03
2.363536335495399973e-03
2.422063820192900049e-03
2.054848835204199815e-03
2.656510744125100028e-03
2.471143902742699901e-03
2.329973095859199858e-03
2.368850120218899975e-03
2.535671322108400041e-03
2.145835857790399925e-03
2.485420859302200046e-03
2.476165577875700206e-03
2.294611083700600056e-03
2.794218851326699896e-03
2.113035433120899909e-03
2.284836291018299895e-03
2.283065486083400014e-03
2.147807507165899830e-03
2.423262464206299947e-03
2.138652036295600207e-03
2.342051836254399871e-03
2.294989389006899926e-03
2.434401442933999907e-03
2.177967056962099805e-03
2.520017241622199942e-03
2.433917037051900028e-03
2.370457868554200209e-03
2.284175173025399831e-03
2.265749946868199794e-03
2.060871477337199859e-03
2.415775097368200088e-03
2.295835760139600112e-03
2.412588892803799873e-03
1.818427424382700053e-03
2.405767672153300094e-03
2.066299227958299980e-03
2.312793895874199965e-03
2.250404203649299800e-03
2.607061261091400163e-03
2.749007628732699944e-03
2.826035421394500202e-03
2.795164357632000125e-03
2.492085740531899910e-03
2.354360771232100105e-03
2.299634248710799838e-03
2.671155564454599958e-03
2.618006418798400018e-03
2.482059456624800039e-03
2.486743082730199887e-03
2.650402286856300051e-03
1.985799858008500084e-03
2.456072859787899847e-03
2.018064373368099861e-03
2.355160458778900092e-03
2.238609995635500172e-03
2.373349432832799841e-03
2.174686412927400066e-03
2.250562778400700022e-03
2.443766366274100019e-03
2.583466264861100040e-03
2.216328121223300109e-03
2.246388195060399894e-03
2.500672849165999894e-03
2.457602037100499893e-03
2.022346641454799820e-03
2.357959604549199947e-03
2.219218696410999846e-03
2.411318363021499982e-03
2.096661309533800165e-03
2.394652812174799788e-03
2.030012793632400125e-03
2.761559975129699879e-03
2.471586605867200168e-03
1.998616637747399963e-03
2.298402508717700080e-03
2.340988300377200119e-03
2.148045926755800042e-03
2.781140614529299931e-03
2.488331191756799985e-03
2.485705569999900090e-03
2.457882964476900030e-03
2.107931350428399794e-03
2.316027465776799958e-03
2.067703094454999974e-03
2.588080344381100007e-03
2.601405267800299941e-03
2.413094462976999796e-03
2.408855062133799952e-03
2.265736309328099992e-03
2.347994225955999954e-03
2.256875542147799944e-03
2.328461115835800139e-03
2.282951975481600088e-03
2.371257733156099945e-03
2.495185839266300144e-03
2.288998868822000009e-03
2.350363360458000098e-03
2.650672953125200043e-03
2.477018184568299981e-03
2.458251245912700198e-03
2.279519537309500094e-03
2.545428826013600154e-03
1.961993772380799927e-03
2.290076793272300109e-03
2.313620012400800178e-03
2.451264754217300033e-03
2.342135251066199911e-03
2.630336213598800151e-03
2.285443116946899930e-03
2.514915462502099932e-03
2.650774754192300030e-03
2.474681328406099900e-03
2.541606402200499975e-03
2.528369090906399958e-03
2.447857121977100193e-03
2.463510309948699871e-03
2.463775430677999853e-03
2.328884263177500007e-03
2.293927652529900198e-03
2.419886276006000172e-03
2.168685717268799967e-03
2.500754762092900069e-03
2.536498297001700021e-03
2.038067053740399894e-03
2.472789837446899997e-03
1.995790583779699819e-03
1.933977750860599960e-03
2.572232926903100098e-03
2.541369733526900165e-03
2.444761705753399888e-03
2.284568963319600146e-03
2.346663562357799784e-03
2.520641730085499983e-03
2.472512769438800061e-03
2.555450550902200069e-03
2.301592627613000073e-03
2.334305824309500059e-03
2.175091192105399820e-03
2.282139036076099876e-03
2.309972855349800083e-03
1.949284953613100073e-03
2.597828553660799875e-03
2.443523406879000073e-03
2.478035689696499958e-03
2.252266289361299842e-03
2.378236167877099960e-03
2.116673982587499985e-03
2.431735724578300110e-03
2.396303413079399914e-03
2.043960434569799898e-03
2.375082752453400083e-03
2.598596553138099886e-03
2.075327747480900167e-03
2.267643459805600021e-03
2.666675320451900120e-03
2.254045824539200032e-03
2.012359231273999974e-03
2.636832915503099957e-03
2.448977470814600165e-03
2.576293247285399955e-03
2.334121770867999841e-03
2.411450716420300133e-03
2.632357556141899993e-03
2.031625909394999853e-03
2.360060366769800057e-03
2.002612513901699809e-03
2.322794234123599835e-03
2.344945241288000186e-03
2.326875121555600171e-03
1.908172175618799964e-03
2.397069587793199900e-03
2.400127254115500073e-03
2.370070004025500148e-03
2.234338060064899878e-03
2.318198710012299869e-03
2.496139992626900030e-03
2.340921584238000140e-03
2.867901387379100109e-03
2.480568179183199797e-03
2.243867014648400198e-03
2.428203761729800202e-03
2.218839598507799972e-03
2.131899065910700108e-03
2.444373128221499943e-03
1.870627812218299919e-03
2.447782062711800072e-03
2.144573338228500207e-03
2.257524403752500086e-03
2.504105402855400040e-03
2.176177648209699951e-03
2.298327829320399862e-03
2.081878946803699792e-03
2.619768468528899889e-03
1.957971116905000194e-03
2.250772174608999844e-03
2.376768070611399997e-03
2.589783962793699816e-03
2.608094723160400089e-03
2.331401322490799996e-03
2.752797553255699903e-03
2.483497030410300021e-03
2.327371734502300081e-03
2.332184383866300025e-03
2.485575966369299970e-03
2.371545768038899916e-03
2.232532365299899884e-03
2.298273459093399997e-03
2.356724985293899999e-03
2.380777919020599792e-03
2.024266687206200191e-03
2.407806324918700201e-03
2.461009723066199910e-03
2.669873721770099975e-03
2.270964192057399814e-03
2.324022924732600196e-03
2.274877981931799995e-03
2.401979943018400180e-03
2.485295623972599930e-03
2.003932321685900075e-03
2.216139412591000210e-03
2.647832147040599885e-03
2.501486242865800201e-03
2.294533978316400189e-03
2.509655061195699942e-03
2.249939373357099856e-03
2.443289433448900001e-03
2.395338556258500094e-03
2.360153422037200143e-03
2.401413510510699931e-03
2.550412234656799799e-03
2.586728361355399974e-03
2.416897002018299906e-03
2.238492996849899847e-03
2.266223918553899978e-03
2.443375742741199941e-03
2.594403228885799970e-03
2.470925471795600101e-03
1.997437092526299900e-03
2.421574053360900022e-03
2.309382128941400106e-03
2.608038466810899854e-03
2.288083868320299995e-03
2.183398744402500168e-03
2.044701188297799992e-03
2.578409535170400006e-03
2.337309502631100024e-03
2.290390001366100162e-03
2.322012379108400089e-03
2.711786158780999951e-03
1.981432554738499913e-03
2.321570792770800192e-03
2.429446652495400195e-03
2.371793013801899806e-03
2.121470316077300050e-03
2.405126762380400181e-03
2.482330836803000196e-03
2.424496285438100182e-03
2.570391135648099953e-03
2.230653528597999983e-03
2.289870268125499941e-03
2.451110631810899873e-03
2.471075297161100075e-03
2.408815669620500022e-03
2.091892685934400135e-03
2.309597675902099953e-03
2.526163245526900133e-03
2.204819871642399974e-03
2.119547712728900041e-03
2.570846913975799886e-03
2.531254971690699834e-03
2.407327772839799873e-03
2.518121277755400178e-03
2.366581027568800087e-03
2.569563617545999983e-03
2.237413738433299912e-03
2.134999403601399968e-03
2.100493478008099834e-03
2.326574605002100157e-03
2.435062257424899963e-03
2.390985332607099834e-03
2.657323564457299975e-03
2.316207721156000182e-03
2.380905693292400052e-03
2.389348324490999948e-03
2.053042866348500032e-03
2.558008325313900020e-03
2.388088041762599905e-03
2.375359553359099925e-03
2.380017243333499947e-03
2.508990092333799899e-03
2.448387762211400118e-03
2.402391620219399958e-03
2.385264117621699927e-03
2.308600827682499856e-03
2.364981904409100069e-03
2.424725538605199907e-03
2.156565642244400068e-03
2.294339868784299984e-03
2.076283701542400075e-03
2.188411107840199793e-03
2.330837451179200003e-03
2.163196578196200162e-03
1.981708501868600057e-03
2.436897197401899882e-03
2.460502215570599827e-03
2.313922360099800180e-03
2.515334230705399809e-03
2.009089606097599987e-03
2.367604548316399812e-03
2.064322551292499877e-03
2.504108137150099986e-03
2.055887810819499815e-03
2.171424296850600014e-03
2.144151854888799898e-03
2.102569833637899909e-03
2.488681118843799785e-03
2.394195305219099998e-03
2.500483385298099808e-03
2.417606518756000057e-03
2.271602442790400002e-03
2.173780422928899957e-03
2.249978910314799803e-03
2.643909834284799941e-03
2.498162818061300076e-03
2.524517441048499799e-03
2.258651649953200176e-03
2.445196517094400026e-03
2.238758953442099991e-03
2.412119335455500078e-03
2.079213731597699850e-03
2.125836400320399965e-03
2.319030359636499970e-03
2.524673847690800214e-03
2.266196407905300084e-03
2.431939380827400146e-03
2.264728510951300074e-03
2.414921629311599788e-03
2.445709486398800047e-03
2.279222605306099967e-03
1.894085874799200089e-03
2.424234166003400200e-03
2.133432577997100045e-03
2.047772267921699803e-03
1.979915287145900000e-03
2.391394643600300036e-03
2.470772334907700082e-03
2.743505539733600077e-03
2.574542267593700213e-03
2.661153014219399832e-03
2.900827097212200015e-03
2.471309269053000024e-03
2.331174939051999882e-03
2.442199566641299786e-03
2.091946783726700201e-03
2.521136605783400216e-03
2.494668739363999944e-03
2.421540306757200174e-03
2.362334716214900109e-03
2.597295648092399958e-03
2.338915284719099864e-03
2.533885089997400201e-03
2.282897785768100204e-03
2.065800385458500203e-03
2.611320231847900127e-03
2.304599956855200166e-03
2.496062825072999786e-03
2.528457516148600003e-03
2.438264346089400077e-03
2.602909951116600014e-03
2.489755124282499836e-03
2.502604826964900057e-03
2.178891431071000150e-03
2.332043084447600178e-03
2.581587303957199892e-03
2.347739558208300058e-03
1.980781329585499986e-03
2.703900599321999981e-03
2.217230553373600137e-03
2.137996813307100133e-03
2.044316298588200187e-03
2.260766516104499840e-03
2.188893627190699898e-03
2.359790947609500047e-03
2.341883268332000181e-03
2.116685505070700201e-03
2.409576980965600062e-03
2.440157342747000142e-03
2.421404837580100160e-03
2.474358837659700137e-03
2.326178559103499969e-03
2.572410018251300012e-03
2.527707670495100110e-03
2.311622901789399821e-03
2.358055998968900183e-03
2.445990432322900018e-03
2.471263561334700095e-03
2.415794045092099947e-03
2.271471582589299886e-03
2.404710533971999870e-03
2.388826188814099916e-03
2.495996100998200146e-03
2.590594246592000174e-03
2.412886215463700204e-03
1.857067270665599965e-03
2.190640505281399829e-03
2.679101487769999877e-03
2.401240970655000185e-03
2.314553217005400204e-03
2.674324532111200213e-03
2.372952314389999932e-03
2.721903356819800179e-03
2.488151645510700092e-03
2.400666355364899918e-03
2.429729434702100101e-03
2.182731438509000199e-03
1.746258548535899961e-03
2.491373226422800066e-03
2.548993352988200133e-03
2.350241195453599795e-03
2.406962470008699832e-03
2.530113770950399941e-03
2.468423057181499958e-03
2.494234141345599842e-03
2.525994222610599815e-03
2.363563273592599913e-03
2.481535057243499862e-03
2.226209450678800095e-03
2.349250515011499802e-03
2.074111249552099915e-03
2.433419305758099862e-03
2.384516201457500140e-03
2.556566873842700156e-03
2.281303720991099872e-03
2.565505517090200128e-03
2.275625792945400183e-03
2.291160381607999959e-03
2.377831036253000123e-03
2.327237883104499912e-03
2.198140632128199948e-03
2.339463614206799963e-03
2.687952790783600023e-03
2.077715591221099799e-03
2.205259631344299968e-03
2.301640486200000162e-03
2.385605134939100102e-03
1.981000109100100170e-03
2.641796187806100173e-03
2.399602829697299825e-03
2.336978026595500080e-03
2.370601131950100110e-03
2.216694555467000043e-03
2.309763970765100084e-03
2.519017620911299937e-03
2.298462484861700083e-03
2.272927794854100181e-03
1.978005099776200017e-03
2.390526535354800010e-03
2.269270546914000080e-03
2.082045846894599837e-03
2.350813247605899967e-03
2.235184882423699951e-03
2.453108223528700175e-03
2.371034573631300175e-03
2.206164539142900071e-03
2.282678228532800113e-03
2.398506906496399981e-03
2.350854530543899923e-03
2.459292100988799863e-03
2.665097003332800134e-03
1.926335030551699998e-03
2.324946293376200113e-03
2.678041211078800200e-03
2.644210287164099928e-03
2.366192944999599874e-03
2.410399666910800157e-03
2.347914638578199858e-03
2.579009549146599883e-03
2.536990860062299843e-03
2.140375483863199858e-03
2.535836932279200099e-03
2.462608052054999878e-03
2.361466141269300077e-03
2.516812775049800163e-03
2.198297130835199977e-03
2.469571362174999892e-03
2.349653218927300058e-03
2.221588480778199839e-03
2.140424039092000182e-03
2.592472660349500087e-03
2.602276042095899838e-03
2.386876352413999907e-03
2.314439589935900210e-03
2.348502946841499878e-03
2.582001551689599821e-03
2.013908660878400200e-03
2.365736338287599983e-03
2.075552221690700125e-03
2.070293384422200195e-03
2.181723915698800201e-03
2.519302077183900070e-03
2.571931327744299972e-03
2.141395314625899916e-03
2.232849598843799927e-03
2.571093989643800058e-03
1.977917964218499792e-03
2.385609218887800153e-03
2.578562807841599993e-03
2.224912594399600183e-03
2.166574768469499944e-03
2.280806402608200056e-03
2.426772399423099847e-03
2.406593025663900098e-03
2.448179609988900083e-03
2.699868420222900113e-03
2.552311596758000036e-03
2.402247174276399885e-03
2.488184671816000022e-03
2.442410901222200059e-03
2.622558871514899838e-03
2.290158256549800105e-03
2.204817608171399934e-03
2.490353882047899835e-03
2.502257470979399930e-03
2.436694019441900012e-03
2.238466198289699918e-03
2.255087440136399786e-03
1.938883341485300076e-03
2.386720815940900076e-03
2.285337657868799933e-03
2.233307879700100005e-03
2.133702686760100085e-03
2.833141714687700038e-03
2.256924228833799995e-03
2.517483651072200106e-03
2.348467790293299901e-03
2.220485950617600169e-03
2.201344434818299899e-03
2.274911023641900190e-03
2.627737237084900104e-03
2.262920325713900158e-03
2.319709082732400018e-03
2.183468873474400055e-03
2.266390922810300034e-03
2.331064553968299931e-03
1.906784700024799972e-03
2.318369688200499872e-03
2.115983842509599946e-03
2.294104457747199888e-03
2.522643153065700066e-03
1.972750369550500121e-03
2.408918309636699871e-03
2.408287398464999986e-03
2.347419818233100093e-03
1.785051974165100105e-03
2.526716732466599991e-03
2.337182596832099949e-03
2.505353796179899881e-03
2.458652686876199988e-03
2.679427669113000100e-03
2.214725805024599786e-03
2.829371546063900057e-03
2.150279091438399987e-03
2.495478904332300209e-03
2.415748420587799945e-03
2.224100916282700010e-03
2.358777552714100018e-03
2.521999057078300015e-03
2.189523514315899842e-03
2.499070616993100211e-03
2.396975482112599816e-03
2.435168012212200143e-03
2.641724936189400116e-03
2.581615591196899807e-03
2.510471586895799984e-03
2.550077075293200046e-03
2.333078383918100150e-03
2.306153778474799836e-03
2.398423576629600193e-03
2.410159572358400084e-03
2.275341762170599805e-03
2.705337538708000016e-03
2.054296288738999884e-03
2.312667168769300206e-03
1.899368924876500058e-03
2.141851875519199845e-03
2.467814541840199910e-03
2.391886740399200035e-03
1.900802136294199932e-03
2.364456374046400213e-03
2.425590830216900039e-03
1.893274252833899995e-03
2.305353393910599888e-03
2.385679683548400098e-03
2.382990348685400193e-03
2.404047211264500120e-03
2.432688667118299963e-03
2.161384261648200203e-03
2.708198269131600021e-03
2.692922437340599870e-03
2.497698200163199836e-03
2.478895481990099799e-03
2.587584219498000049e-03
2.502931188595900087e-03
2.183083691454500153e-03
2.526691837462599882e-03
2.538528251486899846e-03
2.672233698017200017e-03
2.531307002559800030e-03
2.347932701591700158e-03
2.004420178037699847e-03
2.380695831390299867e-03
2.505015462670799869e-03
2.448366487962700191e-03
2.276480864355199824e-03
2.302342856760100122e-03
2.397309565451199997e-03
2.345210939920999889e-03
2.435859392856099936e-03
2.564064939183500081e-03
2.393932628876100158e-03
2.445628469260400107e-03
2.064022257689699866e-03
2.497079736072899819e-03
2.337357441113799977e-03
2.462364976797999996e-03
