1.494956898451109240e+00
-5.991017018943936012e-01
-1.771797138720908882e-01
3.741881906324593943e-01
-1.184007626772622945e+00
-2.808419563416071352e-01
-4.389155517957660790e-01
-1.496169492433382653e-01
-1.853157287570944278e-01
1.026599350948075307e+00
-1.071769953743646059e-01
-5.950841413557964588e-01
1.087935045602292511e-01
6.820445915990980268e-01
-1.460884558097848673e+00
-1.980883483132076794e-01
6.631919712581705317e-01
-7.378982215076751450e-01
-1.079111337521185376e+00
-8.372062181102385425e-01
-1.096743354309435370e+00
-1.065377960430258453e+00
-4.378585854249013032e-01
4.213023448464637277e-01
1.917387777943651672e+00
2.130935860913875657e-01
3.217803678673131773e-01
1.162240751255553484e+00
2.893397754313433712e+00
2.393797379072476250e+00
-4.745053065098279732e-01
-2.027501106412471499e-02
5.387080254015323977e-01
-1.090624457669828518e+00
5.500458505281242694e-01
-9.830261817429339910e-01
1.888055476503920915e-01
4.675055381400782251e-01
7.579888655621269677e-01
-9.528166446183471416e-01
-9.394963988262121646e-01
1.737544817137247344e-01
-5.529086836305249220e-01
1.666650905433412433e+00
-2.472472783482065617e-01
3.574970509234168814e-01
-5.462604243407765958e-01
-1.384069620624785113e+00
3.966669674832615233e-01
1.213395346062569935e+00
-7.775760228827185576e-06
-3.657989465979605281e-01
-1.358146917998894754e+00
-3.654686682196096048e-01
2.054966177269135663e+00
-1.469203853157249995e+00
-1.431415186449800814e+00
1.917387777943651672e+00
-7.925440733041744235e-01
-7.729438018894575491e-01
3.665948432509970045e-01
-2.120048256583488000e-01
-1.582285022206026959e+00
3.643418393608475192e-01
-1.217298121624534435e+00
-9.508827214954120866e-01
-4.964546357759275219e-01
1.132303974641562516e-01
5.315545124398123322e-01
-6.882200784066182242e-02
1.933111893735284526e-01
1.624909082729380172e+00
-6.942708399301343869e-01
1.146778143344791667e+00
-5.165016593477315121e-01
-1.329261768803599253e+00
-3.637811630965914200e-01
-1.743500929775985281e-02
2.540016066305057496e-01
-1.406162352329795917e+00
1.460755119329277818e-01
5.200881097593712532e-01
-7.418291150325292960e-02
-1.750041374855555998e-01
-6.450289443373168341e-01
-1.220244284272498314e+00
7.507984618882725947e-01
1.026570914167325377e+00
-4.315156835908831590e-01
2.063852344583243958e+00
8.844715340947714166e-01
-4.531567959854277405e-01
-1.304083087085394499e-01
-1.346846297089971056e+00
1.727334788006257976e-02
-7.471073912564667463e-01
4.383574095303786611e-01
-2.467679010290028119e-01
-9.118012271834693427e-01
4.222574187854505334e-01
1.213923822817917664e+00
-5.689342619391033473e-01
-6.885118952570401518e-01
-2.441870139270703177e-01
-9.674584848749544219e-02
-7.418496882708713880e-01
1.724537995761864062e+00
-1.280475899633432224e+00
5.235569620950233372e-01
-5.200216407176968536e-01
-1.551165615599006564e+00
2.357367312050179464e+00
3.342996932925396125e-01
3.116773021321328496e-01
-4.040583234919240679e-02
8.350964467536954317e-01
-4.775923567156882821e-01
-1.157457334000116189e+00
1.506760153644324529e-01
-5.147286323760089655e-01
9.037042927865635011e-01
1.274704820905562030e+00
-5.767219587393934699e-01
1.063406006134432369e+00
-4.298717281120289502e-01
-6.199804169783958985e-01
-1.246549950378504690e+00
-1.786791144017313981e-01
2.665378847068393675e-01
-4.515938650731603499e-01
4.944669633349259574e-01
-1.242537236222895497e-01
-1.184796112772712906e+00
7.438360928764405910e-01
-6.828031788697753734e-01
-1.598116441964402945e+00
1.626800744620361838e+00
-3.403435345914407884e-01
-1.482841361718926887e+00
8.844715340947714166e-01
-6.636501024444472208e-01
3.731880242456244168e-01
-9.733211580168186217e-01
-1.512898151578850436e+00
-6.105689896170051201e-01
-1.477074682367915504e+00
6.278383079398571764e-01
8.048063030673567875e-01
-3.347268483520955407e-01
-5.740280379527971100e-01
-3.827798076865761984e-02
-1.242623228946633934e-01
-5.271965111369166790e-01
-3.830553799466578369e-01
-4.138423977449776081e-01
-4.606244607622488885e-01
-1.139145625950046981e+00
-2.091110746450602076e-01
-9.144186892092781571e-01
-8.164177172471617228e-01
-8.448909239197059939e-01
-8.227692196788585210e-01
3.295282718200929217e-01
9.807749852590135209e-01
4.641962249345719105e-01
-5.946693024438587383e-01
-8.346494827389898674e-01
-1.330561593211563975e+00
2.510597951091538160e+00
-7.309723783061194968e-01
-3.530082769021827827e-02
-1.361250526509433234e+00
-1.063926781459241022e+00
1.222347456296845492e+00
-2.664983787479656696e-01
-4.862422986753049958e-01
3.882537489487628557e-01
4.296357480816634933e-01
-6.305330202038703646e-01
5.254410454336260194e-01
-1.015484337938907383e-01
1.462646577461422348e+00
3.369238487538011029e-01
-1.361499534384416066e+00
-9.161842512777095271e-01
5.379746392149749035e-01
1.270044035003269789e+00
-1.389726438469092162e+00
-1.574592734418004680e-01
1.330970760447885703e-01
-4.716734617872674895e-01
4.838249543093768312e-01
1.231985396074103178e+00
6.645560114233963755e-01
2.696018727309593133e-01
-5.458450787597980414e-01
-1.754173533896992987e-01
9.807749852590135209e-01
2.008511071997145514e-01
-7.828121100906105800e-01
-8.440941435216882116e-01
2.100557026673716410e-01
-7.816305105563670086e-01
-8.261409222536157948e-01
1.548239131709583938e-01
-5.891978960571500057e-01
-4.996616841624140770e-01
7.981631813981306944e-01
-1.407479115422045401e+00
-1.280909028152483753e+00
6.261136682521304397e-01
-5.568534438120480434e-01
5.290259860872039699e-01
-1.271952768281033042e-01
-6.211664106852157197e-01
1.943588473765114566e+00
-3.191915016946651473e-01
-1.459957072539708633e+00
-3.776648093540968532e-01
7.201594060924162988e-02
2.163932259503714484e+00
-1.420304911418702742e+00
1.805553290644232867e+00
1.719493491703282251e-01
-6.208109404011156185e-01
-3.939209015668740932e-01
-9.441931606006058741e-01
-1.083803028478456110e+00
-8.809770194510372354e-01
1.995684340843654647e+00
5.137083957528782996e-01
1.215893078762386281e+00
6.768601541397748500e-01
-9.721896686868706228e-01
1.651486177523413978e+00
8.350964467536954317e-01
6.174727519535153641e-01
-9.167899831035352110e-01
-1.440084183859285050e+00
-1.266623194426646837e+00
5.016943773721473931e-01
9.269109890658135953e-01
-3.801958323088808767e-01
-1.017455076046045903e+00
-5.479126895519470519e-02
1.638230940551702597e+00
1.505391691909425900e+00
-5.730860846456115043e-01
7.390837351948635961e-03
2.694249170011722358e-02
1.953459940086188951e+00
2.692465122367354580e-01
-6.589844453007307479e-01
-3.046125606316588130e-01
1.722211429457269904e+00
-9.183103675563781820e-01
-4.631545560658910654e-01
-1.236100315162187879e+00
-6.146250525159566713e-01
-8.672294624783573047e-01
1.011616501385882216e+00
1.070707628300644754e-02
-5.701060830678714719e-01
1.623048880332167154e-01
-9.893854686785054087e-01
6.432285879256972594e-01
1.965722855172269634e+00
5.006258689907460147e-01
-1.413027237791386836e+00
-1.399745677705768854e+00
-9.350863944500387159e-01
7.742207217962925325e-01
1.586300736493808650e+00
-1.054868534835428751e+00
-1.273536239657331315e+00
7.691737879714540815e-01
-8.070648894214822455e-01
-8.558090945127893034e-01
-1.757119941518470396e+00
-7.109162799228112561e-01
3.119193751651104574e+00
6.711186035929411764e-01
1.613903884039181280e+00
-1.284928894241975428e+00
7.752757138456848329e-01
-3.580342337712844603e-01
-9.301866973367194369e-01
1.864700089199063660e-01
2.440146887454578972e-01
-4.094121929646961366e-02
-6.928873011073000132e-01
1.056353651383396430e+00
4.103833198793093162e-01
-1.030866764902401256e+00
1.240502499931598779e+00
-9.641110696174111094e-01
1.141376933425448881e+00
-9.545279457458003547e-01
-1.287747538728192254e+00
3.868938095788762577e-01
2.489387191980426906e+00
1.538778990937555102e+00
-5.756400355936711621e-01
-5.179809865974632777e-01
-8.802613027414665781e-02
2.545004583897866102e+00
-8.934027863001872127e-01
1.651811055915752835e+00
-8.362935483399654979e-01
-1.277561826910960541e+00
5.977249545396228630e-02
8.480464001425155329e-01
-1.383423954316971738e+00
-2.824772688997009840e-01
-1.352872798234332041e+00
-7.346873662032922248e-01
-8.969618253564053401e-01
-4.271084594194506923e-01
