6.313345384345723371e-03
6.270087874708723565e-03
6.848960841285802598e-03
6.800087424755986258e-03
6.697911646461387862e-03
6.793690402090668719e-03
6.471033626541243533e-03
6.751167793572620569e-03
6.218165602746534432e-03
7.101052555431024149e-03
6.218165602746534432e-03
6.545225757999100120e-03
5.829946083481757010e-03
5.900160094407646411e-03
6.398595202945117286e-03
6.509180976716951936e-03
6.689188379027155573e-03
5.825783954003339177e-03
6.270087874708723565e-03
6.509180976716951936e-03
6.398595202945117286e-03
6.398595202945117286e-03
6.471033626541243533e-03
6.864251072718040823e-03
6.689188379027155573e-03
5.947665750140466653e-03
6.479756893975474955e-03
6.439867153906642799e-03
6.664884866544615837e-03
6.751167793572620569e-03
6.218165602746534432e-03
6.852413716639733574e-03
6.133383825019484217e-03
6.398595202945117286e-03
6.697911646461387862e-03
6.347577952657100855e-03
6.218165602746534432e-03
7.126435456815584032e-03
6.133383825019484217e-03
6.431143886472410511e-03
6.269064594609038629e-03
6.587541872968312798e-03
6.133383825019484217e-03
6.347577952657100855e-03
6.618582147279506757e-03
7.119733846868699784e-03
5.868632718559740717e-03
6.439867153906642799e-03
6.759891061006852858e-03
6.261364607274491276e-03
5.989093474327212077e-03
5.980370206892980656e-03
6.061881483168040166e-03
6.218165602746534432e-03
6.517904244151183357e-03
6.439867153906642799e-03
6.226888870180765853e-03
6.689188379027155573e-03
6.827563744306357034e-03
6.664884866544615837e-03
6.647217934267286334e-03
6.784967134656436430e-03
6.618582147279506757e-03
5.917901230500467388e-03
6.398595202945117286e-03
6.471033626541243533e-03
6.347577952657100855e-03
6.218165602746534432e-03
6.899319421165806335e-03
6.759891061006852858e-03
6.024377689191803484e-03
7.109775822865256438e-03
5.891436826973414122e-03
6.101244677255489128e-03
6.471033626541243533e-03
5.989093474327212077e-03
6.261364607274491276e-03
5.849849084259881038e-03
6.133383825019484217e-03
6.896268292368112895e-03
6.226888870180765853e-03
6.887545024933880607e-03
6.167468632922592543e-03
6.827563744306357034e-03
5.830846135641491734e-03
5.900160094407646411e-03
6.439867153906642799e-03
5.956389017574698942e-03
6.218165602746534432e-03
6.647217934267286334e-03
6.587541872968312798e-03
6.471033626541243533e-03
7.137463478553508593e-03
6.024377689191803484e-03
6.998496452236513746e-03
6.304622116911491082e-03
5.917901230500467388e-03
6.852413716639733574e-03
6.024377689191803484e-03
7.137277595179339004e-03
6.647217934267286334e-03
6.509180976716951936e-03
6.647217934267286334e-03
6.261364607274491276e-03
5.926624497934698810e-03
6.347577952657100855e-03
6.439867153906642799e-03
5.926624497934698810e-03
6.517904244151183357e-03
5.989093474327212077e-03
6.720287371762103876e-03
6.398595202945117286e-03
6.479756893975474955e-03
6.578818605534080509e-03
6.740894209928193631e-03
6.578818605534080509e-03
6.990447997901196031e-03
6.664884866544615837e-03
6.553949025433332409e-03
6.218165602746534432e-03
6.226888870180765853e-03
6.471033626541243533e-03
6.226888870180765853e-03
6.932640821547883872e-03
6.887545024933880607e-03
6.638494666833054045e-03
6.061881483168040166e-03
7.137463478553508593e-03
6.218165602746534432e-03
6.479756893975474955e-03
6.398595202945117286e-03
6.827563744306357034e-03
6.664884866544615837e-03
6.015654421757571195e-03
6.431143886472410511e-03
6.720287371762103876e-03
6.479756893975474955e-03
6.793690402090668719e-03
6.356301220091332277e-03
6.587541872968312798e-03
6.896268292368112895e-03
6.711564104327872454e-03
6.304622116911491082e-03
6.673608133978847258e-03
6.431143886472410511e-03
6.479756893975474955e-03
6.553949025433332409e-03
6.184108549762286702e-03
6.218165602746534432e-03
6.471033626541243533e-03
6.431143886472410511e-03
6.261364607274491276e-03
7.024513196674729044e-03
6.133383825019484217e-03
6.304622116911491082e-03
6.777436825045279022e-03
6.226888870180765853e-03
6.304622116911491082e-03
6.101244677255489128e-03
5.956389017574698942e-03
6.261364607274491276e-03
6.932640821547883872e-03
6.061881483168040166e-03
6.479756893975474955e-03
6.439867153906642799e-03
6.389871935510884997e-03
5.980370206892980656e-03
6.142107092453715639e-03
6.618582147279506757e-03
6.398595202945117286e-03
7.117712189381351744e-03
6.517904244151183357e-03
6.509180976716951936e-03
6.184108549762286702e-03
6.431143886472410511e-03
6.887545024933880607e-03
5.956389017574698942e-03
5.956389017574698942e-03
6.932640821547883872e-03
6.861136984073965862e-03
6.911390630876665039e-03
6.578818605534080509e-03
6.545225757999100120e-03
6.618582147279506757e-03
6.389871935510884997e-03
6.218165602746534432e-03
6.398595202945117286e-03
6.142107092453715639e-03
6.545225757999100120e-03
6.509180976716951936e-03
6.347577952657100855e-03
6.270087874708723565e-03
6.471033626541243533e-03
6.618582147279506757e-03
6.517904244151183357e-03
6.092521409821256839e-03
6.218165602746534432e-03
6.479756893975474955e-03
7.097897972931272587e-03
6.053158215733808745e-03
6.296247009888749149e-03
7.060961882883985685e-03
6.218165602746534432e-03
6.304622116911491082e-03
7.097897972931272587e-03
6.959697408789039877e-03
6.092521409821256839e-03
6.133383825019484217e-03
6.184108549762286702e-03
6.226888870180765853e-03
6.439867153906642799e-03
6.356301220091332277e-03
6.184108549762286702e-03
6.175385282328054413e-03
6.015654421757571195e-03
5.891436826973414122e-03
6.439867153906642799e-03
6.313345384345723371e-03
6.923917554113652451e-03
5.891436826973414122e-03
5.980370206892980656e-03
6.673608133978847258e-03
6.471033626541243533e-03
6.965821605453369376e-03
5.821222816047525589e-03
6.218165602746534432e-03
6.218165602746534432e-03
6.398595202945117286e-03
6.439867153906642799e-03
5.926624497934698810e-03
6.356301220091332277e-03
6.398595202945117286e-03
6.509180976716951936e-03
6.304622116911491082e-03
6.184108549762286702e-03
6.578818605534080509e-03
6.720287371762103876e-03
6.347577952657100855e-03
6.313345384345723371e-03
6.270087874708723565e-03
6.932640821547883872e-03
6.175385282328054413e-03
6.175385282328054413e-03
6.553949025433332409e-03
7.137277595179339004e-03
6.398595202945117286e-03
6.517904244151183357e-03
6.226888870180765853e-03
6.471033626541243533e-03
6.732170942493961342e-03
6.398595202945117286e-03
6.398595202945117286e-03
6.142107092453715639e-03
6.618582147279506757e-03
6.479756893975474955e-03
5.900160094407646411e-03
6.398595202945117286e-03
6.720287371762103876e-03
6.092521409821256839e-03
6.218165602746534432e-03
6.471033626541243533e-03
7.076042539137384312e-03
6.304622116911491082e-03
6.133383825019484217e-03
6.347577952657100855e-03
6.053158215733808745e-03
6.398595202945117286e-03
6.587541872968312798e-03
6.479756893975474955e-03
6.356301220091332277e-03
6.431143886472410511e-03
6.875908542133691258e-03
5.900160094407646411e-03
6.471033626541243533e-03
5.877355985993973006e-03
6.347577952657100855e-03
6.053158215733808745e-03
7.041980266917557268e-03
6.793690402090668719e-03
7.024513196674729044e-03
6.061881483168040166e-03
6.261364607274491276e-03
6.793690402090668719e-03
5.956389017574698942e-03
6.092521409821256839e-03
6.270087874708723565e-03
6.218165602746534432e-03
6.431143886472410511e-03
6.218165602746534432e-03
6.998496452236513746e-03
5.849849084259881038e-03
6.389871935510884997e-03
6.092521409821256839e-03
6.431143886472410511e-03
6.261364607274491276e-03
6.587541872968312798e-03
6.647217934267286334e-03
6.389871935510884997e-03
6.439867153906642799e-03
6.740894209928193631e-03
6.015654421757571195e-03
6.471033626541243533e-03
6.932640821547883872e-03
6.053158215733808745e-03
5.877355985993973006e-03
5.947665750140466653e-03
6.285133990991967345e-03
6.175385282328054413e-03
6.545225757999100120e-03
6.398595202945117286e-03
5.926624497934698810e-03
6.689188379027155573e-03
6.184108549762286702e-03
6.053158215733808745e-03
6.142107092453715639e-03
6.509180976716951936e-03
6.285133990991967345e-03
6.389871935510884129e-03
