1.877808113813505056e-02
1.866843051496432440e-02
1.871350176388907049e-02
1.071755384010089802e-02
1.898322144087028970e-02
1.076533784010232260e-02
1.843964970563410910e-02
1.840386142011330231e-02
1.137170503156704864e-02
1.846478690066507070e-02
1.841602694064213563e-02
1.110620617766422576e-02
1.836227455256734045e-02
1.876128576389049507e-02
1.858798470128844235e-02
1.866843051496432440e-02
1.869205327995629787e-02
1.071991682124743932e-02
1.852133439199091583e-02
1.841751295910082353e-02
1.855807617962820788e-02
1.876470421491929080e-02
1.871350176388907049e-02
1.071701224984028360e-02
1.866746669500574801e-02
1.852775780117928497e-02
1.134342881498921936e-02
1.849771162699894236e-02
1.861160746628041582e-02
1.864384393001377455e-02
1.855807617962820788e-02
1.874168533985764995e-02
1.148050632910520112e-02
1.837543595713049538e-02
1.852133439199091583e-02
1.869205327995629787e-02
1.834898891409780103e-02
1.073969851841716054e-02
1.145688356411322766e-02
1.849224248313642918e-02
1.067151877121757554e-02
1.864042407009469660e-02
1.835208532591192307e-02
1.852133439199091583e-02
1.849224248313642918e-02
1.148594133682718545e-02
1.858169894462018135e-02
1.837592602105967560e-02
1.852133439199091583e-02
1.840665969463115698e-02
1.849224248313642918e-02
1.872960215751389226e-02
1.871350176388907049e-02
1.858798470128844235e-02
1.846478690066507070e-02
1.869205327995629787e-02
1.133772446191496329e-02
1.836134629076435765e-02
1.837261167908977449e-02
1.864042407009469660e-02
1.148050632910520112e-02
1.837570809090389654e-02
1.855807617962820788e-02
1.864042407009469660e-02
1.834898891409780103e-02
1.061565954249224335e-02
1.852133439199091583e-02
1.861160746628041582e-02
1.074063501483225706e-02
1.864042407009469660e-02
1.843028245962313044e-02
1.864042407009469660e-02
1.846478690066507070e-02
1.071157984097713574e-02
1.861160746628041582e-02
1.836227455256734045e-02
1.858798470128844235e-02
1.839905872212246885e-02
1.136508105192166919e-02
1.873564644220533301e-02
1.873977392013511864e-02
1.849771162699894236e-02
1.135888090480726385e-02
1.855138056617125844e-02
1.874168533985764995e-02
1.134379622709605177e-02
1.873766299889852160e-02
1.869205327995629787e-02
1.065220508624699185e-02
1.855138056617125844e-02
1.858169894462018135e-02
1.837570809090389654e-02
1.864815301003516432e-02
1.133803842701061777e-02
1.875475350031763008e-02
1.846861971814445225e-02
1.864815301003516432e-02
1.130922182319633700e-02
1.841751295910082353e-02
1.076875629113111833e-02
1.852133439199091583e-02
1.872194031750639906e-02
1.138966763687221904e-02
1.889807970023496195e-02
1.143473888579696514e-02
1.849771162699894236e-02
1.958369484096479651e-02
1.137170503156704864e-02
1.858169894462018135e-02
1.836134629076435765e-02
1.135727194565371544e-02
1.864042407009469660e-02
1.861160746628041582e-02
1.873977392013511864e-02
1.838496905575633111e-02
1.838589731755931392e-02
1.858798470128844235e-02
1.073520260596910920e-02
1.811046636340199814e-02
1.839905872212246885e-02
1.844116413567309723e-02
1.874168533985764995e-02
1.839389019410885007e-02
1.852775780117928497e-02
1.841602694064213563e-02
1.869205327995629787e-02
1.849224248313642918e-02
1.846861971814445225e-02
1.870752776476530821e-02
1.874480817275509317e-02
1.838023865512132538e-02
1.841602694064213563e-02
1.141470147522413887e-02
1.864384393001377455e-02
1.837592602105967560e-02
1.839905872212246885e-02
1.841751295910082353e-02
1.834898891409780103e-02
1.868987899889709703e-02
1.072599239371822659e-02
1.837261167908977449e-02
1.871350176388907049e-02
1.074513352613914487e-02
1.846861971814445225e-02
1.871350176388907049e-02
1.852775780117928497e-02
1.852775780117928497e-02
1.841751295910082353e-02
1.837592602105967560e-02
1.145890012080641625e-02
1.838496905575633111e-02
1.876530810484962342e-02
1.849771162699894236e-02
1.837543595713049538e-02
1.858798470128844235e-02
1.863832377954097522e-02
1.866194654453294868e-02
1.840665969463115698e-02
1.852775780117928497e-02
1.852775780117928497e-02
1.874480817275509317e-02
1.873766299889852160e-02
1.069751642952807176e-02
1.839905872212246885e-02
1.866843051496432440e-02
1.858798470128844235e-02
1.837592602105967560e-02
1.876339668512709211e-02
1.849224248313642918e-02
1.866843051496432440e-02
1.870752776476530821e-02
1.849771162699894236e-02
1.846861971814445225e-02
1.839905872212246885e-02
1.876470421491929080e-02
1.870472519821994584e-02
1.843964970563410910e-02
1.839905872212246885e-02
1.869205327995629787e-02
1.846478690066507070e-02
1.058575102083200888e-02
1.133364918066174197e-02
1.137443014364102924e-02
1.873113073532565662e-02
1.136730180181292661e-02
1.143419729553635071e-02
1.137999581868602735e-02
1.067151877121757554e-02
1.873766299889852160e-02
1.841751295910082353e-02
1.849224248313642918e-02
1.834898891409780103e-02
1.864042407009469660e-02
1.855138056617125844e-02
1.846478690066507070e-02
1.865875869677813270e-02
1.076744876133891964e-02
1.849771162699894236e-02
1.844116413567309723e-02
1.067389366453609482e-02
1.047267179435627978e-02
1.841751295910082353e-02
1.836227455256734045e-02
1.858169894462018135e-02
1.141329040186419251e-02
1.852775780117928497e-02
1.849771162699894236e-02
1.855138056617125844e-02
1.861680130510272313e-02
1.846478690066507070e-02
1.837261167908977449e-02
1.861680130510272313e-02
1.874168533985764995e-02
1.844116413567309723e-02
1.855138056617125844e-02
1.855807617962820788e-02
1.074513352613914487e-02
1.849224248313642918e-02
1.852775780117928497e-02
1.846478690066507070e-02
1.868987899889709703e-02
1.067151877121757554e-02
1.836227455256734045e-02
1.839905872212246885e-02
1.841751295910082353e-02
1.849224248313642918e-02
1.858798470128844235e-02
1.866746669500574801e-02
1.876530810484962342e-02
1.864042407009469660e-02
1.852133439199091583e-02
1.846584249714606357e-02
1.835208532591192307e-02
1.843964970563410910e-02
1.861680130510272313e-02
1.855138056617125844e-02
1.146231857183521198e-02
1.838496905575633111e-02
1.855807617962820788e-02
1.873679829506178646e-02
1.869205327995629787e-02
1.071157984097713574e-02
1.838496905575633111e-02
1.135110512652928554e-02
1.835208532591192307e-02
1.837570809090389654e-02
1.835208532591192307e-02
1.136134722690693676e-02
1.874480817275509317e-02
1.136116952455050975e-02
1.861160746628041582e-02
1.078406868467843803e-02
1.835208532591192307e-02
1.846584249714606357e-02
1.874480817275509317e-02
1.864042407009469660e-02
1.843028245962313044e-02
1.061535034760955655e-02
1.858169894462018135e-02
1.869205327995629787e-02
1.855138056617125844e-02
1.052538646820274336e-02
1.852133439199091583e-02
1.852133439199091583e-02
1.849224248313642918e-02
1.861680130510272313e-02
1.861160746628041582e-02
1.073518281153748415e-02
1.840386142011330231e-02
1.840386142011330231e-02
1.846478690066507070e-02
1.864384393001377455e-02
1.837570809090389654e-02
1.055543264238308597e-02
1.068515450943979990e-02
1.861160746628041582e-02
1.858798470128844235e-02
1.866746669500574801e-02
1.141329040186419251e-02
1.864042407009469660e-02
1.858169894462018135e-02
1.852775780117928497e-02
1.858798470128844235e-02
1.059203677750026988e-02
1.047267179435627978e-02
1.067389366453609482e-02
1.131244122034968762e-02
1.130293606652807599e-02
1.849224248313642918e-02
1.843964970563410910e-02
1.844116413567309723e-02
1.843964970563410910e-02
1.918856268477900015e-02
1.837570809090389654e-02
1.864042407009469660e-02
1.852133439199091583e-02
1.141470147522413887e-02
1.858798470128844235e-02
1.858798470128844235e-02
1.076936018106145095e-02
1.061565954249224335e-02
1.855807617962820788e-02
1.834898891409780103e-02
1.864042407009469660e-02
1.055543264238308597e-02
1.861680130510272313e-02
1.061535034760955655e-02
1.872118540776311624e-02
1.861680130510272313e-02
1.864042407009469660e-02
1.876128576389049507e-02
1.071157984097713574e-02
1.055543264238308597e-02
1.871288589225036589e-02
1.841751295910082353e-02
1.067151877121757554e-02
1.837543595713049538e-02
1.839389019410885007e-02
