5.842512013609590243e-03
5.833161715423512000e-03
6.124267719192434851e-03
5.979862094589855764e-03
5.975295329910316339e-03
6.053846860167157000e-03
5.793352147188916314e-03
5.930150317252934344e-03
5.733263826662065785e-03
6.704204200573954213e-03
5.733263826662065785e-03
5.816998437091106672e-03
5.740819639914755169e-03
5.762199780940323660e-03
5.862524546188897095e-03
5.804941841958714648e-03
5.884318881064052806e-03
5.653426351795834241e-03
5.833161715423512000e-03
5.804941841958714648e-03
5.862524546188897095e-03
5.862524546188897095e-03
5.793352147188916314e-03
6.070895476649478331e-03
5.884318881064052806e-03
5.682289189557110549e-03
5.884328596035180714e-03
5.873199461279357547e-03
5.869932196641411068e-03
5.930150317252934344e-03
5.733263826662065785e-03
6.051898921195165287e-03
5.716682160249924281e-03
5.862524546188897095e-03
5.975295329910316339e-03
5.761321061568914700e-03
5.733263826662065785e-03
6.764572182328691154e-03
5.716682160249924281e-03
5.782223012433094014e-03
5.846393671696858800e-03
5.920504463962960977e-03
5.716682160249924281e-03
5.761321061568914700e-03
5.933507177598120429e-03
6.541182811366477896e-03
5.666241755713943493e-03
5.873199461279357547e-03
6.021126766099198745e-03
5.742185266577248468e-03
5.779362600183539714e-03
5.688386151337276181e-03
5.792716291584234893e-03
5.733263826662065785e-03
5.895918290804978180e-03
5.873199461279357547e-03
5.824240275508329318e-03
5.884318881064052806e-03
6.015078559018370748e-03
5.869932196641411068e-03
5.946977249744982499e-03
5.962870411320893467e-03
5.933507177598120429e-03
5.676570363258909638e-03
5.862524546188897095e-03
5.793352147188916314e-03
5.761321061568914700e-03
5.733263826662065785e-03
6.130158221485570470e-03
6.021126766099198745e-03
5.785844037794288588e-03
6.795180649420218613e-03
5.671223332094060127e-03
5.799985701901997151e-03
5.793352147188916314e-03
5.779362600183539714e-03
5.742185266577248468e-03
5.661619293769944682e-03
5.716682160249924281e-03
6.201007610556820079e-03
5.824240275508329318e-03
6.110031161710556546e-03
5.775362393265927666e-03
6.015078559018370748e-03
5.737570232229063233e-03
5.762199780940323660e-03
5.873199461279357547e-03
5.773265638403374082e-03
5.733263826662065785e-03
5.946977249744982499e-03
5.920504463962960977e-03
5.793352147188916314e-03
6.529776920187106357e-03
5.785844037794288588e-03
6.280944821968590525e-03
5.751535564763325843e-03
5.676570363258909638e-03
6.051898921195165287e-03
5.785844037794288588e-03
6.614278344350132087e-03
5.946977249744982499e-03
5.804941841958714648e-03
5.946977249744982499e-03
5.742185266577248468e-03
5.767546812105173171e-03
5.761321061568914700e-03
5.873199461279357547e-03
5.767546812105173171e-03
5.895918290804978180e-03
5.779362600183539714e-03
5.990131268097035125e-03
5.862524546188897095e-03
5.884328596035180714e-03
5.829528015116696577e-03
6.005410425131954034e-03
5.829528015116696577e-03
6.349347580361399540e-03
5.869932196641411068e-03
5.907974885937371072e-03
5.733263826662065785e-03
5.824240275508329318e-03
5.793352147188916314e-03
5.824240275508329318e-03
6.262477049791432063e-03
6.110031161710556546e-03
5.856000800898718966e-03
5.792716291584234893e-03
6.529776920187106357e-03
5.733263826662065785e-03
5.884328596035180714e-03
5.862524546188897095e-03
6.015078559018370748e-03
5.869932196641411068e-03
5.694867588948025056e-03
5.782223012433094014e-03
5.990131268097035125e-03
5.884328596035180714e-03
6.053846860167157000e-03
5.852297510415178233e-03
5.920504463962960977e-03
6.201007610556820079e-03
5.899154819250770725e-03
5.751535564763325843e-03
5.960908645487674601e-03
5.782223012433094014e-03
5.884328596035180714e-03
5.907974885937371072e-03
5.815741353515428008e-03
5.733263826662065785e-03
5.793352147188916314e-03
5.782223012433094014e-03
5.742185266577248468e-03
6.394860033262448826e-03
5.716682160249924281e-03
5.751535564763325843e-03
6.037274256082891463e-03
5.824240275508329318e-03
5.751535564763325843e-03
5.799985701901997151e-03
5.773265638403374082e-03
5.742185266577248468e-03
6.262477049791432063e-03
5.792716291584234893e-03
5.884328596035180714e-03
5.873199461279357547e-03
5.771548097342632695e-03
5.688386151337276181e-03
5.807658609096187814e-03
5.933507177598120429e-03
5.862524546188897095e-03
6.673595733482427621e-03
5.895918290804978180e-03
5.804941841958714648e-03
5.815741353515428008e-03
5.782223012433094014e-03
6.110031161710556546e-03
5.773265638403374082e-03
5.773265638403374082e-03
6.262477049791432063e-03
6.142875370041428820e-03
6.150650046202399239e-03
5.829528015116696577e-03
5.816998437091106672e-03
5.933507177598120429e-03
5.771548097342632695e-03
5.733263826662065785e-03
5.862524546188897095e-03
5.807658609096187814e-03
5.816998437091106672e-03
5.804941841958714648e-03
5.761321061568914700e-03
5.833161715423512000e-03
5.793352147188916314e-03
5.933507177598120429e-03
5.895918290804978180e-03
5.709009253055733618e-03
5.733263826662065785e-03
5.884328596035180714e-03
6.424693283779709350e-03
5.701739842737970493e-03
5.897931636299167356e-03
6.858388529684522790e-03
5.733263826662065785e-03
5.751535564763325843e-03
6.424693283779709350e-03
6.305230209691284511e-03
5.709009253055733618e-03
5.716682160249924281e-03
5.815741353515428008e-03
5.824240275508329318e-03
5.873199461279357547e-03
5.852297510415178233e-03
5.815741353515428008e-03
5.724764904669163608e-03
5.694867588948025056e-03
5.671223332094060127e-03
5.873199461279357547e-03
5.842512013609590243e-03
6.171500600945167662e-03
5.671223332094060127e-03
5.688386151337276181e-03
5.960908645487674601e-03
5.793352147188916314e-03
6.236144296170352888e-03
5.649843191068490769e-03
5.733263826662065785e-03
5.733263826662065785e-03
5.862524546188897095e-03
5.873199461279357547e-03
5.767546812105173171e-03
5.852297510415178233e-03
5.862524546188897095e-03
5.804941841958714648e-03
5.751535564763325843e-03
5.815741353515428008e-03
5.829528015116696577e-03
5.990131268097035125e-03
5.761321061568914700e-03
5.842512013609590243e-03
5.833161715423512000e-03
6.262477049791432063e-03
5.724764904669163608e-03
5.724764904669163608e-03
5.907974885937371072e-03
6.614278344350132087e-03
5.862524546188897095e-03
5.895918290804978180e-03
5.824240275508329318e-03
5.793352147188916314e-03
5.914433976285690502e-03
5.862524546188897095e-03
5.862524546188897095e-03
5.807658609096187814e-03
5.933507177598120429e-03
5.884328596035180714e-03
5.762199780940323660e-03
5.862524546188897095e-03
5.990131268097035125e-03
5.709009253055733618e-03
5.733263826662065785e-03
5.793352147188916314e-03
6.466049554631057850e-03
5.751535564763325843e-03
5.716682160249924281e-03
5.761321061568914700e-03
5.701739842737970493e-03
5.862524546188897095e-03
5.920504463962960977e-03
5.884328596035180714e-03
5.852297510415178233e-03
5.782223012433094014e-03
6.090274901793234393e-03
5.762199780940323660e-03
5.793352147188916314e-03
5.757218204560207025e-03
5.761321061568914700e-03
5.701739842737970493e-03
6.418182147910281819e-03
6.053846860167157000e-03
6.394860033262448826e-03
5.792716291584234893e-03
5.742185266577248468e-03
6.053846860167157000e-03
5.773265638403374082e-03
5.709009253055733618e-03
5.833161715423512000e-03
5.733263826662065785e-03
5.782223012433094014e-03
5.733263826662065785e-03
6.280944821968590525e-03
5.661619293769944682e-03
5.771548097342632695e-03
5.709009253055733618e-03
5.782223012433094014e-03
5.742185266577248468e-03
5.920504463962960977e-03
5.946977249744982499e-03
5.771548097342632695e-03
5.873199461279357547e-03
6.005410425131954034e-03
5.694867588948025056e-03
5.793352147188916314e-03
6.262477049791432063e-03
5.701739842737970493e-03
5.757218204560207025e-03
5.682289189557110549e-03
5.870705980425176308e-03
5.724764904669163608e-03
5.816998437091106672e-03
5.862524546188897095e-03
5.767546812105173171e-03
5.884318881064052806e-03
5.815741353515428008e-03
5.701739842737970493e-03
5.807658609096187814e-03
5.804941841958714648e-03
5.870705980425176308e-03
5.771548097342632695e-03
