8.968098426267549395e-08
8.968829555654523491e-08
9.020663767073489952e-08
9.005553286911560465e-08
8.976461134027758159e-08
8.995001335150818011e-08
8.966523256835473716e-08
8.988225146026959820e-08
8.966087177987451716e-08
9.492558011171457745e-08
8.966087177987451716e-08
8.969167436396990063e-08
9.082156144595028675e-08
9.001870172960838025e-08
8.968064472047739709e-08
8.967815024567156219e-08
8.977448686154206227e-08
9.056100974803100083e-08
8.968829555654523491e-08
8.967815024567156219e-08
8.968064472047739709e-08
8.968064472047739709e-08
8.966523256835473716e-08
9.039431929187960054e-08
8.977448686154206227e-08
8.988528128312432357e-08
8.969392619724914996e-08
8.968612164931280127e-08
8.975182121873180061e-08
8.988225146026959820e-08
8.966087177987451716e-08
9.033215006632340041e-08
8.970197073862852106e-08
8.968064472047739709e-08
8.976461134027758159e-08
8.964154696310666020e-08
8.966087177987451716e-08
9.329131822963065864e-08
8.970197073862852106e-08
8.965402506148937875e-08
9.367869520447657912e-08
8.972001099210684298e-08
8.970197073862852106e-08
8.964154696310666020e-08
8.972791717514773693e-08
9.292873612828705051e-08
9.008954510550668721e-08
8.968612164931280127e-08
8.985271412121654131e-08
8.964869331817746678e-08
8.986748274183749834e-08
8.983919784080280940e-08
8.979704888457272824e-08
8.966087177987451716e-08
8.970284254923502458e-08
8.968612164931280127e-08
8.970079325429729735e-08
8.977448686154206227e-08
9.019444613219548917e-08
8.975182121873180061e-08
8.973686453360101908e-08
8.999143119270321492e-08
8.972791717514773693e-08
8.993924671154018179e-08
8.968064472047739709e-08
8.966523256835473716e-08
8.964154696310666020e-08
8.966087177987451716e-08
9.053210630031978680e-08
8.985271412121654131e-08
8.983044501532793859e-08
9.483770068696471301e-08
9.000522278125115318e-08
8.976701953463769547e-08
8.966523256835473716e-08
8.986748274183749834e-08
8.964869331817746678e-08
9.020130787668513893e-08
8.970197073862852106e-08
9.043610489716278901e-08
8.970079325429729735e-08
9.049518695455363248e-08
9.531715260160826225e-08
9.019444613219548917e-08
9.120166018042599425e-08
9.001870172960838025e-08
8.968612164931280127e-08
8.990931091377013136e-08
8.966087177987451716e-08
8.973686453360101908e-08
8.972001099210684298e-08
8.966523256835473716e-08
9.285718015333195560e-08
8.983044501532793859e-08
9.091754853082946869e-08
8.964233025705280312e-08
8.993924671154018179e-08
9.033215006632340041e-08
8.983044501532793859e-08
9.240344934886733872e-08
8.973686453360101908e-08
8.967815024567156219e-08
8.973686453360101908e-08
8.964869331817746678e-08
8.995834306664605187e-08
8.964154696310666020e-08
8.968612164931280127e-08
8.995834306664605187e-08
8.970284254923502458e-08
8.986748274183749834e-08
8.978663492041003938e-08
8.968064472047739709e-08
8.969392619724914996e-08
8.970508965329937318e-08
8.981576999340473794e-08
8.970508965329937318e-08
9.077889063911912147e-08
8.975182121873180061e-08
8.971177310185812066e-08
8.966087177987451716e-08
8.970079325429729735e-08
8.966523256835473716e-08
8.970079325429729735e-08
9.053951149168877067e-08
9.049518695455363248e-08
8.973375356408213919e-08
8.979704888457272824e-08
9.285718015333195560e-08
8.966087177987451716e-08
8.969392619724914996e-08
8.968064472047739709e-08
9.019444613219548917e-08
8.975182121873180061e-08
8.979857672299778958e-08
8.965402506148937875e-08
8.978663492041003938e-08
8.969392619724914996e-08
8.995001335150818011e-08
8.967862986535185724e-08
8.972001099210684298e-08
9.043610489716278901e-08
8.980315571174257510e-08
8.964233025705280312e-08
8.974852815386901436e-08
8.965402506148937875e-08
8.969392619724914996e-08
8.971177310185812066e-08
8.971836378104328675e-08
8.966087177987451716e-08
8.966523256835473716e-08
8.965402506148937875e-08
8.964869331817746678e-08
9.114472790000415328e-08
8.970197073862852106e-08
8.964233025705280312e-08
8.989761096284195545e-08
8.970079325429729735e-08
8.964233025705280312e-08
8.976701953463769547e-08
8.990931091377013136e-08
8.964869331817746678e-08
9.053951149168877067e-08
8.979704888457272824e-08
8.969392619724914996e-08
8.968612164931280127e-08
8.964574966618448809e-08
8.983919784080280940e-08
8.974061919086066710e-08
8.972791717514773693e-08
8.968064472047739709e-08
9.332504741009678041e-08
8.970284254923502458e-08
8.967815024567156219e-08
8.971836378104328675e-08
8.965402506148937875e-08
9.049518695455363248e-08
8.990931091377013136e-08
8.990931091377013136e-08
9.053951149168877067e-08
9.027207060774705792e-08
9.056094710546591761e-08
8.970508965329937318e-08
8.969167436396990063e-08
8.972791717514773693e-08
8.964574966618448809e-08
8.966087177987451716e-08
8.968064472047739709e-08
8.974061919086066710e-08
8.969167436396990063e-08
8.967815024567156219e-08
8.964154696310666020e-08
8.968829555654523491e-08
8.966523256835473716e-08
8.972791717514773693e-08
8.970284254923502458e-08
8.972997559276645340e-08
8.966087177987451716e-08
8.969392619724914996e-08
9.259789731837781090e-08
8.976226295398294442e-08
1.034578628395392481e-07
1.024242543661609605e-07
8.966087177987451716e-08
8.964233025705280312e-08
9.259789731837781090e-08
9.061348222772750145e-08
8.972997559276645340e-08
8.970197073862852106e-08
8.971836378104328675e-08
8.970079325429729735e-08
8.968612164931280127e-08
8.967862986535185724e-08
8.971836378104328675e-08
8.967875819331316876e-08
8.979857672299778958e-08
9.000522278125115318e-08
8.968612164931280127e-08
8.968098426267549395e-08
9.058463529351238744e-08
9.000522278125115318e-08
8.983919784080280940e-08
8.974852815386901436e-08
8.966523256835473716e-08
9.069257362261438998e-08
9.084664591148339516e-08
8.966087177987451716e-08
8.966087177987451716e-08
8.968064472047739709e-08
8.968612164931280127e-08
8.995834306664605187e-08
8.967862986535185724e-08
8.968064472047739709e-08
8.967815024567156219e-08
8.964233025705280312e-08
8.971836378104328675e-08
8.970508965329937318e-08
8.978663492041003938e-08
8.964154696310666020e-08
8.968098426267549395e-08
8.968829555654523491e-08
9.053951149168877067e-08
8.967875819331316876e-08
8.967875819331316876e-08
8.971177310185812066e-08
9.240344934886733872e-08
8.968064472047739709e-08
8.970284254923502458e-08
8.970079325429729735e-08
8.966523256835473716e-08
8.983888326011802162e-08
8.968064472047739709e-08
8.968064472047739709e-08
8.974061919086066710e-08
8.972791717514773693e-08
8.969392619724914996e-08
9.001870172960838025e-08
8.968064472047739709e-08
8.978663492041003938e-08
8.972997559276645340e-08
8.966087177987451716e-08
8.966523256835473716e-08
9.206860277744499612e-08
8.964233025705280312e-08
8.970197073862852106e-08
8.964154696310666020e-08
8.976226295398294442e-08
8.968064472047739709e-08
8.972001099210684298e-08
8.969392619724914996e-08
8.967862986535185724e-08
8.965402506148937875e-08
9.044913340356512626e-08
9.001870172960838025e-08
8.966523256835473716e-08
9.009671638984897018e-08
8.964154696310666020e-08
8.976226295398294442e-08
9.141436190611555975e-08
8.995001335150818011e-08
9.114472790000415328e-08
8.979704888457272824e-08
8.964869331817746678e-08
8.995001335150818011e-08
8.990931091377013136e-08
8.972997559276645340e-08
8.968829555654523491e-08
8.966087177987451716e-08
8.965402506148937875e-08
8.966087177987451716e-08
9.091754853082946869e-08
9.020130787668513893e-08
8.964574966618448809e-08
8.972997559276645340e-08
8.965402506148937875e-08
8.964869331817746678e-08
8.972001099210684298e-08
8.973686453360101908e-08
8.964574966618448809e-08
8.968612164931280127e-08
8.981576999340473794e-08
8.979857672299778958e-08
8.966523256835473716e-08
9.053951149168877067e-08
8.976226295398294442e-08
9.009671638984897018e-08
8.988528128312432357e-08
9.688531511530048208e-08
8.967875819331316876e-08
8.969167436396990063e-08
8.968064472047739709e-08
8.995834306664605187e-08
8.977448686154206227e-08
8.971836378104328675e-08
8.976226295398294442e-08
8.974061919086066710e-08
8.967815024567156219e-08
9.688531511530048208e-08
8.964574966618448809e-08
