9.868881784434596627e-01
1.935062514580377646e-01
1.060919216517989538e-01
1.397041884401460043e+00
-2.093208538360358251e-01
-4.994271467168148959e+00
-7.815225062165190861e-01
-1.718965360073756887e+00
-7.078497988070858726e-01
-2.371528217376255576e-01
1.896356167189966913e+00
9.995609684721228350e-01
2.281367703336766029e-01
1.198507055751406591e+00
-1.127663147556531742e+00
-9.743882384212306791e-01
-1.685109108179555060e+00
2.773624145149695686e-01
-6.813620636942412379e-01
3.122752282592152206e-01
-8.579276584901069924e-01
-6.369847471122117577e-01
1.641437516324020796e-01
7.667036971829845288e-05
-2.539772316964099996e+00
3.848884593554875444e-01
1.378347773352055050e+00
-1.380960975460158835e+00
1.176131354494126674e-01
-2.855344851318488253e+00
1.546788913308688451e-01
-2.685093795252299298e+00
-1.314838312448924462e+00
-6.880726808960528906e-01
7.632893428594306195e-01
-8.865746447818083631e-01
-2.838515696212818296e-01
2.103800965087486041e+00
-8.415841612570329477e-01
6.417940870237165418e-01
-1.235371255013012481e+00
5.086900724049954192e-01
1.616150302889634849e-01
7.136494315422428070e-01
1.011227244754131505e+00
1.965469002679068211e+00
1.291207076725246761e-01
8.559518652550458517e-01
-1.337642827664129674e+00
-8.286879730284485435e-01
-1.682906643356373855e-01
-4.436526408669603794e-01
-1.094123097605050443e+00
4.169214898602353059e-01
-4.880581328297577404e-01
-1.181596805897429103e+00
3.941533954973255316e-01
-2.539772316964099996e+00
-3.279721307870445135e-01
2.299620539696128063e-01
-8.394059547175010128e-01
1.078970946991230973e+00
-4.320174397876523908e-01
-4.721798820560313970e-01
5.343566695453837445e-01
3.945914778662885647e-01
-7.010951455329202942e-01
-9.831315322311333649e-01
5.516250819001654593e-01
4.724331976543881817e-01
-1.104728348049829334e+00
3.509813463801265687e-01
-5.775187901467091628e-02
-6.824645224290001311e-01
8.385525380158685704e-02
1.148024731866968517e+00
-1.078002987270658464e+00
-5.679962286629809502e-03
7.758992528164072588e-01
-7.053109615211492489e-01
2.682898090197565200e-01
-3.989171250049840523e-01
6.374310098714371930e-01
-3.194628462795414681e-01
4.926475297171223344e-01
-2.188405096383002832e-02
-1.007865343943960407e-01
1.396813340533529457e+00
-1.108994600088209381e+00
-1.925367302677906567e+00
1.798839692637429044e+00
-1.264557600697004514e+00
2.950140600548629699e-01
1.024996695597087282e+00
-9.678772606414697000e-02
1.377144359988777156e+00
4.293423318733507466e-01
-2.049126341211728430e+00
3.667909762201602142e-01
-1.761981180061719998e+00
4.903307674913591208e-01
3.191115834273562379e-01
1.338034151177126319e+00
4.979429860157870702e-01
-5.280165848294671171e-01
-4.242688859944478141e-02
8.955660653992405518e-01
9.985873339226467582e-01
9.629793279997963529e-01
-5.331843935868452178e-01
2.366461564888405478e-01
1.338161567308312483e-01
6.933371465432349723e-01
5.434452742102700018e-01
6.334483493344035265e-01
3.209882784945288225e-01
1.698833791099268353e+00
-2.710949903361547716e-02
5.542738384768787219e-01
-9.442581019050844127e-01
6.959892742705298119e-01
2.018216182646986212e+00
-4.585320742246877246e-01
8.081410166888316482e-01
-1.394695305588782297e+00
-9.574587609949689604e-01
2.054519033492858970e-01
-1.670602181859087265e+00
-4.112725898293647098e-01
2.081013033180087568e+00
1.264839682632102669e+00
6.019975878062399505e-02
2.136943569456777991e-04
1.504496154791824247e-01
3.080505070088584985e-01
-9.754338975269001566e-02
-1.118000406692066351e+00
-6.626849899440390157e-01
1.665302239239201954e-01
1.798839692637429044e+00
-9.562523027090935601e-01
-1.503707526585482901e+00
8.469423589966574850e-01
-1.100110922557891113e+00
-3.824035763394882936e-01
6.624518723040894175e-01
-8.911509797032438618e-01
-6.450811775291063199e-01
-2.366813047201843379e-01
1.057021835244749575e+00
9.678428448828484409e-01
3.406305084810821726e-01
6.013888771534038336e-01
-4.772044111031549796e-01
-6.658542483427111469e-02
-6.207967350129918183e-01
-1.149186587048496078e+00
-5.214847126111326059e-01
5.186118697033318403e-01
-6.007949619245072093e-01
-1.142260649517704563e+00
1.035997997515535785e+00
1.037720228945096190e+00
1.101729479113064514e+00
1.758201593358762249e+00
9.728323457140802821e-02
-4.596708656647747748e-01
-4.084359148474548951e-01
-1.444735263326672348e+00
5.013464458148666480e-01
-2.433927149930064926e-01
-4.812994750235158326e-01
5.137856840467768249e-01
-4.158853727545575585e-01
6.188825470411288970e-02
-1.400235886628611759e+00
7.111508132978311414e-01
9.732997210674891875e-01
1.832647328534868114e+00
2.030877186902413367e+00
-1.889081063082172829e+00
-1.597698815472937905e+00
-2.849808528236945637e-01
-4.143803371521634915e-01
5.143870751814163533e-01
-3.249383525153568542e-01
7.147660453364277355e-01
3.533156476630121556e-01
2.125367638712751805e+00
4.123865803685777820e-01
-2.715536062039971554e-01
-6.901836946545327756e-01
-1.340090796547083851e+00
8.180860783220250676e-01
6.654993095926950986e-01
1.336112141810181786e-01
-4.113716895215928648e-01
1.101729479113064514e+00
-1.219194526204112616e+00
-6.109424383366204303e-01
-9.415623635849365014e-01
-5.199195164770124000e-01
-1.246140651008655453e+00
1.183176602208345196e+00
7.206754134621603525e-01
8.394914488802714958e-01
1.147873241453537974e+00
-7.231259854007908716e-01
-1.168914286015992010e+00
-6.859815634140780105e-01
3.495857734527458849e-01
-5.572027182283555424e-01
-6.305511939312237191e-01
-5.367696874785341521e-01
3.980461735894781916e-01
-4.913707941569749327e-01
-5.165564601210909101e-01
1.405304919167931488e-01
3.582368328613720898e-01
3.494844872667567937e-01
1.013259403467251074e+00
-7.415540463276606986e-02
-4.928534444925413149e-01
4.051941966229759551e-01
5.473356731862656366e-01
3.265048758429449638e-01
7.247151850887167956e-01
1.327239669221957241e+00
-9.207670991831130580e-01
-2.801538252866664358e-02
-8.384495681976447123e-01
-1.430554841219877360e-01
8.612211094379249587e-01
1.359180286253069747e+00
-2.507863371015737197e+00
3.209882784945288225e-01
-2.647246585834429844e+00
4.531114526298644640e-01
5.894082082004720169e-01
-7.106683548954045859e-01
-8.503444884343746013e-01
2.236627769937468424e-01
-7.820653535280567281e-01
5.989171234753988271e-01
-6.085669612572796039e-01
1.053397762049775865e+00
1.080589715724855626e+00
-3.689893317404115969e-01
-3.063994419851411299e-01
9.268587339825777871e-01
-9.652157774431427972e-01
1.039875393184552133e+00
-3.542275205202677912e-01
-8.028216984853299154e-01
-1.058510933293383305e+00
-5.501874628917963195e-01
6.411566051174699687e-02
-1.636583045324400354e+00
-2.239525972783918979e-03
6.323174445294426071e-01
2.296332243572709111e-02
1.419781627302025007e-01
6.045710258907824874e-01
-5.363393273375370862e-01
1.207752806873529261e+00
-1.259337818514199903e+00
-8.336702717507415983e-01
4.584214394479831367e-01
1.039948221542750462e+00
-4.209383705108905027e-01
3.063901688188410688e-01
-3.501152304072474575e-01
6.881661735728553664e-01
6.430405922398043650e-01
-9.765601292379947340e-01
-7.130763516571572147e-01
-4.029782115384006880e-01
-2.268699919175732604e-01
4.490347970751045609e-02
-9.946135926075820866e-01
-1.026601083866982789e+00
5.703108701927648294e-01
6.972054501915846136e-02
1.157288017403613090e+00
-2.365524470535218526e+00
-1.062743877982079033e+00
-2.919410084437827971e-02
1.112859381204713616e+00
6.099724775504965502e-01
1.363844312417204496e-01
-3.374679567104238997e-01
-8.223664814619886521e-01
-2.545074314207332877e-01
-5.986675584483989176e-01
4.279801891501178179e-01
-8.601271447526177838e-02
7.842306818188630180e-01
8.658944356588744728e-01
1.175684689939510585e+00
8.779427913420219109e-01
3.504451066838749074e-01
1.354880011261710426e-01
-8.112904850388471534e-01
1.618305771262125159e-01
-6.196969263500907710e-01
1.073514484015565928e+00
-6.705512863513480859e-01
6.053393515461035213e-01
8.337304156631123453e-01
-3.149775763290352804e-01
1.198186863803099689e+00
3.912148999971227226e-01
1.115836133838054689e+00
-7.320567141019469481e-01
-9.260157398163174625e-01
-1.029220581355156483e+00
-1.056138747255824795e+00
1.027212576885538242e+00
