3.779437333949626707e-03
3.717844538602404093e-03
4.532486962780931002e-03
4.463111279514491055e-03
4.333007365339805982e-03
4.464560874035674795e-03
3.997934908306587792e-03
4.398423399660639915e-03
3.635789564329429489e-03
4.467328455623513321e-03
3.635789564329429489e-03
4.105300094161414004e-03
3.178876122375238165e-03
3.224699054817465813e-03
3.901712908464797635e-03
4.053134572971317864e-03
4.312068295212418377e-03
3.150933372735867204e-03
3.717844538602404093e-03
4.053134572971317864e-03
3.901712908464797635e-03
3.901712908464797635e-03
3.997934908306587792e-03
4.537485033672376475e-03
4.312068295212418377e-03
3.270485674423845822e-03
4.018873978433975397e-03
3.961225342740658413e-03
4.277532230112237981e-03
4.398423399660639915e-03
3.635789564329429489e-03
4.525018129248628736e-03
3.517329119427339140e-03
3.901712908464797635e-03
4.333007365339805982e-03
3.819982777925051611e-03
3.635789564329429489e-03
4.543131769469963173e-03
3.517329119427339140e-03
3.940286272613270808e-03
2.585177967856040673e-03
4.174801739630694050e-03
3.517329119427339140e-03
3.819982777925051611e-03
4.219569078417646779e-03
4.727458041994196669e-03
3.179597477093293410e-03
3.961225342740658413e-03
4.419362469788026652e-03
3.696905468475016922e-03
3.332817581796126971e-03
3.311878511668739800e-03
3.428737378811711443e-03
3.635789564329429489e-03
4.074073643098705469e-03
3.961225342740658413e-03
3.656728634456817093e-03
4.312068295212418377e-03
4.496873732854541998e-03
4.277532230112237981e-03
4.260725401609765338e-03
4.443621803908287191e-03
4.219569078417646779e-03
3.234251107948944107e-03
3.901712908464797635e-03
3.997934908306587792e-03
3.819982777925051611e-03
3.635789564329429489e-03
4.570871664241357886e-03
4.419362469788026652e-03
3.378783517364967494e-03
4.488267525750900926e-03
3.203759984690078642e-03
3.482093993690312233e-03
3.997934908306587792e-03
3.332817581796126971e-03
3.696905468475016922e-03
3.162348757604632830e-03
3.517329119427339140e-03
4.581150280263551929e-03
3.656728634456817093e-03
4.560211210136164324e-03
3.249396100762006259e-03
4.496873732854541998e-03
3.195134279779524283e-03
3.224699054817465813e-03
3.961225342740658413e-03
3.291424744551233426e-03
3.635789564329429489e-03
4.260725401609765338e-03
4.174801739630694050e-03
3.997934908306587792e-03
4.682191079413351373e-03
3.378783517364967494e-03
4.650430705050232275e-03
3.758498263822239102e-03
3.234251107948944107e-03
4.525018129248628736e-03
3.378783517364967494e-03
4.607407691139908321e-03
4.260725401609765338e-03
4.053134572971317864e-03
4.260725401609765338e-03
3.696905468475016922e-03
3.255190178076331278e-03
3.819982777925051611e-03
3.961225342740658413e-03
3.255190178076331278e-03
4.074073643098705469e-03
3.332817581796126971e-03
4.364534187942881518e-03
3.901712908464797635e-03
4.018873978433975397e-03
4.153862669503306446e-03
4.393252359081428922e-03
4.153862669503306446e-03
4.658521065472953117e-03
4.277532230112237981e-03
4.126239164288801609e-03
3.635789564329429489e-03
3.656728634456817093e-03
3.997934908306587792e-03
3.656728634456817093e-03
4.612729329488613784e-03
4.560211210136164324e-03
4.239786331482377733e-03
3.428737378811711443e-03
4.682191079413351373e-03
3.635789564329429489e-03
4.018873978433975397e-03
3.901712908464797635e-03
4.496873732854541998e-03
4.277532230112237981e-03
3.357844447237580323e-03
3.940286272613270808e-03
4.364534187942881518e-03
4.018873978433975397e-03
4.464560874035674795e-03
3.840921848052439216e-03
4.174801739630694050e-03
4.581150280263551929e-03
4.343595117815493914e-03
3.758498263822239102e-03
4.298471300239625585e-03
3.940286272613270808e-03
4.018873978433975397e-03
4.126239164288801609e-03
3.596674793958909693e-03
3.635789564329429489e-03
3.997934908306587792e-03
3.940286272613270808e-03
3.696905468475016922e-03
4.684108745133016248e-03
3.517329119427339140e-03
3.758498263822239102e-03
4.443065111095249702e-03
3.656728634456817093e-03
3.758498263822239102e-03
3.482093993690312233e-03
3.291424744551233426e-03
3.696905468475016922e-03
4.612729329488613784e-03
3.428737378811711443e-03
4.018873978433975397e-03
3.961225342740658413e-03
3.880773838337410464e-03
3.311878511668739800e-03
3.538268189554726311e-03
4.219569078417646779e-03
3.901712908464797635e-03
4.522192699342575568e-03
4.074073643098705469e-03
4.053134572971317864e-03
3.596674793958909693e-03
3.940286272613270808e-03
4.560211210136164324e-03
3.291424744551233426e-03
3.291424744551233426e-03
4.612729329488613784e-03
4.545957199376016340e-03
4.581331150305519885e-03
4.153862669503306446e-03
4.105300094161414004e-03
4.219569078417646779e-03
3.880773838337410464e-03
3.635789564329429489e-03
3.901712908464797635e-03
3.538268189554726311e-03
4.105300094161414004e-03
4.053134572971317864e-03
3.819982777925051611e-03
3.717844538602404093e-03
3.997934908306587792e-03
4.219569078417646779e-03
4.074073643098705469e-03
3.461154923562924628e-03
3.635789564329429489e-03
4.018873978433975397e-03
4.705980935958230423e-03
3.407798308684323839e-03
2.015935374466982545e-03
4.351277329445509684e-03
3.635789564329429489e-03
3.758498263822239102e-03
4.705980935958230423e-03
4.634448780704971370e-03
3.461154923562924628e-03
3.517329119427339140e-03
3.596674793958909693e-03
3.656728634456817093e-03
3.961225342740658413e-03
3.840921848052439216e-03
3.596674793958909693e-03
3.575735723831522089e-03
3.357844447237580323e-03
3.203759984690078642e-03
3.961225342740658413e-03
3.779437333949626707e-03
4.591790259361227047e-03
3.203759984690078642e-03
3.311878511668739800e-03
4.298471300239625585e-03
3.997934908306587792e-03
4.625171234803385906e-03
3.157937052247850561e-03
3.635789564329429489e-03
3.635789564329429489e-03
3.901712908464797635e-03
3.961225342740658413e-03
3.255190178076331278e-03
3.840921848052439216e-03
3.901712908464797635e-03
4.053134572971317864e-03
3.758498263822239102e-03
3.596674793958909693e-03
4.153862669503306446e-03
4.364534187942881518e-03
3.819982777925051611e-03
3.779437333949626707e-03
3.717844538602404093e-03
4.612729329488613784e-03
3.575735723831522089e-03
3.575735723831522089e-03
4.126239164288801609e-03
4.607407691139908321e-03
3.901712908464797635e-03
4.074073643098705469e-03
3.656728634456817093e-03
3.997934908306587792e-03
4.372313288954042185e-03
3.901712908464797635e-03
3.901712908464797635e-03
3.538268189554726311e-03
4.219569078417646779e-03
4.018873978433975397e-03
3.224699054817465813e-03
3.901712908464797635e-03
4.364534187942881518e-03
3.461154923562924628e-03
3.635789564329429489e-03
3.997934908306587792e-03
4.716170790050633853e-03
3.758498263822239102e-03
3.517329119427339140e-03
3.819982777925051611e-03
3.407798308684323839e-03
3.901712908464797635e-03
4.174801739630694050e-03
4.018873978433975397e-03
3.840921848052439216e-03
3.940286272613270808e-03
4.549149196957362473e-03
3.224699054817465813e-03
3.997934908306587792e-03
3.200536547220680580e-03
3.819982777925051611e-03
3.407798308684323839e-03
4.696188332693847743e-03
4.464560874035674795e-03
4.684108745133016248e-03
3.428737378811711443e-03
3.696905468475016922e-03
4.464560874035674795e-03
3.291424744551233426e-03
3.461154923562924628e-03
3.717844538602404093e-03
3.635789564329429489e-03
3.940286272613270808e-03
3.635789564329429489e-03
4.650430705050232275e-03
3.162348757604632830e-03
3.880773838337410464e-03
3.461154923562924628e-03
3.940286272613270808e-03
3.696905468475016922e-03
4.174801739630694050e-03
4.260725401609765338e-03
3.880773838337410464e-03
3.961225342740658413e-03
4.393252359081428922e-03
3.357844447237580323e-03
3.997934908306587792e-03
4.612729329488613784e-03
3.407798308684323839e-03
3.200536547220680580e-03
3.270485674423845822e-03
2.322882990009252167e-03
3.575735723831522089e-03
4.105300094161414004e-03
3.901712908464797635e-03
3.255190178076331278e-03
4.312068295212418377e-03
3.596674793958909693e-03
3.407798308684323839e-03
3.538268189554726311e-03
4.053134572971317864e-03
2.322882990009252167e-03
3.880773838337410464e-03
