1.240574557938097942e-04
2.377910345254543548e-04
2.483426349389009102e-04
4.210306511113082878e-04
8.775314546246565221e-05
4.364136355063774186e-04
1.864135313070871039e-04
1.412126887404331914e-04
4.579998409111844934e-04
1.931048931833914651e-04
1.808720750465453659e-04
3.332996981442511316e-04
1.399792268264583688e-04
2.637256193339699867e-04
2.204992657558842357e-04
2.377910345254543548e-04
2.433324907859961200e-04
4.512491990962280318e-04
2.065544995005911047e-04
1.798204985853301633e-04
2.141716514782849266e-04
2.665170671770133244e-04
2.483426349389009102e-04
4.439714529124471655e-04
2.379074397647734629e-04
2.076572352314190678e-04
4.434947209326101656e-04
2.010130432400493666e-04
2.260407220164259738e-04
2.323659835042317249e-04
2.141716514782849266e-04
2.634079893174509396e-04
4.390048349276327280e-04
1.678413649823416124e-04
2.065544995005911047e-04
2.433324907859961200e-04
1.500307274784903422e-04
4.400092221997568527e-04
4.334633786670909900e-04
1.998375579894803768e-04
4.105954559371808405e-04
2.321245080999958361e-04
1.447847339009122522e-04
2.065544995005911047e-04
1.998375579894803768e-04
4.326592398167548935e-04
2.197131077388266647e-04
1.612016375949715068e-04
2.065544995005911047e-04
1.319177770859742945e-04
1.998375579894803768e-04
2.688648784533342775e-04
2.483426349389009102e-04
2.204992657558842357e-04
1.931048931833914651e-04
2.433324907859961200e-04
4.443111047265778011e-04
1.616160692439678245e-04
1.555721837390321074e-04
2.321245080999958361e-04
4.390048349276327280e-04
1.503261901614540174e-04
2.141716514782849266e-04
2.321245080999958361e-04
1.500307274784903422e-04
3.987287381888334056e-04
2.065544995005911047e-04
2.260407220164259738e-04
4.495129091729888494e-04
2.321245080999958361e-04
1.374592333465160326e-04
2.321245080999958361e-04
1.931048931833914651e-04
4.200292484789928471e-04
2.260407220164259738e-04
1.399792268264583688e-04
2.204992657558842357e-04
1.733828212428833505e-04
3.985081561439732939e-04
2.673212060273494209e-04
2.655127153348992540e-04
2.010130432400493666e-04
4.547267428088815934e-04
2.131986914919608330e-04
2.634079893174509396e-04
4.596878190826865691e-04
2.581841630734282487e-04
2.433324907859961200e-04
4.481388634648184694e-04
2.131986914919608330e-04
2.197131077388266647e-04
1.503261901614540174e-04
2.754508472924110918e-04
3.927252244791956670e-04
2.605436849903297733e-04
1.942961017289386388e-04
2.754508472924110918e-04
3.866414383956258047e-04
1.798204985853301633e-04
4.392050833494207020e-04
2.065544995005911047e-04
2.701751496713867152e-04
4.039332071651958967e-04
1.308101589145529064e-04
4.144848075786424792e-04
2.010130432400493666e-04
1.257767861650189046e-04
4.579998409111844934e-04
2.197131077388266647e-04
1.616160692439678245e-04
4.532890015699284894e-04
2.321245080999958361e-04
2.260407220164259738e-04
2.655127153348992540e-04
1.671575255045095625e-04
1.455206830870001068e-04
2.204992657558842357e-04
4.255707047395345310e-04
3.761651646626949113e-05
1.733828212428833505e-04
1.875634369228497270e-04
2.634079893174509396e-04
1.742790423247884252e-04
2.076572352314190678e-04
1.808720750465453659e-04
2.433324907859961200e-04
1.998375579894803768e-04
1.942961017289386388e-04
2.473412323065854153e-04
2.569398470875597926e-04
1.356712324798914262e-04
1.808720750465453659e-04
4.460087135915983170e-04
2.323659835042317249e-04
1.612016375949715068e-04
1.733828212428833505e-04
1.798204985853301633e-04
1.500307274784903422e-04
2.428011786783591721e-04
4.428631658437941470e-04
1.555721837390321074e-04
2.483426349389009102e-04
4.336636270888790182e-04
1.942961017289386388e-04
2.483426349389009102e-04
2.076572352314190678e-04
2.076572352314190678e-04
1.798204985853301633e-04
1.612016375949715068e-04
4.243263357131698177e-04
1.671575255045095625e-04
2.689494455779926777e-04
2.010130432400493666e-04
1.678413649823416124e-04
2.204992657558842357e-04
2.760249229541889178e-04
2.815663792147306559e-04
1.319177770859742945e-04
2.076572352314190678e-04
2.076572352314190678e-04
2.569398470875597926e-04
2.581841630734282487e-04
4.525545571242641256e-04
1.733828212428833505e-04
2.377910345254543548e-04
2.204992657558842357e-04
1.612016375949715068e-04
2.710541715954409921e-04
1.998375579894803768e-04
2.377910345254543548e-04
2.473412323065854153e-04
2.010130432400493666e-04
1.942961017289386388e-04
1.733828212428833505e-04
2.665170671770133244e-04
2.792520198954726550e-04
1.864135313070871039e-04
1.733828212428833505e-04
2.433324907859961200e-04
1.931048931833914651e-04
3.924011239112340423e-04
4.477475453093866971e-04
4.483319798351137085e-04
2.550022287297880352e-04
4.566071845228619839e-04
4.374256093797813027e-04
4.410368795307057096e-04
4.105954559371808405e-04
2.581841630734282487e-04
1.798204985853301633e-04
1.998375579894803768e-04
1.500307274784903422e-04
2.321245080999958361e-04
2.131986914919608330e-04
1.931048931833914651e-04
2.748947068909641405e-04
4.437421877678483697e-04
2.010130432400493666e-04
1.875634369228497270e-04
4.470131008637224417e-04
3.669841179013460164e-04
1.798204985853301633e-04
1.399792268264583688e-04
2.197131077388266647e-04
4.094746634257376890e-04
2.076572352314190678e-04
2.010130432400493666e-04
2.131986914919608330e-04
2.265830518394540980e-04
1.931048931833914651e-04
1.555721837390321074e-04
2.265830518394540980e-04
2.634079893174509396e-04
1.875634369228497270e-04
2.131986914919608330e-04
2.141716514782849266e-04
4.336636270888790182e-04
1.998375579894803768e-04
2.076572352314190678e-04
1.931048931833914651e-04
2.428011786783591721e-04
4.105954559371808405e-04
1.399792268264583688e-04
1.733828212428833505e-04
1.798204985853301633e-04
1.998375579894803768e-04
2.204992657558842357e-04
2.379074397647734629e-04
2.689494455779926777e-04
2.321245080999958361e-04
2.065544995005911047e-04
1.343173431300114732e-04
1.447847339009122522e-04
1.864135313070871039e-04
2.265830518394540980e-04
2.131986914919608330e-04
4.271177835562131554e-04
1.671575255045095625e-04
2.141716514782849266e-04
7.333766376099962073e-05
2.433324907859961200e-04
4.200292484789928471e-04
1.671575255045095625e-04
4.528990333516986697e-04
1.447847339009122522e-04
1.503261901614540174e-04
1.447847339009122522e-04
4.498525609871195392e-04
2.569398470875597926e-04
4.548596672801570226e-04
2.260407220164259738e-04
4.141816256486139823e-04
1.447847339009122522e-04
1.343173431300114732e-04
2.569398470875597926e-04
2.321245080999958361e-04
1.374592333465160326e-04
4.529519433890989840e-04
2.197131077388266647e-04
2.433324907859961200e-04
2.131986914919608330e-04
3.792425156729985094e-04
2.065544995005911047e-04
2.065544995005911047e-04
1.998375579894803768e-04
2.265830518394540980e-04
2.260407220164259738e-04
4.276902449021954128e-04
1.412126887404331914e-04
1.412126887404331914e-04
1.931048931833914651e-04
2.323659835042317249e-04
1.503261901614540174e-04
3.858867076643682377e-04
4.463985798073382945e-04
2.260407220164259738e-04
2.204992657558842357e-04
2.379074397647734629e-04
4.094746634257376890e-04
2.321245080999958361e-04
2.197131077388266647e-04
2.076572352314190678e-04
2.204992657558842357e-04
3.931872819282916133e-04
3.669841179013460164e-04
4.470131008637224417e-04
4.613875067218770835e-04
3.858552803785682338e-04
1.998375579894803768e-04
1.864135313070871039e-04
1.875634369228497270e-04
1.864135313070871039e-04
1.000621274020569676e-04
1.503261901614540174e-04
2.321245080999958361e-04
2.065544995005911047e-04
4.460087135915983170e-04
2.204992657558842357e-04
2.204992657558842357e-04
4.416374617504001095e-04
3.987287381888334056e-04
2.141716514782849266e-04
1.500307274784903422e-04
2.321245080999958361e-04
3.858867076643682377e-04
2.265830518394540980e-04
4.529519433890989840e-04
2.513983908270180545e-04
2.265830518394540980e-04
2.321245080999958361e-04
2.637256193339699867e-04
4.200292484789928471e-04
3.858867076643682377e-04
1.289919173116033709e-04
1.798204985853301633e-04
4.105954559371808405e-04
1.678413649823416124e-04
1.742790423247883981e-04
