1.911059132442599964e-03
2.642885698393199808e-03
2.820644111955000147e-03
1.976220413405799931e-03
2.916286555517299834e-03
2.591405796057300124e-03
2.406397136086100078e-03
1.857031454831500027e-03
2.110270818535400078e-03
1.946366535552199965e-03
2.787683333036999889e-03
2.547973426404199961e-03
2.666756734116400209e-03
2.717441714054300191e-03
2.825408243772599935e-03
1.912331974560599942e-03
2.537172185288500120e-03
2.634890350449799797e-03
1.054974123549799921e-03
2.763025099078100007e-03
2.578548703386800145e-03
2.531064567232000056e-03
2.801801287715199786e-03
1.525915523803699934e-03
2.009425517620400115e-03
2.203958212895500059e-03
2.296645964854399872e-03
6.806838014433000319e-04
2.441854117330099876e-03
2.203702212871300106e-03
8.175313108561999692e-04
2.571192483388200049e-03
3.111729856979700021e-03
2.668880902779599985e-03
2.470636982821800085e-03
2.394519169162999915e-03
2.751773660944800085e-03
2.808488540873399931e-03
2.791992875370899983e-03
3.136714734687000121e-03
2.255725359900500118e-03
2.454776183722499980e-03
2.709929075868300168e-03
2.586884999479999864e-03
2.723003565803799961e-03
2.266169011124800035e-03
1.919579623110600044e-03
3.012729477343099958e-03
2.291710312508200061e-03
2.418156396567000023e-03
2.302780541332500024e-03
2.428758070865500145e-03
2.818363386220800078e-03
2.679331864366900177e-03
1.858617718729500086e-03
1.403472424269800074e-03
2.802964790337300182e-03
2.976258632439699858e-03
1.973953909255100111e-03
2.289691182657999785e-03
2.291022142679499923e-03
2.083360830038199878e-03
2.340581704475100215e-03
1.981076250447399816e-03
9.514402241583000061e-04
2.170901330515400025e-03
2.301957481862600043e-03
1.856195882311699984e-03
1.640018196271700096e-03
2.554819011923400041e-03
2.429853400506699901e-03
2.581565130511099832e-03
2.301634454080300155e-03
3.010446063172599919e-03
2.210964821925500041e-03
2.347403698075600006e-03
2.562956191385999845e-03
1.844603114701400069e-03
1.286119008440299956e-03
2.593622263548000118e-03
1.601045363755299912e-03
2.609037927659499812e-03
2.632362316711800085e-03
1.958627737178200105e-03
2.223594318342899962e-03
2.115039845666499916e-03
2.532747595464100027e-03
1.721917767532499905e-03
1.929781158490500009e-03
3.248140218627499839e-03
2.655630868147300112e-03
2.147535053295299926e-03
3.114735226255199892e-03
2.820115550695799934e-03
2.456572388584499830e-03
2.368141606909699836e-03
2.121685880373700046e-03
2.266799292705100072e-03
2.388273186836899903e-03
2.709672112875199847e-03
2.359746391661600093e-03
3.217944813273799793e-03
2.298205486570400070e-03
2.558965429264700026e-03
2.124177086346999959e-03
2.426252461084499844e-03
2.777145409290200217e-03
2.154064085123500068e-03
2.359746391661600093e-03
2.067248131878099849e-03
2.411436712569999842e-03
2.375277789573500189e-03
2.621156375035399791e-03
1.958781084677600152e-03
2.287572136082900026e-03
2.964177051392500196e-03
2.597018140070499886e-03
2.546683864702799921e-03
2.188511098037299821e-03
2.389175581252500017e-03
2.813967065380900030e-03
2.843698980377599821e-03
2.465454784366299945e-03
1.987863180765399914e-03
2.588206940619900125e-03
3.178206116679500089e-03
1.953057687008300089e-03
2.689547862274700024e-03
2.151686260261900015e-03
2.538511236098300004e-03
2.766400737129900110e-03
1.715847878566399915e-03
2.513175444885200165e-03
2.331931811265499851e-03
1.104639235399700091e-03
2.739552233826199855e-03
2.086084656002999953e-03
2.233647292748600164e-03
2.285512448371599791e-03
1.932538770606400010e-03
2.495828285983200077e-03
2.368710717955700099e-03
7.316074948190000142e-04
2.311385358975600116e-03
2.706500393818300158e-03
2.563927629509099929e-03
2.698066718066299829e-03
2.369056233884499901e-03
2.272878403952700160e-03
2.147644746506699974e-03
3.041051464676799987e-03
2.224785734245999895e-03
2.249265222992099904e-03
2.256733718097799889e-03
2.134679480344999890e-03
2.367903194159900158e-03
1.959152304125600166e-03
3.066777514549900215e-03
2.017823347938799920e-03
2.604938055867099794e-03
1.970368023405100026e-03
2.579272079876199913e-03
2.347292873061799894e-03
2.017051260378000151e-03
2.133637816273599788e-03
2.233908381585400157e-03
2.963446156170400185e-03
2.252390396873799831e-03
2.749327952696399829e-03
2.115799064472399880e-03
2.635151837771200142e-03
2.554704584641900086e-03
2.406957335117800197e-03
2.613243354839300207e-03
2.337710677990999936e-03
2.165619254386499850e-03
1.820770731274499923e-03
5.334947858885999905e-04
2.816611546477300158e-03
2.048021573105499819e-03
1.013145899859999900e-03
2.515881837701199834e-03
2.062447692456999965e-03
2.579047621506600201e-03
1.120166434951399897e-03
2.332913531863700044e-03
1.550183131512300081e-03
6.080842072176000134e-04
2.680863962099900091e-03
2.162215501628100053e-03
2.929587392588699820e-03
2.605497480145900057e-03
3.099680782257299792e-03
2.992277600638300165e-03
2.115039845666499916e-03
2.965101401498799853e-03
7.042059330154000311e-04
2.475441068903200086e-03
5.974608822093000404e-04
2.804168553867399973e-03
2.832916654811700082e-03
2.875547857466099859e-03
2.888560506104399794e-03
2.503794561820800110e-03
2.864245606443700017e-03
2.233661516494100160e-03
2.597018140070499886e-03
2.931260285495700200e-03
3.082283199072799809e-03
3.346163266999100001e-03
3.163739675527799979e-03
2.957885004686999861e-03
2.640642344641200030e-03
2.310038045852200010e-03
2.113926600533100157e-03
2.766326589958199855e-03
2.618713337693900130e-03
1.992945126762000075e-03
1.870618395940800002e-03
2.398385434908899966e-03
1.435222648479199913e-03
3.299467650806599955e-03
2.295190390305399883e-03
2.739963501103599795e-03
2.586437741784200061e-03
1.616341764393099904e-03
3.072386458269900193e-03
2.541871076820700209e-03
3.222817092507599887e-03
1.973527944698500076e-03
2.391322007443799896e-03
2.110528999255600110e-03
1.897964640789099981e-03
2.775875836826900006e-03
2.559403340461099876e-03
7.230930030354999760e-04
2.595160174321600125e-03
2.209672403684800196e-03
2.263785712411699874e-03
2.353898712142199912e-03
2.822104898778200061e-03
2.815909786152199883e-03
2.010100560929999839e-03
2.016795686708100152e-03
2.294586217724400076e-03
1.458278567627500043e-03
3.163140939624299857e-03
2.654195361207300000e-03
1.934604618743200046e-03
2.591384580788599901e-03
2.587028793959000005e-03
2.576501581896200200e-03
8.744589964800000186e-04
3.018612079135599927e-03
2.489367738244499962e-03
2.701969857558399971e-03
2.739552233826199855e-03
2.004475213623100032e-03
2.762371556611800064e-03
2.122384008264999958e-03
2.618248526912799953e-03
2.237117463751500147e-03
2.920622136936299861e-03
2.967406207782099809e-03
2.606914551841599866e-03
2.964299865128400008e-03
1.677195670555299903e-03
2.529660347854600141e-03
2.102879844297500175e-03
2.387288677793599889e-03
2.754693220937899818e-03
2.401250986492200166e-03
2.605492764923800133e-03
2.565581533306199920e-03
2.329964154369000128e-03
1.727470893710800074e-03
1.626017480092500044e-03
2.657749978416099924e-03
2.232059270542000040e-03
2.945272060070200197e-03
3.241262538175299860e-03
2.411542651784700023e-03
1.961660508519300072e-03
1.308687441817899975e-03
2.695773109705299798e-03
2.314900500154400045e-03
6.720048131895999931e-04
3.015927637442000070e-03
2.528948385455199923e-03
2.884685239522199931e-03
2.575963850731399947e-03
1.482875928447299979e-03
2.836243289308900198e-03
2.964267039974699796e-03
2.904637463849200213e-03
2.407315344835399967e-03
2.869491688877999838e-03
2.135403662482899829e-03
2.431432590160099907e-03
2.407085679438300107e-03
2.247846279592500152e-03
2.418360571214099933e-03
2.440307623323300160e-03
2.224001993222700022e-03
2.566776080961200197e-03
2.619659259792100035e-03
2.333712360996499993e-03
3.025423710978900060e-03
2.799317378022899826e-03
2.726615971389899883e-03
2.271546576758000022e-03
2.120829963561499977e-03
2.283813609261599927e-03
2.020011366238399792e-03
2.112954161169600022e-03
2.512412837788900212e-03
1.645550956359199913e-03
2.291222711257299895e-03
1.883736094289199933e-03
2.867825004488499911e-03
2.634257010511099895e-03
2.251447460053400060e-03
2.377921371879599885e-03
2.975902789545899901e-03
2.699402369978099858e-03
2.230054083036600143e-03
2.657126156893500034e-03
1.549410020772099949e-03
2.432300044049400065e-03
2.599768477953799933e-03
3.214786016873600032e-03
2.101030854787500155e-03
2.215154235301399887e-03
2.573212547695700059e-03
2.325224078925500117e-03
2.377727638019099844e-03
2.815353201186700152e-03
1.697061897372599982e-03
1.191572866826799909e-03
2.122712644063000104e-03
2.370445832156100208e-03
1.931820640543500077e-03
2.547737844406100169e-03
2.247036198127099794e-03
2.185493190329500148e-03
2.675454810813100107e-03
2.628207904345399807e-03
1.858736715911499943e-03
2.148550810733000204e-03
2.217276446039299909e-03
2.738087498849599809e-03
2.565581533306199920e-03
2.598325478647100107e-03
2.678539466198599870e-03
9.542433896986999772e-04
2.373954960895800163e-03
2.247643476391399976e-03
1.602485843465800090e-03
1.583198722076500009e-03
2.458096085589999823e-03
1.914271417579900070e-03
2.562065959122799934e-03
3.194052046437200181e-03
2.178547032951600078e-03
1.633532357619099954e-03
3.041126242163000055e-03
2.814039854422500150e-03
2.121387422360000025e-03
2.735875744499499836e-03
2.529779560673000010e-03
2.246272240660699814e-03
2.033580401868199852e-03
1.822101349483299954e-03
2.981061427800699940e-03
1.782802316235599987e-03
1.999002689804399956e-03
2.235042209847300145e-03
2.771748598715600195e-03
3.238096483167599883e-03
2.694174735981499837e-03
3.062937640847600198e-03
2.129751070252899892e-03
2.297089616814199965e-03
2.222405331268400078e-03
2.361736022333900051e-03
1.950221608203300035e-03
2.168479845668000103e-03
2.514009683620400080e-03
2.335403699278900194e-03
2.945298827938700077e-03
2.582179216562899976e-03
2.681786790352600012e-03
7.867596617936999668e-04
2.340095002150099912e-03
2.759565806730899813e-03
2.368907641376899898e-03
2.579435899686699854e-03
2.623121438406900152e-03
2.265663365695099862e-03
2.372647198670399873e-03
2.378481096292100160e-03
2.533007851488900102e-03
9.112588013718000502e-04
2.258448490087099948e-03
2.632180667552900134e-03
2.918525885592999913e-03
2.392571157032400125e-03
2.497070999164800048e-03
2.187149712682600212e-03
1.794577680457200026e-03
2.619694342228800089e-03
2.205040294098199911e-03
3.101688336188400050e-03
2.135758955972200026e-03
2.188815767096799914e-03
3.435151603559099837e-03
1.770073350479400105e-03
2.747163105486099838e-03
3.073628845712599901e-03
2.821868991719299943e-03
2.198025103690199808e-03
2.903340410615600029e-03
2.772849675120400096e-03
8.432912654932000433e-04
2.196946453335500184e-03
2.483430544856900062e-03
2.513980272906599957e-03
5.445464217065000426e-04
1.296161323151500018e-03
2.347729460367600166e-03
2.032358011029800071e-03
3.087586845754599837e-03
2.425143724967299998e-03
2.364565150634899849e-03
2.902722995782599982e-03
2.459254009524000206e-03
2.388505707458099883e-03
2.455415239357099967e-03
2.605101168846500007e-03
2.273946282434199939e-03
2.173935416766799994e-03
3.008674287102600185e-03
2.364565150634899849e-03
2.264537572878499907e-03
1.608349726476299927e-03
3.025423710978900060e-03
2.186196120216199901e-03
2.361425687987099911e-03
2.441696531151899951e-03
2.640642344641200030e-03
2.274506356955200131e-03
5.839546514342000127e-04
2.315259038495900111e-03
2.292848587654799930e-03
2.173514325777500117e-03
2.802236459840999963e-03
2.827775560032299868e-03
2.448896555690500011e-03
2.346370502182499977e-03
2.632902710115099867e-03
2.400082028791600177e-03
1.680114643132399896e-03
1.813724041341100096e-03
1.958302647532900002e-03
2.495828285983200077e-03
2.607515283760999860e-03
2.236777731701299933e-03
1.562982336321099962e-03
2.543548195906400120e-03
2.453181632164100172e-03
2.961983130240400126e-03
2.766909911655299984e-03
2.096868938887799967e-03
2.116039817291400036e-03
2.238634253513200213e-03
1.983414052733300115e-03
2.254734297898799804e-03
2.662840358113900165e-03
2.079570361660199821e-03
2.563223354607800045e-03
2.132259806768599907e-03
2.753364466908300116e-03
2.053506500999500214e-03
2.752745992973400137e-03
2.503159630515500080e-03
2.196680616417200169e-03
2.513175444885200165e-03
2.531284952627099998e-03
2.556449888398299938e-03
2.224371013070799812e-03
2.852064771056300047e-03
1.596742256284100015e-03
2.860142832162800020e-03
1.638279150979900104e-03
2.605492764923800133e-03
2.753364466908300116e-03
1.893418672158199987e-03
2.149098409819700205e-03
2.781718051800199844e-03
2.967576549239599962e-03
3.299467650806599955e-03
2.401682405741999930e-03
2.396158371248899906e-03
2.448851146416500171e-03
2.613983367088399887e-03
2.581174401836000120e-03
2.394301377324199818e-03
3.048336853430100041e-03
2.575261654119699942e-03
2.203504781539500010e-03
2.567997873662599979e-03
2.580596733812300092e-03
2.619694342228800089e-03
1.913144440780799966e-03
2.107540972930000214e-03
2.420635594713500208e-03
2.833986768564800054e-03
2.590721060282599915e-03
1.905423985500699982e-03
2.574768013896899972e-03
2.619055098548600177e-03
2.470258930885099822e-03
2.432590380300400212e-03
2.856633582268700185e-03
1.047904741938800004e-03
2.923103638777900179e-03
3.045051137283300187e-03
1.910818177911299950e-03
2.452018193430000135e-03
2.379230562286999921e-03
2.801777830458299871e-03
2.180675424497399879e-03
2.082969157437500156e-03
2.772200382610699905e-03
2.852064771056300047e-03
2.800480781477000022e-03
3.048336853430100041e-03
2.474776765237499815e-03
2.558777306330300028e-03
1.889048432109099963e-03
1.898290649183399922e-03
2.387507082295100072e-03
1.986741474655800109e-03
1.147093707663299992e-03
2.240873764777399826e-03
1.879535465500900083e-03
2.178065693657700152e-03
2.433243567967299792e-03
2.378756041509699857e-03
2.280806158112100041e-03
2.677028742190799837e-03
2.225042542589400051e-03
2.824455111503899885e-03
2.605577176255000158e-03
2.491476108983300096e-03
2.479497637635099880e-03
2.048612673723299808e-03
1.693151183518500037e-03
2.590842449696899828e-03
2.147644746506699974e-03
2.034736116837900129e-03
2.529787760555199903e-03
3.012853126541299807e-03
1.932218294530299975e-03
8.184752012668999963e-04
2.762008122564699967e-03
2.078265702081400108e-03
2.455381301832400189e-03
2.922603158444600068e-03
2.665126998217200172e-03
1.888136369961999949e-03
2.505514826323699921e-03
1.875543830357899976e-03
2.017350203158599972e-03
2.144876328432600114e-03
2.703421791647999881e-03
1.338608999632500069e-03
2.224558845049799845e-03
2.716672479055800074e-03
2.136212347375399893e-03
2.897464572226299967e-03
2.822410381828999865e-03
2.121748001132500033e-03
2.682068310991500039e-03
2.036932019380499788e-03
2.542634166208499868e-03
2.488317289108699960e-03
1.368780493035799900e-03
2.460821048276799847e-03
2.169434308394500074e-03
1.757055807121500049e-03
2.723028472372099936e-03
2.181972045795000075e-03
2.975148411145899820e-03
2.207689187012400016e-03
2.833513261022900086e-03
2.774702719110100010e-03
2.905122979913900023e-03
2.249550938425600149e-03
2.286987407208499867e-03
2.072848496604099821e-03
2.723821799594600135e-03
2.409552619966000113e-03
2.834430565630199992e-03
1.567550727836199967e-03
2.317823442601499827e-03
2.897464572226299967e-03
2.483835563681599870e-03
2.545041610504799982e-03
1.867371598469399954e-03
2.603088982848800106e-03
2.444542129705200208e-03
2.210900005458300063e-03
2.028020548084799937e-03
1.790482197661900010e-03
2.023226797732799887e-03
2.683185320887399809e-03
2.947799697675199809e-03
2.581186005767799937e-03
2.320901553960500081e-03
3.190434972920800152e-03
2.344924059805800036e-03
2.789007188570699885e-03
2.059725256086000159e-03
2.166460503555899930e-03
8.870511539339000521e-04
2.604112799747899856e-03
2.269625491986700019e-03
2.706024305341899784e-03
2.094610802251299902e-03
2.513437956740000034e-03
2.426213953770300132e-03
2.786135773370199825e-03
2.217441676768799972e-03
2.692239939299300149e-03
2.529787760555199903e-03
2.544164318026699827e-03
2.909557736034300030e-03
2.256509216145099941e-03
2.240486414834899805e-03
3.079830731627100030e-03
2.206263126914900004e-03
1.345113901966200074e-03
2.574768013896899972e-03
2.321639433573300000e-03
6.937799064831000079e-04
2.396589487017799971e-03
3.018122289522499977e-03
2.409618057492500000e-03
1.921795603025099920e-03
2.828431187826700114e-03
3.174136775491000120e-03
2.285079328859599898e-03
1.812191941829800019e-03
1.761190029366500051e-03
2.741346617897100213e-03
2.221837913891799854e-03
2.170844310385200079e-03
3.158391813213499988e-03
2.796847939239600032e-03
2.663680609593000077e-03
2.388505707458099883e-03
5.066543031220999485e-04
1.894546018805999934e-03
2.529726634180000117e-03
2.798306141192100083e-03
1.368415731843799967e-03
2.198694929690700028e-03
2.081193668260599913e-03
2.968542879839899951e-03
2.392976435647699990e-03
1.276186538652200001e-03
3.392399140864399941e-03
2.771497563422899851e-03
2.116920604485099996e-03
3.038888423379200194e-03
2.074054377811599802e-03
2.558965429264700026e-03
2.645543894460799898e-03
8.226791269618000026e-04
1.704618592278999908e-03
1.740847263667200063e-03
8.429968061994000351e-04
2.572046865172299829e-03
2.817190910669500111e-03
2.040615959843599964e-03
2.610264097655000132e-03
1.757724629276600017e-03
2.115693424764500136e-03
2.163790811657600142e-03
2.358710301125600123e-03
2.252848609004300118e-03
1.498923824055599895e-03
2.821953781624000207e-03
2.416843767648199897e-03
2.920800269271800042e-03
2.939423497092199904e-03
3.059250212917800048e-03
2.942041288487999822e-03
2.997066446979800014e-03
2.440800060985300057e-03
2.188035909979299878e-03
2.891462175733900113e-03
2.090694056826599995e-03
2.051591781627699809e-03
2.405829186898399922e-03
2.601363030488600125e-03
2.629914573176799983e-03
2.293623613218799800e-03
2.590842449696899828e-03
2.610264097655000132e-03
2.618472481889999853e-03
2.028752544226900077e-03
2.681009764651699854e-03
2.125855384542500118e-03
2.253327344030599862e-03
2.446676611742899885e-03
1.379542515416100085e-03
2.205547322397500166e-03
2.290757192309699885e-03
2.586687860808499842e-03
2.052206182492499840e-03
1.744732534915400092e-03
2.084897259637100066e-03
2.470258930885099822e-03
2.484162911686899847e-03
2.250052809080400115e-03
2.308717036688300028e-03
1.192716073926199929e-03
2.493994163844099991e-03
2.186467886251999837e-03
9.422194531524000433e-04
2.395271764310400158e-03
1.893434779798899978e-03
2.046720395774500115e-03
2.440500773564000143e-03
2.778498783256999963e-03
2.229716755824600032e-03
2.855301803801899799e-03
1.519366311644699923e-03
2.941755132622399932e-03
2.291689767858600020e-03
2.274261936755300143e-03
2.151006429978299939e-03
1.762229076999400051e-03
1.757417577673199907e-03
1.278758893850200085e-03
2.708068763240699915e-03
2.288068403343300038e-03
2.882874175346500020e-03
2.492635234287800088e-03
1.953179661235299788e-03
1.958104058318700137e-03
2.454776183722499980e-03
1.919786494503300002e-03
2.351412407206899917e-03
3.020960565222400186e-03
1.936415309055000049e-03
1.853719360463599924e-03
2.654195361207300000e-03
2.659461278206300128e-03
2.419932056734300056e-03
2.534757852544700096e-03
2.667686342651499898e-03
2.329964154369000128e-03
3.218727637367599891e-03
1.475533510237899901e-03
1.758428355684200006e-03
2.569559641287899859e-03
2.431494334519499964e-03
2.635624628223099883e-03
2.467884652622300001e-03
2.919713212761499820e-03
8.246267656451000162e-04
2.091549396316600036e-03
1.474956842901000006e-03
2.280159384582600059e-03
2.205538936176699907e-03
2.307060279858700116e-03
3.058066611383200052e-03
2.598051737738399977e-03
2.544230127221199910e-03
2.274226895070299848e-03
2.859055648050000051e-03
1.727735294641900062e-03
2.566072835592500111e-03
2.467777058626900201e-03
1.615859576226499981e-03
2.545906477863900050e-03
1.810398904849200080e-03
2.658423285949000191e-03
1.890708195868100010e-03
2.455415239357099967e-03
2.116858630256900162e-03
3.361068957684999921e-03
6.668947657491999586e-04
2.840478507282600054e-03
2.756951246319800167e-03
2.247808680743400029e-03
2.736541919617800200e-03
1.650807113444399937e-03
2.375297341705800112e-03
2.106478306598499797e-03
2.030040615488800000e-03
2.692423506004499797e-03
2.713072148658300046e-03
2.845749228792399804e-03
2.821210036223199998e-03
2.440466012673999947e-03
1.806273491610600052e-03
2.197019544335699921e-03
9.541755867803000538e-04
2.889332319073900212e-03
2.410948895966999808e-03
2.165001478331600188e-03
5.922809685891999897e-04
2.558777306330300028e-03
2.127295713566500126e-03
2.172557681043099827e-03
2.297450319212300182e-03
2.684448294387900211e-03
1.644164530200299939e-03
2.237798469199300117e-03
2.462537697384400114e-03
1.408070043276300060e-03
2.121956099518000106e-03
1.961702847662299791e-03
2.151686260261900015e-03
2.092673360619900016e-03
1.571577952692599939e-03
2.030684380114299893e-03
2.766933593586699824e-03
2.476546778779599878e-03
1.906302831898999900e-03
2.578548703386800145e-03
2.727082090936200007e-03
2.369625002508799795e-03
7.043165560934000306e-04
1.570306355757100040e-03
2.892447780236900075e-03
2.610934122231799853e-03
2.382306351056200002e-03
2.704891290094200030e-03
1.811554068577999992e-03
2.375380268103400010e-03
2.156952281491800096e-03
2.120517529207800126e-03
2.058624807634200186e-03
7.173624618487000519e-04
2.811567418046900108e-03
1.958182121325099858e-03
1.529126200038799987e-03
2.224804668918300022e-03
2.510888823164999888e-03
2.558544129035600183e-03
2.370909105000899939e-03
1.960583805032899835e-03
2.335403699278900194e-03
1.205286713754699949e-03
2.730028656548099970e-03
1.241053848898299953e-03
1.540956139120400106e-03
2.242806381377100006e-03
2.296097871869099902e-03
2.313584757537299856e-03
2.418114203621799831e-03
2.856139546321999952e-03
2.614194186163400040e-03
2.926768836007699864e-03
7.470535381951000494e-04
2.084132208447199864e-03
3.007147666811500059e-03
2.043255732201700210e-03
2.137075289341199870e-03
2.334339048497099944e-03
1.839860513852899920e-03
2.509592010095000082e-03
2.610610918443799933e-03
1.782131224450599983e-03
2.069248955784799924e-03
2.259934070893700100e-03
1.725350129100899953e-03
1.906291197142500086e-03
2.379178090881200157e-03
2.601581833243900039e-03
2.729992568919000114e-03
2.855358733453200199e-03
2.680863962099900091e-03
1.467259412526300067e-03
2.305774262973000165e-03
2.833513261022900086e-03
2.079317810221899786e-03
2.334261684685100084e-03
1.926924454977999935e-03
2.142104708370699915e-03
2.887615334369800137e-03
2.404605101116900207e-03
2.235603836472499842e-03
2.298852228096500121e-03
2.365863269768400060e-03
1.809057365380200037e-03
2.339468526927200153e-03
2.598051737738399977e-03
5.907023521580000505e-04
2.640488169952499853e-03
1.802061433625299931e-03
2.428166031346699807e-03
2.390225930522100074e-03
1.639755690999999960e-03
2.669823905208799832e-03
6.630768422270999843e-04
2.032894969104000107e-03
6.566407892257999489e-04
1.987385054789099839e-03
2.863998254693099921e-03
1.648506731290400084e-03
2.433587848611799831e-03
2.778410241394300203e-03
3.029188011623999872e-03
2.412241704109700097e-03
1.892833229316799940e-03
1.860202538586000053e-03
7.187000426252999506e-04
2.781913321287700011e-03
2.719765233229299878e-03
2.415352572352699907e-03
2.790806385697799930e-03
2.344260872550199982e-03
2.396443076667499877e-03
2.263472072450499906e-03
1.946150113576400028e-03
2.157493357897700102e-03
2.422979102697200154e-03
2.267107351627000063e-03
1.477713749659700058e-03
2.609058749168299916e-03
3.055731747279900185e-03
2.368907641376899898e-03
3.086447476515900065e-03
1.970433180092099820e-03
3.025566132069400054e-03
2.315491259530299845e-03
2.372943631477400072e-03
2.052499424805199861e-03
8.682617620665000193e-04
2.734516779697499910e-03
2.460821048276799847e-03
2.606720308729500168e-03
1.160592978907699913e-03
2.266169011124800035e-03
1.721629549015399894e-03
2.638729707811799871e-03
2.406174751442600058e-03
1.227743117433100026e-03
2.541917402804200025e-03
6.694213056760000419e-04
2.007221283331500194e-03
2.443393338235700166e-03
2.990996203560799833e-03
2.515053026101500035e-03
1.939507769087500102e-03
2.153877091100900049e-03
2.091147415410300140e-03
2.633639137394399796e-03
2.052708135322500044e-03
2.780972325259499934e-03
2.149098409819700205e-03
8.511075961994999609e-04
2.074286713323899786e-03
2.000609575377100113e-03
2.300135379575699891e-03
2.280509765869500206e-03
2.943925809584500147e-03
2.333150187933699833e-03
2.543409768006600104e-03
2.820068198795700181e-03
2.535321832872999837e-03
2.056702723177200078e-03
2.285960097458899967e-03
2.496478437532599886e-03
2.261117003181500190e-03
1.972778417443399844e-03
1.622122555582100004e-03
2.804338346645100181e-03
2.722263039959000024e-03
2.035681589732300008e-03
1.730059752742800104e-03
2.408655451939899998e-03
2.040615959843599964e-03
7.095170351644000412e-04
1.995876776095300165e-03
2.005302237182900096e-03
2.700298815753599934e-03
2.292212004290999916e-03
2.274164821010800103e-03
2.157983400544100094e-03
2.878717772456399881e-03
2.476446096375799905e-03
2.645543894460799898e-03
2.185338018965999989e-03
2.136423818190100014e-03
2.584775598773899914e-03
2.771850584541500021e-03
2.835860562782099945e-03
2.433755224440900013e-03
2.625916071813100012e-03
2.274164821010800103e-03
2.101654151493299785e-03
2.570457227745999960e-03
7.799495357763999671e-04
1.799093956030799971e-03
2.487276110302299916e-03
2.024916917558499969e-03
2.203765759136700007e-03
2.214656228292399918e-03
2.174560022729800108e-03
2.232156371239399795e-03
1.283978489673100101e-03
1.752606491828799995e-03
3.385710570440300139e-03
2.637307485811399982e-03
2.016857773517800097e-03
2.273946282434199939e-03
1.832117604454099914e-03
2.621717320005400188e-03
2.032963720593299918e-03
3.171844233597199796e-03
2.299740829489999895e-03
2.375832648783699971e-03
2.141963115154700212e-03
2.716744255008500097e-03
1.961284382033700018e-03
2.172235462573899982e-03
1.107888667174100053e-03
2.298702454212299840e-03
2.597736755525399850e-03
1.290370094288000036e-03
2.477704801135599978e-03
2.137956933521100149e-03
2.481769396756899893e-03
6.611544774708000456e-04
2.665707831544399976e-03
2.739501986105299935e-03
2.285512448371599791e-03
2.228497206856199994e-03
2.597506708766999812e-03
2.291510648076099804e-03
2.508332337801599896e-03
2.845027396980899948e-03
3.134699094188999821e-03
2.857191351054499950e-03
1.506102504248800098e-03
2.198025103690199808e-03
2.880826973007800159e-03
2.469317291972600130e-03
2.374329617015699927e-03
2.624454376857700017e-03
1.538782330600700068e-03
2.814199244113700041e-03
1.877707905503599997e-03
2.781285289694400073e-03
2.389715516957699893e-03
2.352763068309900174e-03
3.046812860013400209e-03
2.665386070790099968e-03
2.294586217724400076e-03
2.415352572352699907e-03
2.764923396315099955e-03
2.092488118141899896e-03
2.409437129282800127e-03
1.115070435818700046e-03
3.209616239437300053e-03
2.710773868456999979e-03
2.439196273763100109e-03
2.236422934464799873e-03
2.686274361059499786e-03
3.332331754420000004e-03
8.024749579199000468e-04
2.675485932176199962e-03
2.758907137093799967e-03
2.786142470966699800e-03
1.813233628682599935e-03
2.667379792157200183e-03
1.820078726792400065e-03
2.873140304939500022e-03
2.325841381291300115e-03
1.884740610453799906e-03
6.802688635630999752e-04
2.197914109679400142e-03
2.513169882838299854e-03
3.012056859783300046e-03
2.580165948157399965e-03
1.773728135735100049e-03
2.581750419711000173e-03
2.221550541744899895e-03
2.128821324242699889e-03
2.162334783124600021e-03
1.051134103933000019e-03
1.808044697687499975e-03
1.567118384576999960e-03
2.001459186517499933e-03
2.961536306194200059e-03
2.073181459803600038e-03
2.718377205383799931e-03
2.796534605105400074e-03
2.039141834223200025e-03
1.722065292153300087e-03
5.063963527224000019e-04
6.450867031456999868e-04
2.200868944894900092e-03
1.623606140713599938e-03
1.975531614978800077e-03
1.957656578779400167e-03
2.588780345897399859e-03
2.641239534958800001e-03
2.440800060985300057e-03
1.873159967332400054e-03
3.120944890222100091e-03
8.168286239199999948e-04
3.090908205729099838e-03
2.680902454434400031e-03
2.099589097689199841e-03
2.766925991939000063e-03
2.258456785194999997e-03
1.845396939147500017e-03
2.529356022310700128e-03
2.645687891629799806e-03
2.395801920264699868e-03
2.874831088975299785e-03
9.892406598487999032e-04
2.252544082343300134e-03
1.939487770453200092e-03
1.879176684461400081e-03
2.433383880361000146e-03
2.318298421799200055e-03
2.015551191221499980e-03
5.519319992621999748e-04
2.370445832156100208e-03
1.866365699928999996e-03
1.530076209302799924e-03
2.830836702927999864e-03
1.446753413951100018e-03
2.519552458981600112e-03
2.455151346407400195e-03
2.632840906770999873e-03
2.983729286960399955e-03
2.148550810733000204e-03
2.405755696010499975e-03
2.829227514326299996e-03
1.710240111350300098e-03
2.863019630188699902e-03
2.993290157062000138e-03
2.645166513612400017e-03
1.812591684427099963e-03
1.734693233345399902e-03
1.884457807619000077e-03
2.483720948637900029e-03
2.202318470253099899e-03
1.634851589222500101e-03
1.231891435579299992e-03
3.051808984330999994e-03
5.096737044934999787e-04
2.375297341705800112e-03
2.161206457141799826e-03
1.511839066159599999e-03
1.097189075365500015e-03
2.099194189296999923e-03
2.932374543733700170e-03
2.236777731701299933e-03
2.863278879468099825e-03
2.527766815002499817e-03
2.521010748392599806e-03
7.466010637488999877e-04
1.941841452837099989e-03
3.331136308718200042e-03
8.665496664790999773e-04
2.799467915510499803e-03
2.145276805938500179e-03
1.639354981551300076e-03
2.458035732882499821e-03
2.142185343190299972e-03
1.427896386575500023e-03
1.987619642107600094e-03
2.866899618181499923e-03
1.914310519806700084e-03
3.070324630150199959e-03
1.950221608203300035e-03
2.280451860736300122e-03
9.332870983698000281e-04
2.442390169580099975e-03
1.717823969159399918e-03
2.502214563122199913e-03
3.085540407818299861e-03
2.654397624423399885e-03
1.593759533113299964e-03
8.095566998874999644e-04
3.025913793906499869e-03
2.835391949523799904e-03
2.830759262935299801e-03
2.541871076820700209e-03
2.547681223236100169e-03
7.957521662711000178e-04
2.754267040705500082e-03
2.270229038485200180e-03
2.377609777280000058e-03
1.392572731383299968e-03
2.481769396756899893e-03
3.153264654160499881e-03
2.265821254713700113e-03
3.273191251082599972e-03
3.224027778834499900e-03
1.694890117283500081e-03
2.776895060821199784e-03
2.229716755824600032e-03
3.066110556719400110e-03
2.128440980371799907e-03
2.806299184833600194e-03
2.028819171723499851e-03
2.240873764777399826e-03
1.353566776352299996e-03
2.142041939112699842e-03
1.115244311835999992e-03
1.567583270283599969e-03
2.057838826778500031e-03
2.883983458039000077e-03
1.481406960960599938e-03
2.145641921022499801e-03
2.961113766128300150e-03
8.067245157179000082e-04
2.732891196881099844e-03
2.083860303293399822e-03
1.879535465500900083e-03
1.503919286775899948e-03
2.860949241881900144e-03
2.372361852264299846e-03
2.153532316511099984e-03
2.684514135846399925e-03
2.469214215932700063e-03
2.403529544141400076e-03
1.852069681415699932e-03
2.796289158401099942e-03
2.510888823164999888e-03
2.335178000201399914e-03
2.736322600037300028e-03
1.617307000115999994e-03
2.402420111691100108e-03
1.894875198745800057e-03
1.924361537285799919e-03
2.858143119040299808e-03
2.446705579383900205e-03
2.803866870842500018e-03
2.605949783557999933e-03
2.910688353135799933e-03
2.158567545251499891e-03
2.239511268910700150e-03
2.640488169952499853e-03
2.744248337614899926e-03
2.530436793388400173e-03
2.351003647779200019e-03
2.254734297898799804e-03
2.828634062131699968e-03
2.626509053306000201e-03
3.110358312878099864e-03
2.453980565248000019e-03
2.091147415410300140e-03
1.894801289456099925e-03
1.214441917280800060e-03
2.306330181989600138e-03
2.288538941026199789e-03
2.268060131577900179e-03
8.777416618596999920e-04
1.649680844788999979e-03
