2.244541512724923353e-03
2.198251880745582826e-03
2.572179224509419260e-03
2.602974869565171257e-03
2.569577843474793021e-03
2.585695839694725044e-03
2.431071694274500664e-03
2.605160645724196797e-03
2.170632785266238783e-03
2.689104790748456184e-03
2.170632785266238783e-03
2.496695661230861028e-03
1.689052759160671741e-03
1.774107313526960281e-03
2.332695763457813543e-03
2.465794800887515046e-03
2.589052743851650521e-03
1.714069807795682264e-03
2.198251880745582826e-03
2.465794800887515046e-03
2.332695763457813543e-03
2.332695763457813543e-03
2.431071694274500664e-03
2.583554798767929463e-03
2.589052743851650521e-03
1.860702979219984498e-03
2.411596793897643164e-03
2.373554421413761033e-03
2.578035194613491777e-03
2.605160645724196797e-03
2.170632785266238783e-03
2.587433537151414154e-03
2.076043623518453521e-03
2.332695763457813543e-03
2.569577843474793021e-03
2.308998700805457976e-03
2.170632785266238783e-03
2.709195915735799001e-03
2.076043623518453521e-03
2.393029321790618967e-03
1.666587400013656720e-03
2.503813940192675582e-03
2.076043623518453521e-03
2.308998700805457976e-03
2.526017554058971638e-03
2.756371171489733953e-03
1.766108501213057560e-03
2.373554421413761033e-03
2.585685745347338863e-03
2.217726781122440760e-03
1.879869170670931105e-03
1.899344071047788822e-03
1.964797870671975821e-03
2.170632785266238783e-03
2.446319900510657112e-03
2.373554421413761033e-03
2.151157884889380850e-03
2.589052743851650521e-03
2.595877350509122067e-03
2.578035194613491777e-03
2.544153268252492221e-03
2.605170740071582978e-03
2.526017554058971638e-03
1.825281366705726977e-03
2.332695763457813543e-03
2.431071694274500664e-03
2.308998700805457976e-03
2.170632785266238783e-03
2.577361794359707154e-03
2.585685745347338863e-03
1.921226761413481364e-03
2.669629890371598251e-03
1.793582213903817998e-03
2.010079518047614908e-03
2.431071694274500664e-03
1.879869170670931105e-03
2.217726781122440760e-03
1.743363209032247185e-03
2.076043623518453521e-03
2.558704815531821948e-03
2.151157884889380850e-03
2.578179715908679448e-03
1.858831559312479603e-03
2.595877350509122067e-03
1.690250953007673123e-03
1.774107313526960281e-03
2.373554421413761033e-03
1.841228078843126781e-03
2.170632785266238783e-03
2.544153268252492221e-03
2.503813940192675582e-03
2.431071694274500664e-03
2.802865434378586790e-03
1.921226761413481364e-03
2.637213498940698449e-03
2.264016413101780853e-03
1.825281366705726977e-03
2.587433537151414154e-03
1.921226761413481364e-03
2.780794742349001775e-03
2.544153268252492221e-03
2.465794800887515046e-03
2.544153268252492221e-03
2.217726781122440760e-03
1.805806466328869261e-03
2.308998700805457976e-03
2.373554421413761033e-03
1.805806466328869261e-03
2.446319900510657112e-03
1.879869170670931105e-03
2.577545127430366269e-03
2.332695763457813543e-03
2.411596793897643164e-03
2.523288840569533516e-03
2.582801357566749233e-03
2.523288840569533516e-03
2.600447052934683201e-03
2.578035194613491777e-03
2.477220760854003095e-03
2.170632785266238783e-03
2.151157884889380850e-03
2.431071694274500664e-03
2.151157884889380850e-03
2.561686347963193933e-03
2.578179715908679448e-03
2.563628168629350154e-03
1.964797870671975821e-03
2.802865434378586790e-03
2.170632785266238783e-03
2.411596793897643164e-03
2.332695763457813543e-03
2.595877350509122067e-03
2.578035194613491777e-03
1.940701661790339080e-03
2.393029321790618967e-03
2.577545127430366269e-03
2.411596793897643164e-03
2.585695839694725044e-03
2.289523800428600476e-03
2.503813940192675582e-03
2.558704815531821948e-03
2.597020027807223769e-03
2.264016413101780853e-03
2.558560294236634277e-03
2.393029321790618967e-03
2.411596793897643164e-03
2.477220760854003095e-03
2.103762505555117641e-03
2.170632785266238783e-03
2.431071694274500664e-03
2.393029321790618967e-03
2.217726781122440760e-03
2.637179102958519226e-03
2.076043623518453521e-03
2.264016413101780853e-03
2.586537502235532106e-03
2.151157884889380850e-03
2.264016413101780853e-03
2.010079518047614908e-03
1.841228078843126781e-03
2.217726781122440760e-03
2.561686347963193933e-03
1.964797870671975821e-03
2.411596793897643164e-03
2.373554421413761033e-03
2.352170663834671476e-03
1.899344071047788822e-03
2.056568723141595587e-03
2.526017554058971638e-03
2.332695763457813543e-03
2.728670816112656935e-03
2.446319900510657112e-03
2.465794800887515046e-03
2.103762505555117641e-03
2.393029321790618967e-03
2.578179715908679448e-03
1.841228078843126781e-03
1.841228078843126781e-03
2.561686347963193933e-03
2.567958636774556221e-03
2.578242568015698833e-03
2.523288840569533516e-03
2.496695661230861028e-03
2.526017554058971638e-03
2.352170663834671476e-03
2.170632785266238783e-03
2.332695763457813543e-03
2.056568723141595587e-03
2.496695661230861028e-03
2.465794800887515046e-03
2.308998700805457976e-03
2.198251880745582826e-03
2.431071694274500664e-03
2.526017554058971638e-03
2.446319900510657112e-03
2.029554418424472408e-03
2.170632785266238783e-03
2.411596793897643164e-03
2.759478974346085689e-03
1.984272771048833754e-03
1.470683149397635728e-03
2.559688010516068986e-03
2.170632785266238783e-03
2.264016413101780853e-03
2.759478974346085689e-03
2.574994274470564486e-03
2.029554418424472408e-03
2.076043623518453521e-03
2.103762505555117641e-03
2.151157884889380850e-03
2.373554421413761033e-03
2.289523800428600476e-03
2.103762505555117641e-03
2.123237405931975574e-03
1.940701661790339080e-03
1.793582213903817998e-03
2.373554421413761033e-03
2.244541512724923353e-03
2.581161248340051433e-03
1.793582213903817998e-03
1.899344071047788822e-03
2.558560294236634277e-03
2.431071694274500664e-03
2.605536843957233836e-03
1.708527659537529457e-03
2.170632785266238783e-03
2.170632785266238783e-03
2.332695763457813543e-03
2.373554421413761033e-03
1.805806466328869261e-03
2.289523800428600476e-03
2.332695763457813543e-03
2.465794800887515046e-03
2.264016413101780853e-03
2.103762505555117641e-03
2.523288840569533516e-03
2.577545127430366269e-03
2.308998700805457976e-03
2.244541512724923353e-03
2.198251880745582826e-03
2.561686347963193933e-03
2.123237405931975574e-03
2.123237405931975574e-03
2.477220760854003095e-03
2.780794742349001775e-03
2.332695763457813543e-03
2.446319900510657112e-03
2.151157884889380850e-03
2.431071694274500664e-03
2.602276257943607167e-03
2.332695763457813543e-03
2.332695763457813543e-03
2.056568723141595587e-03
2.526017554058971638e-03
2.411596793897643164e-03
1.774107313526960281e-03
2.332695763457813543e-03
2.577545127430366269e-03
2.029554418424472408e-03
2.170632785266238783e-03
2.431071694274500664e-03
2.700790959465537624e-03
2.264016413101780853e-03
2.076043623518453521e-03
2.308998700805457976e-03
1.984272771048833754e-03
2.332695763457813543e-03
2.503813940192675582e-03
2.411596793897643164e-03
2.289523800428600476e-03
2.393029321790618967e-03
2.580357121199218767e-03
1.774107313526960281e-03
2.431071694274500664e-03
1.746633600836199843e-03
2.308998700805457976e-03
1.984272771048833754e-03
2.658008225191704158e-03
2.585695839694725044e-03
2.637179102958519226e-03
1.964797870671975821e-03
2.217726781122440760e-03
2.585695839694725044e-03
1.841228078843126781e-03
2.029554418424472408e-03
2.198251880745582826e-03
2.170632785266238783e-03
2.393029321790618967e-03
2.170632785266238783e-03
2.637213498940698449e-03
1.743363209032247185e-03
2.352170663834671476e-03
2.029554418424472408e-03
2.393029321790618967e-03
2.217726781122440760e-03
2.503813940192675582e-03
2.544153268252492221e-03
2.352170663834671476e-03
2.373554421413761033e-03
2.582801357566749233e-03
1.940701661790339080e-03
2.431071694274500664e-03
2.561686347963193933e-03
1.984272771048833754e-03
1.746633600836199843e-03
1.860702979219984498e-03
1.578193949372454219e-03
2.123237405931975574e-03
2.496695661230861028e-03
2.332695763457813543e-03
1.805806466328869261e-03
2.589052743851650521e-03
2.103762505555117641e-03
1.984272771048833754e-03
2.056568723141595587e-03
2.465794800887515046e-03
1.578193949372454219e-03
2.352170663834671042e-03
