2.208053669322600134e-03
2.461557232240999937e-03
2.232988716739099915e-03
2.728737548786499927e-03
1.930330137068600026e-03
2.383099276964600194e-03
2.889630699030600134e-03
3.024721639073500029e-03
2.958112812762599998e-03
2.877434986074399979e-03
2.817734991914400133e-03
2.497693879931599855e-03
2.859550246343599798e-03
2.962049311697499861e-03
2.480183417642499964e-03
2.990767896686200196e-03
2.855506876561600058e-03
2.736469756469800049e-03
2.691663812842799968e-03
3.100225450080800176e-03
2.401759411851799898e-03
2.697185864379999815e-03
2.409018773043500056e-03
2.361010533626899804e-03
2.848309574843299954e-03
2.674064781640800130e-03
2.695050598747100127e-03
3.035874287795099855e-03
2.418024420688100196e-03
2.094945728441299868e-03
2.048059606750400000e-03
2.226672874023599875e-03
2.724720747845200183e-03
2.703477161930100108e-03
2.781858620483800091e-03
2.439352689307699995e-03
2.765615296181299886e-03
2.644732971625899862e-03
2.755764967244000128e-03
2.638508970893800164e-03
2.794198917881400134e-03
2.303925409985199940e-03
2.349412287553199943e-03
2.604041259175500153e-03
2.518975710179100110e-03
2.947329113823400192e-03
2.774574872333900131e-03
2.747073523124300004e-03
3.011527298318300138e-03
2.899659911615499845e-03
1.910878320948499950e-03
2.089510655264800038e-03
2.560498943951199785e-03
2.802438539293500026e-03
2.531667956646100042e-03
2.884570460461600202e-03
2.602283726142999836e-03
2.598263566525300158e-03
2.664069688114700015e-03
2.720527365676100005e-03
2.801562883829099813e-03
1.909192391229500062e-03
2.286886599969199883e-03
2.856300370861999949e-03
2.590442951403299984e-03
2.639688490975300190e-03
2.647158591314700046e-03
2.160576506732700061e-03
1.954758427565100095e-03
2.762395685287799985e-03
2.734899485216800170e-03
3.119492498637100111e-03
2.778160487018000151e-03
2.900668018885499844e-03
2.986789983878599796e-03
2.904355851768699801e-03
2.856955743398999908e-03
2.721924521470000125e-03
2.680999687449899839e-03
2.678173478573700039e-03
2.519928955013899831e-03
2.419719997870800176e-03
2.701492908065599927e-03
2.759087390586300193e-03
2.783698036221399826e-03
2.385008498819099834e-03
2.640951928985800067e-03
2.721017930061199984e-03
2.798191969935999793e-03
2.741068516976699881e-03
2.939166934471200074e-03
2.483861110225399956e-03
2.947956134993500159e-03
2.649230600862799868e-03
2.783007682619599837e-03
2.254801936766500162e-03
2.847764403907100065e-03
2.734650831369599827e-03
2.922418856446500068e-03
2.042445042647500052e-03
2.116827163933399786e-03
2.746016293739599913e-03
2.428350834620300082e-03
2.101546127197199965e-03
2.149665262989799899e-03
2.576279422018600083e-03
2.063220452068100126e-03
2.262608275979600004e-03
2.976985382098700037e-03
1.952775166516999969e-03
2.672353351793499854e-03
2.086757747691700068e-03
2.694249852907899812e-03
2.687490883744299806e-03
2.092658122548200165e-03
2.771412314298699921e-03
2.350622586739399816e-03
2.571925935290000041e-03
2.189781021897799999e-03
2.644062631709799896e-03
2.749869149561000141e-03
3.002817248173599799e-03
2.632149139466999875e-03
2.615014065625300040e-03
2.879714375756499932e-03
2.710272372191400211e-03
2.600116150439400059e-03
2.393486293799599891e-03
2.546221707700200079e-03
2.708227774538100006e-03
3.086073571590599880e-03
2.291253647357399930e-03
2.578092592600100211e-03
2.493647077754999799e-03
2.966960875309100198e-03
2.879222626583000186e-03
2.467954475878600049e-03
2.883699825115599961e-03
2.510334584806199910e-03
2.649830135731600159e-03
2.535265175642200091e-03
2.720704681338499947e-03
2.927835433545399827e-03
2.524354435663699915e-03
2.591798357531200150e-03
2.608808719440800124e-03
2.692097917331400143e-03
2.950523711211200210e-03
3.009332202157299994e-03
3.288982495622700189e-03
2.890080312907100137e-03
2.701448491346199795e-03
2.696918652690500143e-03
2.716432666618400198e-03
2.745206955321199786e-03
2.687055161939900117e-03
2.081112244583000100e-03
2.971726871587700072e-03
2.642748412580500032e-03
2.675918487639400000e-03
3.136891364779500167e-03
3.085044959906700027e-03
2.878941675545599807e-03
2.772569147093000008e-03
2.505528898967700115e-03
2.829282780595100081e-03
2.635541346462800215e-03
2.567202243766900094e-03
2.680868466254599913e-03
2.030851076596000126e-03
2.707308493048699808e-03
2.457234799924100030e-03
2.731038595941600190e-03
2.912191513491999961e-03
2.902233672847099807e-03
3.165528718516399942e-03
2.582180960249699959e-03
2.288749437236099835e-03
2.520387203184200169e-03
2.668596789602500213e-03
2.230846781290800156e-03
3.092560011999599939e-03
2.532641278949299829e-03
2.149107265413200026e-03
2.733757241708900144e-03
2.849458907085000020e-03
2.802797893675300096e-03
2.947946041826399882e-03
2.767340417253599805e-03
2.550036232829900208e-03
2.549367630864799936e-03
2.676397682483999934e-03
2.732390952955899861e-03
2.983305314449200083e-03
2.701085846621899961e-03
2.903000046980499984e-03
2.524117876387000064e-03
2.289544831903799881e-03
2.495026221557400045e-03
2.529139219743600179e-03
3.043671814179900112e-03
2.129604720521299961e-03
3.054183581233300016e-03
2.283815113036099815e-03
2.823897691267300038e-03
2.984466839105900070e-03
2.675379230466699843e-03
2.354809078166300064e-03
2.606495708514399833e-03
2.859648194954000217e-03
2.491622544961399986e-03
2.808531316378000148e-03
2.897347531816100042e-03
3.301480524185399813e-03
2.870020816669900145e-03
2.504379423124100147e-03
2.793130275233500059e-03
2.710330895438700129e-03
2.622933443675699947e-03
2.245653933103800189e-03
2.768394413012300118e-03
2.751964328344300072e-03
2.756244228487800003e-03
2.697386597790000194e-03
2.690791851041800069e-03
2.596659625521199801e-03
2.748937822387600202e-03
2.834966592342599845e-03
3.159649302391900200e-03
2.742181839302799788e-03
2.323868898357200029e-03
2.749272493113000173e-03
2.235894307793900165e-03
2.636716201708399869e-03
2.694919447866600190e-03
2.790230890576199906e-03
2.793192759062400072e-03
2.937092683780400011e-03
3.016173842909500042e-03
2.608817052768699820e-03
2.812382751316999923e-03
2.658567268494400025e-03
2.175804921282299947e-03
2.504638029703700006e-03
2.788695639577900079e-03
2.808373877240099865e-03
2.600170664522099846e-03
2.512585028323399954e-03
2.080256732364599900e-03
2.555958621239000014e-03
2.806061302544400008e-03
2.756747388484000107e-03
2.015105332930300190e-03
2.804464721076399981e-03
2.503506910508399973e-03
2.667276801137700125e-03
2.594956846983099800e-03
2.491797876067499817e-03
2.150374828625499848e-03
2.571486230995300142e-03
2.707024029428599897e-03
2.763342350976099975e-03
2.643374794888199951e-03
2.198994018358200065e-03
2.919342494573100039e-03
3.098140783209999988e-03
2.517655257297600046e-03
2.869744086775399827e-03
2.975638208631500164e-03
1.693386886980599929e-03
2.705166175590000173e-03
2.693784203952099849e-03
2.884143961490599848e-03
2.695496983280199800e-03
2.679595522035000191e-03
2.967969837332099913e-03
2.135167741694600149e-03
3.107599454096699864e-03
2.123826043577700141e-03
2.552748031009500172e-03
2.409016460440499899e-03
2.427778103618200185e-03
2.845142569036199828e-03
2.472989307751000121e-03
2.260851171186200118e-03
3.224251075311700045e-03
2.377173891025799804e-03
2.854034764796500086e-03
2.608491138975500053e-03
2.859889343691400000e-03
2.614280155461700013e-03
3.001058816405899939e-03
2.642697026554200086e-03
2.841432913175599879e-03
2.968153241732999787e-03
2.999381836149300155e-03
2.813107947625700152e-03
2.992164305549199939e-03
2.482962918483999810e-03
2.911130921207399913e-03
3.023159717840999839e-03
2.088128701183399830e-03
2.489097155219899878e-03
2.300715191620100047e-03
2.362280650993899868e-03
2.724279378129300030e-03
2.552397446844600036e-03
2.309910325584899841e-03
2.812950263190899889e-03
2.797233441175999910e-03
2.692806883406099853e-03
2.900260106521999979e-03
2.543595430373600096e-03
2.588470698436999909e-03
2.834590027690599926e-03
2.354740322057399977e-03
2.757534307804699984e-03
2.053580283914899999e-03
2.658709859432499979e-03
2.902482385530600131e-03
2.797745317597400121e-03
2.910884679896599825e-03
2.733843610518899882e-03
2.608832780252100074e-03
2.329262485348899871e-03
2.733365757450000044e-03
2.511013514010900123e-03
2.559504676897000029e-03
2.832652199877899995e-03
2.838580772849999979e-03
2.863418206924199950e-03
2.610955797410800024e-03
2.950356688801899965e-03
2.618195900610000015e-03
2.493431406365000189e-03
2.667383637801799823e-03
2.805359081545099990e-03
2.673149331931500179e-03
2.817066706006499804e-03
2.524805386557000143e-03
2.509564842908399915e-03
2.718800359866799937e-03
2.506447587768600039e-03
2.725122980925199969e-03
2.740201327236499885e-03
2.600905036741599924e-03
2.651952339415500001e-03
2.429178981466099951e-03
2.279387176194400122e-03
2.741775457511700081e-03
2.672185595478499941e-03
2.860840809352799968e-03
2.823840481176699817e-03
2.871682516372700208e-03
2.051137541195699986e-03
2.808107209315199946e-03
2.378014911911200107e-03
2.627174704141700158e-03
2.822533628397900021e-03
2.417569146230699913e-03
2.497848346377699955e-03
2.600894907603500030e-03
2.957614966568500054e-03
3.057502441586500141e-03
2.675098034209700062e-03
2.947404294417000151e-03
2.557191519023200178e-03
2.808215130729900186e-03
2.843411829373200007e-03
2.008946096414099963e-03
2.625388082918600138e-03
2.025905855924799940e-03
2.581562048694700101e-03
1.966388572498900186e-03
2.480147945748700095e-03
2.580431334632499879e-03
2.109457996204499881e-03
2.630973908720400135e-03
2.304112247311600106e-03
2.795809511293600134e-03
2.996674683839299809e-03
2.001684699582500105e-03
2.434654473322799863e-03
2.343389789320100142e-03
2.863731775755700131e-03
2.778580476577999833e-03
2.597525309685799842e-03
2.627615468529000131e-03
2.820269494119699832e-03
2.832860331463700216e-03
2.689079773689199981e-03
2.822853249772500159e-03
2.812000010981400080e-03
2.422036252848799864e-03
2.546227016747800061e-03
3.026798200169500148e-03
2.693581799714100077e-03
2.717858147539499794e-03
2.585954283854600098e-03
2.781350972271899851e-03
2.682618709196699959e-03
2.762953673090200180e-03
2.616295307048399979e-03
2.754926908260900073e-03
2.783429396251600133e-03
2.027310224434000080e-03
2.660582196017499852e-03
2.773474448542200075e-03
2.768195410674200146e-03
2.686069509118199986e-03
2.754769673692899871e-03
2.570215860940799815e-03
2.827804610327700006e-03
2.677954142309699800e-03
2.388113928470100150e-03
2.802253506737999861e-03
2.147906818202900171e-03
2.687808315715199941e-03
2.322408621411299785e-03
2.584143755402700145e-03
2.418394811485900103e-03
2.484189291369300143e-03
2.534631777125300172e-03
2.359805017184600073e-03
2.941522026955799805e-03
2.482500825162100005e-03
2.759954571414000111e-03
2.741897348192399910e-03
2.764033594450800158e-03
2.511232407770800160e-03
2.726640537285599918e-03
2.029403541256899913e-03
2.603552271153399943e-03
2.605734396833400083e-03
2.565724158395300044e-03
2.068876099820900118e-03
2.811103579375400213e-03
2.096155949193399815e-03
2.540158365722600033e-03
2.436187281538700154e-03
3.083258366961100141e-03
3.355010998820000083e-03
3.137029062658999896e-03
2.703643455660099861e-03
2.762126820207200066e-03
2.576819423441100050e-03
2.357573599951999933e-03
2.970237901798399981e-03
2.897600537969700213e-03
2.968684461120999971e-03
3.081595271900299925e-03
3.315569380302399796e-03
2.035480210807899884e-03
3.182975879964400172e-03
1.772452758445899933e-03
2.630102047130199964e-03
1.971901530620000058e-03
2.692725932445599879e-03
2.234138478993699835e-03
2.544932061761200071e-03
2.597569450922999987e-03
3.001686031863699984e-03
2.837880620802900062e-03
2.402589621701699783e-03
2.759085493453100092e-03
2.675943675267399794e-03
1.937462298465599930e-03
2.751463654865100080e-03
2.496485206542799901e-03
2.598836024133599834e-03
2.449283265960799840e-03
2.618816599958299993e-03
2.256248795517799832e-03
2.811478841970499899e-03
2.739197820720799988e-03
2.162023228143099794e-03
2.363886433163299872e-03
2.903876261480000092e-03
2.848855316985699805e-03
3.007308940350400181e-03
2.740966429415799856e-03
2.531543882244900213e-03
2.750816476606000004e-03
2.003212712419600184e-03
2.731453945446000141e-03
2.570458449139900042e-03
3.161119238594800162e-03
2.951469498270400168e-03
2.872552693389999936e-03
2.624393293535700125e-03
2.078717897400599902e-03
2.450574461732999993e-03
2.173968900899300120e-03
2.414813086573899988e-03
2.716759366070100028e-03
2.631567246926800208e-03
2.633969026171799864e-03
2.963710139837399948e-03
2.673663648330200024e-03
2.686362493353900132e-03
2.796572714164499880e-03
2.839225416710299855e-03
2.844540239898699866e-03
2.849149866618399911e-03
2.334513993062299793e-03
2.213154196466800023e-03
2.839959574163000103e-03
3.129580381042699859e-03
2.682403223555100084e-03
2.947524684609200037e-03
2.746308083015200005e-03
2.849494633974299865e-03
3.027942264401499873e-03
2.790024869477200197e-03
3.311768531361899883e-03
2.969445065602499805e-03
2.806695592369199809e-03
2.672750316195099830e-03
2.977441730275399989e-03
2.742955829539899925e-03
2.527107215577300160e-03
2.940292979699399897e-03
2.357925074281000052e-03
2.599202703147100117e-03
2.877868899509900165e-03
2.336396285699900068e-03
2.749734481847500040e-03
1.923992022910200016e-03
2.030774257299499796e-03
2.918004715261099998e-03
2.645875677759400042e-03
2.949951744192699787e-03
2.377311840836600007e-03
2.897868889413999973e-03
2.530789832526299937e-03
2.883479557502100030e-03
2.572963182561199824e-03
2.646023238311400079e-03
2.786781754779500079e-03
2.881592998325899907e-03
2.647008444624000117e-03
3.171625007488900090e-03
1.886754858843799933e-03
3.202928366403099986e-03
2.402269060181299893e-03
3.008681124927799905e-03
2.745055335814100203e-03
2.718585354148999982e-03
2.231452844705399900e-03
2.546448797359700169e-03
2.632977475095000120e-03
2.145441619391699924e-03
2.600297319847000126e-03
2.850459859464399889e-03
2.512138974734600023e-03
2.371150899713500137e-03
3.134369145884999958e-03
2.431064738129199831e-03
2.513642883264700055e-03
2.973416491721499882e-03
2.744537165237999950e-03
2.839761757720000133e-03
2.559194370776399913e-03
2.824318847365400210e-03
2.820115266236800176e-03
2.551787758674900052e-03
2.736085543183899849e-03
2.110463437140300009e-03
2.673048407311600164e-03
2.727079662446900161e-03
2.708012977881700187e-03
2.217722244523800176e-03
2.611326403367000143e-03
2.669351349600400207e-03
2.564163393853800214e-03
2.804604304906200152e-03
2.860524423709999951e-03
2.933926595337300186e-03
2.625466608454099949e-03
3.067773227030100216e-03
2.792806845999599909e-03
2.449133245380700173e-03
3.084976131086400106e-03
2.679921677027800181e-03
2.322719023776699792e-03
2.895062014163599876e-03
1.830624540515899930e-03
3.020798819498700123e-03
2.533022505085000091e-03
2.517485371300299830e-03
2.835048356856799921e-03
2.392589741404300020e-03
2.543045297478100167e-03
2.311703800230400195e-03
3.115947428043600118e-03
1.858694494066100026e-03
2.096796341770199978e-03
2.778531363934399860e-03
2.884967817535599981e-03
2.889416969009800037e-03
2.583420997338499881e-03
3.193097940576799815e-03
3.141296007270500193e-03
2.656098358988600097e-03
2.758793935151299982e-03
2.835283886018899815e-03
2.839282416853199792e-03
1.959832354864700019e-03
2.555475307329799824e-03
2.611633832171300108e-03
2.608739193125800184e-03
2.325177245785699839e-03
2.958905329647700151e-03
2.772723889073000058e-03
2.944357614844499843e-03
2.926067451896600079e-03
2.440837431512000132e-03
2.563923763743499937e-03
3.026219495555600159e-03
2.743980463393900105e-03
2.313292172708300131e-03
2.341058822300700216e-03
3.154453154191899904e-03
2.898609320754500125e-03
2.752497430704499860e-03
2.719923063430600141e-03
2.685640743515699952e-03
3.022454105465100134e-03
2.768452292453699951e-03
2.616763239264899808e-03
2.810109941397999789e-03
3.390296390288399797e-03
2.875004225788100037e-03
2.845809026694499835e-03
2.636276650686299877e-03
2.652136819649300072e-03
2.857104795926399942e-03
3.019293522600699844e-03
2.894050678310700151e-03
2.328455722834600009e-03
2.883100970726699963e-03
2.652199812621700015e-03
2.819187497808199952e-03
2.488125216891900159e-03
2.409865909064500076e-03
1.998013552887499978e-03
2.626178413544899993e-03
2.805276482852199840e-03
2.875062351063299802e-03
2.679238952480600053e-03
2.748367749695800055e-03
2.353345523762300200e-03
2.790829013047899879e-03
2.488342923227400069e-03
2.642450611132999855e-03
2.012394904422299888e-03
2.591348716217699993e-03
3.067151314740100033e-03
2.564580639260999936e-03
3.019416939287499803e-03
2.341443608763399842e-03
2.562415244449900171e-03
2.879718702666499933e-03
2.851848218910200006e-03
2.798041900671400118e-03
2.012419223812999917e-03
2.614876092260899794e-03
2.510529790132400105e-03
2.562049740279200190e-03
2.576581640325099898e-03
2.838501350690999896e-03
3.231861659798000025e-03
2.270346348845599885e-03
2.630179096918899839e-03
2.754586389030300002e-03
2.897318280922999995e-03
2.615406229399699998e-03
2.727194664200500215e-03
2.328825623213499982e-03
2.796489865599200049e-03
2.530532618806299872e-03
2.898279770391499859e-03
2.986431110596200061e-03
3.028777400533600068e-03
2.445813990635800194e-03
2.848185907227099908e-03
2.221792246326099920e-03
3.054353927525300157e-03
2.837811668380999831e-03
2.645649230023099877e-03
2.791510709858900045e-03
2.832126612333900079e-03
2.862944234088699892e-03
2.955379399453100103e-03
2.072001889695499963e-03
2.353464676727800090e-03
2.401507445956400054e-03
2.778916616775400049e-03
2.632491847979799918e-03
2.869579079773300085e-03
2.046666785030099890e-03
2.362958774081999960e-03
2.800463474265300207e-03
2.514050856159300018e-03
2.021789350142600208e-03
3.161318259634499864e-03
2.523274946658700044e-03
2.365169771300999930e-03
2.963378038733400187e-03
2.297471316190099859e-03
2.560331413048299882e-03
2.621674246489499871e-03
3.129598993914099823e-03
2.410999465041599888e-03
2.589270965923900179e-03
2.275731709243400142e-03
2.269792574553600086e-03
2.784924226398800134e-03
2.388297616408600107e-03
2.707353409046499813e-03
2.684074700094399822e-03
2.302047061111599929e-03
2.169476396942900034e-03
2.504553894895499792e-03
2.814667566526699981e-03
2.749556964800700058e-03
2.706636862717499981e-03
2.426130659064299963e-03
2.912945759549499802e-03
2.440708027008400057e-03
2.848215258530499821e-03
2.123860263654000092e-03
2.223803763410800178e-03
2.614431955156699787e-03
2.770609578437600168e-03
2.536049375200999899e-03
2.754773448125899960e-03
1.971239598021100152e-03
2.848885276793200125e-03
2.847422049918899804e-03
2.601535594993899941e-03
2.062517795708000180e-03
2.822724709199100034e-03
2.705891512108199795e-03
2.223716487283000122e-03
2.461396818805500208e-03
2.818616540955199822e-03
2.812578484815700212e-03
2.738345929761199990e-03
3.010148335819500063e-03
3.048886417784100068e-03
3.056701569958299950e-03
3.311736983958099914e-03
2.841242337935999829e-03
2.872808731764400075e-03
2.591335323787800123e-03
3.021752429649300024e-03
2.792516546767499861e-03
2.939075505425400078e-03
2.578744431960600103e-03
2.902431706766999981e-03
2.678742281606499853e-03
2.629394201394599957e-03
2.378941159838199836e-03
2.196646800300499931e-03
2.799346390540399798e-03
2.809740499726100151e-03
2.810424215100899934e-03
2.809728907833200159e-03
2.639906582131700073e-03
2.765231205635999921e-03
2.705094343172799974e-03
2.685889562344400110e-03
2.737767082461500193e-03
2.422891922834200049e-03
2.912728911351500187e-03
2.846257232660099994e-03
2.203883398773700056e-03
2.876233642059400179e-03
2.358647232509000075e-03
2.199411943038200121e-03
2.021321530799599989e-03
2.130590460375499789e-03
2.450284765302299887e-03
2.417471084395200059e-03
2.160662940873600210e-03
2.029557214194999820e-03
2.597564929138099915e-03
2.605886635344599814e-03
2.751149302491000172e-03
2.339327394083999794e-03
3.008828028988400072e-03
2.853073492956300153e-03
2.775231184226400159e-03
2.897209976327000131e-03
2.515593150289399844e-03
2.673561703311700191e-03
2.830110212724700099e-03
2.876706658325200051e-03
2.194022502848900005e-03
2.670875233115599812e-03
2.621673876903000012e-03
2.567512837574900154e-03
2.946456948898200107e-03
2.376604753772799863e-03
2.255281844535500166e-03
2.559661501548599928e-03
3.211858508585700191e-03
2.720541656781299850e-03
2.563080843728499959e-03
2.996309396848099906e-03
2.855416268983900201e-03
2.955656299952199879e-03
2.773054115993699945e-03
2.602700865893899877e-03
2.665667404338900072e-03
2.512194853665899834e-03
2.146091969707000172e-03
2.804343759407499932e-03
2.881952453658799887e-03
2.943041439215400134e-03
2.810016257130600048e-03
2.582983204274700087e-03
2.727512613576699944e-03
2.859014396952899804e-03
2.989291130283499957e-03
2.224011938684000017e-03
2.513389003527600075e-03
2.674814266305699899e-03
2.841690183457199967e-03
2.117923974105800217e-03
2.731117494341899800e-03
2.521461965897500018e-03
2.983616328789899953e-03
2.366549553320300078e-03
2.847217467202999789e-03
2.466168145865399973e-03
2.505540868267000076e-03
2.899783291209199945e-03
2.535696277331099969e-03
2.153815128270600201e-03
2.604040393800599942e-03
2.898082288286799989e-03
1.971804403381099968e-03
2.183456539192400216e-03
2.707753416497699853e-03
2.781334131019999861e-03
1.853037773931100066e-03
2.952376742988000163e-03
2.811301508107599822e-03
2.746339909265799791e-03
2.846337055004700013e-03
2.492412668914100165e-03
2.716814310989499898e-03
2.810983750840699916e-03
2.783188789958100044e-03
2.561206877573600060e-03
2.018749292239999799e-03
2.527154430670800010e-03
2.633875579592999828e-03
2.129128144305600118e-03
2.521708689231200000e-03
2.435846388241699832e-03
2.562739130795300014e-03
2.544670774882900211e-03
2.447071248993599926e-03
2.542150143087799821e-03
2.468819180691899946e-03
2.901562745387600058e-03
2.786060832167400018e-03
2.625521719065400123e-03
2.091770486220700161e-03
2.789400298947899894e-03
2.955937141523800119e-03
3.140120031654600099e-03
2.909241083760900036e-03
2.786229441373200017e-03
2.558764224465700197e-03
2.478762376675800166e-03
2.807177884568099867e-03
2.458520449424600029e-03
2.825071512712799913e-03
3.149800648781599967e-03
2.877166571079500107e-03
2.880238886204700144e-03
2.695136991711099845e-03
2.673788425323799910e-03
2.875964630450100062e-03
2.456060833354600098e-03
2.565185196240999787e-03
2.981202184129999946e-03
2.982560472257899872e-03
2.558427473216200003e-03
2.241869435358799859e-03
3.039818787395399870e-03
2.873808540494899970e-03
2.103617290318100189e-03
2.632553002110600039e-03
2.218357415006299953e-03
2.335895211823900159e-03
2.355792243803500174e-03
3.049856743640899821e-03
2.626625938508399954e-03
2.203156599169499991e-03
2.210006333683899992e-03
2.899356632633100055e-03
2.924624539383100050e-03
2.635830087612099897e-03
2.705296352228500102e-03
2.466769322104299996e-03
2.359259757613499982e-03
2.854025995323400140e-03
2.838511786605500079e-03
2.393681209693100057e-03
2.830754761731900208e-03
3.118097323362900054e-03
2.739406077289000072e-03
2.636345919634800177e-03
2.667180142974200086e-03
3.191610269606399812e-03
2.795310826212300034e-03
2.767489654406199949e-03
2.940598651071800202e-03
2.962959882264600171e-03
2.863426171202599919e-03
2.765104325231299790e-03
2.709500631153299866e-03
2.681601594100500169e-03
2.173464377605700132e-03
4.420148465743700163e-03
2.487891283709900078e-03
2.481646221356199975e-03
2.404324671143800041e-03
3.142849990036900194e-03
2.545647287653799926e-03
2.864619158929299948e-03
2.742145561675600213e-03
2.624473287140200069e-03
2.426094490010799899e-03
2.528160041687500022e-03
2.980120213004500054e-03
2.980587434351199792e-03
2.807339431122499954e-03
2.633506601915100095e-03
2.821364962301699947e-03
2.454283929706300039e-03
2.089961819810900144e-03
2.901298693809499941e-03
2.305695659640799849e-03
1.956647761605799854e-03
2.619925531565199788e-03
2.476205824721200172e-03
2.642381949342599828e-03
2.829668561507599992e-03
2.536231928515899920e-03
2.000219076692899989e-03
2.822660337507199978e-03
2.840314726259199948e-03
2.673334585864899863e-03
2.755325947355400165e-03
2.982578749721099924e-03
2.099185254999099901e-03
3.072131891663100207e-03
1.944079607780799896e-03
2.906615912638900196e-03
2.788062633819999962e-03
2.345171039888300189e-03
2.795902950626899964e-03
2.913962129972700113e-03
2.653694580808199990e-03
2.741115047357399817e-03
2.691803652573800110e-03
3.111051934818899901e-03
2.897520703115699994e-03
3.001936504323900103e-03
2.594647307830300152e-03
2.583083573982100038e-03
2.762642194317800181e-03
2.313572383161299848e-03
2.551784084573700123e-03
2.337228996543499852e-03
2.491158037234399852e-03
2.891068063137300186e-03
2.717988156827499946e-03
2.878914615893000007e-03
2.132982204042500191e-03
2.396894735400700079e-03
2.673398158566099928e-03
3.055366479691999995e-03
2.284080533135500121e-03
2.610450618533699790e-03
2.703076662010900095e-03
2.111004127313000078e-03
2.272358310147599807e-03
2.813884664864299903e-03
2.809600128546000004e-03
2.835689890270499860e-03
2.695712887927800144e-03
2.082036051008200050e-03
3.234658684085399936e-03
2.843243224398299927e-03
2.781290811680499787e-03
2.666236201989199885e-03
2.882550169851799942e-03
2.849307490217100128e-03
2.831912105725900054e-03
2.782464162846299931e-03
2.662783059741199998e-03
2.965800566712599798e-03
3.028616604781599834e-03
2.719761728987699859e-03
2.024886478026100087e-03
2.726637259673099934e-03
2.901749071321700190e-03
3.037220682064700056e-03
2.478816933253099805e-03
2.765947260171799840e-03
2.917448360416300106e-03
2.935393639617000106e-03
2.752890195666899808e-03
2.746691567070499822e-03
2.590134248308700003e-03
2.660313487162399917e-03
2.277438969395999789e-03
3.005364267259899927e-03
2.858323531486000029e-03
2.575331927118500175e-03
