2.905011452497564376e-07
2.907165620203018126e-07
2.907361156066228256e-07
2.907456977825451404e-07
2.916305565974343904e-07
2.905814570033971215e-07
2.906396138381139414e-07
2.906469990483598554e-07
2.907545165133231979e-07
2.912734799838112527e-07
2.914907037179529949e-07
2.926862733824803103e-07
2.909547648477200147e-07
2.905752640990114524e-07
2.916869969888316049e-07
2.916709723772758823e-07
2.916869969888316049e-07
2.909467821363810077e-07
2.916869969888316049e-07
2.926862733824803103e-07
2.910315336026985463e-07
2.906987730808955359e-07
2.917288069863538154e-07
2.909287216151212467e-07
2.916869969888316049e-07
2.996945187576421025e-07
2.916869969888316049e-07
2.926862733824803103e-07
2.904415418126533394e-07
2.907100229499449234e-07
2.907172949148925447e-07
2.906479461248763062e-07
2.919430826562964423e-07
2.905449454694227983e-07
2.908379065909331212e-07
2.916329287652391628e-07
2.911827183497085673e-07
2.905752640990114524e-07
2.906987730808955359e-07
2.904107492572029656e-07
2.915519703603489248e-07
2.908545325845323175e-07
2.906672107727390378e-07
2.909105644913117037e-07
2.906469990483598554e-07
2.905771552356130156e-07
2.913503982095465141e-07
2.906493429771940856e-07
2.915864049528886243e-07
2.908616180899758017e-07
3.131285955990943707e-07
2.916869969888316049e-07
2.964995019402433424e-07
2.915345582871276861e-07
2.905692104297606750e-07
2.905449454694227983e-07
2.906856921814135536e-07
2.915010096914096919e-07
2.905771552356130156e-07
2.905011452497564376e-07
2.907752354868433437e-07
2.907157190283394266e-07
2.908846302442406615e-07
2.905637525862464126e-07
2.910297936123186051e-07
2.909653408318864639e-07
2.905011452497564376e-07
2.995049775034243477e-07
2.915519703603489248e-07
2.907172949148925447e-07
3.513743373824860506e-07
2.916473385958703931e-07
2.907361156066228256e-07
2.905771552356130156e-07
2.904107492572029656e-07
2.906672107727390378e-07
2.916755920409293993e-07
2.907752354868433437e-07
2.907456977825451404e-07
3.131285955990943707e-07
2.906469990483598554e-07
2.973463234901921030e-07
2.911969873060892151e-07
2.907545607465440328e-07
2.917856057540701676e-07
2.906037780797420257e-07
2.906520394823702916e-07
2.915010096914096919e-07
2.910238096125997124e-07
2.907456977825451404e-07
2.906856921814135536e-07
2.907361156066228256e-07
2.908306378747567050e-07
2.986092788053798638e-07
2.911855436936148798e-07
2.912734799838112527e-07
2.907456977825451404e-07
3.171371798493114960e-07
2.920887922172395217e-07
2.906943666231150493e-07
2.906426243008038491e-07
2.906856921814135536e-07
2.906479461248763062e-07
2.905502213414464178e-07
2.916869969888316049e-07
2.916755920409293993e-07
2.909467821363810077e-07
2.908669005739370721e-07
2.907519067520540956e-07
2.906396138381139414e-07
2.905011452497564376e-07
2.908846302442406615e-07
2.908379065909331212e-07
2.905752640990114524e-07
2.906987730808955359e-07
2.915345582871276861e-07
2.905771552356130156e-07
2.906856921814135536e-07
2.908846302442406615e-07
2.905010470182849534e-07
2.910436680731741262e-07
2.904107492572029656e-07
2.910436680731741262e-07
2.906520394823702916e-07
2.905814570033971215e-07
2.909547648477200147e-07
2.905449454694227983e-07
2.916329287652391628e-07
2.905502213414464178e-07
2.907046134924744653e-07
2.912734799838112527e-07
2.907361156066228256e-07
2.907620086456491923e-07
2.909547648477200147e-07
2.914904976392361523e-07
2.905449454694227983e-07
2.916305565974343904e-07
2.904173993788638784e-07
2.907752354868433437e-07
2.907620086456491923e-07
2.907456977825451404e-07
2.907971073635947400e-07
2.907457934057451055e-07
2.916869969888316049e-07
2.906384355962644505e-07
2.913826288315695236e-07
2.906426243008038491e-07
2.904637048752946890e-07
2.909653408318864639e-07
2.915345582871276861e-07
2.905771552356130156e-07
2.955004931919682193e-07
2.908306378747567050e-07
2.906493429771940856e-07
2.965020535094575191e-07
2.904637048752946890e-07
2.905449454694227983e-07
2.934639645328390606e-07
2.906856921814135536e-07
2.907529583792833704e-07
2.909547648477200147e-07
2.913826288315695236e-07
2.907361156066228256e-07
2.909287216151212467e-07
2.917856057540701676e-07
2.915519703603489248e-07
2.905814570033971215e-07
2.924557771116730290e-07
2.907456977825451404e-07
2.907519067520540956e-07
2.915519703603489248e-07
2.905752640990114524e-07
2.906469990483598554e-07
2.914904976392361523e-07
2.907456977825451404e-07
2.926638896102174116e-07
2.910238096125997124e-07
2.921073153865361145e-07
2.908669005739370721e-07
2.905011452497564376e-07
2.906520394823702916e-07
2.908379065909331212e-07
2.910017308072593777e-07
2.913503982095465141e-07
2.911827183497085673e-07
2.907752354868433437e-07
2.954812443504544381e-07
2.905637525862464126e-07
2.905132276163972892e-07
2.913584193196583944e-07
2.905010470182849534e-07
2.909105644913117037e-07
2.917967003104281512e-07
2.909547648477200147e-07
2.955004931919682193e-07
2.917856057540701676e-07
2.904415418126533394e-07
2.908616180899758017e-07
2.907519067520540956e-07
2.904415418126533394e-07
2.910297936123186051e-07
2.915864049528886243e-07
2.905772346827558011e-07
2.911969873060892151e-07
2.955004931919682193e-07
2.906384355962644505e-07
2.906037780797420257e-07
2.907457934057451055e-07
2.908545325845323175e-07
2.916305565974343904e-07
2.955004931919682193e-07
2.914937543310404708e-07
2.907971073635947400e-07
2.910238096125997124e-07
2.915519703603489248e-07
2.905637525862464126e-07
2.906493429771940856e-07
2.905692104297606750e-07
2.906469990483598554e-07
2.915345582871276861e-07
2.914904976392361523e-07
2.907456977825451404e-07
2.904173993788638784e-07
2.973710732676069802e-07
2.906384355962644505e-07
2.926862733824803103e-07
2.906493429771940856e-07
2.908669005739370721e-07
2.910238096125997124e-07
2.907456977825451404e-07
2.906384355962644505e-07
2.906498831996393371e-07
2.907971073635947400e-07
2.910297936123186051e-07
2.906037780797420257e-07
2.916305565974343904e-07
2.986092788053798638e-07
2.914937543310404708e-07
2.905010470182849534e-07
2.910017308072593777e-07
2.909287216151212467e-07
2.909287216151212467e-07
3.513743373824860506e-07
2.911827183497085673e-07
2.904107492572029656e-07
2.917967003104281512e-07
2.905814570033971215e-07
2.909467821363810077e-07
2.906987730808955359e-07
2.914937543310404708e-07
2.906493429771940856e-07
2.907172949148925447e-07
2.905771552356130156e-07
2.915519703603489248e-07
2.910238096125997124e-07
2.917288069863538154e-07
2.906672107727390378e-07
