1.766552347869319861e-02
1.649659324253949927e-02
1.648362040815029919e-02
1.784859373137799923e-02
1.670431820359409916e-02
1.490942903979119993e-02
1.528342008681199925e-02
1.609534201131350081e-02
1.566842198415209844e-02
1.412697751631259921e-02
1.684146420976469910e-02
1.663810803820029924e-02
1.760413755628630061e-02
1.624249962014990070e-02
1.600856218348729876e-02
1.654235014907049980e-02
1.692372884346380127e-02
1.600786865499670072e-02
1.547463503001540036e-02
1.635082167820939986e-02
1.615464111695890173e-02
1.555876229502409919e-02
1.533552560255000037e-02
1.624609689157120035e-02
1.726173956324890055e-02
1.629281861708739912e-02
1.878526032046070118e-02
1.719134869468460017e-02
1.483594167618399948e-02
1.539315273717730033e-02
1.664735961416000110e-02
1.633650105168740069e-02
1.705139615013140028e-02
1.685275171287229853e-02
1.701719792274719936e-02
1.479991219806760065e-02
1.691680729279410045e-02
1.837918576585670025e-02
1.503435056747979941e-02
1.943705585058620039e-02
1.504465356110869928e-02
1.740369115254379942e-02
1.828040845545250009e-02
1.711183290207559868e-02
1.533975328943480015e-02
1.681290660452799957e-02
1.745818007440219991e-02
1.679533827713799998e-02
1.653431193584530001e-02
1.363615896985040030e-02
1.777388886551260067e-02
1.760007686598229898e-02
1.533021588119190017e-02
1.638842605813679854e-02
1.534141241983900082e-02
1.666239822353239933e-02
1.550304868265750015e-02
1.406624943912850034e-02
1.620669614662669997e-02
1.575460883032329951e-02
1.647280008596200065e-02
1.694809371740459841e-02
1.742140335999399839e-02
1.515685254571129924e-02
1.740043869557849829e-02
1.476468521659640015e-02
1.602367580071540135e-02
1.634011560182399916e-02
1.826976064676650094e-02
1.555455804857060025e-02
1.601241513591209961e-02
1.682790475943360051e-02
1.456952997502170000e-02
1.726062537025360027e-02
1.683587191038930092e-02
1.821453103280720048e-02
1.567572806339560115e-02
1.692048242514980136e-02
1.684812227511979857e-02
1.615327837602870131e-02
1.524037963131849929e-02
1.393985242761430071e-02
1.526174261874299956e-02
1.707452970993960165e-02
1.723559376890599834e-02
1.651099569702299888e-02
1.628133698297189874e-02
1.673993117378049997e-02
1.624920612749159929e-02
1.476850927141279933e-02
1.515206802914510070e-02
9.566564153997500139e-03
1.685149946220710140e-02
1.614931965581530016e-02
1.489831891022420050e-02
1.554938434856290019e-02
1.556953884804019965e-02
1.708182284209660076e-02
1.690712240155979942e-02
1.598378762625859983e-02
1.704626163252490056e-02
1.657929294112439958e-02
1.758692010054299995e-02
1.759682418005410059e-02
1.739053536643520026e-02
1.625344971673600009e-02
1.788471169180659917e-02
1.718730138054050047e-02
1.740312398021930107e-02
1.457823311849800081e-02
1.664743403492700141e-02
1.750061047142310172e-02
1.407951934546739989e-02
1.725097229303669891e-02
1.425041871260360020e-02
1.552032558135169917e-02
1.512853730787890039e-02
1.475000565145200004e-02
1.553257813083869926e-02
1.933214521894460053e-02
1.733886724333169940e-02
1.674831717809470086e-02
1.568136480795519899e-02
1.484939591633709956e-02
1.615079502744149950e-02
1.713634049074939936e-02
1.526606784417849916e-02
1.661075728711839880e-02
1.676643975671079922e-02
1.601438303618309827e-02
1.811300103477520018e-02
1.603254923924559913e-02
1.834956702340940007e-02
1.608955751676170026e-02
1.649796806853839892e-02
1.517160963819990001e-02
1.376953589251459983e-02
1.581899974482859836e-02
1.737772536725749883e-02
1.638749968139939853e-02
1.607417134670379930e-02
1.760473258280850078e-02
1.737888522793950077e-02
1.648152617267810080e-02
1.706320975811639884e-02
1.597805065758709994e-02
1.677758076795069983e-02
1.929794052912469846e-02
1.677937897309859927e-02
1.530222978001759965e-02
1.567009109223509861e-02
1.564149354326389851e-02
1.667678098045620103e-02
1.632344549861860020e-02
1.558076781872159977e-02
1.549288565244870061e-02
1.778674134363720030e-02
1.429780569890060082e-02
1.636385397461179864e-02
1.688915388303170034e-02
1.455146831623699982e-02
1.696076277076339830e-02
1.740298017559899907e-02
1.563036807914210125e-02
1.648824100162530129e-02
1.526909313009910084e-02
1.730361267509819903e-02
1.552715129551259995e-02
1.694060283923699839e-02
1.738439267517629880e-02
1.795725287852939847e-02
1.686476547206600118e-02
1.793690866044119966e-02
1.575362932539189909e-02
1.658366443678969959e-02
1.576926647722319899e-02
1.426194793613359997e-02
1.468304459689850038e-02
1.477220621217049945e-02
1.680617440613819957e-02
1.667491588497320085e-02
1.885764506225499904e-02
1.530125559628889992e-02
1.524931550587839933e-02
1.655237452875920126e-02
1.712188278935740035e-02
1.588511065341450049e-02
1.641892103393039967e-02
1.694709895501140054e-02
1.740728876118999985e-02
1.689216293665909974e-02
1.571929772278909954e-02
1.477832342725459921e-02
1.947680432548270016e-02
1.351359239289559935e-02
1.623947293009439866e-02
1.625170067127849893e-02
1.549762570674989917e-02
1.680434933100320022e-02
1.565594181495540138e-02
1.752624511496030102e-02
1.626338520016600009e-02
1.767927013138520173e-02
1.662419744856370035e-02
1.747776595666829941e-02
1.617880123571209874e-02
1.462110255667510052e-02
1.605792432222339847e-02
1.849180616993190140e-02
1.759265100908720056e-02
1.688522684091639872e-02
1.562964395217840072e-02
1.756608849504080055e-02
1.666104015871260058e-02
1.637074135637460112e-02
1.595403566854169952e-02
1.611640241571480128e-02
1.860801243111560171e-02
1.521952067840180028e-02
1.427540910959249933e-02
1.806425906541559920e-02
1.589343355668329863e-02
1.755600874323760135e-02
1.690011439668979987e-02
1.674662865208089921e-02
1.497055810710549995e-02
1.700912040892390079e-02
1.683010589863220136e-02
1.701834214862269976e-02
1.538394483652009981e-02
1.616454150908189918e-02
1.560245182415529938e-02
1.586927153156380069e-02
1.569927161400670040e-02
1.740322353591999827e-02
1.456898756627720073e-02
1.572130493806030149e-02
1.582884430382399885e-02
1.669118939482090030e-02
1.466039031739570057e-02
1.526034169325640039e-02
1.527185618929990073e-02
1.474544597021570057e-02
1.790498443457829922e-02
1.600515083883120165e-02
1.369816449291490039e-02
1.613768843672380021e-02
1.478614049725800010e-02
1.636013788431599919e-02
1.667771579615580022e-02
1.554746274930979971e-02
1.657817799940559944e-02
1.788826020359100127e-02
1.693488640768779988e-02
1.570715498287890075e-02
1.457900381752019921e-02
1.715688188214090082e-02
1.754271040391270145e-02
1.690802940902870130e-02
1.501986259474549952e-02
1.608670978542000099e-02
1.709591838102399869e-02
1.554829348139609956e-02
1.503538822154260046e-02
1.599801887103639852e-02
1.741643251255340155e-02
1.797179269241199959e-02
1.517942022559949991e-02
1.577854918550460062e-02
1.547257716832729953e-02
1.509637830868870018e-02
1.755464013704860146e-02
1.757455334164089930e-02
1.642672098837430136e-02
1.587309612366080008e-02
1.626427407627459992e-02
1.548486801017410000e-02
1.752922350667050072e-02
1.577227298271060077e-02
1.774177988064850123e-02
1.939620054915090069e-02
1.537290196510389916e-02
1.524212617416330004e-02
1.776691448307830129e-02
1.722598652685879833e-02
1.927099973224720084e-02
1.758855579934240007e-02
1.556531927167490066e-02
1.600544311376650083e-02
1.798440915931100170e-02
1.699611742618509919e-02
1.701946722185039909e-02
1.672869367319909997e-02
1.594112637449289840e-02
1.717294436186470041e-02
1.557551266982539970e-02
1.463947330955310024e-02
1.905704886736140150e-02
1.518253466575399981e-02
1.614621392481760051e-02
1.554178334880720012e-02
1.678412581340659945e-02
1.536101307332280071e-02
1.573953981561650173e-02
1.532268197736049928e-02
1.616983543819239949e-02
1.641491746953279915e-02
1.672404205187190060e-02
1.728128686178790133e-02
1.578525472137220012e-02
1.580602275493429854e-02
1.827104627187029970e-02
1.613377138186910045e-02
1.561708805252699957e-02
1.811247717094779941e-02
1.718459899889610010e-02
1.687767198267529911e-02
1.658275231075770004e-02
1.737698866822429827e-02
1.651916163577609939e-02
1.592868334792749835e-02
1.652097547252849921e-02
1.669737140072579881e-02
1.593811868948940072e-02
1.825247520948439922e-02
1.420883998906550053e-02
1.502201574794169957e-02
1.545880039018780044e-02
1.680926799274659947e-02
1.818770758623920042e-02
1.503103069664510003e-02
1.485358106705159977e-02
1.786023504355519972e-02
1.619216351920119840e-02
1.779403351626869870e-02
1.343385960066809971e-02
1.610942966982920055e-02
1.585589779857530038e-02
1.445410653917210062e-02
1.631112526718020081e-02
1.773518821238060164e-02
1.405816816163999936e-02
1.665616743369590161e-02
1.606695393159560115e-02
1.629180752926530015e-02
1.728369598235550073e-02
1.765531796789479926e-02
1.572808243559949831e-02
1.627343374260600134e-02
1.581816310298430131e-02
1.533161247381180023e-02
1.519134852583640082e-02
1.733078717259029997e-02
1.509598492364589914e-02
1.426184530360219936e-02
1.689326681113340056e-02
1.554807912163299992e-02
1.510728862732130078e-02
1.837273641274569935e-02
1.524844799836489947e-02
1.776681607261329857e-02
1.624408818363249837e-02
1.507496345802840018e-02
1.751329764194249974e-02
1.779414407439689969e-02
1.624595331757210104e-02
1.585056333273929946e-02
1.616030365779390007e-02
1.617432663521229871e-02
1.677773095489819982e-02
1.728716370249579887e-02
1.678601867786319937e-02
1.819976244612609914e-02
1.579982297440949909e-02
1.634504801959939940e-02
1.449057895209119977e-02
1.745353166240680085e-02
1.703367053278019919e-02
1.630190490130859968e-02
1.708234809638050147e-02
1.588729384723430033e-02
1.367804456708490018e-02
1.578273400090679859e-02
1.611041941157340118e-02
1.659342935110480130e-02
1.595811517965340168e-02
1.676323432655999965e-02
1.360727670258750008e-02
1.653783449028909877e-02
1.576271434633510007e-02
1.697494246978789936e-02
1.649395791157850025e-02
1.679923511478549972e-02
1.670255898827350052e-02
1.583963564846420022e-02
1.577997709756810002e-02
1.574181354524600146e-02
1.640732437590059975e-02
1.786248463352370017e-02
1.631517835570060054e-02
1.595541120311839978e-02
1.747720876814790048e-02
1.595481924411979932e-02
1.419175086050069971e-02
1.554675510139800002e-02
1.640316614334480158e-02
1.906249959494309837e-02
1.519913094307599917e-02
1.589521794956599843e-02
1.638041997686530069e-02
1.567315434713209901e-02
1.662398782129040006e-02
1.690360083314279907e-02
1.981115201416100077e-02
1.606824660242230085e-02
1.565958295578710052e-02
1.653816908781889986e-02
1.480657485870649943e-02
1.682291134496890009e-02
1.604133087210940153e-02
1.641806388205059933e-02
1.632502059327289867e-02
1.520623145976610080e-02
1.731483264416169843e-02
1.640156586856040058e-02
1.575710871283469983e-02
1.484040730216830070e-02
1.517660005616730014e-02
1.466037792793969952e-02
1.513780065370329969e-02
1.487494445315059970e-02
1.669056067029340076e-02
1.641360007965389847e-02
1.699072613948090019e-02
1.617453922308580150e-02
1.701565540733769935e-02
1.734089093883079899e-02
1.847993607972029870e-02
1.831843711100400104e-02
1.453740680502950064e-02
1.709776043317709840e-02
1.732884013014429972e-02
1.622241143753939963e-02
2.031437974573480076e-02
1.632707425498350004e-02
1.596670721605239832e-02
1.606250449694199972e-02
1.445646562372999988e-02
1.607202648994670094e-02
1.521027077886549957e-02
1.442063833962430042e-02
1.673202698712209988e-02
1.667909695181230001e-02
1.520149837981590001e-02
1.535754917774780071e-02
1.598449461548550124e-02
1.607814724021229894e-02
1.680216752552919982e-02
1.513207692052910038e-02
1.477820506363490029e-02
1.637175068966259875e-02
1.649964689425939893e-02
1.430805687836289933e-02
1.797395206747360100e-02
1.709167595259400083e-02
1.643996980770880134e-02
1.822253203267710023e-02
1.661195089608150099e-02
1.601290823863960044e-02
1.488257861378640065e-02
1.482795464883199937e-02
1.749859793970219915e-02
1.602865680790739947e-02
1.728971462469380133e-02
1.611470002260649917e-02
1.616588137372750034e-02
1.527648736401100021e-02
1.564523755124299850e-02
1.695541189284779926e-02
1.538644902788450022e-02
1.645065979651590127e-02
1.750590974518620099e-02
1.751139853010169958e-02
1.504002371963240013e-02
1.569313697929010029e-02
1.929349848366599882e-02
1.716283525870620011e-02
1.543571313465729941e-02
1.520619612435530031e-02
1.865328821685900001e-02
1.495434201793239930e-02
1.518644904498919930e-02
1.629732852408600011e-02
1.518769314136480045e-02
1.632887556239090085e-02
1.743192372674760154e-02
1.754231226328119980e-02
1.723415524196639931e-02
1.590688628207830024e-02
1.684368879865739965e-02
1.696264485892360133e-02
1.547949190364229961e-02
1.440425012909410038e-02
1.660834870089759885e-02
1.507007199789009953e-02
1.946951500076520014e-02
1.623935174464710002e-02
1.211147787925040062e-02
1.621357826854200046e-02
1.557858421510460029e-02
1.722628926105159927e-02
1.548999737623499989e-02
1.708499105997119891e-02
1.759012680606319989e-02
1.410980046828800086e-02
1.680382694778290165e-02
1.709372820654320169e-02
1.735839319300309935e-02
1.863452429071649902e-02
1.727009020137090095e-02
1.617886234652859967e-02
1.779299631143679838e-02
1.833015295782480097e-02
1.694250357196900106e-02
1.962893953214369866e-02
1.548808156369010057e-02
1.736572004076580161e-02
1.536866081795639979e-02
1.526300044625780034e-02
1.626601039440370156e-02
1.648204123904509905e-02
1.435766080033300078e-02
1.588881652397190064e-02
1.721700559048109855e-02
1.635909890291660160e-02
1.764124185631099975e-02
1.693486940636159885e-02
1.488089577710549963e-02
1.630070610742950094e-02
1.513804458280709926e-02
1.632993331698810030e-02
1.588784666268270099e-02
1.799273277490030104e-02
1.835314149671540135e-02
1.530728538501789984e-02
1.703329581720499850e-02
1.481274443859280018e-02
1.684862538943800170e-02
1.518551091314030051e-02
1.606419453101640138e-02
1.541902207385729973e-02
1.582243949036959973e-02
1.686488371239869971e-02
1.666908691115289928e-02
1.827116670235209850e-02
1.547038895740449928e-02
1.571150255446069829e-02
1.578204464501100149e-02
1.479058309834190010e-02
1.554145350535699951e-02
1.747880778393449963e-02
1.615988868537910142e-02
1.611335534831490057e-02
1.526164137112969929e-02
1.553820375633650080e-02
1.843712464034069978e-02
1.604081531983729894e-02
1.489025585143050057e-02
1.558252393895630077e-02
1.581522237490530156e-02
1.556148671709120003e-02
1.594059736298659991e-02
1.654042524432810038e-02
1.705297687089010056e-02
1.729465878744630009e-02
1.498776017644099998e-02
1.539402563065660028e-02
1.612913159399010157e-02
1.570692856103339877e-02
1.539203310721709919e-02
2.053696977125089862e-02
1.501138361674470012e-02
1.616085016168510025e-02
1.601943173697339962e-02
1.471035600486609966e-02
1.803883961705100153e-02
1.526174737664729927e-02
1.741919900956909878e-02
1.399834042659569948e-02
1.710605689843069932e-02
1.582673222577130057e-02
1.410762532636000016e-02
1.435860822405700052e-02
1.702924925318809873e-02
1.689616822558530004e-02
1.490401165487760006e-02
1.515998557661490075e-02
1.471786057225520084e-02
1.591050967354450119e-02
1.442301416325540014e-02
1.428944264825749919e-02
1.623082115585229926e-02
1.631463853584360149e-02
1.528284330143270080e-02
1.646216769050630122e-02
1.531666412403710070e-02
1.595591079673390131e-02
1.508809272393740047e-02
1.445960097247880015e-02
1.619690054135980092e-02
1.650904066818389970e-02
1.727781924414250117e-02
1.602817370423599910e-02
1.482195060536859940e-02
1.673244827023869993e-02
1.607551648156390137e-02
1.532728567972749950e-02
1.793603472903020080e-02
1.508697395265640000e-02
1.972733097437899888e-02
1.594834468972269881e-02
1.654811750357860003e-02
1.912244991509599867e-02
1.769825913849790155e-02
1.535680486174870012e-02
1.593685221857599893e-02
1.544076708635470051e-02
1.634337653025709838e-02
1.521109184335080015e-02
1.705864459751120152e-02
1.716972354716339924e-02
1.495797749283249954e-02
1.764624225784980002e-02
1.433969907290089975e-02
1.805660888046699969e-02
1.689515053772380065e-02
1.537270152120020009e-02
1.869987737432569908e-02
1.670953581384769862e-02
1.593766586739589833e-02
1.649228368259639949e-02
1.635617816611540168e-02
1.845498656243919899e-02
1.594801945357809947e-02
1.422299237725670011e-02
1.812365477847729944e-02
1.783078320318369839e-02
1.281319522464979994e-02
1.450201100912329975e-02
1.579582020172280027e-02
1.830867346518489855e-02
1.622958885274870117e-02
1.473077957835989930e-02
1.496389090569029932e-02
1.622830130394540063e-02
1.443918222822049985e-02
1.787983671665459989e-02
1.657334684110869927e-02
1.596555429542029919e-02
1.620539523224720155e-02
1.614100820151349869e-02
1.569666151613699837e-02
1.612587845349420027e-02
1.514442279661670082e-02
1.770087469008820025e-02
1.543832224639470063e-02
1.632709977853059879e-02
1.707654717587400034e-02
1.737257575986200092e-02
1.548844730855579964e-02
1.755139680345749881e-02
1.606429916026219998e-02
1.771952590831779931e-02
1.662306901075380136e-02
1.477512305699519961e-02
1.725653443844439930e-02
1.561419419602499969e-02
1.587316089151519921e-02
1.609596834064550008e-02
1.659178697883350109e-02
1.597407174891909976e-02
1.604998610903949838e-02
1.589970927103500145e-02
1.652300817911850003e-02
1.662951573940609981e-02
1.672985939764220012e-02
1.557544966907310063e-02
1.794239187499339916e-02
1.546082359163579965e-02
1.769705650574960112e-02
1.542965545049690065e-02
1.604114778655890000e-02
1.497348168197359941e-02
1.628705637282059845e-02
1.829572655035130099e-02
1.673660185463779829e-02
1.785999600312460078e-02
1.559905215457920054e-02
1.571535977114249874e-02
1.816970763247290066e-02
1.583802190908489838e-02
1.494534188420400082e-02
1.434955362484869983e-02
1.673596004137890142e-02
1.739700351740849915e-02
1.338890960193150036e-02
1.691948914133940135e-02
1.579965624835609830e-02
1.690741828961269885e-02
1.411161432184220021e-02
1.493267245985220072e-02
1.547325752818390007e-02
1.543709158365720070e-02
1.667316643342829988e-02
1.559772151469829976e-02
1.611591673140910091e-02
1.796594913347670033e-02
1.613955950753090049e-02
1.836912400597770154e-02
1.712974800334160150e-02
1.445549791424879937e-02
1.709044744345319944e-02
1.700586517895600128e-02
1.713899792976419922e-02
1.525580330680629919e-02
1.610856822152460094e-02
1.606680746036320134e-02
1.695756461884009858e-02
1.597325116918330012e-02
1.809841918152900117e-02
1.565248557324440057e-02
1.826866150129869901e-02
1.653930370091789837e-02
1.592161457546089828e-02
1.599525916767410155e-02
1.798214806210629915e-02
1.657263847528649831e-02
1.766032685866599991e-02
1.657613141441620017e-02
1.747956011686859976e-02
1.574608925828049899e-02
1.450448914160059992e-02
1.419944828730139962e-02
1.550561930166229931e-02
1.727406429254249934e-02
1.558628367103929990e-02
1.783982081685819843e-02
1.658533707409760166e-02
1.504991819573850073e-02
1.686175651348420165e-02
1.670806579966650079e-02
1.659908679781610039e-02
1.649239911091029964e-02
1.643033444839700138e-02
1.679692046518239945e-02
1.624134793213989972e-02
1.694458414482890099e-02
1.610487295027230106e-02
1.584377705874310052e-02
1.634942236919340042e-02
1.662578353725739991e-02
1.652828894262560119e-02
1.568972085028439920e-02
1.739155572503100003e-02
1.743268614108769987e-02
1.726996810393850029e-02
1.678291284662690105e-02
1.591936830171410133e-02
1.712243488499300137e-02
1.917790360218789986e-02
1.546221668042999965e-02
1.740749986072559832e-02
1.764332122684720075e-02
1.677631958849560082e-02
1.708001308421399841e-02
1.571475654989550053e-02
1.613264236385790126e-02
1.851859604821099944e-02
1.866091489671490092e-02
1.491860770980760025e-02
1.634594721053619915e-02
1.667566556542900147e-02
1.653736579233169857e-02
1.627965675992050151e-02
1.739174284602820059e-02
1.716231852066089913e-02
1.556596572216649953e-02
1.638321786318880022e-02
1.583033754377570143e-02
1.457274763980520062e-02
1.735312318022219982e-02
1.496977758378269935e-02
1.680524562724279927e-02
1.583233045844789980e-02
1.460667599544739938e-02
1.736493220635530049e-02
1.690721316170239880e-02
1.847466503678570071e-02
1.572601489111040071e-02
1.634465486178969876e-02
1.617679506939929956e-02
1.585387656995329922e-02
1.574663939195930160e-02
1.633611830514690097e-02
1.736791632463620047e-02
1.681436124131530097e-02
1.814502458551560046e-02
1.548844229591229971e-02
1.528578316940630046e-02
1.454661537775200041e-02
1.776621984186819991e-02
1.583751576313779941e-02
1.743136071531749959e-02
1.747500957350949999e-02
1.691451444644739843e-02
1.555635095939729949e-02
1.728451809915119985e-02
1.572839639084759947e-02
1.506552598314570002e-02
1.540536932616700001e-02
1.651592729631149933e-02
1.714384487788389935e-02
1.986921035618609971e-02
1.496561366962250068e-02
1.592173419809880114e-02
1.498673561528129916e-02
1.452660096404670073e-02
1.686469103225780169e-02
1.489186796306700075e-02
1.628883929712600029e-02
1.607121607489159915e-02
1.509641860779760078e-02
1.707493921694919897e-02
1.599750239072069910e-02
1.852910456911159923e-02
1.717717298409189922e-02
1.466474819038910034e-02
1.448061297564679981e-02
1.674463822631170121e-02
1.747253539677200151e-02
1.820462629371839836e-02
1.527392119399349941e-02
1.802492166981279828e-02
1.787071978822619978e-02
1.538309225027310011e-02
1.595544929542659987e-02
1.677732136127259993e-02
1.634158591703329874e-02
1.649188788956270149e-02
1.728348467086029960e-02
1.640977211574300154e-02
1.642232144046990028e-02
1.655804723527999969e-02
1.555735322524589952e-02
1.678318519946049928e-02
1.588017026708729920e-02
1.776623165537679835e-02
1.702301456260759890e-02
1.556437252052099950e-02
1.537889667799639988e-02
1.815551835764879843e-02
1.664544149563159867e-02
1.527870056901880005e-02
1.690972046470350099e-02
1.531456767958119976e-02
1.655326792891319981e-02
1.531101224967659942e-02
1.373827787440430083e-02
1.663145042696319992e-02
1.595416665860039870e-02
1.703334123405509867e-02
1.714855323864999948e-02
1.727723536511930127e-02
1.903757151950950105e-02
1.618824552816519949e-02
1.663249347813349974e-02
1.751234054726459946e-02
1.519143012316699973e-02
1.821194235758459914e-02
1.690592517537040096e-02
1.548980330876919935e-02
1.594142344657930102e-02
1.483709470143789941e-02
1.562191770553410068e-02
1.759232197279279875e-02
1.742866235192239849e-02
1.560184047275380015e-02
1.806253696658639829e-02
1.649489945442109834e-02
1.537402364904240024e-02
1.851430103274670155e-02
1.481272883509600000e-02
1.853349984892009930e-02
1.596332555953909951e-02
1.550897696433359979e-02
1.782227058045979945e-02
1.800112103235350022e-02
1.572520856027780078e-02
1.398252441062890032e-02
1.943762345751719883e-02
1.874378925472049845e-02
1.711991214702809905e-02
1.399277703761699944e-02
1.723059413440879845e-02
1.704774081972909930e-02
1.481304646259289960e-02
1.740963412097289859e-02
1.602564138272169827e-02
1.680368224178770131e-02
1.508999792599859981e-02
1.598593170802509872e-02
1.715228127658960031e-02
1.724576340009250155e-02
1.824460410233099891e-02
1.862495104265969939e-02
1.844677409706969862e-02
1.620958145177570087e-02
1.574035794286789830e-02
1.817744222943780061e-02
1.823718720392999981e-02
1.632073611603609975e-02
1.892491043014030150e-02
1.558698601114440023e-02
1.743711798079209882e-02
1.801284742561670010e-02
1.530433655949750039e-02
1.562264622259999965e-02
1.507103579530789939e-02
1.603280861728350118e-02
1.623399057529080133e-02
1.596847297462709869e-02
1.607938725719090106e-02
1.629972629230110048e-02
1.545041152523920006e-02
1.697917872337479858e-02
1.568521147467009935e-02
1.628422702272330075e-02
1.627940705554880088e-02
1.588904318962389844e-02
1.623256661019580049e-02
1.684830492852589998e-02
1.474883371492709955e-02
1.640900349222410015e-02
1.521924457695809918e-02
1.708899008560840066e-02
1.713391991775679857e-02
1.405599903580789962e-02
1.616443077265420150e-02
1.671525332064910038e-02
1.753352568698419989e-02
1.929776332508980133e-02
1.688577708736899857e-02
1.708518080254200003e-02
1.526939184592470029e-02
1.467143521594630080e-02
1.588125205471660126e-02
1.609195447155660139e-02
1.573448908402930169e-02
1.854788371331100166e-02
1.628470430065129954e-02
1.516787482290700081e-02
1.615597272365490097e-02
1.760162630407000051e-02
1.869255931790729866e-02
1.729721431173769988e-02
1.538958494671860064e-02
1.543078533779279962e-02
1.356309685295620064e-02
1.513623078793440054e-02
1.636787916829330128e-02
1.799929721428790083e-02
1.773862275923000081e-02
1.459169087382439917e-02
1.547208999724039927e-02
1.801428557664280089e-02
1.653257383162900010e-02
1.591192566412030079e-02
1.690455373695290073e-02
1.581873757055669849e-02
1.501233498409080061e-02
1.555065610783279949e-02
1.507859009099539981e-02
1.631569252301489845e-02
1.756271229729569963e-02
1.616955803448179990e-02
1.551014606466469964e-02
1.542502724957319979e-02
1.539826721940880036e-02
1.549331265899970070e-02
1.682068230683430102e-02
1.482380798777379986e-02
1.616980201591669900e-02
1.706697839501510050e-02
1.643567465987049933e-02
1.547253430396080057e-02
1.651714229867570077e-02
1.671072154711460145e-02
1.610931157044119891e-02
1.647321396313640093e-02
1.838328918078700053e-02
1.586042695713489950e-02
1.681823659393949857e-02
1.826709965377390152e-02
1.559363419427869935e-02
1.382135553701169944e-02
1.382808390536499968e-02
1.717667959176619880e-02
1.522156242717759983e-02
1.576865031747089890e-02
1.710438864042619980e-02
1.589658164686140115e-02
1.793368549600969988e-02
1.908095097719059857e-02
1.622780298612469876e-02
1.666242687798440147e-02
1.643504486456229957e-02
1.663865520160880129e-02
1.693485431140349939e-02
1.394136402114549977e-02
1.691085860395660084e-02
1.541319806272140047e-02
1.518859826731529944e-02
1.740218677546129938e-02
1.749094002596150027e-02
1.598593589357619887e-02
1.446914755743320020e-02
1.512458156398729936e-02
