2.448644776717499860e-02
2.735014909804369884e-02
3.543575341548370339e-02
3.110046462916389934e-02
3.165235048684190283e-02
2.302332156637909924e-02
2.799693289974410082e-02
2.968457517344760127e-02
2.249508111886239919e-02
2.143566115026309879e-02
2.469176286109669993e-02
3.197834490258239654e-02
2.435311532828509859e-02
2.351772369017739867e-02
2.013604623028230137e-02
2.592246476602429878e-02
2.689501236090269948e-02
2.957472008385909901e-02
2.533581598645269842e-02
2.179778682654020042e-02
2.426094761291749946e-02
2.873697980959849865e-02
2.621570969528429912e-02
3.230172198971650172e-02
1.994720416559269890e-02
2.793460800604680161e-02
3.006553621041660115e-02
2.280457151899430157e-02
2.342505888224710037e-02
2.990997993288780146e-02
2.134753037518739849e-02
2.502393626591279882e-02
2.360114708657110039e-02
2.670577201036219983e-02
2.772006634608329897e-02
2.551097400763130060e-02
2.150879833851879891e-02
2.712655211902149921e-02
3.716677211098200206e-02
2.594910700533520007e-02
2.835545572928890173e-02
2.391297122789429880e-02
2.148266097778300104e-02
3.178856061189389709e-02
2.265822973795649994e-02
2.365663267079839982e-02
2.647133394719949906e-02
2.420840707261880109e-02
2.072636581296380051e-02
2.400873627052830042e-02
2.772226375108869864e-02
2.158608091233049989e-02
1.967309288799249864e-02
2.522531335654799867e-02
2.938574263997420152e-02
2.364696353681200111e-02
3.326950539897829962e-02
2.783371455667460123e-02
3.325105085183090170e-02
2.251345137877289876e-02
2.355295301182359913e-02
2.368042151373410051e-02
2.592116571370079933e-02
2.462819412076040076e-02
2.182686649308280061e-02
2.089233848161370019e-02
3.146455754781059960e-02
2.802327265817789945e-02
2.200568973885810159e-02
2.311827879933929866e-02
2.117377093678370070e-02
2.108382910365379920e-02
2.038506712411429847e-02
3.267607674251710170e-02
2.648060564175879969e-02
3.316376660100610330e-02
2.761926393716000044e-02
2.485888365112439921e-02
2.281152873353679833e-02
2.691426447341009956e-02
2.720525207014500013e-02
2.575187306973409848e-02
2.166388501403120059e-02
2.184637122680019999e-02
3.387406558716309773e-02
2.503787773885880058e-02
2.315471828565349860e-02
3.249254844836319683e-02
2.415718634413430155e-02
3.148518743613030330e-02
2.855351868187199979e-02
2.393848348561690084e-02
2.869512397367890086e-02
3.215096036131329799e-02
2.455361989173129866e-02
2.254045719395569858e-02
2.471821329159560113e-02
2.409697136052829994e-02
2.396172944973999977e-02
2.609303552927290035e-02
2.458157438034029932e-02
2.444851316037250158e-02
3.326950539897829962e-02
2.203212982360390135e-02
2.693041323990540137e-02
2.152189693408619944e-02
3.168872767763090265e-02
2.197748766681899973e-02
3.736466257507459893e-02
2.370913141748769853e-02
2.430717045587589900e-02
3.687379087649240300e-02
2.729689266864649896e-02
2.870787842802050016e-02
3.169315816562560256e-02
2.809879817924499854e-02
2.448229252707299908e-02
2.612611440854949868e-02
2.326862109904510173e-02
1.987752224955410124e-02
2.884141538142160135e-02
2.553540869487369927e-02
2.469830966921479978e-02
2.653084708253010057e-02
2.482064599064949875e-02
2.476931588419490141e-02
3.155318853492859732e-02
2.350908080299810021e-02
2.140298423382610074e-02
2.561997339059480031e-02
2.600382295621549850e-02
2.674373610653699856e-02
2.534208833247830056e-02
2.563102266318350100e-02
2.620624139234320124e-02
2.261672023264010151e-02
2.517246576285729967e-02
2.724482898611249940e-02
2.222625634425070065e-02
2.042611128356849881e-02
2.530969645843759996e-02
2.244541171179220002e-02
2.539037622060310098e-02
3.723900006186810219e-02
2.625849531942280046e-02
3.328488486166770316e-02
1.983132118708990158e-02
2.444283903582079864e-02
2.501504107533309915e-02
2.164265500315429996e-02
3.029372117385980070e-02
3.663445909103010129e-02
2.663178225736369947e-02
2.820809914961280168e-02
2.569898599720410112e-02
3.873740841303500299e-02
2.471362094908889986e-02
2.373271558935960077e-02
2.187139775228849961e-02
2.058848369197750078e-02
2.751115728440579888e-02
2.455259585741929873e-02
2.420004959888859969e-02
3.087805038670349972e-02
2.453941846182490158e-02
2.214152163488460057e-02
2.320447002128209896e-02
2.493668001160260009e-02
3.250319544607029737e-02
3.730495173695440314e-02
3.594106927918490346e-02
2.606390490018370074e-02
2.597713067034290030e-02
3.500592977740239753e-02
2.834168608578820081e-02
2.450519002672489968e-02
2.338600760125610079e-02
2.433927309625739943e-02
2.289285770076639887e-02
2.345490836031580151e-02
2.518377951947629867e-02
3.000843662460229988e-02
2.576441908628019847e-02
2.851183118537399877e-02
2.356346029460420002e-02
2.417493201408410161e-02
2.580049596818419916e-02
2.741617925322350005e-02
2.262012492068799993e-02
2.908203042333780061e-02
2.498114552407159836e-02
2.896962948215630121e-02
2.728560129970439979e-02
3.789794364688830325e-02
2.608587424269239938e-02
2.803026117787139893e-02
2.418940760368320023e-02
2.305044680272290078e-02
2.545504421201269865e-02
2.401123733255430132e-02
2.383083610308539893e-02
2.507289728180099944e-02
2.958169456185490154e-02
2.139121531638429885e-02
2.389921231913169977e-02
3.139146981515419932e-02
2.290290043311849974e-02
2.833917183155749975e-02
2.194039175014700013e-02
2.735921028455250148e-02
2.543209396206609976e-02
2.381044412853650094e-02
2.487681151161880155e-02
2.286613596924609929e-02
3.082311558085900141e-02
2.814485360123330018e-02
3.438804503293609732e-02
2.866730096188349966e-02
3.202064513425940256e-02
2.311897487566729956e-02
2.376786371120100105e-02
2.476545619896070027e-02
1.991361337277710100e-02
2.764982583882959893e-02
2.663367006600770096e-02
2.766413813046059850e-02
2.714019027972019993e-02
3.289099409890910292e-02
2.036085172866769835e-02
3.648999958342440120e-02
2.521232538420470001e-02
2.646499144727749997e-02
2.666097690359270009e-02
3.421582001184920313e-02
2.358133279945040170e-02
2.482770020427170141e-02
2.045568155735169938e-02
2.417812809363640084e-02
3.241699138030310068e-02
2.724181133182360104e-02
3.347036454706760200e-02
2.694103530840619848e-02
2.745904915521949971e-02
3.420775396297599802e-02
1.994013790145110140e-02
3.023034159669949969e-02
2.000085598770070042e-02
2.195886657807660097e-02
2.652003331510530137e-02
2.581282393124029878e-02
2.701546134833749876e-02
2.214329144676920047e-02
2.979025643232989864e-02
2.145717454747059910e-02
2.433347230977120010e-02
2.422222690313369925e-02
2.269870668002100036e-02
2.047472455855720019e-02
2.522160861006679869e-02
2.152427451724750126e-02
3.873740841303500299e-02
2.287212544218809873e-02
2.688569900356119896e-02
3.789794364688830325e-02
2.237447342394860081e-02
3.170408307815920229e-02
2.298617227087650094e-02
2.797240179632570073e-02
2.802156634669659974e-02
2.474915397287839880e-02
3.284754600426890297e-02
3.539383043424650099e-02
2.363616851081690173e-02
1.582830060340810127e-02
2.456723414004299832e-02
2.884165429027110011e-02
2.719557261773719939e-02
3.267607674251710170e-02
2.465997120052289965e-02
3.356359871147510110e-02
2.645290383023559885e-02
3.622224796376900119e-02
2.344896516853539961e-02
3.416507916434950026e-02
3.844031212312509771e-02
2.495558688123829943e-02
2.620124235288540104e-02
3.084903937379060088e-02
2.235037847644449904e-02
2.349391303168290104e-02
2.375107905633429967e-02
2.670981668149520136e-02
3.313387349733350196e-02
2.027163286497180028e-02
2.575129444715420005e-02
2.868808630519860056e-02
2.807093563124509958e-02
2.749624268880580119e-02
2.407972815780970097e-02
2.636094678565860036e-02
2.479193292972059828e-02
2.245313277438909863e-02
2.657517697395269871e-02
2.571001936909219840e-02
2.807464756460169991e-02
2.175057153436779980e-02
2.592313710519270065e-02
3.275991769722320229e-02
3.171735765639970006e-02
2.407095412547479926e-02
2.381153798081520057e-02
2.428423416092620121e-02
2.412075835289249903e-02
3.180083661559320041e-02
2.592889610049139981e-02
2.997197193907760043e-02
2.208138272166099841e-02
2.427670265972459857e-02
2.450275431960999978e-02
2.581816522377389928e-02
2.536698493284799891e-02
2.196575075481189965e-02
2.788886704777800152e-02
2.286622823183430062e-02
3.223126616552070278e-02
2.550269463275979878e-02
3.198937340958420139e-02
2.515625567139160093e-02
1.983648119763729845e-02
2.332386163989339997e-02
3.387406558716309773e-02
2.686862737260009917e-02
2.658856892213149956e-02
3.261915524969150049e-02
2.401614013863059838e-02
2.159593217722429945e-02
3.292131725054270319e-02
2.441282558821989898e-02
2.786458517801970042e-02
2.468546474638340024e-02
2.328952649325040022e-02
2.733663580435409871e-02
2.768315730560020130e-02
2.633303847693279839e-02
2.723625573710829889e-02
2.630133705770050165e-02
2.950396970173830083e-02
2.487484869135980076e-02
2.749043322558889987e-02
2.322053173304739968e-02
2.561398968173380156e-02
2.591168778580230092e-02
3.222775251178210121e-02
2.427833220016049898e-02
2.307560271729579976e-02
2.553088859060400131e-02
2.290108850495869985e-02
2.977351394675240015e-02
2.417721946420850129e-02
2.433255883962389884e-02
2.103073642921660102e-02
2.358587773970429943e-02
2.585473482126000172e-02
2.098687448562629870e-02
2.700391081080470018e-02
2.462610871240249882e-02
2.930644904866299902e-02
2.140554650390920008e-02
2.449626503098849967e-02
2.321819222138250122e-02
3.218956727860240036e-02
2.722688205647059989e-02
2.003016727934110036e-02
2.331572362445239952e-02
2.380607933442499893e-02
2.950084711817430039e-02
2.650745431778819827e-02
2.924869553618069870e-02
2.383658309154130031e-02
2.675714465268669989e-02
2.199122847343909851e-02
2.710121172882120136e-02
3.055730588244820120e-02
3.161674791493240128e-02
2.254657788105339858e-02
3.155318853492859732e-02
2.211990944666249875e-02
3.609768907753790196e-02
2.354334806451860093e-02
2.511659192321809980e-02
2.420346438550800144e-02
2.470466892461990055e-02
3.594106927918490346e-02
3.184386904476790153e-02
2.556475694170209922e-02
2.263552037369139999e-02
2.323245167092009844e-02
2.977771820380300041e-02
2.585227184534899872e-02
2.702495823953720080e-02
2.028197183348520033e-02
2.153990169717480072e-02
2.397817466252019983e-02
2.254117503084939952e-02
2.830576656557549919e-02
2.337154642509670088e-02
2.534255273725890059e-02
2.841383892496120167e-02
2.184629078344259984e-02
2.521502553394069923e-02
2.148750257580190129e-02
2.248080045218010109e-02
2.701487750657429951e-02
2.300315268189169829e-02
2.125762525966319941e-02
3.184195589760500239e-02
2.689329770526049934e-02
2.545019804974819888e-02
2.220620769509309977e-02
2.459637775822200167e-02
2.902484164170459832e-02
2.285865791860320143e-02
3.126399735532899710e-02
2.180346570115199861e-02
2.527838522783799891e-02
2.485888365112439921e-02
2.741250296874559941e-02
3.231769742703440029e-02
2.592289197009479962e-02
2.295501809943899935e-02
2.231143320544000039e-02
1.808106043284580036e-02
3.581187956793750043e-02
2.886273280954540152e-02
2.466983589024379989e-02
3.162065182437680255e-02
3.298080804366580049e-02
2.547430883532069909e-02
2.735677360172890024e-02
2.748312927744269926e-02
2.366574713521199871e-02
3.067090688490280159e-02
2.145087371001539941e-02
2.615753111926749988e-02
2.643304834994579869e-02
2.113632530603840043e-02
2.587114428020659967e-02
2.527422104031330080e-02
2.670325457941390146e-02
2.538209755416160132e-02
2.378405699349949928e-02
2.703102610155869862e-02
2.296329848704219828e-02
2.590886605136519943e-02
2.505054397809289984e-02
2.490322357932219996e-02
2.944494670896299904e-02
2.527663817913030145e-02
3.262411725071660135e-02
2.658589706684370141e-02
1.981934574025679893e-02
2.004567300767250149e-02
2.483621905956710091e-02
3.110046462916389934e-02
2.174116562958590057e-02
2.723122335798579957e-02
3.096362288692299999e-02
2.194383317658480173e-02
2.687740353870190016e-02
2.991117741134620076e-02
2.280100569666690044e-02
2.588112713731630099e-02
2.413381808296649958e-02
3.289006711394609761e-02
2.351613300899550035e-02
2.225647964859860106e-02
2.555082919732060143e-02
2.255977585055449902e-02
2.411008301136309886e-02
3.360078867172699990e-02
2.667916002149460161e-02
2.197938200808879916e-02
2.528050990191079914e-02
3.389971598687589738e-02
2.640773795831989970e-02
2.641130977294129864e-02
2.266022843589310040e-02
2.803803347123650161e-02
2.737169939943490116e-02
3.177553931088349798e-02
2.749117646620570163e-02
2.428933856866340169e-02
2.800392245019309861e-02
3.180082932223479708e-02
3.844031212312509771e-02
2.522914802252820138e-02
2.898161091998190109e-02
2.071853925964090015e-02
2.728685264901669835e-02
2.589021312943989850e-02
2.484068835878490075e-02
2.785226730724780012e-02
2.599836693881609970e-02
2.780207451281760042e-02
2.750390919148940072e-02
2.310703306229380111e-02
3.285897725377800310e-02
2.389464741595969874e-02
2.580362775767820055e-02
3.224896484378150102e-02
2.667622815885660123e-02
2.000214738939400105e-02
2.483130908629430089e-02
2.380152225272849989e-02
2.570923725481020009e-02
2.779166132255339941e-02
2.589160770092169966e-02
2.699025236436650155e-02
2.548403935240090012e-02
2.651820503923879926e-02
2.720682746627969828e-02
3.167126752573729692e-02
2.654489728328349868e-02
3.180335719324579868e-02
2.371372685872749977e-02
2.142572935185150032e-02
2.698532541462190029e-02
2.344503192814810164e-02
2.345317855682029981e-02
2.171482223486639884e-02
2.655965168343110000e-02
2.307213269144050075e-02
2.473130497612920087e-02
2.520066107161030022e-02
2.473996365066299941e-02
2.522395897784060134e-02
2.924869553618069870e-02
2.882025267042849850e-02
3.183280874460389653e-02
2.691493315526570160e-02
2.975718927998149965e-02
2.485928024416289919e-02
2.683067939152750103e-02
2.574761708201980109e-02
3.609768907753790196e-02
2.306739696359099909e-02
3.481847308947339653e-02
2.438018758950610126e-02
2.713840210419959931e-02
2.568350958713840060e-02
3.100209665588059965e-02
2.658977340315889920e-02
2.619570957042599915e-02
2.116704395811989936e-02
2.494283205761880021e-02
2.235256280851179861e-02
2.740819952336700019e-02
2.337020199206130133e-02
2.261559577637050136e-02
2.369999035536349968e-02
2.346964893864639939e-02
2.665237629197219835e-02
2.792375622352179926e-02
2.456283445251850051e-02
2.756195112059929911e-02
2.570707998054599930e-02
2.515905047796729993e-02
2.470769271499019884e-02
2.248406743399499960e-02
2.340893555889799957e-02
2.382824467517859895e-02
2.575878761436320094e-02
2.391593907075020148e-02
2.646263354054929906e-02
3.498668600521220168e-02
2.739976968251110062e-02
2.289750643911570016e-02
2.701628729731779879e-02
2.209981546430360086e-02
2.454794564626959844e-02
2.746297892456900022e-02
2.456892763139219976e-02
2.488878978594040101e-02
2.787805150344470004e-02
2.261240879537669904e-02
2.646597251474299903e-02
2.465559010603530013e-02
2.424349454880799989e-02
2.749878108239879951e-02
2.206194085325690127e-02
2.591751832638310160e-02
2.098935702379790130e-02
2.083839434034229915e-02
2.474440083629190004e-02
2.424414404646950058e-02
2.909202990504370159e-02
2.742361103864929955e-02
2.537261336733220157e-02
3.128497262004140134e-02
2.727255105819130152e-02
2.867093021341109854e-02
3.291780804219719692e-02
2.831743115020959878e-02
2.920495700144380008e-02
2.376134903326850012e-02
2.599009606350469875e-02
2.439015478938119999e-02
2.827077827784589895e-02
2.563652841244019875e-02
3.190755320613489904e-02
2.478504241997049953e-02
2.209352588501440132e-02
2.844194936853250075e-02
2.363025542907120150e-02
2.460363204516869892e-02
2.624639108901550069e-02
2.823645368387889959e-02
2.497128435056220064e-02
2.461694097060609931e-02
2.454410402177530093e-02
2.781357075199960074e-02
2.232176955624120065e-02
2.271366937982869857e-02
2.532237164497469842e-02
2.595636656894659972e-02
3.169315816562560256e-02
2.277016336841480165e-02
2.818304975830290132e-02
2.838879362228149961e-02
2.450951526958849991e-02
2.522257917610709957e-02
3.328488486166770316e-02
2.912215778491719989e-02
1.976407886841630157e-02
2.543646560472759971e-02
2.521922949043859871e-02
2.879511720368220160e-02
3.080596382163380137e-02
2.387427073789080006e-02
2.383366905206450032e-02
2.905445789584330113e-02
2.707181699059800148e-02
2.298422585016849859e-02
2.315988495887289986e-02
3.184850341023810066e-02
3.041289613162119834e-02
3.674134409933559747e-02
2.628699838228500119e-02
2.138705306608849888e-02
2.936779919619629878e-02
2.117837505734219972e-02
2.376248183119479898e-02
2.267479434098590083e-02
2.585256669193609913e-02
3.039665731274639876e-02
2.916286804572959870e-02
2.836537948224220063e-02
2.685828034280179910e-02
2.318938319653790145e-02
2.924124942842879979e-02
3.500592977740239753e-02
2.419018733576330099e-02
2.735601187244469934e-02
2.885257556124070158e-02
2.455579345761129892e-02
2.572131167657929970e-02
3.067809372547860083e-02
3.083161096857910122e-02
2.164839870104849975e-02
2.858024845155589938e-02
3.929147535520090273e-02
3.515199387164340272e-02
2.741801073052720084e-02
2.528372906378300103e-02
3.010304298484009836e-02
2.360923394647659879e-02
2.332741001513620113e-02
2.533998026965119874e-02
2.518870470639230155e-02
2.644381892003649925e-02
3.164403775667989915e-02
2.747514366678099895e-02
2.268015903790740126e-02
2.633364717662459858e-02
2.290016644643800073e-02
2.547138499669979878e-02
2.086933804095830042e-02
2.300229355380320126e-02
2.563730904141850106e-02
2.538845742743170084e-02
2.413378665564720055e-02
2.477662276537960159e-02
2.291813282023679940e-02
2.472629809189010042e-02
2.697192058377630153e-02
2.383700350776169971e-02
2.667416339773919995e-02
2.423095331648090003e-02
2.230162062821509916e-02
2.916286804572959870e-02
2.721958525869249898e-02
3.020713223088340033e-02
2.905445789584330113e-02
2.656759097881079834e-02
2.130451512687429882e-02
2.214302005642410087e-02
2.764531941108890056e-02
2.551180746510910147e-02
2.389036144954989963e-02
2.748312927744269926e-02
2.623042908997540168e-02
3.389971598687589738e-02
2.572550376345689865e-02
2.580995327394799976e-02
2.466206330043849843e-02
3.022609567321250107e-02
2.460875504361790048e-02
3.011535476494950000e-02
2.396095907877309958e-02
2.467266249947289852e-02
2.481861278921630026e-02
2.442655486265319850e-02
3.322004018158120076e-02
2.238223337231889931e-02
2.316018584903780167e-02
3.250319544607029737e-02
3.722714238315850271e-02
2.345870151078879862e-02
3.452273354967889951e-02
2.363070671581540133e-02
2.376357034626309928e-02
2.828075600626400038e-02
3.430375986912199970e-02
2.910744503016069948e-02
2.934629844909409854e-02
3.475232460717540134e-02
2.731213899488929911e-02
2.622059244928470062e-02
2.303290111612819879e-02
2.510549469311459947e-02
2.474449943836680085e-02
2.703610768429429850e-02
2.681527017778539967e-02
2.183799639499180156e-02
2.610083457817550037e-02
2.865508137468460170e-02
3.236949830445860071e-02
2.528258190795339838e-02
2.455049238025289876e-02
3.421582001184920313e-02
3.257026471093110026e-02
3.273020127082489766e-02
2.661922899783570121e-02
3.462529761683850321e-02
2.735976118007180102e-02
3.126864480102199695e-02
2.470193405177010040e-02
2.176582926261360143e-02
2.363572060376549835e-02
3.087805038670349972e-02
2.502333704284579949e-02
3.256308731859049871e-02
3.685202694848450228e-02
2.263920737087540130e-02
2.411515295953459842e-02
2.812992007220909904e-02
2.430405735318439883e-02
2.325301981280160010e-02
2.880898542808450064e-02
3.056756574110469984e-02
2.664483119707209899e-02
3.485041006056530111e-02
3.430320764454519722e-02
2.496496415702429902e-02
2.638031845332820119e-02
2.670079029774110116e-02
2.552322397517040042e-02
2.413429728667760080e-02
2.353507884437730166e-02
2.317157510468330003e-02
2.698345902203079863e-02
2.526958700314710024e-02
2.217525730682340032e-02
2.121851572375189898e-02
3.214902333024149961e-02
2.649944434170780141e-02
2.725129669237700072e-02
2.297280569771930139e-02
2.458044113437959921e-02
3.035389020386059997e-02
2.803799992194850113e-02
2.588143954704410013e-02
2.035436330559210055e-02
3.078666815968670104e-02
2.520419522066370127e-02
2.283771192408180079e-02
2.182495146809020070e-02
2.247120812665449885e-02
2.135508232458339928e-02
2.186042982812680044e-02
2.574051972475860026e-02
2.083234008137480053e-02
2.392303234139379897e-02
2.217815907443970030e-02
3.319217804298559699e-02
3.051288281726110066e-02
3.360078867172699990e-02
2.385509068292419876e-02
2.312289646880770141e-02
2.461911273809350154e-02
2.278004238673980025e-02
2.471400390895939908e-02
2.279491690539369939e-02
2.863517066118859838e-02
3.324050721346530346e-02
1.988674195936740094e-02
2.725256340576490133e-02
2.424219069868250101e-02
2.603384661511400078e-02
2.621011018600189965e-02
3.452273354967889951e-02
2.308708863343880008e-02
3.198937340958420139e-02
2.402052049250940138e-02
2.975718927998149965e-02
2.572688235960639974e-02
2.441702859759870003e-02
3.322004018158120076e-02
2.872276073939680069e-02
3.177553931088349798e-02
2.164485899601729935e-02
2.209197190561540056e-02
2.304048173802520152e-02
2.309542657893190118e-02
2.942272101191159908e-02
2.413256848654729905e-02
3.408203184779710210e-02
2.132288051732330117e-02
2.162989432259039904e-02
2.385065720791289950e-02
2.158438100389240000e-02
2.974637125289699910e-02
2.345923882371559951e-02
3.553310607319849768e-02
2.811230423055089897e-02
2.487918942790920060e-02
2.338622984983010009e-02
2.806023019545560160e-02
2.320556934395070006e-02
2.365353850425740145e-02
2.498682943993850089e-02
3.393405837052739654e-02
3.197834490258239654e-02
2.419514972111240156e-02
2.663253514459809970e-02
2.726358743395159920e-02
3.648629622951880119e-02
3.515199387164340272e-02
2.108890666174259923e-02
3.319217804298559699e-02
2.246824579471329991e-02
2.365814160636960095e-02
2.532245621342560024e-02
2.527068122380779838e-02
2.948476003818569988e-02
2.332513448682430046e-02
2.443077419932350100e-02
3.203446262054999993e-02
2.401600470616009966e-02
2.566399543137019845e-02
3.076742963708519948e-02
2.067230197610829892e-02
2.266480198899459980e-02
2.326220698293990016e-02
2.161380481691529964e-02
3.420775396297599802e-02
2.350985220429159875e-02
2.059436208805260141e-02
3.436917659616869902e-02
2.813808810594959839e-02
2.377564789901169887e-02
2.179354222161539872e-02
2.762768135454470031e-02
2.750250323263769836e-02
2.325633473671500154e-02
3.146455754781059960e-02
2.504385242386500052e-02
2.534714149418449899e-02
3.171735765639970006e-02
3.091711422659030109e-02
2.614346289431340037e-02
2.380201615660150136e-02
2.377018930298099852e-02
2.262675138626450005e-02
2.435023067684249920e-02
2.523679012207720104e-02
2.465622504062240164e-02
2.153648548080969866e-02
2.477865325555749995e-02
3.485041006056530111e-02
2.145624951493430022e-02
2.160725322925039979e-02
2.684579234794010061e-02
2.127185978163050051e-02
2.739976968251110062e-02
2.689991087985769969e-02
2.254328284446329919e-02
2.321819222138250122e-02
3.263537530134619918e-02
2.435477501581579871e-02
2.518008180323899961e-02
2.536881471126799931e-02
2.699311083109700096e-02
2.367020733791759882e-02
2.967726944780900086e-02
2.302370080798199839e-02
2.210967548040870118e-02
2.309799462007990078e-02
2.796478440757050113e-02
3.327020341211549964e-02
2.868155421450969966e-02
2.666844909255750018e-02
2.091056244914389975e-02
2.775464838827439856e-02
2.591317447859189937e-02
2.569830942450070099e-02
3.127431938331119710e-02
2.363496844080740025e-02
3.262511450489369996e-02
3.090838746765809872e-02
2.385413632483419921e-02
2.669674412358820012e-02
2.194222176959970128e-02
2.275889317750880159e-02
2.225150367539350041e-02
3.639016305043479838e-02
3.258926022755170154e-02
3.284754600426890297e-02
2.517496968575499983e-02
2.552785049264319830e-02
3.243478985150469868e-02
2.338873634541820123e-02
2.470572214549029977e-02
2.902680443436930074e-02
2.867408361791259908e-02
2.300610404261430042e-02
2.637636877515079845e-02
2.818033513853809846e-02
2.979025643232989864e-02
2.867603923443060032e-02
2.812272975026749999e-02
3.148799036180809779e-02
2.167826998277790074e-02
2.979469998334740091e-02
2.841383892496120167e-02
2.594745119606500089e-02
2.157924632448919924e-02
3.273020127082489766e-02
2.110551572240549831e-02
3.352497901303690131e-02
3.216699698567000026e-02
2.828075600626400038e-02
2.505514306765569896e-02
2.288716748670719878e-02
2.270293916109570112e-02
2.114342025191090144e-02
2.198106202901330131e-02
2.410571153592660013e-02
3.082523586126750120e-02
2.327089255083259964e-02
2.242145529840169904e-02
2.431877365710440053e-02
2.492759196064110033e-02
2.770340119060510017e-02
3.042180587886419985e-02
2.224779752323099991e-02
2.798038527686599886e-02
2.711144742579910116e-02
2.332343457385140095e-02
2.507548010271239830e-02
3.005381069299789890e-02
2.128251085565259840e-02
2.664853334483219954e-02
2.590360011100200158e-02
2.725590855739850119e-02
2.596796772622250032e-02
2.584105375328049972e-02
2.601841364383740071e-02
2.636575067557439880e-02
2.346973332839700013e-02
2.373907518079229964e-02
2.912215778491719989e-02
2.484873426435280086e-02
2.300255395162120048e-02
2.358524785337640095e-02
2.404521604684969893e-02
2.774209497337330049e-02
2.640990176782069890e-02
2.418676820748329875e-02
2.313738997699060079e-02
2.752180266104339856e-02
3.045546798890690077e-02
2.464354659739800141e-02
3.467265429412959982e-02
2.214467685003760136e-02
2.552399799186549911e-02
2.787021288593479959e-02
2.358631337765070002e-02
3.026799965860150002e-02
2.542820076798419857e-02
2.472151728095309947e-02
2.855663714748640086e-02
2.598072672586520040e-02
2.597814876635609962e-02
2.797758416888819835e-02
2.826483273328140103e-02
2.906416495683050022e-02
2.624025285000399985e-02
2.981772374831680172e-02
2.324206132351780071e-02
2.186281422238939981e-02
2.731396061439140058e-02
3.312000488514219715e-02
2.966516481187269835e-02
2.334053531842989956e-02
2.514080481974759890e-02
2.797240179632570073e-02
3.074099154416060076e-02
2.218855663904839917e-02
3.082311558085900141e-02
2.812992007220909904e-02
2.810872633169880092e-02
2.310092569871790083e-02
2.881591510292729960e-02
3.224896484378150102e-02
2.439392212890960018e-02
2.319610370240869981e-02
2.707474895645210072e-02
2.302436865324379925e-02
2.780063457214580064e-02
2.154109073332690152e-02
2.736571356984139960e-02
2.251417124118930066e-02
2.722581281366459952e-02
2.952360109776519873e-02
2.164123715366540052e-02
2.768011023823789898e-02
2.893924305154900109e-02
2.920495700144380008e-02
3.455529720599870291e-02
3.058669040136149930e-02
3.500173205393999898e-02
2.772648286115610150e-02
2.874220695921499841e-02
2.460363744037399880e-02
2.556477938061790106e-02
3.079654216315999907e-02
2.775023017507730061e-02
3.153024311989909706e-02
2.500500644039200041e-02
2.003003875525490030e-02
3.367122887528289921e-02
2.594464580584019894e-02
2.431528831752120118e-02
2.252938745910679913e-02
2.529595091877200053e-02
2.672944072620970016e-02
2.279124867056630047e-02
2.928811618265059896e-02
2.636624252600560173e-02
2.624310884729449955e-02
2.446953955781620144e-02
2.088610499196399961e-02
2.560998014393400107e-02
2.890382337977729851e-02
2.209506052657799965e-02
2.457657119566309875e-02
2.749869718273039929e-02
2.195283497434979969e-02
2.330387674585100016e-02
2.263732587154360099e-02
2.319510278950310048e-02
2.004654449223880128e-02
2.778188444938550078e-02
2.275395387775929965e-02
3.317810181180869816e-02
3.674134409933559747e-02
2.419327911751570012e-02
2.558636953139480086e-02
3.148263789698620141e-02
3.047395332674709967e-02
2.362818725607010104e-02
2.778088042538329888e-02
2.252435330234400096e-02
2.672359119418820164e-02
2.414197465745170079e-02
2.257010800657039892e-02
1.936438660133970105e-02
2.160888143676229986e-02
3.393405837052739654e-02
2.305258194153389853e-02
2.960529763354280072e-02
3.459653739367250097e-02
2.672475883925249859e-02
2.645604496220560140e-02
2.412200580532089869e-02
2.543527977947630109e-02
3.227693473886310283e-02
2.630702990568530020e-02
2.707059491966979856e-02
3.148518743613030330e-02
2.448456596169880026e-02
2.247048140537200034e-02
2.361748780153699948e-02
2.423347708583020038e-02
2.564488094079990163e-02
3.026076074541809990e-02
2.582059954872729934e-02
3.178715067319180104e-02
1.977934493470320104e-02
2.341502096535480124e-02
2.479305675006529888e-02
2.785480348218540014e-02
2.009564067001910065e-02
3.434270473938259849e-02
2.593842891685840119e-02
2.121037140727000114e-02
2.864110268468459883e-02
2.900701879135650016e-02
2.640069973054530103e-02
3.018752696283310069e-02
2.636416938964960058e-02
2.388624208485790046e-02
2.503006836388239897e-02
2.264384633782120029e-02
3.329320989687899884e-02
2.142111033757020111e-02
3.030826522742499987e-02
2.312814430803560029e-02
2.482389724485590046e-02
3.396970196557389660e-02
2.880898542808450064e-02
2.847589888808260000e-02
1.910781865251289999e-02
2.222497072094980000e-02
2.375677385922329854e-02
1.899513298369299996e-02
2.449390775522489877e-02
2.482513009858899888e-02
2.881397406850779927e-02
2.793627277014239935e-02
2.364716998921079921e-02
2.334523686862460118e-02
2.730721840577009923e-02
3.241699138030310068e-02
3.102386915446580032e-02
2.922162906371689878e-02
2.476448002048000155e-02
2.526984669255449845e-02
2.305156556768240064e-02
3.334178522423270064e-02
2.119589049011030152e-02
2.480711480697569971e-02
3.129277318023870186e-02
2.619003835316989839e-02
2.589104246150879945e-02
2.136079254683119835e-02
2.368462716915410021e-02
2.142267416689440027e-02
3.293415602359370253e-02
2.307127573049670005e-02
2.346171337921830122e-02
2.448461867122399965e-02
2.800549172314959964e-02
2.720094832801819851e-02
2.557653842863059912e-02
2.294587866823030037e-02
3.685202694848450228e-02
2.283252486591659872e-02
2.340054979457169976e-02
3.180083661559320041e-02
2.623216777019949861e-02
3.076742963708519948e-02
2.742450449840070151e-02
2.721736332140359954e-02
2.463345941642609838e-02
2.659154071154220048e-02
3.430320764454519722e-02
4.373644876426550226e-02
3.216616815967990317e-02
2.731272176578599872e-02
3.250816189149190183e-02
2.472013254855010000e-02
2.486779644158200117e-02
2.527413014752770068e-02
2.294855682848069914e-02
3.279311181686909993e-02
2.603075196084799967e-02
3.040705451452260094e-02
3.126399735532899710e-02
3.730495173695440314e-02
2.290066372060819977e-02
3.560652291729329844e-02
2.387820134063569841e-02
3.263537530134619918e-02
2.876976162964490005e-02
2.758588441845749931e-02
2.909284314891899884e-02
2.456253213493849938e-02
2.505606954114019888e-02
3.249254844836319683e-02
2.306896003646100035e-02
2.276462091175910155e-02
2.448335751317949963e-02
2.611544209887040058e-02
2.027698054888750143e-02
2.374141507147780120e-02
2.304980266577240020e-02
3.330312508422050150e-02
2.283618748411690019e-02
2.596168276105489947e-02
3.112942872297139868e-02
2.139199607501119857e-02
2.407200908167159842e-02
2.406454538644680133e-02
2.640837311144730165e-02
2.232610436024089900e-02
2.384308509806000106e-02
2.738607221471790060e-02
2.980022118129270134e-02
2.355114899667919842e-02
2.321140804850339856e-02
3.644845824538189838e-02
2.312357695894029855e-02
2.496030405663619833e-02
2.553633604580020020e-02
2.411843012750659876e-02
3.130715719564210187e-02
2.378381450804410019e-02
2.993178086457539896e-02
2.919801189529740160e-02
2.571355407104480156e-02
2.898186729913159940e-02
3.200039644127160299e-02
2.467322204860139881e-02
3.196219259733110163e-02
2.443057249119059970e-02
3.929147535520090273e-02
2.542222108030709957e-02
3.449979951631199776e-02
2.204624389449070035e-02
2.717109829781049965e-02
3.417927543388869782e-02
3.208796308668160346e-02
2.829102501890989885e-02
2.904739931410769971e-02
2.414107426113689878e-02
3.723179858057760333e-02
2.215733516791940083e-02
2.796969266411699837e-02
2.720656942550789964e-02
2.136195712809629832e-02
2.843234649989019938e-02
2.465241771510580035e-02
3.093525303933350110e-02
2.550173898848619863e-02
2.459656427067469925e-02
3.111281281584339989e-02
3.363810849993879859e-02
2.703610768429429850e-02
3.725022796721579738e-02
2.479858663362409857e-02
