2.376209513303575299e-02
2.502937235446788672e-02
2.574691614929107419e-02
3.232032635429895467e-02
2.400002357398212799e-02
3.261050089263253099e-02
2.481007271436675918e-02
2.429197987281800364e-02
3.201834297413850422e-02
2.490132880189969977e-02
2.417794541838222400e-02
3.022362262700934235e-02
2.369568817306391684e-02
2.603709068762464704e-02
2.475140296446695296e-02
2.502937235446788672e-02
2.566149965045242190e-02
3.302786972799487408e-02
2.509169920629631539e-02
2.472262449223442890e-02
2.465447767569755796e-02
2.609760626252870946e-02
2.574691614929107419e-02
3.232361085439185155e-02
2.557186894155442577e-02
2.455690354373990872e-02
3.169248345615009732e-02
2.445957191031178021e-02
2.538353026045148467e-02
2.493974164556989059e-02
2.465447767569755796e-02
2.552177086776567794e-02
3.191589660462641753e-02
2.400774818123594181e-02
2.509169920629631539e-02
2.566149965045242190e-02
2.379660979608208896e-02
3.219627389768309894e-02
3.128376930864187888e-02
2.499550141311547569e-02
3.214527914656230972e-02
2.547891536431485734e-02
2.374157102671938316e-02
2.509169920629631539e-02
2.499550141311547569e-02
3.175851187849537682e-02
2.528660497168209315e-02
2.449204043541880135e-02
2.509169920629631539e-02
2.363495557974580261e-02
2.499550141311547569e-02
2.566825463812032540e-02
2.574691614929107419e-02
2.475140296446695296e-02
2.490132880189969977e-02
2.566149965045242190e-02
3.172082155755861360e-02
2.393058971505814328e-02
2.442873709206662414e-02
2.547891536431485734e-02
3.191589660462641753e-02
2.437369832270391834e-02
2.465447767569755796e-02
2.547891536431485734e-02
2.379660979608208896e-02
3.195694046545936862e-02
2.509169920629631539e-02
2.538353026045148467e-02
3.295573815037638327e-02
2.547891536431485734e-02
2.426708287573033779e-02
2.547891536431485734e-02
2.490132880189969977e-02
3.176853472105505005e-02
2.538353026045148467e-02
2.369568817306391684e-02
2.475140296446695296e-02
2.463987547722047700e-02
3.060064726153655795e-02
2.562286369267521499e-02
2.557413410618318214e-02
2.445957191031178021e-02
3.194537644561508405e-02
2.518903083972444390e-02
2.552177086776567794e-02
3.220416406227729483e-02
2.540496339164011186e-02
2.566149965045242190e-02
3.252000263442526157e-02
2.518903083972444390e-02
2.528660497168209315e-02
2.437369832270391834e-02
2.594659242941738109e-02
3.050769368429698952e-02
2.597205642815949081e-02
2.436337411713094050e-02
2.594659242941738109e-02
3.041230858043362031e-02
2.472262449223442890e-02
3.267101646753658994e-02
2.509169920629631539e-02
2.571060195339706228e-02
3.069027797043455408e-02
2.446191170076640956e-02
3.140782176525774155e-02
2.445957191031178021e-02
2.449556768420974029e-02
3.201834297413850422e-02
2.528660497168209315e-02
2.393058971505814328e-02
3.244212220352777482e-02
2.547891536431485734e-02
2.538353026045148467e-02
2.557413410618318214e-02
2.456271701104267499e-02
2.432781546904845202e-02
2.475140296446695296e-02
3.240066201703958176e-02
2.323843360456348192e-02
2.463987547722047700e-02
2.426920150591516459e-02
2.552177086776567794e-02
2.409049719624989372e-02
2.455690354373990872e-02
2.417794541838222400e-02
2.566149965045242190e-02
2.499550141311547569e-02
2.436337411713094050e-02
2.519512451604716610e-02
2.590220847325468839e-02
2.365985257683346846e-02
2.417794541838222400e-02
3.218004236995534312e-02
2.493974164556989059e-02
2.449204043541880135e-02
2.463987547722047700e-02
2.472262449223442890e-02
2.379660979608208896e-02
2.511478885330653901e-02
3.228401215840494276e-02
2.442873709206662414e-02
2.574691614929107419e-02
3.203888917155205823e-02
2.436337411713094050e-02
2.574691614929107419e-02
2.455690354373990872e-02
2.455690354373990872e-02
2.472262449223442890e-02
2.449204043541880135e-02
3.106586900760677922e-02
2.456271701104267499e-02
2.615389816375021312e-02
2.445957191031178021e-02
2.400774818123594181e-02
2.475140296446695296e-02
2.597521109497469283e-02
2.660733839095922801e-02
2.363495557974580261e-02
2.455690354373990872e-02
2.455690354373990872e-02
2.590220847325468839e-02
2.540496339164011186e-02
3.309254695899656318e-02
2.463987547722047700e-02
2.502937235446788672e-02
2.475140296446695296e-02
2.449204043541880135e-02
2.620626140216771385e-02
2.499550141311547569e-02
2.502937235446788672e-02
2.519512451604716610e-02
2.445957191031178021e-02
2.436337411713094050e-02
2.463987547722047700e-02
2.609760626252870946e-02
2.648758242637565957e-02
2.481007271436675918e-02
2.463987547722047700e-02
2.566149965045242190e-02
2.490132880189969977e-02
3.186001517668997363e-02
3.180999490754323616e-02
3.229647414022173563e-02
2.533992913217495563e-02
3.250755673904980048e-02
3.141110626535063149e-02
3.157819583668670937e-02
3.214527914656230972e-02
2.540496339164011186e-02
2.472262449223442890e-02
2.499550141311547569e-02
2.379660979608208896e-02
2.547891536431485734e-02
2.518903083972444390e-02
2.490132880189969977e-02
2.591729022072004548e-02
3.277967160717559780e-02
2.445957191031178021e-02
2.426920150591516459e-02
3.246041966301202453e-02
3.093678432213882099e-02
2.472262449223442890e-02
2.369568817306391684e-02
2.528660497168209315e-02
3.132240526641908579e-02
2.455690354373990872e-02
2.445957191031178021e-02
2.518903083972444390e-02
2.484678806833032216e-02
2.490132880189969977e-02
2.442873709206662414e-02
2.484678806833032216e-02
2.552177086776567794e-02
2.426920150591516459e-02
2.518903083972444390e-02
2.465447767569755796e-02
3.203888917155205823e-02
2.499550141311547569e-02
2.455690354373990872e-02
2.490132880189969977e-02
2.511478885330653901e-02
3.214527914656230972e-02
2.369568817306391684e-02
2.463987547722047700e-02
2.472262449223442890e-02
2.499550141311547569e-02
2.475140296446695296e-02
2.557186894155442577e-02
2.615389816375021312e-02
2.547891536431485734e-02
2.509169920629631539e-02
2.425401581950323640e-02
2.374157102671938316e-02
2.481007271436675918e-02
2.484678806833032216e-02
2.518903083972444390e-02
3.112638458251084511e-02
2.456271701104267499e-02
2.465447767569755796e-02
2.378760311189293333e-02
2.566149965045242190e-02
3.176853472105505005e-02
2.456271701104267499e-02
3.190993211636200533e-02
2.374157102671938316e-02
2.437369832270391834e-02
2.374157102671938316e-02
3.235294885354314531e-02
2.590220847325468839e-02
3.247418249617234354e-02
2.538353026045148467e-02
3.312027025795301338e-02
2.374157102671938316e-02
2.425401581950323640e-02
2.590220847325468839e-02
2.547891536431485734e-02
2.426708287573033779e-02
3.269178686141784723e-02
2.528660497168209315e-02
2.566149965045242190e-02
2.518903083972444390e-02
3.166510941130419587e-02
2.509169920629631539e-02
2.509169920629631539e-02
2.499550141311547569e-02
2.484678806833032216e-02
2.538353026045148467e-02
3.191333933718283611e-02
2.429197987281800364e-02
2.429197987281800364e-02
2.490132880189969977e-02
2.493974164556989059e-02
2.437369832270391834e-02
3.176244104473232438e-02
3.242886533539900834e-02
2.538353026045148467e-02
2.475140296446695296e-02
2.557186894155442577e-02
3.132240526641908579e-02
2.547891536431485734e-02
2.528660497168209315e-02
2.455690354373990872e-02
2.475140296446695296e-02
3.132481316947483690e-02
3.093678432213882099e-02
3.246041966301202453e-02
3.290805943652772014e-02
3.094751058764876050e-02
2.499550141311547569e-02
2.481007271436675918e-02
2.426920150591516459e-02
2.481007271436675918e-02
2.417444636772807590e-02
2.437369832270391834e-02
2.547891536431485734e-02
2.509169920629631539e-02
3.218004236995534312e-02
2.475140296446695296e-02
2.475140296446695296e-02
3.272730836875809707e-02
3.195694046545936862e-02
2.465447767569755796e-02
2.379660979608208896e-02
2.547891536431485734e-02
3.176244104473232438e-02
2.484678806833032216e-02
3.269178686141784723e-02
2.527008117727015321e-02
2.484678806833032216e-02
2.547891536431485734e-02
2.603709068762464704e-02
3.176853472105505005e-02
3.176244104473232438e-02
2.433762948500716936e-02
2.472262449223442890e-02
3.214527914656230972e-02
2.400774818123594181e-02
2.409049719624989372e-02
