3.115445697655999917e-03
1.777147787834199976e-03
3.678760635183800191e-03
2.519558897807399906e-03
4.306304702007600002e-03
3.388280227876900100e-03
3.226231733144300021e-03
2.124614009433900205e-03
1.850389400980100062e-03
2.340363574085100023e-03
3.421088362562100214e-03
3.042737941648700206e-03
3.492345162105500028e-03
3.458435256913299817e-03
4.980806492905200111e-03
1.618584120315100065e-03
3.530398131357800201e-03
3.011610478293999960e-03
1.933181518425200083e-03
2.305270616031199898e-03
3.169571502609499960e-03
3.286568422072900196e-03
3.785935208961700195e-03
-6.001124177495000076e-04
1.153303283593500083e-03
2.544074776628399946e-03
3.220524107843399791e-03
1.894766773748399972e-03
2.103525084470499792e-03
1.451073428130400045e-03
1.480164897539300002e-03
3.403529016158399895e-03
5.531234428406599582e-03
3.771100183592500030e-03
1.506110544565799963e-03
3.901753666485100174e-03
3.763035276205800063e-03
4.409055520088800417e-03
3.724271371000299844e-03
5.033773813167300056e-03
2.961456930667499994e-03
3.094346289675299795e-03
1.713286238248900055e-03
3.511303090377300169e-03
3.193174075484900027e-03
3.040995328053000026e-03
1.350434476792300052e-03
5.625815585298499927e-03
7.850586092647000424e-04
3.424380290545699784e-03
1.324402319934500031e-03
3.783764506972099942e-03
3.219656256564000073e-03
3.591962072238500097e-03
2.050378425382299967e-03
2.623380264849200106e-03
3.238297649493899859e-03
3.635471519865499969e-03
2.301179144828999906e-03
2.308977840179699936e-03
1.308463213722200038e-03
3.243051154661399840e-03
3.480562914262699814e-03
8.299743231035000427e-04
1.847614228846000066e-04
1.910978366003600066e-03
1.963650618596100069e-03
3.705461480755499817e-03
2.271659220628499936e-03
2.735819689813599916e-03
2.530891031274299947e-03
4.018005937556100304e-03
3.345778494586100146e-03
3.447185755297599817e-03
3.594481593121699823e-03
3.453531447158100180e-03
2.558159577575100114e-03
1.802343611339000018e-04
2.156016171572499879e-03
4.265794939679499846e-03
1.842809285515100001e-03
2.471860363641800035e-03
4.055921840538399825e-03
2.848370473373300002e-03
1.997866229693199842e-03
2.818021580740100087e-03
4.534525267233600020e-03
2.063630820678600056e-03
7.708540235947000489e-04
3.526412906859100003e-03
3.491325230719100059e-03
3.858422447448100080e-03
3.709315953950500112e-03
2.603743407412800054e-03
3.201804344642900091e-03
3.252214592533199822e-03
2.226352953218200138e-03
4.828558322422800420e-03
1.073755114730000045e-03
3.201324462585600217e-03
3.482339147946700124e-03
5.187483506100199621e-03
2.810658237938599979e-03
3.249819760458399955e-03
2.330503627770499908e-03
2.734251506054199889e-03
3.130984559718599878e-03
1.368292963254100084e-03
3.482339147946700124e-03
2.300412209703200060e-03
3.076393874338700148e-03
3.254053740645500032e-03
3.158780312322299888e-03
1.497014950822900085e-03
2.886297456688299932e-03
2.877072467884999891e-03
3.744863087600899809e-03
3.237518316842099859e-03
3.758118750806099979e-03
1.841906341307099912e-03
2.988121868441600149e-03
3.527326116480199950e-03
2.791040039343000052e-03
2.048728833905799976e-03
4.716975961293700011e-03
3.778277126851200141e-03
-1.527965248443900054e-03
4.681703998550099978e-03
3.288148016004000061e-03
4.066110994888500092e-03
3.357233119230600051e-03
2.175969478430699825e-03
3.631961384851500017e-03
1.701112589503800008e-03
2.219870245705999907e-03
3.171113588513400049e-03
3.763839267698999846e-03
2.246511929641299785e-03
2.944524659383199964e-03
2.527703571940200129e-03
2.855995909447899862e-03
2.231479088088000082e-04
1.104197270529099894e-03
4.003489726856699661e-03
4.112511350225899615e-03
1.504387012001999913e-03
4.655890184883399591e-03
2.860095179779100025e-03
1.124161236365800020e-03
2.727646542654700058e-03
4.622026609666999609e-03
4.717139800780000003e-04
2.574830648964300008e-03
1.869884692462499927e-03
2.896272908969300085e-03
1.600169737380099932e-03
6.590071065601999824e-04
4.399460998449100310e-03
9.734124539590000534e-04
6.041499340325999674e-04
2.886372495801300085e-03
3.608908578271099923e-03
1.665073595869300069e-03
2.280200635497399951e-03
2.391676856945600116e-03
1.513594531226000088e-03
3.601921435164199929e-03
5.025995134784200409e-03
3.819103690979599834e-03
2.709843861747700082e-03
2.738143220266300165e-03
3.081280181863499997e-03
1.240879026772199979e-03
3.076127100081100206e-03
3.652161382871999852e-03
2.016639683746500149e-03
2.913502080573900088e-03
1.574751291833599923e-03
2.783380956639800157e-03
1.935302455136100105e-03
1.430960311039000004e-04
3.378155012440900180e-03
7.570967453535999833e-04
2.144677235390799949e-03
1.392828772021800039e-03
2.192777547367900058e-03
2.804644866096200201e-03
-6.005962903585237989e-05
3.200115722918000106e-03
2.858841382079800077e-03
5.784776054294300113e-03
2.098476819091199975e-03
3.358140052437899852e-03
2.436997722698599957e-03
2.818021580740100087e-03
4.564065872710500182e-03
8.575058061167999904e-04
1.345709403428100009e-03
2.157689586704779678e-05
3.671596974884899865e-03
3.213029141766899927e-03
2.915822781172299795e-03
3.414533400157600176e-03
3.126006505207700077e-03
5.313306725606200404e-03
1.661048008573900092e-03
3.744863087600899809e-03
2.793510452819799803e-03
6.008329622189299835e-03
3.731990784852800072e-03
6.956421984429300188e-03
3.470892926915099957e-03
2.988931173883799947e-03
2.152532105876499811e-03
2.464274673926499914e-03
3.822685125697699790e-03
3.596203336805700156e-03
2.302793257622700110e-03
3.538037164675400005e-03
3.536110421895299807e-03
2.554293872071899951e-03
3.200355343010899845e-03
3.646791789325499848e-03
3.446087390859000135e-03
3.831031591512100085e-03
1.713107786143000045e-03
4.708203733925399835e-03
3.031025017628400167e-03
3.509980463988799856e-03
1.380711253185000053e-03
2.034206117363500203e-03
1.904658337105900098e-03
1.182820511460600009e-03
3.657593069791000018e-03
3.140641053511800031e-03
1.851782421308200083e-03
3.140438331055300097e-03
3.102013169297999917e-03
2.786070583173200135e-03
3.722604198533899841e-03
3.756300140988700059e-03
2.669787652722600216e-03
1.940917617287899952e-03
1.914204366962099892e-03
2.989444638913900040e-03
1.867301184187899988e-03
3.879229481469000183e-03
3.335838642434999987e-03
2.711563235467900120e-03
2.304683429249599919e-03
2.833556398881300047e-03
3.261585828708099977e-03
2.754805337080500158e-03
2.042274853755800170e-03
2.224126679352100063e-03
1.508367240429000101e-03
3.171113588513400049e-03
2.131027664775100167e-03
4.995514587775499657e-03
1.139696034838100008e-03
3.185026529607799979e-03
3.555109144609899883e-03
3.541199273672200002e-03
3.009403511240199818e-03
3.703626201449300177e-03
4.106985673932600327e-03
1.855510153182900060e-03
2.505098125344200170e-03
1.886484900784600027e-03
3.569156088222300103e-03
3.243617027673300138e-03
2.957329388457899822e-03
3.211952819937399783e-03
3.185517094247500118e-03
2.938794514728800163e-03
3.586240494290000077e-03
8.446421991913999686e-04
2.846967653415400073e-03
2.103702681441700206e-03
2.157985614824700117e-03
3.090362322595600116e-03
3.772537422545299817e-03
1.684397651211899964e-03
9.325262545957999907e-04
3.324014640605000171e-03
1.511021378599900107e-03
1.691246779321600073e-03
3.096673775192199801e-03
2.069141596410300089e-03
2.699655932712000106e-03
3.189244310566399787e-03
1.384296169706899929e-03
3.045915043422899992e-03
5.193777180100600348e-03
3.598608398600699858e-03
3.636837625135400012e-03
2.857948520922499926e-03
1.386307115438499939e-03
2.188902606517700161e-03
1.386661830189599978e-03
1.955725202016500054e-03
2.214701663700799957e-03
3.610597510194599787e-03
3.196001401674899902e-03
3.543499948596900116e-03
3.712608112479900014e-03
3.153256627100200007e-03
3.182704941118399966e-03
3.392016818939999883e-03
2.907082358547800026e-03
3.263961137035799927e-03
2.515901805985799877e-03
1.733237233748600005e-03
3.818250576642900126e-03
3.076720031740799895e-03
4.272709811407899606e-03
1.727769352392500039e-03
2.980672310527299803e-03
3.005756019373700180e-03
4.163893733869500000e-03
2.870799160697099991e-03
2.507635910362699967e-03
2.895062376315199817e-03
3.578670933743300069e-03
2.390092698904000123e-03
2.223025450747899943e-03
3.285786702261699922e-03
1.748553347128800010e-03
3.842042615581500210e-03
2.423828965544800196e-03
3.590529256773100034e-03
3.973247620694599948e-03
2.186759950067200184e-03
3.787762894695399871e-03
2.907247084473799873e-03
7.288978359249999534e-04
2.830684747470199863e-03
1.500959775890000041e-04
1.238714347307399988e-03
1.587034623358200098e-03
2.778121367488299923e-03
1.452015044602000067e-04
3.461874258085499787e-03
3.351276103914800197e-03
2.996000083798999822e-03
3.464827766638900117e-03
4.515470921188500207e-03
5.336703788074749488e-05
2.918106507153699850e-03
3.336704940659000144e-03
3.177804155435799867e-03
3.185517094247500118e-03
3.478643848289400108e-03
3.657287544966200156e-03
7.011958505786999732e-04
2.457169299490000007e-03
3.978443017537500008e-03
1.519723334145699992e-03
1.429998006170800015e-03
2.653274743197499806e-03
2.793933810826600053e-03
3.846221420003799896e-03
6.104603204722399735e-03
2.580722326961899966e-03
2.455840398721000160e-03
5.522343860578000224e-03
3.429764682900300187e-03
1.269560456745699945e-03
3.792999251348599943e-03
1.400850790331799930e-03
3.162785643711299964e-03
2.515980215820399872e-03
7.658683731043000121e-04
4.145046784706199645e-03
3.051145811443800072e-03
1.095504778773399900e-03
3.827753389946500148e-03
6.186909041866999869e-04
7.076601807194199574e-03
2.134128565665899865e-03
3.502618512845299958e-03
1.824525338070699925e-03
3.085330285769000104e-04
1.933177892645399987e-03
2.443300827766300195e-03
2.948951232338199897e-03
2.871467510548399941e-03
3.860216609796600015e-03
3.336365561258000136e-03
3.645533738888299784e-03
3.857068277608199838e-03
2.298980928882800052e-03
9.733903723665000233e-04
2.564125654442200083e-03
4.223586137747000098e-03
2.708293347920099920e-03
2.789998952003600215e-03
3.704483080376299968e-03
3.907741740328899913e-03
3.302441077328500084e-03
4.262060750205299599e-03
2.764569411779899816e-03
2.068556582255499932e-03
4.507232851822699955e-03
4.038428025596300409e-03
2.936746032471600123e-03
3.432105064706000071e-03
2.967678980861599911e-03
8.308008761832999869e-04
2.177778314491899975e-03
3.078790978028499853e-03
2.879560060947600024e-03
3.760311370908700143e-03
2.594351748424499841e-03
2.121572544469499822e-03
6.353176163785999829e-03
-2.000077811446999878e-04
4.174559790223100059e-03
3.923875099608099826e-03
3.749269015212300122e-03
3.135757563302899852e-03
3.742801956294500212e-03
2.831448362475800107e-03
2.490074752284999809e-04
3.223781918683599895e-03
2.620462910321800197e-03
1.301760845831799896e-03
3.117619013356299866e-03
9.112147885819999729e-04
3.017957163307499833e-03
1.027488667815900031e-03
4.653958914620799810e-03
3.395001907419000105e-03
3.369503812422999789e-03
3.400373093642699868e-03
1.166760865633599932e-03
2.968292591700200100e-03
3.043470303382500054e-03
3.490914044219899787e-03
3.105974718103299975e-03
1.380753214628099987e-03
3.680986398423099874e-03
3.369503812422999789e-03
3.299947694871100019e-03
8.397019545402999814e-04
3.182704941118399966e-03
1.955260206396599795e-03
3.923568625803400094e-03
4.070548187595400373e-03
2.988931173883799947e-03
1.106350168572400048e-03
2.535386116623899923e-03
3.011988453079299938e-03
3.061515309766599854e-03
1.786228209813100001e-03
4.511725184073499782e-03
2.735981232667100173e-03
2.359483278407300145e-03
2.931675116451200151e-03
3.243154620041000143e-03
1.748444035846400107e-03
8.321724144731999567e-04
3.515364173146500164e-03
2.932509507823599822e-03
2.855995909447899862e-03
3.562533050737099957e-03
2.981692579821800144e-03
2.170845775616000051e-03
2.179958357564700140e-03
3.607798161466300134e-03
3.693135817527299931e-03
5.436195010833500332e-03
3.669811068114499971e-03
1.189209860708400051e-03
2.252397981848200132e-03
1.186717829496500027e-03
2.932592903033999932e-03
1.992798570748500163e-03
6.247535330390000105e-04
2.770441242447999834e-03
2.719449423797999817e-03
3.112052392330200146e-03
2.350423974032800085e-03
2.804878075922400110e-03
3.703396370749199862e-03
1.659688601560199966e-03
3.631961384851500017e-03
3.739306262759100035e-03
4.435997022118299930e-03
3.088202241869899937e-03
3.481082602238100027e-03
1.299670138577499901e-03
4.432439952353099850e-03
1.688963968558199929e-03
3.211952819937399783e-03
3.112052392330200146e-03
4.495134937501000030e-03
2.942872915219899889e-03
3.037932387154699924e-03
3.505964417362400151e-03
3.200355343010899845e-03
2.361287952645699847e-03
3.896891871808899795e-03
3.881432104673000066e-03
3.050100452494200129e-03
2.991763263781499829e-03
3.027431921006899784e-03
3.277408470004500047e-03
2.333966811807600128e-03
1.105666682328199958e-03
3.418970074047400064e-03
4.460379851657200051e-03
3.078790978028499853e-03
2.174376395799400199e-03
3.905137061285300117e-03
2.777883401405500073e-03
3.766715154307499844e-03
3.622256811437100151e-03
2.865474272790699984e-03
2.877531953950700130e-03
3.222227245807100186e-03
2.992559172117500044e-03
4.551579370309999720e-03
4.156355926060099730e-03
2.754180229379699866e-03
3.621979779554999977e-03
5.192111126533800053e-03
7.170263939751999596e-04
2.680370244989099815e-03
1.226465923878499896e-03
2.899043637665799956e-03
1.473618919772099953e-03
2.216985754933599884e-03
3.390061180656899799e-03
3.481082602238100027e-03
3.646775731199800030e-03
3.277408470004500047e-03
3.005752542178199895e-03
3.284504814394100056e-03
3.018288431202699896e-03
2.015834577878100175e-03
3.715261534445700019e-03
3.169163447490899819e-03
1.684412133915200041e-03
3.059006977959799912e-03
2.980159297290199856e-03
2.075220110300000052e-03
2.991851588113300046e-03
1.799381241936400021e-03
2.935807015772699900e-03
2.626156817796899794e-03
1.176013255627499912e-03
3.135495135574700200e-03
3.853460685141400170e-03
4.660518057894799844e-03
4.447172776889199777e-03
9.917998641867000875e-04
2.072594339047200123e-03
3.201525279057600148e-03
2.727646542654700058e-03
1.956828970421699895e-03
3.161169117754299932e-03
3.433453542763499882e-03
2.435265994108000171e-03
7.223818583094999924e-04
3.857912485155000175e-03
6.485261857632000334e-04
2.101920199345299993e-03
2.810884016171499942e-03
4.586501705188500248e-03
7.549654404352000494e-04
2.686191725738900065e-03
1.955991163016299918e-03
2.167681745270000088e-03
2.962565147558800151e-03
3.907284447111999785e-03
2.145971688973500203e-03
1.311336004030600041e-03
1.708402311306799924e-03
1.659487166640999899e-03
2.966962232418499882e-03
5.987227381172900015e-03
1.743041418670799930e-03
2.040029786628999846e-03
1.902984810769100003e-03
1.139171432291899997e-03
2.605300786497300077e-03
2.411482939410200185e-03
2.774228589884400117e-03
3.204560189443800017e-03
2.248267737049499965e-03
4.599863708511600126e-03
1.803483166104400022e-03
3.365200571255199877e-03
3.443887587310200116e-03
2.805170785146100104e-03
3.718888694616000190e-03
5.085890843695199670e-03
2.830223635785499969e-03
2.854073014642900114e-03
2.878372806733500017e-03
4.587878319207499937e-03
3.031509802389799942e-03
3.940699550063700082e-03
1.433727797703499918e-03
5.097994481693199874e-03
2.966962232418499882e-03
2.802760130307700021e-03
3.145554352593399848e-03
2.747690258934400078e-03
1.974864880918900112e-03
3.321001647542799837e-03
3.115372956402500098e-03
2.865390022150699888e-03
3.177750936872700098e-03
1.907064835381899921e-03
3.029714765338999832e-03
4.538897196750399897e-03
1.285676850908000013e-03
1.495758054955400066e-03
3.381363639635100171e-03
3.184648868327000139e-03
3.383468365405900135e-03
1.659544763568199981e-03
2.554521968696100032e-03
1.271057220839400068e-03
3.310724457893500158e-03
-7.808485214270999590e-04
1.356479379822600083e-03
2.172201991296000053e-03
2.891557566255400103e-03
2.307612720224199842e-03
4.401910304784100066e-03
1.525610267245400015e-03
3.666833950298500032e-03
3.161169117754299932e-03
2.850139268069100135e-03
5.884691437017799606e-03
1.771115622857800031e-03
1.864753214506600009e-03
4.240583402148200183e-03
1.634008235099100072e-03
1.545334379020899939e-03
2.877531953950700130e-03
1.843626584331800079e-03
1.550076199354499980e-03
3.760126959193000121e-03
3.811376906177700152e-03
2.269548245291299997e-03
1.752395661919500022e-03
3.526162856424399934e-03
4.220209068309500357e-03
3.145588061793199840e-03
1.920986007833100015e-03
2.696246933664300186e-03
3.685929498035500108e-03
3.207445175031600065e-03
9.251124475101999735e-04
5.713588035330299797e-03
5.108667867732200225e-03
1.484430247175300100e-03
2.968292591700200100e-03
2.531135633099299877e-03
1.924202162554000065e-03
3.816066025431700051e-03
4.033881721060299588e-03
1.382808475816099973e-03
1.315695944365699978e-03
2.504098427949799904e-03
2.759586737228199999e-03
3.449739634544700048e-03
2.234286396170699802e-03
3.091550731585099993e-03
5.387388672380500135e-03
2.594925321875100020e-03
3.864804786287400103e-03
9.933438053282999704e-04
3.249819760458399955e-03
2.929717653366999911e-03
1.146875602363999934e-03
1.168713063725999998e-03
2.129051602137799985e-03
2.389648875597000092e-04
3.183807594115500156e-03
4.099367446544600370e-03
2.772966099018100115e-03
3.547678762818699989e-03
7.831620370695000378e-04
4.352473084379300354e-03
7.864566244122000527e-04
7.857346125756999727e-04
2.205440485212100017e-03
1.263026247561000012e-04
2.655845220230699990e-03
9.568810998607999970e-04
3.712044027732299811e-03
3.511445177261800048e-03
3.782175130873600185e-03
3.754265058125400012e-03
5.405216306457999616e-03
2.614776492237699899e-03
1.655426803460999978e-03
3.495023547374200099e-03
1.366747792765899989e-03
1.228391458892299929e-03
2.337345858847600030e-03
3.139863707767000071e-03
3.256484144485300054e-03
2.470828798300699850e-03
3.201525279057600148e-03
3.547678762818699989e-03
3.405831071556599844e-03
3.035265241382600204e-03
1.635476911455600087e-03
3.886678379603799964e-03
2.973423944930100090e-03
1.636578781522099934e-03
1.356651994930499917e-03
2.157638914267000078e-04
4.569888628243899860e-03
3.303574581336499866e-03
1.818362866036800016e-03
2.230376245769100010e-03
2.317102447798700168e-03
2.992559172117500044e-03
1.907229766704000070e-03
2.727291681124999895e-03
3.220863414157699913e-03
2.754809581273999844e-03
2.342552154578899943e-03
3.805249812455300217e-03
-3.260641353518999768e-04
3.241221582656399983e-03
1.754427468951799945e-03
2.296801441261200113e-03
1.178461314534799903e-03
3.857778675840600139e-03
2.956188212781099816e-03
4.672495119327000138e-03
1.381194966196600026e-03
4.193941564518200056e-03
2.530781646658499928e-03
1.821505625061399947e-03
1.581516598960999980e-03
4.095477706475600388e-03
1.013768847323599917e-03
1.769105216896799983e-03
3.961962627637900282e-03
9.084737460423000137e-04
3.262888228526899907e-03
3.336458443196800051e-03
1.330542877318600025e-03
4.150620958551299797e-03
3.094346289675299795e-03
2.147886144074100199e-03
2.467104943711100062e-03
3.678310177921000155e-03
3.020095417779400035e-03
3.102243621029500149e-03
3.335838642434999987e-03
4.385468469356799959e-03
-2.477119313575200377e-05
1.249642045862300096e-03
3.939966391004899940e-03
2.938794514728800163e-03
5.258383186385199963e-03
1.469349830218899923e-03
1.789111600391700028e-03
4.383105873357400276e-03
3.480931712393000102e-03
3.517997897869299881e-03
9.319203344048999655e-04
3.040958327993999871e-03
4.245654598883999973e-04
3.359973560683599848e-03
1.577517704335300005e-03
3.930723783823700072e-03
1.753535560809799934e-03
7.512282889646000215e-04
4.163857309629299605e-03
3.247479508802400116e-03
1.902011886222799899e-03
2.828518546897900148e-03
4.559453054498299740e-03
7.309381809802999608e-04
4.646002079367599936e-03
3.080120210915900190e-03
7.458876553828999506e-04
3.413551973652000082e-03
4.054740425918099654e-03
3.718119878824600096e-03
-1.392743378673200107e-03
3.043470303382500054e-03
2.253480493803999840e-03
3.594909290173899964e-03
9.459032511677000279e-04
2.546553742147900003e-03
4.968037120664599640e-03
1.690247161574799954e-03
2.373629889316799819e-03
8.569841089883999900e-04
2.728173578519899924e-03
1.439217597172600012e-03
2.038789223648300019e-03
3.551630563769400152e-03
3.230414637137100052e-03
3.302683806346900109e-03
1.365136525855400107e-03
2.116414071942700117e-03
2.215631759343600175e-03
3.930592941255899725e-03
7.702599159336000418e-04
3.892360448401100195e-03
3.116350131019400126e-03
3.284705620576399906e-03
2.839769901234699950e-03
3.284504814394100056e-03
3.431755822462999924e-03
7.375587205052999825e-04
3.509105061420300046e-03
3.409037694872300069e-03
1.785712807721699918e-03
3.543233864442800127e-03
1.924897700698700084e-03
1.911525301415099984e-03
4.177853009386499859e-03
2.982957513433700126e-03
3.288148016004000061e-03
3.460485903062699830e-03
2.175210254102499796e-03
1.727227424306299964e-03
5.919989008682099811e-03
4.580049466192000034e-03
2.512325540384499883e-03
3.169571502609499960e-03
3.568693348722599794e-03
2.266555782510199825e-03
-2.215585117370999968e-04
2.387127146753399969e-03
5.024662940988599592e-03
2.450240150325700035e-03
2.806239685068199954e-03
3.697821714040600092e-03
2.895042060249600029e-03
2.750004675125200006e-03
4.640176416818800158e-03
1.533993116939499956e-03
1.227058733756500059e-03
1.597428484351799899e-03
3.368657179371600200e-03
1.795647086184600080e-03
1.813364306569399892e-03
2.674202905446899838e-03
2.999700491524800137e-03
3.052892141245499864e-03
2.460164492284499984e-03
1.309923738836300030e-03
3.336365561258000136e-03
7.987033597185999589e-04
4.092601614842800335e-03
1.542546037547200049e-03
5.803179075464999807e-04
3.391709228066999877e-03
2.808645603450299951e-03
4.020681580688600411e-03
1.867975035470199928e-03
9.022565687791000337e-04
3.236409524280199970e-03
5.348190759155600424e-03
1.606306291195899912e-03
3.807937687000299918e-03
3.078906688951500194e-03
1.261548880061100089e-03
3.133526851510699818e-03
2.542724222225799940e-03
2.299617509376800182e-03
3.264529480039699786e-03
2.898803963682999862e-03
3.795644950608200157e-03
1.160092715334499905e-03
3.242308771778700145e-03
1.502435389710299937e-03
6.538221681525000373e-04
2.402589823861199861e-03
3.656738810186199902e-03
2.555950286751099837e-03
3.702830317561899790e-03
3.200115722918000106e-03
1.459918693067799918e-03
1.191122844591699934e-03
2.805170785146100104e-03
2.117466584347000181e-03
3.792749398571400050e-03
1.516144741297099962e-03
3.001231163358699869e-03
5.054711296519400106e-03
2.397219121789299912e-03
3.666703816594499808e-03
3.239770371554700091e-03
2.115967667454300011e-03
3.080812084040699794e-03
3.909136144045100188e-03
3.247479508802400116e-03
1.106659021349499930e-03
3.193733972111399873e-03
1.532054410963700061e-03
2.311902504846400155e-03
4.598148134456300079e-03
1.006819025657999973e-03
8.261048662942000343e-04
7.221710315188999791e-04
2.415977756559000052e-03
1.541150780158299970e-03
2.626155280379599988e-03
3.266388672632200216e-03
3.073343998669199936e-03
2.367363391420200004e-03
4.427893605276500381e-03
3.107691268405200075e-03
2.517994214141100213e-03
2.970783961519200041e-03
1.590240980204999993e-03
9.116132359556000306e-04
5.372117301684900190e-03
3.611480401973699798e-03
2.834044325863999819e-03
3.076435829688400209e-03
3.522190850810600054e-03
8.388705764116999699e-04
3.015429239833999908e-03
1.080420085792599925e-03
3.890037583992899881e-03
2.953341903991099811e-03
2.190820229221200188e-03
1.281216368300899930e-03
3.917083512551699891e-03
6.215787291343400321e-03
2.708293347920099920e-03
3.509558098894399909e-03
-9.249007059219999842e-04
5.549245622585800147e-03
2.640140349841600155e-03
8.916864149404000062e-04
6.106500504357000123e-04
1.858131184652999984e-03
2.695879649691200128e-03
2.774228589884400117e-03
6.219472840947999582e-04
2.181978557160299884e-03
3.040995328053000026e-03
1.909511100610300060e-03
4.133168656900600320e-03
4.217063718474200334e-03
-6.710347370422999535e-04
2.562444746269799956e-03
1.283782783206100040e-03
2.424598503148999926e-03
2.718228905197699833e-03
2.820571754977599984e-03
3.681386240138700191e-03
3.194454396470400130e-03
3.567082017418100014e-03
3.313118929359200153e-03
1.657425668048299969e-03
2.886603635296000007e-03
3.403361474220299894e-03
2.942872915219899889e-03
2.788110311919500105e-03
1.814838110674300061e-03
3.438617631475300151e-03
1.686438385908300064e-03
3.971981530404800238e-03
2.665361909299899905e-03
2.434966301818000060e-03
1.976784473552499824e-03
3.041581703092799925e-03
3.153099023068700081e-03
1.274314163494499972e-03
1.206000951287400022e-03
2.728860501460499913e-03
1.765697722503199946e-03
3.362266206524499798e-03
2.332089977315800200e-03
3.769446103667899867e-03
2.174551742594699969e-03
2.805355024584000245e-04
3.890389110762599786e-03
1.294829859792900016e-03
2.772966099018100115e-03
8.103124765036000222e-04
2.239468351820600098e-03
1.354535061814200053e-03
2.700646226556400065e-03
2.485874632680999934e-03
3.381871618699100034e-03
3.912095175061500001e-03
3.532922702086600201e-03
2.797994791518499877e-03
2.929717653366999911e-03
2.996381051134899918e-03
2.567105762682099848e-03
3.318349129672000086e-03
3.688747336495400153e-03
4.065102270438000244e-03
3.417877358486000154e-03
3.607670438907500075e-03
3.381871618699100034e-03
1.343017481759199976e-03
4.259333100480799592e-03
7.753921854979999549e-04
1.142739350951999921e-03
3.392508848928599968e-03
2.159885992729399830e-03
1.670120543886799945e-03
2.980396668691800022e-03
3.295627748863899902e-03
2.056284403886300075e-03
2.125830597150599795e-03
3.557204208522000023e-03
3.927255629402199785e-03
3.616661757236200141e-03
2.147876105993699880e-03
3.105974718103299975e-03
2.231604984754399865e-03
2.821946852938499867e-03
2.076885904654700212e-03
3.502769900551299959e-03
3.185739880154800103e-03
1.136898983711400000e-03
3.441324562136699981e-03
3.261464730696599958e-03
2.818399969239600115e-03
2.928359022959699850e-03
3.570049138535100110e-03
3.271618908151700117e-03
1.366070457154699991e-03
-2.679835999611000189e-04
3.105953351440000204e-03
1.107040830669899943e-03
2.983652182051100155e-03
2.397121142780100130e-03
5.484127636666500001e-03
4.962004631781299913e-03
2.944524659383199964e-03
3.254437480363100207e-03
2.948079375226900049e-03
3.696069050683200002e-03
3.060025166657899792e-03
3.750971459292499945e-03
3.663517941792599885e-03
3.087475755067899813e-03
2.831993738637000185e-03
3.135757563302899852e-03
3.625312947329800001e-03
3.355070900972599839e-03
3.413740069500399970e-03
3.892105952846400176e-03
8.372705837506000349e-04
3.447864335366999933e-03
2.095803667230799940e-03
4.885573998177600297e-03
3.140236766240000078e-03
3.214076037580899936e-03
3.435066930566700160e-03
2.522161584194299901e-03
2.989444638913900040e-03
2.834044325863999819e-03
5.484531635750899796e-03
1.717060250189299904e-03
3.549229606830199904e-03
1.616055506615299980e-03
5.593498230491799825e-03
2.234808921290399892e-03
1.689350886783800090e-03
1.491028266076999988e-03
3.229179986422000062e-03
6.549920152203600292e-03
1.081361216794599935e-03
2.776455351914499867e-03
2.738238084055300090e-03
3.733565946823799806e-03
2.152146487040599871e-03
2.960038045702200176e-03
1.238290729724300047e-03
4.418106770754300430e-03
1.978121906073400122e-03
9.709831633482999711e-04
1.469197072078600027e-03
1.097550844988000015e-04
1.386871405397799989e-03
2.714258188192300060e-03
2.135155516579000188e-03
1.303729843044299950e-03
1.645605656266699909e-03
3.178720678255999871e-03
2.406542803835099841e-03
2.769325613988400051e-03
1.469278752463599970e-03
3.520215521031500212e-03
8.087821701548000494e-04
2.990549754288199941e-03
3.934768055617400388e-03
3.053454213333499888e-03
3.976465381564499822e-03
3.315236861175999920e-03
2.279050892029599838e-03
3.584077645883899932e-03
2.745913284495300147e-03
6.841330600671000203e-04
3.258353352026900109e-03
1.329875880234099913e-03
2.555216663006999907e-03
2.326189368930700000e-03
3.276272998497200065e-03
4.572992969650100346e-03
2.614776492237699899e-03
1.140132642711699914e-03
4.830536733295900421e-03
-2.222191663614000057e-04
4.948198715495799767e-03
1.060736479875000037e-03
3.074667487293100080e-03
1.968975902014699891e-03
4.009545091049999781e-03
3.031835670847899886e-03
2.643314591979399868e-03
4.306250019615900232e-03
2.785827140932900167e-03
3.397704287485900192e-03
3.122190491481000051e-04
2.886066696964999776e-04
1.537273244636899955e-03
1.254626289145999900e-03
3.190656291321499957e-03
2.557803439955899823e-03
1.812112975930299952e-03
1.207823960271899987e-03
2.778121367488299923e-03
2.258328066526800113e-03
1.596151883834500025e-03
2.851268569657599856e-03
1.666946559231700107e-03
3.146582526205899798e-03
1.241938798430899894e-03
3.670199304844099907e-03
3.851007577582800205e-03
2.918106507153699850e-03
2.609952604810699805e-03
2.980815383090000201e-03
1.649042968310500011e-03
3.238258107192000003e-03
4.789964397555399912e-03
3.358380568134099881e-03
2.085819397737500094e-03
1.621343446725199934e-03
2.325143671254199795e-03
4.013130025393700333e-03
3.946923156432200278e-03
6.965796697026000297e-04
1.991431750952800048e-03
5.534449571044999794e-03
3.145625484271599801e-03
2.728173578519899924e-03
2.846994397639599893e-03
2.898435354968299967e-03
1.132165781712300007e-03
1.712508333351999877e-04
3.646866768170099922e-03
2.981692579821800144e-03
3.858843104628099843e-03
3.836351779149799798e-03
2.815185592467499970e-03
1.946494572240400033e-03
2.858534136059499853e-03
3.399056038147699969e-03
2.874912498592599799e-03
3.453774717635299876e-03
2.821558639825299999e-03
2.102073317289700032e-03
1.822016752267600079e-03
1.554561726174099896e-03
1.914592338080299983e-03
9.371701224609999730e-04
3.597682513022199859e-03
3.583124750959400164e-03
3.997769206025499587e-03
2.948951232338199897e-03
3.598992281871900029e-03
2.510246985626300026e-03
3.367980879202900173e-03
3.267387868867000118e-03
3.572471658815400044e-03
4.260817604007099621e-03
4.094385900375399970e-03
1.042495502584100042e-03
1.622539573819199938e-03
4.355573769245399754e-03
4.277628732327200083e-03
3.187614329785700123e-03
3.031025017628400167e-03
1.994253535250799930e-03
2.536334432377199914e-03
3.521671442979400213e-03
1.160681528429799913e-03
3.730544707950199899e-03
1.529689738756600040e-03
2.983652182051100155e-03
4.827512010112399582e-03
1.143598598070599999e-03
4.507657433130500199e-03
5.397260417699999667e-03
2.422399436795499936e-03
3.391225392916800106e-03
2.956188212781099816e-03
3.725227871462300118e-03
1.990311637533599947e-03
4.395211115970400380e-03
1.727069864821999950e-03
3.059006977959799912e-03
4.832743887694999994e-04
2.990555879643900031e-03
2.816792882283000168e-04
1.018702192749200083e-03
1.542829703983199978e-03
3.985442109565099679e-03
1.241969229269499972e-03
1.749500418244499984e-03
4.549540854617200279e-03
1.978485722311600168e-03
2.388903031071299993e-03
2.573811760465300174e-03
2.980159297290199856e-03
2.087321277006900112e-03
5.558737133971400173e-03
2.432621387158100112e-03
2.630566484306200159e-03
2.112689574149599885e-03
1.947205378963399970e-03
3.053061909725600116e-03
2.433635382154200177e-03
3.280508968795200000e-03
2.999700491524800137e-03
1.258435991902099975e-03
3.004595123028499810e-03
2.457119886376799879e-03
3.519593696026800111e-03
2.635968169591199842e-03
3.838863648654199882e-03
3.857190423364300139e-03
3.883319304036500063e-03
2.894409123073400127e-03
3.056632184089499819e-03
3.467436908186299991e-03
3.068517697861300204e-03
2.312971356829399833e-03
3.193733972111399873e-03
4.547410429172600230e-03
4.272618059740499602e-03
3.088010846728099935e-03
2.932592903033999932e-03
4.313265183574799613e-03
3.886669775677999844e-03
4.141810924356299946e-03
3.373600324311300074e-03
3.313118929359200153e-03
1.327926547486500035e-03
2.920070572072199812e-03
2.650518040120400202e-03
2.485149969363699852e-03
2.492302900054500173e-03
1.255782226394499927e-03
2.721123893138100141e-03
