2.405199073088427029e-03
2.288372648804412861e-03
3.228410320446224811e-03
3.733810435226545942e-03
3.243725090326063289e-03
3.282562059336224455e-03
3.291135062514406566e-03
3.745530795460943595e-03
2.629981428990635535e-03
3.700353790965824063e-03
2.629981428990635535e-03
3.460702342354721791e-03
1.109448896894985439e-03
1.260507958241595785e-03
2.629145568482657049e-03
3.380653134989048542e-03
3.703614770411080455e-03
1.567730319337395754e-03
2.288372648804412861e-03
3.380653134989048542e-03
2.629145568482657049e-03
2.629145568482657049e-03
3.291135062514406566e-03
3.648988094465156328e-03
3.703614770411080455e-03
1.873491265403897342e-03
2.831245382429389400e-03
2.733594176428143143e-03
3.674293338769228298e-03
3.745530795460943595e-03
2.629981428990635535e-03
3.669051176759111684e-03
2.394399128678167260e-03
2.629145568482657049e-03
3.243725090326063289e-03
2.979124970260314028e-03
2.629981428990635535e-03
3.271059508018645152e-03
2.394399128678167260e-03
3.193483856513160309e-03
1.888559009556204076e-03
3.070100414196780692e-03
2.394399128678167260e-03
2.979124970260314028e-03
3.128326369168583573e-03
3.250123181415820895e-03
1.661037219310091979e-03
2.733594176428143143e-03
3.285641115375926864e-03
2.748262328889429593e-03
1.504663330214914708e-03
1.964553010299931873e-03
1.709138024809942966e-03
2.629981428990635535e-03
2.920763454904031810e-03
2.733594176428143143e-03
2.170091748905618369e-03
3.703614770411080455e-03
3.705999517232533031e-03
3.674293338769228298e-03
3.176182434481389719e-03
3.742451739421241187e-03
3.128326369168583573e-03
1.791660897552002380e-03
2.629145568482657049e-03
3.291135062514406566e-03
2.979124970260314028e-03
2.629981428990635535e-03
3.591263781942464692e-03
3.285641115375926864e-03
1.603620720572723713e-03
3.240464110880807332e-03
1.720397638326612733e-03
1.819879511344206719e-03
3.291135062514406566e-03
1.504663330214914708e-03
2.748262328889429593e-03
1.614915372084805428e-03
2.394399128678167260e-03
3.149469668422802144e-03
2.170091748905618369e-03
3.609359348507819309e-03
2.049375059622573353e-03
3.705999517232533031e-03
1.129638652658285572e-03
1.260507958241595785e-03
2.733594176428143143e-03
1.413601585318880393e-03
2.629981428990635535e-03
3.176182434481389719e-03
3.070100414196780692e-03
3.291135062514406566e-03
3.759311765059830147e-03
1.603620720572723713e-03
3.563799067015100807e-03
2.865088753173443761e-03
1.791660897552002380e-03
3.669051176759111684e-03
1.603620720572723713e-03
3.764435844194922737e-03
3.176182434481389719e-03
3.380653134989048542e-03
3.176182434481389719e-03
2.748262328889429593e-03
1.331771217466985431e-03
2.979124970260314028e-03
2.733594176428143143e-03
1.331771217466985431e-03
2.920763454904031810e-03
1.504663330214914708e-03
3.264881777955957326e-03
2.629145568482657049e-03
2.831245382429389400e-03
3.529990094281797424e-03
3.278608770122907849e-03
3.529990094281797424e-03
3.093055182040682378e-03
3.674293338769228298e-03
3.000812662269704625e-03
2.629981428990635535e-03
2.170091748905618369e-03
3.291135062514406566e-03
2.170091748905618369e-03
3.102295824298433036e-03
3.609359348507819309e-03
3.636072114566406450e-03
1.709138024809942966e-03
3.759311765059830147e-03
2.629981428990635535e-03
2.831245382429389400e-03
2.629145568482657049e-03
3.705999517232533031e-03
3.674293338769228298e-03
2.063510400657740662e-03
3.193483856513160309e-03
3.264881777955957326e-03
2.831245382429389400e-03
3.282562059336224455e-03
2.519235290175297296e-03
3.070100414196780692e-03
3.149469668422802144e-03
3.724771458040974492e-03
2.865088753173443761e-03
3.214403658684211566e-03
3.193483856513160309e-03
2.831245382429389400e-03
3.000812662269704625e-03
2.051692104974409299e-03
2.629981428990635535e-03
3.291135062514406566e-03
3.193483856513160309e-03
2.748262328889429593e-03
3.119126132787308769e-03
2.394399128678167260e-03
2.865088753173443761e-03
3.286713862264028108e-03
2.170091748905618369e-03
2.865088753173443761e-03
1.819879511344206719e-03
1.413601585318880393e-03
2.748262328889429593e-03
3.102295824298433036e-03
1.709138024809942966e-03
2.831245382429389400e-03
2.733594176428143143e-03
3.089035248567673780e-03
1.964553010299931873e-03
1.934509448593150311e-03
3.128326369168583573e-03
2.629145568482657049e-03
3.730949188103661884e-03
2.920763454904031810e-03
3.380653134989048542e-03
2.051692104974409299e-03
3.193483856513160309e-03
3.609359348507819309e-03
1.413601585318880393e-03
1.413601585318880393e-03
3.102295824298433036e-03
3.209161496674094952e-03
3.575294151051337799e-03
3.529990094281797424e-03
3.460702342354721791e-03
3.128326369168583573e-03
3.089035248567673780e-03
2.629981428990635535e-03
2.629145568482657049e-03
1.934509448593150311e-03
3.460702342354721791e-03
3.380653134989048542e-03
2.979124970260314028e-03
2.288372648804412861e-03
3.291135062514406566e-03
3.128326369168583573e-03
2.920763454904031810e-03
2.279769191429223667e-03
2.629981428990635535e-03
2.831245382429389400e-03
3.688089664901345651e-03
2.169027704894959697e-03
1.600030381530961887e-03
3.146933751024366590e-03
2.629981428990635535e-03
2.865088753173443761e-03
3.688089664901345651e-03
3.087601677828430684e-03
2.279769191429223667e-03
2.394399128678167260e-03
2.051692104974409299e-03
2.170091748905618369e-03
2.733594176428143143e-03
2.519235290175297296e-03
2.051692104974409299e-03
2.511581785059426464e-03
2.063510400657740662e-03
1.720397638326612733e-03
2.733594176428143143e-03
2.405199073088427029e-03
3.562185504383450201e-03
1.720397638326612733e-03
1.964553010299931873e-03
3.214403658684211566e-03
3.291135062514406566e-03
3.547375955209358840e-03
1.569338576980002387e-03
2.629981428990635535e-03
2.629981428990635535e-03
2.629145568482657049e-03
2.733594176428143143e-03
1.331771217466985431e-03
2.519235290175297296e-03
2.629145568482657049e-03
3.380653134989048542e-03
2.865088753173443761e-03
2.051692104974409299e-03
3.529990094281797424e-03
3.264881777955957326e-03
2.979124970260314028e-03
2.405199073088427029e-03
2.288372648804412861e-03
3.102295824298433036e-03
2.511581785059426464e-03
2.511581785059426464e-03
3.000812662269704625e-03
3.764435844194922737e-03
2.629145568482657049e-03
2.920763454904031810e-03
2.170091748905618369e-03
3.291135062514406566e-03
3.738498450207924581e-03
2.629145568482657049e-03
2.629145568482657049e-03
1.934509448593150311e-03
3.128326369168583573e-03
2.831245382429389400e-03
1.260507958241595785e-03
2.629145568482657049e-03
3.264881777955957326e-03
2.279769191429223667e-03
2.629981428990635535e-03
3.291135062514406566e-03
3.181680761373221946e-03
2.865088753173443761e-03
2.394399128678167260e-03
2.979124970260314028e-03
2.169027704894959697e-03
2.629145568482657049e-03
3.070100414196780692e-03
2.831245382429389400e-03
2.519235290175297296e-03
3.193483856513160309e-03
3.628845802198387045e-03
1.260507958241595785e-03
3.291135062514406566e-03
1.201147539225075030e-03
2.979124970260314028e-03
2.169027704894959697e-03
3.137778334133087006e-03
3.282562059336224455e-03
3.119126132787308769e-03
1.709138024809942966e-03
2.748262328889429593e-03
3.282562059336224455e-03
1.413601585318880393e-03
2.279769191429223667e-03
2.288372648804412861e-03
2.629981428990635535e-03
3.193483856513160309e-03
2.629981428990635535e-03
3.563799067015100807e-03
1.614915372084805428e-03
3.089035248567673780e-03
2.279769191429223667e-03
3.193483856513160309e-03
2.748262328889429593e-03
3.070100414196780692e-03
3.176182434481389719e-03
3.089035248567673780e-03
2.733594176428143143e-03
3.278608770122907849e-03
2.063510400657740662e-03
3.291135062514406566e-03
3.102295824298433036e-03
2.169027704894959697e-03
1.201147539225075030e-03
1.873491265403897342e-03
1.764484603984492602e-03
2.511581785059426464e-03
3.460702342354721791e-03
2.629145568482657049e-03
1.331771217466985431e-03
3.703614770411080455e-03
2.051692104974409299e-03
2.169027704894959697e-03
1.934509448593150311e-03
3.380653134989048542e-03
1.764484603984492819e-03
3.089035248567673780e-03
