1.660201748620810658e-01
-3.613735073012001586e-01
-5.252081669549492349e-02
-5.929891176010864129e-01
-4.151304402046495506e-02
-1.855294733277286223e+00
2.384225912433819428e-01
-1.226096385838520847e-01
-1.543364607657959242e+00
2.470363171519180667e-01
-5.518132335221828111e-01
-5.895334903438032015e-01
-1.063147540717289952e-01
8.505910774323258705e-01
8.446831265015071200e-01
2.034739601825768851e+00
5.451829064660054236e-01
8.635057665470335930e-01
-8.079290047682138320e-01
-1.164241148694578953e+00
-3.230741228736263571e-01
-8.031198421096367168e-01
1.062411785031528000e+00
-3.605831259843673142e-01
6.226619850941303436e-02
1.554761699311039136e+00
-6.920976109072783482e-03
2.798223363273062703e-02
7.291053270673600872e-01
6.551399964097250894e-01
6.331227497984545649e-02
3.223162032979287606e-01
-5.515452427758799070e-01
8.813529871311138741e-01
-1.275713592813060737e+00
-1.160724556701537180e+00
9.072420954571042140e-01
2.203941507452401027e-01
5.376786920341888321e-01
3.028974024435350798e-01
-1.018825274651447010e+00
5.702790248374494109e-01
-2.663390350054285413e-02
-3.277689603840501231e-01
-4.141793312118622478e-02
-2.208046815264002483e+00
-3.946923513635713920e-01
4.528272559702940514e-01
1.508993631693407167e+00
-8.230311036441505523e-01
-8.165173869108034443e-01
5.698555050515797804e-01
-4.989856283786458513e-01
1.681618104542218273e+00
-6.796550258536461220e-01
-9.631569801071486747e-01
2.258733115063205621e-01
-1.791659926375978484e+00
1.662453034215223280e-01
1.322552015838462713e+00
5.318363577351153948e-01
-5.162292100418476581e-02
9.276696809270067456e-01
-5.106318178321360701e-01
2.015148757126251411e+00
2.846777259839296248e-02
4.376272697280715884e-01
-1.358577278956844214e+00
7.155257118267395189e-01
3.053591803318412845e-01
3.337088157855477299e-01
-2.037342643731109959e+00
-5.738930436208024011e-01
-8.580604177525134046e-01
2.750511767327896706e-01
-1.090151803502111161e+00
-2.652235684247787328e-01
-1.232418804196841605e-01
8.181362970327191730e-01
-1.186807115919747746e+00
1.210264384742354253e-02
-7.714318163112357518e-02
-2.040362646439675132e+00
2.963682885045854781e-02
6.568833009223445929e-01
1.611936747244998136e+00
1.076561635619037505e+00
1.151304900264515707e+00
-5.972776767441257961e-01
-6.677270764974037043e-01
1.925833415440371399e-01
-5.975720876788838121e-01
1.372867126779497293e-01
2.315431658870435727e-01
7.572304543479458916e-01
-2.533052699414299891e-01
8.242186320716511361e-01
-1.591192235166031921e+00
6.447203306375951515e-01
-4.115836139721498754e-01
-1.865379089907434618e-01
3.732421465614633171e-01
-4.345137794638880696e-02
-7.352597760425795548e-02
3.303747023402761607e-01
6.863554801788487314e-01
-5.440647247326346747e-01
6.245876888851649156e-01
-1.012751262004325525e+00
7.326121410123023758e-02
1.586781791174024236e-01
-2.518615449657218841e-01
4.722501334108953341e-01
7.017911321081886644e-01
4.302277233801919676e-02
-9.588705038334381925e-01
5.313605920327757470e-01
-3.816390837131078406e-01
2.372961343919595123e-01
9.571912165542879880e-02
-2.877530362168466915e+00
-2.575100577790396361e+00
2.442401017280924513e+00
2.762666072511823709e-02
-5.276227919179123926e-01
2.764840410221710787e+00
-4.606931596415062002e-01
2.251304095704663999e-01
1.731405702871785746e+00
2.990561055299988169e+00
1.564845301836044478e-02
9.645957792653235552e-02
-1.120354680061505848e+00
7.655601182151079431e-01
3.764805142382601777e-01
3.462449883628283542e-01
1.436517688556200545e+00
-9.155378597493251114e-01
2.834894323076631584e-01
1.193866785430606647e+00
7.368379300424530154e-01
7.455065520432145876e-01
-1.141110499596675210e+00
-1.026181438522706824e+00
-7.294093891585887723e-01
-9.828913779382899563e-01
-6.300337764275485419e-01
-8.891538536847977126e-01
-1.108859785902416517e+00
-1.591363811416812990e-01
-1.935085097759770001e+00
-1.602152475440447310e-01
2.886593877670819430e-01
1.811851489184056696e+00
2.674874804991740906e-01
-8.788359227953493891e-01
-3.531566009206353884e-01
-4.223292213791870336e-02
-9.184653786093007755e-01
-8.643641462920552410e-02
-7.295827520534252653e-01
2.058391477908543682e-02
9.805524264514925425e-01
1.040428372759766518e+00
-1.992785889383531517e+00
3.225417097627218399e-01
1.810857385529586860e+00
-9.349128555646308847e-01
-7.669920073993847787e-01
-9.101387389452754439e-02
1.055403947411669013e-01
2.054564931230840052e-01
2.207531353929430007e-01
-7.163170717557727496e-01
-4.670469526550107275e-01
6.805311798557632796e-01
-3.858474410083684858e-01
-1.041880944846206747e+00
-3.957985836542324831e-01
-6.117652649612798088e-01
9.024865048492914932e-01
5.871822475445560158e-02
-8.651062806527503035e-01
-1.236670605885103358e+00
3.006709919823575827e-01
1.682278716314040246e+00
3.419505377602178875e-01
-2.257370004219242665e-01
1.308864055246614644e+00
-4.743007330713105429e-01
-1.146620595818891086e+00
-3.016163511535875363e-01
7.946214189741059031e-02
-8.079511980209682642e-01
-3.367627135790464132e-01
5.062909489696272303e-01
-1.545937684773667498e-01
1.408523671919437392e+00
-2.039117191655131389e+00
9.989174753651191008e-01
6.496642188364717407e-01
-7.498752283386649065e-02
8.868666590173334141e-01
-3.380818920364815905e-01
2.304809053840298216e-02
4.603864919607228989e-01
3.070204351165148338e-01
3.277721142470870624e-02
3.895581720031563999e-01
1.919746816929139566e-01
7.424891978858672026e-01
1.265370675275050649e+00
-4.988257534396857706e-01
1.127908590612854756e+00
-1.841441115038028764e+00
-9.284442292889335535e-01
-1.190350607966821794e+00
-1.249868272058779706e+00
-3.485530045855218528e+00
-2.588210643306481651e-01
3.938798238699839915e-01
-5.540233009071152681e-01
7.949899405134448413e-03
1.300414834628686386e-02
9.183975811739564232e-01
2.593116908226370532e-01
-1.179996734753148369e+00
-2.920665823096891156e+00
3.786797849845867092e-01
1.114588792543630857e+00
-1.240444980951373344e+00
-1.298852477739295963e-01
9.723540880159874389e-01
-1.548417999248627441e-01
-8.280308206930758752e-01
-1.572570616579206826e+00
3.496774133290602715e-01
7.707191635461820844e-01
-1.412609268003999774e-01
-1.076805082585680307e+00
-1.195760758656125189e+00
2.061401106334473932e-01
9.916082600744980935e-01
-4.630967157452709482e-01
-2.825500609052286061e-01
5.197481711998382936e-01
1.056377083136609940e+00
7.047382558551540388e-01
8.528714085755625951e-02
-1.215740393157239002e-01
6.945347982243735840e-01
7.893134866093907132e-01
7.679311347964414836e-01
-1.791951583984735086e+00
6.397542409815585307e-01
3.873684982725425496e-01
1.142871528580984286e+00
