2.802814853429899927e-03
2.781297255182300053e-03
2.846926640394800180e-03
2.798686527883900103e-03
2.872830596296799960e-03
2.828677713499499861e-03
2.666039572902300075e-03
2.766008845844600012e-03
2.794598643353199841e-03
2.810676501981699930e-03
2.742494687081399856e-03
2.797092467083800178e-03
2.844326133124500024e-03
2.854398594419400165e-03
2.868271296065299809e-03
2.768670169797299904e-03
2.698255135558099999e-03
2.804691115551899861e-03
2.757166895296200154e-03
2.806840543094000009e-03
2.842178096312499968e-03
2.833969016635499820e-03
2.822965029991199824e-03
2.665167583304200050e-03
2.780220803526300098e-03
2.808137875809800163e-03
2.818382272239699886e-03
2.757634165631499962e-03
2.785960505612499871e-03
2.769586738000999818e-03
2.744728049120200193e-03
3.057668127749299785e-03
2.879419189207000143e-03
2.855889691140200103e-03
2.785291693354200078e-03
2.826826427826199979e-03
2.752620382596499948e-03
2.872175296898899811e-03
2.670900162815599901e-03
2.881921701467800041e-03
2.799653358047399926e-03
2.805923957210400017e-03
2.741709820854800091e-03
2.816172570614399948e-03
2.847179708349599925e-03
2.887170034578900174e-03
2.781443008476899934e-03
2.890461833572300146e-03
2.753452086897100175e-03
2.842384232781899975e-03
2.753454931152999989e-03
2.830424835941200163e-03
2.831257167761099935e-03
2.789450389392200084e-03
2.778693678016400017e-03
2.774463808419900049e-03
2.841381807316899991e-03
2.815171287634499978e-03
2.783103455110899800e-03
2.771638966183299913e-03
2.747888957624500077e-03
2.819945556594899861e-03
2.822289321136700092e-03
2.725667911738600176e-03
2.722622965588400099e-03
2.766472472582800005e-03
2.781594953922099812e-03
2.825434492130699839e-03
2.785823551454400145e-03
2.828867143661800004e-03
2.808865479792299873e-03
2.835527899007199860e-03
2.823629379337500023e-03
3.026825300866500031e-03
2.696328342246700170e-03
2.986537367263500040e-03
2.824061539689900081e-03
2.695818135794000175e-03
2.788183978001000131e-03
2.845953693954200118e-03
2.776110369497100053e-03
2.781879661001999786e-03
2.831874684628899862e-03
2.790862402708099797e-03
2.778620174562200073e-03
2.746247730109000005e-03
2.874204182210599902e-03
2.800184786681900011e-03
2.741597546921499973e-03
2.440833075084899995e-03
2.922439174745300027e-03
2.833148816858999889e-03
2.843261567213799940e-03
2.790022371716599850e-03
2.827031883348399884e-03
2.827593851531699960e-03
2.795084990717600169e-03
2.884396564865499869e-03
2.776015012558199872e-03
2.645648221814800045e-03
2.701545700472999991e-03
2.913068410809599874e-03
2.811585285460100128e-03
3.010870204088599879e-03
2.808726358716999785e-03
2.816905196323299821e-03
2.825985156021899869e-03
2.741996425865600179e-03
2.701545700472999991e-03
2.773956560960699931e-03
2.804629900099100178e-03
2.920277522808400073e-03
2.801720579596100012e-03
2.761639712959499792e-03
2.822651547100200019e-03
2.823322930433799956e-03
3.197148972214599975e-03
2.827773913405300186e-03
2.759644127531300090e-03
2.806323575421499836e-03
2.808642282628599860e-03
2.468547188134800029e-03
2.815021264877200051e-03
2.758938030218400107e-03
2.860338261059199895e-03
2.915494627441699970e-03
2.645523262607699794e-03
2.885949057887199874e-03
2.849093030867300060e-03
2.862011937061900105e-03
2.951691926543799794e-03
2.749633429478199990e-03
3.067630445253600058e-03
2.760013060111499942e-03
2.770671384756600002e-03
3.085180445616799837e-03
2.840029308433300159e-03
2.762184503940100146e-03
2.790914207706900099e-03
2.783638015838999988e-03
2.569216845645299913e-03
2.712395100522400123e-03
2.723359469839199947e-03
2.837690324224800137e-03
2.867416993425700011e-03
2.765352903111899935e-03
2.840283749343100028e-03
2.789628760738599878e-03
2.763920407251299963e-03
2.593512198657900100e-03
2.891545845210599999e-03
2.736574098199899899e-03
2.824033809039800096e-03
2.768473332198599819e-03
2.815486308899199912e-03
2.795716934055299859e-03
2.713036024852099812e-03
2.871718035302299812e-03
2.726628573491800094e-03
2.710767717890600042e-03
2.811882158740099981e-03
3.094389144617900027e-03
2.764724283606199810e-03
2.794860144668399795e-03
2.806896722012400085e-03
2.770360050508099796e-03
2.854248543503799893e-03
2.868575197493599977e-03
2.860671040927399884e-03
2.789718394449899885e-03
2.792762237891700111e-03
2.812962072662799837e-03
2.780897654766299829e-03
2.835814520887399923e-03
2.844771701950200068e-03
2.789029953294499924e-03
2.799890849340899886e-03
2.766281402126400096e-03
2.798106091065399870e-03
2.776525008165300207e-03
2.739776695839499926e-03
3.108535063445099812e-03
2.722025773322700026e-03
2.781397505091899851e-03
2.740322846697700130e-03
2.782854331602400023e-03
2.821515265061700153e-03
2.704690203678800000e-03
2.887779248106700156e-03
2.820171666592599918e-03
2.919050090086799856e-03
2.775347233393600076e-03
2.707216824652699996e-03
2.816397514463899864e-03
2.746247730109000005e-03
2.878594910893900183e-03
2.752092639442500072e-03
2.749079179949100084e-03
2.690009764195600180e-03
2.718141553574199808e-03
2.800321717320800128e-03
2.821823329865299785e-03
2.830640967694999805e-03
2.800574748616800180e-03
2.911502803724300061e-03
2.776629339629800054e-03
3.197148972214599975e-03
2.811343803568300010e-03
2.922762155131999884e-03
3.051121722235700020e-03
2.933925529305800133e-03
2.904103897440299918e-03
2.610586443748800101e-03
2.821841386152199906e-03
2.808827908411300027e-03
2.857265759814499838e-03
2.847092159503099816e-03
2.777363033403000125e-03
2.814898877463100149e-03
2.832035559898399887e-03
2.779006469546400123e-03
2.841724700490899994e-03
2.826373198830299961e-03
2.597582924767000145e-03
2.937376963971800176e-03
2.762009091131199974e-03
2.887063633102399975e-03
2.928862922256699787e-03
3.123146219966399951e-03
2.743629497084800004e-03
2.807639567830499863e-03
2.776819986333800040e-03
2.737263014023500005e-03
2.850057298577199881e-03
2.825532218385099891e-03
2.759818730907700069e-03
3.224724050803999889e-03
2.806983099719499893e-03
2.796683508385099971e-03
2.831332226370799916e-03
2.617108635307399938e-03
2.798740652314299880e-03
2.760933884237799871e-03
2.761558256579000128e-03
2.736560925877400217e-03
2.758342235339300130e-03
2.864556914811999897e-03
2.909234874386600143e-03
2.820069713574100117e-03
2.783777686065200176e-03
2.809382253094700171e-03
2.856018201564399818e-03
2.809740469817499815e-03
2.784895739948600128e-03
2.808226936150000005e-03
2.791460575716199922e-03
3.085180445616799837e-03
2.795570032954800173e-03
2.887677662716500119e-03
2.749316946885500042e-03
2.813003251754700104e-03
2.863218684095000105e-03
2.831540527233600106e-03
2.815605923600699931e-03
2.846398898179999977e-03
2.847810314863400208e-03
2.770492801038500121e-03
2.788937193887099965e-03
2.770716835255899926e-03
2.838700499769000046e-03
2.835151725394200167e-03
2.815862885433899950e-03
3.199549529353200045e-03
2.784052920888899826e-03
2.735899204296400079e-03
2.810174657542100114e-03
2.741362167707899877e-03
2.816881517388900198e-03
2.793488083814600013e-03
2.799088906403600103e-03
2.884352651805499948e-03
2.646508605530300054e-03
2.775328088910500139e-03
2.731425384292900018e-03
2.964639922895999889e-03
2.768122954715499830e-03
2.770014783350599995e-03
2.824969900932099848e-03
2.762888896518200191e-03
2.814584515867800049e-03
2.828794675323299812e-03
2.752963281314199998e-03
2.833114202833900142e-03
2.903249840756500118e-03
2.739179172653500010e-03
2.831211145342999932e-03
2.811657606723600138e-03
2.772187325078600065e-03
2.785758018113699934e-03
2.756227554722099835e-03
2.787176811113600047e-03
2.788860971913600158e-03
2.967448065226700044e-03
2.810847237383399828e-03
2.957894659303400044e-03
2.850241096789600092e-03
2.797923684397199840e-03
2.803903405648499984e-03
2.842168134451999832e-03
2.833805541970399987e-03
2.731093017429700020e-03
2.784969494456399856e-03
2.785533010927699910e-03
2.841460534113300108e-03
2.803430443119099991e-03
2.866692687852100043e-03
2.766414584196200122e-03
2.819151245986300115e-03
2.797949168139700175e-03
2.841773837911299935e-03
2.831556906259699927e-03
2.793000852169099952e-03
2.832142217678600138e-03
3.272844630477199975e-03
2.785603808343300059e-03
2.781959683357199901e-03
3.039001774754399900e-03
2.792867898991299898e-03
2.931632730718300092e-03
2.802031190063300134e-03
2.849262000995300172e-03
2.823898090982999813e-03
2.796899710561199983e-03
2.848135532533799946e-03
2.821957520582000188e-03
2.740095211856100055e-03
2.791082313505899911e-03
2.690396299347900047e-03
2.767305108103499962e-03
2.769806125472599849e-03
2.650729521493800072e-03
2.698794130125400058e-03
2.847548368156900024e-03
2.648729916631000110e-03
2.659527228670399961e-03
2.909994583079699923e-03
2.880581528175499978e-03
2.715529587683299974e-03
2.602779061735600082e-03
2.818519193323299876e-03
2.668486244481399830e-03
2.784052920888899826e-03
2.830582464417800113e-03
2.859480230044899977e-03
2.729100247044200130e-03
2.777201390531199802e-03
2.818323403971800204e-03
2.732675001934000217e-03
2.742198788366699991e-03
2.796025832544599826e-03
2.793744127293400128e-03
2.841986815244700211e-03
2.937325362265699822e-03
2.814192091040999908e-03
2.804582263631499785e-03
2.910216696625700025e-03
2.912032594593199925e-03
2.761319914191200098e-03
3.033326881417399822e-03
2.787859101870199946e-03
2.802385032865800044e-03
2.789182752677000013e-03
2.721527409106899893e-03
2.843135662485200051e-03
2.826650658220599983e-03
2.758339628259499823e-03
2.840942531693899792e-03
2.774747714456900043e-03
2.944331881942300125e-03
2.790746366539900193e-03
2.934061413979499947e-03
2.764561943784799893e-03
2.755429036587599915e-03
2.783372866377599973e-03
2.803645732656399967e-03
2.800257426945400047e-03
2.776650749339899891e-03
2.827330702242399942e-03
2.670725616721900206e-03
3.053349233292599989e-03
2.840673938638300054e-03
2.800723836272000188e-03
2.743772410504100121e-03
2.789951938029399964e-03
2.864140552497700196e-03
2.891049855892599985e-03
2.824532025358400100e-03
2.774754479623500140e-03
2.839440176262700115e-03
2.832319541760800093e-03
2.846411925408400163e-03
2.822099115874699814e-03
2.773630266878799894e-03
2.857359995527000100e-03
2.848586932741000062e-03
2.798961846326299824e-03
2.984182231164600203e-03
2.807403095559300038e-03
2.735017011425899900e-03
2.803671563464700013e-03
2.777442190690300114e-03
2.988427038302799831e-03
2.864018813698699858e-03
2.794444820765300003e-03
2.774272346618800004e-03
2.949765817236400106e-03
2.714777080418799907e-03
2.858573303189399905e-03
2.662961541861999862e-03
2.849903626548799807e-03
2.788862943071700184e-03
2.827971906942599884e-03
2.826961449415900125e-03
2.705422684010300085e-03
2.810737565335699913e-03
2.809828435762400014e-03
2.737665865609000080e-03
2.818528095307199898e-03
2.745365840008499869e-03
2.804884722031900091e-03
2.754847372369999790e-03
2.885975947427199886e-03
2.606657038808100034e-03
3.056486226826500043e-03
2.912465111533000216e-03
2.762063610647899799e-03
2.844309627814000166e-03
2.666477065336300169e-03
2.774844728868500112e-03
2.778917354048900112e-03
2.783699331469500007e-03
2.654772307800800160e-03
3.056486226826500043e-03
2.828289621263399990e-03
2.724017579471699809e-03
2.803903405648499984e-03
2.774324214305900170e-03
2.835896770635499935e-03
2.836826633584599907e-03
2.610586443748800101e-03
2.759642176639300060e-03
2.782331208050200198e-03
2.806048312297900003e-03
2.817498509829899963e-03
2.780497378933600040e-03
2.865472631448799917e-03
2.811006954674199945e-03
2.775543375823699959e-03
2.784188718396200107e-03
2.842368819633800132e-03
2.779334722267900060e-03
2.768540391556700148e-03
2.809233475062299784e-03
2.811028424658499909e-03
2.569216845645299913e-03
2.843633029370699807e-03
2.633574461195099976e-03
2.789418872560500088e-03
2.791452343231199795e-03
2.896107348638900063e-03
3.175997156129000201e-03
2.909642865087600123e-03
2.797034478072999916e-03
2.742829410908600128e-03
2.789462007486199959e-03
2.783025893225099957e-03
2.897506664128099950e-03
2.788430852767399826e-03
2.754599503409900074e-03
3.068382485314700026e-03
2.797837272218399798e-03
2.893445017831900151e-03
2.774000395911500189e-03
2.755927743483399875e-03
2.666045250564799945e-03
2.791342551762900168e-03
3.067630445253600058e-03
2.852512489284400078e-03
2.877094581542300172e-03
2.772190730460799817e-03
2.827242691727700069e-03
2.738991858502300147e-03
2.875148031842099817e-03
2.751330586084399944e-03
3.199549529353200045e-03
2.893445017831900151e-03
2.855556975791399919e-03
2.619109156361000210e-03
2.688956271630300009e-03
2.828543418821600000e-03
2.841724700490899994e-03
2.789509447789700197e-03
2.852009520528899899e-03
2.838969712664000077e-03
2.813004882382800099e-03
2.953103721443900171e-03
2.766794956815800139e-03
2.918616116177599838e-03
2.800359900518599888e-03
2.736907328962700191e-03
2.782735488121699900e-03
2.858795628583499834e-03
2.777442190690300114e-03
2.783864585216900157e-03
2.832999210293299808e-03
2.807829336380200137e-03
2.857458807859300075e-03
2.841026624469999984e-03
2.806223506027400155e-03
2.723395889258299792e-03
2.799235337442900189e-03
2.656725981372900017e-03
2.864453224706099959e-03
2.868414582469799943e-03
2.793186383145299795e-03
3.119478580042200216e-03
2.900725070351699991e-03
2.725836651116299910e-03
2.808389495547299920e-03
2.762759668971999805e-03
2.834959580685400115e-03
2.775069768167699822e-03
2.754490720390900208e-03
2.861384935678900048e-03
2.827242691727700069e-03
3.162214841665699806e-03
2.918616116177599838e-03
2.805762369041100036e-03
2.955762487140699973e-03
2.818947251875199983e-03
2.776186798253300198e-03
3.145821522760999887e-03
2.824395034965599804e-03
2.752008025544600087e-03
3.227388359655399951e-03
2.538429941345499846e-03
2.781495910244599894e-03
2.840348311431499864e-03
2.770709196796400028e-03
2.820256256670599856e-03
2.813086217079500007e-03
2.759124067860299796e-03
2.787450193909699839e-03
2.824417659768699816e-03
2.874017498274900051e-03
2.856453097312500189e-03
2.752322824276700036e-03
2.771235218076699858e-03
3.071349844583399873e-03
2.593512198657900100e-03
2.799507233044800161e-03
2.681897986377600185e-03
2.842237878255000037e-03
2.807556714312699816e-03
2.736256964620399895e-03
2.860754215607299884e-03
2.714814627799299815e-03
2.796232165197999869e-03
2.790280194121399961e-03
2.867994135673900078e-03
2.751829458637700208e-03
2.821214324372699981e-03
2.784124925679400120e-03
2.761674788193000003e-03
2.827383482671399963e-03
2.839824530655699845e-03
2.785358036258500040e-03
2.748014787046600214e-03
2.772241543489900161e-03
2.769758220838899887e-03
2.822080587247600188e-03
2.920591721168500077e-03
2.797696314578300165e-03
2.803036089543100001e-03
2.774293769622899856e-03
2.783799894966099923e-03
2.803841623152900000e-03
2.796036692578299839e-03
2.775366441202699840e-03
2.592510462075899805e-03
2.774778581525899797e-03
2.851730364670900051e-03
2.747713203218199798e-03
2.838949568624000216e-03
3.075347716531299982e-03
2.562667626010400011e-03
2.844447621013599867e-03
2.896659427600800033e-03
2.818341256399499971e-03
2.780116531104299873e-03
2.783440686029300080e-03
2.874406245290599821e-03
2.652591570924300174e-03
2.855108452215200047e-03
2.773307143691200027e-03
2.868704630972300149e-03
2.822080587247600188e-03
2.818829837094900034e-03
2.826885537967100022e-03
2.797510414529700076e-03
2.800228636002600070e-03
2.905983295223099876e-03
2.836015339631400151e-03
2.816276807208000030e-03
2.794488197604100103e-03
2.765969388139099920e-03
2.819835805233599987e-03
2.857492983863299963e-03
2.749670584695699908e-03
2.786408160874000086e-03
2.851617644167100171e-03
2.814638486983900203e-03
2.842211451132500150e-03
2.766213007262899922e-03
2.795662489284000008e-03
2.740326215204800121e-03
3.072784547634500093e-03
2.676848697668000095e-03
2.780580177085999888e-03
2.790917466842899805e-03
2.823508253550000187e-03
2.797969980903299968e-03
2.864988101841299886e-03
2.782077868925300190e-03
2.846469915842999871e-03
2.681897986377600185e-03
2.787413546568399784e-03
2.926143430127699924e-03
2.782432019949499999e-03
2.770283249372299840e-03
2.867301357047000090e-03
2.750505035281200147e-03
2.749374159723900080e-03
2.723395889258299792e-03
2.798111972167600155e-03
2.750316078241500130e-03
2.836036979613099952e-03
3.148531900356799952e-03
2.785356899580199944e-03
2.773215100877099958e-03
2.927858332573900040e-03
2.873872628230299785e-03
2.819927401349699853e-03
2.774726132941700112e-03
2.795722274329799813e-03
3.037867897893199980e-03
2.812724661900599821e-03
2.715364909151700163e-03
2.920291431833200047e-03
2.899407003999199955e-03
2.777810911634500009e-03
2.844309627814000166e-03
2.775687837653700082e-03
2.763081408890000115e-03
3.017425084984799808e-03
2.864922110313600050e-03
2.734659830171800188e-03
2.750452213157100062e-03
2.806422754333500000e-03
2.813661431571500178e-03
2.805721773092699836e-03
2.777919322725400011e-03
2.816928443810299935e-03
2.886811807050700118e-03
2.786516976303600197e-03
2.847563423710799957e-03
2.730346762063000192e-03
3.010870204088599879e-03
2.876875941055399930e-03
2.760630117877100036e-03
2.730632248815399905e-03
2.765841033647899790e-03
2.716052529116000196e-03
2.860116249082000038e-03
2.840324563074099907e-03
2.955226093204599887e-03
2.847415990232600187e-03
2.736343475476599955e-03
2.841489545010499832e-03
2.746295120382599882e-03
2.760630300406399871e-03
2.781775494277799899e-03
2.691676536333499799e-03
2.787890559974700189e-03
2.743127358444600108e-03
2.815156607566400050e-03
2.827018505227299819e-03
3.038935613445000079e-03
2.832765715608700011e-03
2.901856315641600063e-03
2.698927936445800081e-03
2.779729318754399926e-03
2.971431731707999818e-03
2.775491903468700183e-03
2.747851477796200113e-03
2.794037474185899830e-03
2.814169203800800066e-03
2.838416524847699879e-03
2.798256528031999903e-03
3.071349844583399873e-03
2.847415990232600187e-03
2.822065451057200174e-03
2.623072848458799910e-03
2.752849304862599929e-03
2.829374055053199798e-03
2.807915388567600208e-03
2.772131575263799864e-03
2.735395841978400036e-03
2.700932190627399788e-03
3.079171662931600145e-03
2.981247740069900131e-03
2.791764964805599960e-03
2.793076484099100022e-03
2.808244538194299995e-03
2.656725981372900017e-03
2.777778072123000125e-03
2.820655416733099888e-03
2.815985143224800091e-03
2.814356117914099988e-03
2.768533357356399785e-03
2.840265546588699886e-03
2.692948227707599868e-03
2.831243279964099861e-03
2.785763097752799906e-03
2.775227989347000060e-03
2.736997585663100176e-03
2.829062874927399870e-03
2.812407549921800212e-03
2.867448535244899923e-03
2.747236747046200196e-03
2.856044719268099798e-03
2.805083343100299789e-03
2.756094946832000122e-03
2.745089158697199948e-03
2.851503699550199909e-03
2.735395788887100017e-03
2.778518140706500057e-03
2.828949416078199979e-03
2.754739891654099920e-03
2.889600805920399841e-03
2.886672780632100043e-03
2.767980498479699972e-03
2.822547475003199871e-03
2.805923957210400017e-03
2.765444806453000014e-03
2.792682465577399874e-03
2.845178001656100027e-03
2.823762645628400195e-03
2.813935658973300020e-03
2.909234874386600143e-03
2.858881698665400022e-03
2.701915401777299844e-03
2.741984961145099969e-03
2.926035942533500040e-03
2.735899204296400079e-03
2.884408425791999946e-03
2.790732199889099825e-03
2.758582522528800051e-03
2.877174157103399871e-03
2.829198583553300082e-03
2.797497198255199935e-03
2.772300888308599966e-03
2.830715285978200029e-03
2.741565569793299843e-03
2.812803849873300212e-03
2.802436166246200129e-03
2.839387269145900086e-03
2.774528386970699905e-03
2.750423697441599803e-03
2.882336595661099971e-03
2.842703245082700038e-03
2.783895610469200137e-03
2.836584588217300022e-03
2.866797522441599886e-03
2.728032266999799900e-03
2.866454650128899984e-03
2.851180860251499843e-03
2.727910948436499967e-03
2.834103567326599904e-03
2.838681754948899853e-03
2.836235068638500150e-03
2.650529436508800019e-03
2.666477065336300169e-03
2.793956650163500078e-03
3.015566729862700131e-03
2.733959992851800122e-03
2.807710311722999997e-03
2.859069054471299973e-03
2.771398814601600154e-03
2.812135245244899804e-03
2.736319336459800203e-03
2.996900341754999992e-03
2.773494890252099949e-03
2.809546754202199830e-03
2.858509758512399988e-03
2.844730802451499955e-03
2.825049047368099944e-03
2.756453328922099915e-03
2.773784963120399898e-03
2.777845443182400207e-03
2.856764806512199825e-03
2.724986243050200180e-03
2.860883185450600018e-03
2.832078922445099931e-03
2.815652159212000006e-03
2.792732832346299984e-03
2.955762487140699973e-03
2.991452055688900019e-03
2.736484726509300167e-03
3.121646525795500077e-03
2.818226335010100021e-03
2.748184808562700171e-03
2.779032456953100215e-03
2.783741085511800065e-03
2.781572171392899823e-03
2.833454942626999901e-03
2.818639350394999861e-03
2.849093030867300060e-03
2.812035356429500119e-03
2.781444110573700040e-03
2.757381321711899896e-03
2.917309010460499962e-03
2.862455975832799843e-03
2.798084325874999889e-03
2.842178096312499968e-03
2.836068626610599962e-03
2.782386300611700003e-03
2.714277974323199994e-03
2.809893965760900010e-03
2.870675476950699904e-03
2.789080559619200143e-03
2.786600287864900074e-03
2.831056102145599902e-03
2.807263313521300013e-03
2.816854369731400156e-03
2.853841594180700058e-03
2.770884800678199891e-03
2.748681780698699912e-03
2.763500797245699910e-03
2.809101264438599969e-03
2.769968784198499796e-03
2.756047756605700151e-03
2.802793620420399989e-03
2.834096362727600051e-03
2.823212588409000200e-03
2.806390944484100057e-03
2.750662026039699982e-03
2.670725616721900206e-03
2.729785967751299867e-03
2.855539491516699991e-03
2.766759583460000078e-03
2.722447831781499815e-03
2.881791275115200019e-03
2.807258392413899961e-03
2.828789454033199882e-03
2.789460734838000028e-03
2.778551672442600064e-03
2.812128593354500192e-03
2.897171668576999787e-03
2.765502899390300060e-03
2.821065442081800191e-03
2.782922197724700068e-03
2.754981135374800008e-03
2.777222644969900168e-03
2.797054367642699910e-03
2.779081931208000119e-03
2.857225588544000123e-03
2.811040548900800139e-03
2.830806896888899901e-03
2.757605360431499963e-03
2.815057076771800004e-03
2.771582100675699847e-03
2.714026125500799882e-03
2.791954271505500077e-03
2.855865316798500159e-03
2.793599010164200119e-03
2.862935718237900190e-03
2.887779248106700156e-03
2.722259403755900118e-03
2.752367849050800074e-03
2.562667626010400011e-03
2.769357982150299959e-03
2.841410261651400142e-03
2.757939137678399981e-03
2.802512659972999920e-03
2.903507127883400100e-03
2.771214241116099885e-03
2.821063981432400149e-03
2.821667175642500035e-03
2.792724076073700192e-03
2.831101272687500114e-03
2.960868904515699934e-03
2.842703245082700038e-03
2.751417093460899969e-03
2.879021773676400126e-03
2.790227344290499914e-03
2.806496773424799803e-03
2.865585983188200046e-03
2.759206082880899785e-03
2.771236792767699849e-03
2.739618367661400111e-03
2.783088714680899932e-03
2.778697931554100029e-03
2.766046204807499822e-03
2.770964835940799981e-03
2.797997639704699786e-03
2.796665250208199907e-03
2.846241942152999936e-03
2.758629177642100104e-03
2.803124441509500121e-03
2.794389327880099794e-03
2.761031758606999863e-03
2.743750974052599958e-03
2.887700304881499810e-03
2.861331322759100206e-03
2.551626884847499940e-03
2.927435693260000121e-03
2.844991276994399913e-03
2.775959969216399998e-03
2.808044268051200151e-03
2.767574755786200193e-03
2.767933676032700071e-03
2.807525152491200174e-03
2.786024088593199843e-03
2.738308196914999992e-03
2.843619310590100001e-03
2.941474665455399897e-03
2.891049855892599985e-03
2.558760291117399919e-03
2.665846091617399792e-03
2.898629455754699828e-03
2.782843861841500198e-03
2.772805924513999792e-03
2.728268795427099894e-03
2.766012677581600188e-03
2.790031570106600058e-03
2.775366441202699840e-03
2.710749478397299784e-03
2.755652448899199858e-03
2.887170034578900174e-03
2.769766738678999807e-03
2.851062483564200094e-03
2.862059118880000159e-03
2.686306221509900116e-03
2.804930131163199843e-03
2.738406946110900214e-03
2.770303799156800199e-03
2.807356376158599929e-03
2.820157794191799783e-03
2.584864073658800065e-03
2.809180100571399830e-03
2.706735401658499907e-03
2.929018150213200198e-03
2.783920971784799824e-03
2.819314253276999915e-03
2.608357332773599858e-03
2.619109156361000210e-03
2.805728521365099919e-03
2.760217625106599869e-03
2.801667487364299831e-03
2.794332635683299901e-03
2.857081074723600168e-03
2.814698204769600174e-03
2.800781245737299884e-03
2.773493954708600075e-03
2.815758135055899860e-03
2.863950255220799879e-03
2.763082727992700015e-03
2.759131615694400148e-03
2.800189382952499809e-03
2.778835672532399895e-03
2.621701743930600001e-03
2.797897317755100154e-03
2.853016579105300057e-03
2.799202779496800207e-03
2.732110786720900065e-03
2.826639602780899995e-03
2.774595074633099973e-03
2.955226093204599887e-03
2.728594007295300199e-03
2.797014611765700175e-03
2.746914821963299981e-03
2.814813731887500035e-03
2.775500005015600104e-03
3.147492346988600177e-03
2.831652305119800126e-03
2.825928838478400113e-03
2.812826972553300088e-03
2.876875941055399930e-03
2.681634321294300207e-03
2.789853201258500007e-03
2.831025367954099949e-03
2.824110545127400153e-03
2.846666364014099979e-03
2.826225705779699792e-03
2.835664059423200194e-03
3.147492346988600177e-03
2.754882097601199856e-03
2.860340282227199788e-03
2.730713979860199987e-03
2.769149317724799858e-03
2.608763723514599848e-03
2.772667653270000088e-03
2.786538487304699926e-03
2.802913833141100139e-03
2.843897395274300015e-03
2.788923754867300188e-03
2.792378072374899784e-03
2.909226570310099926e-03
2.849036326839600192e-03
3.038750984246300132e-03
2.808394471275500043e-03
2.778917354048900112e-03
2.763927629627599847e-03
2.799813963452899880e-03
2.789322744704400038e-03
2.844697320007600044e-03
2.813246023872300119e-03
2.786009107801799920e-03
2.838312044797299937e-03
2.830318462591999932e-03
2.791017040881000211e-03
2.973833967867000033e-03
2.831566687811200127e-03
2.825373395400199942e-03
2.743978529625299995e-03
2.689101368373400091e-03
2.831353299161700181e-03
2.785361711037099945e-03
2.646229765063600088e-03
2.771146783023399965e-03
2.889377518548699904e-03
2.889897058281300137e-03
2.790914207706900099e-03
2.820956102923499915e-03
2.804751056810500173e-03
2.872644310489700075e-03
2.838976424639900065e-03
2.749002936052299863e-03
3.187007098758100170e-03
2.808158050060900138e-03
2.812719211029200174e-03
2.788862943071700184e-03
2.844071301442800074e-03
2.555337319634999865e-03
2.814814498366300169e-03
3.126035776680899814e-03
2.719231615697299907e-03
2.836545159843000159e-03
2.762490070364899929e-03
2.886873540162899956e-03
2.821871737560500189e-03
2.826722819891100153e-03
2.814480950119099996e-03
2.788675372246200018e-03
2.736560925877400217e-03
2.551626884847499940e-03
2.903995108602700111e-03
2.800391084223499867e-03
2.835290215241099976e-03
2.744009286874400048e-03
2.920087436967100120e-03
2.805100141873199861e-03
2.776816963043700001e-03
2.746518243506100142e-03
2.836165284800799997e-03
2.949596599899999977e-03
2.729905854638399899e-03
2.814114334372300186e-03
2.801092344708700204e-03
2.967439267195500201e-03
2.766433915616000119e-03
2.809273944820000167e-03
2.742386033974299805e-03
2.840510376699400055e-03
2.798025045144800216e-03
2.744834037761199799e-03
2.757678488414400022e-03
2.763350284244099966e-03
2.764685594057300112e-03
2.797599916582500009e-03
2.787025101809800006e-03
2.744187332056400100e-03
2.770497632858799891e-03
2.838025803921099925e-03
2.789179001489100213e-03
2.792790575338299861e-03
2.746558236112299923e-03
2.807561293661500149e-03
2.742948537767599809e-03
2.808385039482400036e-03
2.842844256558699819e-03
2.837490290536100190e-03
2.837112972641800141e-03
2.819341455918999984e-03
2.767197882820000149e-03
2.822466943509299806e-03
2.785367999220599890e-03
2.729955525009999939e-03
2.814133568014300004e-03
2.729506542175099987e-03
2.784899526810599886e-03
2.807941475251599789e-03
2.837408847364799886e-03
2.857916391880700041e-03
2.698927936445800081e-03
2.727251218952400028e-03
2.888764626291400080e-03
2.717243788772799942e-03
2.881258949813299882e-03
2.778893806006600166e-03
2.798236861097500115e-03
2.774823498065299987e-03
2.711981408819199874e-03
2.782589397076100108e-03
2.788424095167699960e-03
2.862755448817600086e-03
2.802219053436600087e-03
2.843592514614799813e-03
2.708816610743099932e-03
2.715612469129800172e-03
2.739429612661900201e-03
2.760016626127799900e-03
2.814531708818299952e-03
2.807114821809700029e-03
2.777116953981599926e-03
2.752901834849299807e-03
2.650729521493800072e-03
2.802619205770700075e-03
2.775649026139700038e-03
2.800302488334500180e-03
2.765492434410400050e-03
2.824330046838699915e-03
2.784498480779099960e-03
2.823157037629800067e-03
2.791881631838299960e-03
2.602779061735600082e-03
2.807853859781999847e-03
2.884580179428399959e-03
2.757967558344699959e-03
3.060104755448600066e-03
2.901220862407199834e-03
2.917564344638799798e-03
2.790100030671799954e-03
2.743098666927899863e-03
2.801466344332900153e-03
2.840438614189400111e-03
2.839764677905499794e-03
2.752499599767200145e-03
2.758395164260300098e-03
2.902830230280999905e-03
2.798808176191500043e-03
2.996900341754999992e-03
2.620807333861400069e-03
2.801008943088299959e-03
2.737764490567399806e-03
2.707266030925200174e-03
2.872694631919800196e-03
2.633574461195099976e-03
2.856301773538199966e-03
2.744717879473100065e-03
2.818184167274299934e-03
2.781843936727700171e-03
2.816044052290000207e-03
3.005968418595799871e-03
2.817220706841999916e-03
3.042247918957199926e-03
2.792614363830399956e-03
2.792645350726099922e-03
2.744121730378799948e-03
2.768735278495500132e-03
2.757594978616999867e-03
2.752103091064400046e-03
3.144561772371900089e-03
2.829041384808700117e-03
2.816935696425599926e-03
2.800257426945400047e-03
2.838895465029900138e-03
2.791794589909999975e-03
2.821737811839899936e-03
2.801178340320599914e-03
2.818052334976999841e-03
2.874923638017599838e-03
2.839654316758500122e-03
2.725897978887499833e-03
2.741600425624199800e-03
2.854150872647500010e-03
2.857695752685499805e-03
2.874841013298900117e-03
2.928862922256699787e-03
2.760487189484499976e-03
2.778048117200299788e-03
2.828183691167300215e-03
2.753490310096500058e-03
2.849645281531399798e-03
2.749754448906299806e-03
2.646229765063600088e-03
2.848816339225700156e-03
2.758167124630899955e-03
2.874131459724500043e-03
2.901619281901099932e-03
2.794942302923899852e-03
2.766918664641800085e-03
2.812407549921800212e-03
2.955041658830399789e-03
2.807859890504799897e-03
2.871055652824500148e-03
2.771161332577399931e-03
3.227388359655399951e-03
2.721461170987200199e-03
2.836653439359100061e-03
2.719126099087600199e-03
2.726765660309599885e-03
2.777926440266600093e-03
2.859048192418700216e-03
2.736654508546799980e-03
2.753466286043000037e-03
2.877620177832500032e-03
2.776415322868700051e-03
2.807922585395299965e-03
2.810855111778900062e-03
2.538429941345499846e-03
2.781272370062900026e-03
2.918183495269100012e-03
2.801873484750100167e-03
2.814994974196200189e-03
2.799080772050500151e-03
2.762062551721399927e-03
2.827353675058299955e-03
2.780840944644499910e-03
2.766954750783199787e-03
2.834096362727600051e-03
2.747740820579899854e-03
2.823489795902900217e-03
2.802439751092000112e-03
2.961270984693099850e-03
2.806586355671200194e-03
2.821357913694600046e-03
2.859476300925800022e-03
2.830595639314700124e-03
2.827926992139600214e-03
2.841324022572499965e-03
2.796130791476000160e-03
2.825177543144700119e-03
2.787014735906299858e-03
2.879021773676400126e-03
2.863455817662200094e-03
2.883421075610499793e-03
2.826845422332600020e-03
2.897506664128099950e-03
2.858970557978100097e-03
2.792311279628500054e-03
2.869857123447300089e-03
2.836133034443999966e-03
2.929018150213200198e-03
2.743876001182600152e-03
2.795584437576300110e-03
2.790253989293100048e-03
2.804121733601699917e-03
2.817206170753300005e-03
2.736921090535499902e-03
2.796518747565899816e-03
