1.537180431994699965e-03
1.507248933231800092e-03
1.563789037133700086e-03
1.508474531391100059e-03
1.608873282367199965e-03
1.536421545047099955e-03
1.553896300355599907e-03
1.530251670621199898e-03
1.508174736160200003e-03
1.513178385113100053e-03
1.468419195416600107e-03
1.550682739005899936e-03
1.557317671734100104e-03
1.558948471683199982e-03
1.580955465297300029e-03
1.519111295563800069e-03
1.601421379760700108e-03
1.545315569863499935e-03
1.494553510569700044e-03
1.520249521366799986e-03
1.529370729304099915e-03
1.553110413215100065e-03
1.559057639436600001e-03
1.413002580137000079e-03
1.466616641383100073e-03
1.524960496140200005e-03
1.561240187475499948e-03
1.487963248781500091e-03
1.503940365771200055e-03
1.503178937408900049e-03
1.484208356664399936e-03
1.623022573039300046e-03
1.599703346456099982e-03
1.583556328382999898e-03
1.505322776816299998e-03
1.582847920058300020e-03
1.629874715616599955e-03
1.574806567426299949e-03
1.554536754771799990e-03
1.618062320516400069e-03
1.556463362523000018e-03
1.548767134519100008e-03
1.448761513051700098e-03
1.561597116599000058e-03
1.564211275065299995e-03
1.440270989389400057e-03
1.490444112546399991e-03
1.604047373579499955e-03
1.478634543426999952e-03
1.544665930073999991e-03
1.494556109820500099e-03
1.563366964874799911e-03
1.555229599949300079e-03
1.592829084116899893e-03
1.532645776995000039e-03
1.523240274282299921e-03
1.555116285117499973e-03
1.591355913679399960e-03
1.520663917446899924e-03
1.534165184654600082e-03
1.481439728118700075e-03
1.528403624252700106e-03
1.542674577794600098e-03
1.463978750655999927e-03
1.434705244893500105e-03
1.520960882926399981e-03
1.501810486380400055e-03
1.592891646924599969e-03
1.527730319472599997e-03
1.543027253414600052e-03
1.531526089618499972e-03
1.599322994281299898e-03
1.578957606241000082e-03
1.697305555429699927e-03
1.462649527454399929e-03
1.606891739709000047e-03
1.545045328312899969e-03
1.441203031460799953e-03
1.499882464368700085e-03
1.586130023284699955e-03
1.495227888963899902e-03
1.523375742492300055e-03
1.586322777907499953e-03
1.528617217787800074e-03
1.500330710009500001e-03
1.539872144742100105e-03
1.594005625533200009e-03
1.518722159760100025e-03
1.459111700799599906e-03
1.577238541245499929e-03
1.498912036679300036e-03
1.565857614718599950e-03
1.655809099621100055e-03
1.550903550426499912e-03
1.527163498376199902e-03
1.551098856941500069e-03
1.527860951019900009e-03
1.592193602063700104e-03
1.480849857280299928e-03
1.545922261810000033e-03
1.709041185697300104e-03
1.633276328507699904e-03
1.527389941260499972e-03
1.629567432247100043e-03
1.523803740174600003e-03
1.523097257965400075e-03
1.560327431363500066e-03
1.482532615847399933e-03
1.709041185697300104e-03
1.511891616150200105e-03
1.565873319350800106e-03
1.508149673729900072e-03
1.549708424701599961e-03
1.473110209624499964e-03
1.533566239539700020e-03
1.550513182697799922e-03
1.857303879849399970e-03
1.553065279505799973e-03
1.704384873240000035e-03
1.511722458192400103e-03
1.548582601910399948e-03
1.497773983985000021e-03
1.534106363640199908e-03
1.514670567447000057e-03
1.620318101106199950e-03
1.550576920505700000e-03
1.362170402666800081e-03
1.618762019211300021e-03
1.562397378016100067e-03
1.586769279026400102e-03
1.494621457190700026e-03
1.506615144625700082e-03
1.813057381335200042e-03
1.507715668064700098e-03
1.488620815627900032e-03
1.591917054338899901e-03
1.550543958263999982e-03
1.511465500823399926e-03
1.545947136121899983e-03
1.524221146403000049e-03
1.585735544872400029e-03
1.435325725293400091e-03
1.472019768335900087e-03
1.577546675429299930e-03
1.577064003209800030e-03
1.499608574891300077e-03
1.572609285052400073e-03
1.544083132693200092e-03
1.493529500306900026e-03
1.482242252850699948e-03
1.594605507673500051e-03
1.467185751163799972e-03
1.536321544642700078e-03
1.504672038910700050e-03
1.536044047235500098e-03
1.495123486169300025e-03
1.476354582341399962e-03
1.602334415677099909e-03
1.463897793578699960e-03
1.444105714038699910e-03
1.524621179612799986e-03
1.564489033605900034e-03
1.500698219913700060e-03
1.491364689987500092e-03
1.525761674748399993e-03
1.500775669866100072e-03
1.552566905723200014e-03
1.602440973778400043e-03
1.574222237829499922e-03
1.519781125147499998e-03
1.562746354746699954e-03
1.487646121659699913e-03
1.477689105648500060e-03
1.557528278781100065e-03
1.574382645175399905e-03
1.486159212622199929e-03
1.532603321308800099e-03
1.479117515577300099e-03
1.548596506016200035e-03
1.496613701821800048e-03
1.443696515819100062e-03
1.671810493841499948e-03
1.481688363267900021e-03
1.521872142882399991e-03
1.505622496079199934e-03
1.507235223242199898e-03
1.526410927144400062e-03
1.444517924674499926e-03
1.447733653652099987e-03
1.534530750135199928e-03
1.636697826849300074e-03
1.535018857477599965e-03
1.556987669432199906e-03
1.537524539683000077e-03
1.539872144742100105e-03
1.591421803328000022e-03
1.462057091344699930e-03
1.467055237280300104e-03
1.408744802305400036e-03
1.496830420041600019e-03
1.567185698999300084e-03
1.542774431163899951e-03
1.570907880491199992e-03
1.552169455061800036e-03
1.619565653890199909e-03
1.476322669179099900e-03
1.857303879849399970e-03
1.536297159733700061e-03
1.615786559950800052e-03
1.698551511843000026e-03
1.681754884968999922e-03
1.545115215598100037e-03
1.512864450290199924e-03
1.507059783660600000e-03
1.530840272407899948e-03
1.583861581863299939e-03
1.557851428032399959e-03
1.516142108643099996e-03
1.558262552009600068e-03
1.566652886016599907e-03
1.499734755200400008e-03
1.649549341391399896e-03
1.561672808272200098e-03
1.466737311192099942e-03
1.552385931555700076e-03
1.509601695698500065e-03
1.605821142810899939e-03
1.593754013984100080e-03
1.593379099203199928e-03
1.485539831328000059e-03
1.511431812293599934e-03
1.494878357303699914e-03
1.514885289309500071e-03
1.588607291686599914e-03
1.585936039538000074e-03
1.474116303733199974e-03
1.657001807705299956e-03
1.581517435947500053e-03
1.540107113695699968e-03
1.566957100321200030e-03
1.559089552553599928e-03
1.566504405995899907e-03
1.513828540742500088e-03
1.483755467816499961e-03
1.531685905787300061e-03
1.474411822199400051e-03
1.580234494436699938e-03
1.503271227590999900e-03
1.524286585382300056e-03
1.534934088928700075e-03
1.539010543082899992e-03
1.558916830442499957e-03
1.536330210641700077e-03
1.535352962436100028e-03
1.518125546816900080e-03
1.508171096873000064e-03
1.591917054338899901e-03
1.507191573493600004e-03
1.615218252505399915e-03
1.484961300366500038e-03
1.568771088790700107e-03
1.567658622132500016e-03
1.558933653842899938e-03
1.556161505422099921e-03
1.577977166795299950e-03
1.572822764877600038e-03
1.527163215622999925e-03
1.533025790325099995e-03
1.480529548465900043e-03
1.548930579081599958e-03
1.546117717970599921e-03
1.546143750562599959e-03
1.553391358019500000e-03
1.612467801752800025e-03
1.492117768975399902e-03
1.554014606676399918e-03
1.465460628258700082e-03
1.559703366824800094e-03
1.500952738637599928e-03
1.530914403240699918e-03
1.542863785370800081e-03
1.500985459354799894e-03
1.499841901110500041e-03
1.472061482488000060e-03
1.605265573893699957e-03
1.489927929106000084e-03
1.479738028710399916e-03
1.527723270464600080e-03
1.473812916292299973e-03
1.540326820333400015e-03
1.539389334801400094e-03
1.516281203602000026e-03
1.542155045501799942e-03
1.614825877515199898e-03
1.567264122748199913e-03
1.579184222683600045e-03
1.554205455771899948e-03
1.470349192132399969e-03
1.500941888110199959e-03
1.490688666279299957e-03
1.516996933425999962e-03
1.511214896500500011e-03
1.760981560632199957e-03
1.566750522570299967e-03
1.484536009835999912e-03
1.583934516498100098e-03
1.548406772075500105e-03
1.569921733827599978e-03
1.673559371347899940e-03
1.442434923372699950e-03
1.532661584505600003e-03
1.521263538653300045e-03
1.503348962454400086e-03
1.556291022952700082e-03
1.606787488188699898e-03
1.609426578108799936e-03
1.479197282905400082e-03
1.525386553783899916e-03
1.541143639298099945e-03
1.568790449969899910e-03
1.469299021672300105e-03
1.575497912425399914e-03
1.551616779144799913e-03
1.736597524202399901e-03
1.530238912838799946e-03
1.496898240255200045e-03
1.594033252946599989e-03
1.502234944289200080e-03
1.526346481315500082e-03
1.508622499279399986e-03
1.579427435443600015e-03
1.577453952533299994e-03
1.530999101403100011e-03
1.557966779699799988e-03
1.539737030378799960e-03
1.461888695620200060e-03
1.532919962686900024e-03
1.457524504310099946e-03
1.469078536747700069e-03
1.482283997988699965e-03
1.588952799379200016e-03
1.441655202477600027e-03
1.550232373524100017e-03
1.382445859517100013e-03
1.414075542106800086e-03
1.531351860800800021e-03
1.600547106187700033e-03
1.440041556101000078e-03
1.478703580140399961e-03
1.574001214691199933e-03
1.466951808616200016e-03
1.612467801752800025e-03
1.556040388048299944e-03
1.592271733039800005e-03
1.486223798816400021e-03
1.575649901274500057e-03
1.579717065129399934e-03
1.477454497370699971e-03
1.476662948844000012e-03
1.564826343929399998e-03
1.538828788081899983e-03
1.550712451558100037e-03
1.643460852226799997e-03
1.519741045888500048e-03
1.511091218903899995e-03
1.612451395668499906e-03
1.503259036846999906e-03
1.485906115219200012e-03
1.555344394233099895e-03
1.483368289189899991e-03
1.584644643530699936e-03
1.537508709205900100e-03
1.452330997878199933e-03
1.564954934845599931e-03
1.537794635548900063e-03
1.488238473611700006e-03
1.581634760274400024e-03
1.516198056636400065e-03
1.679755040506600034e-03
1.521778123793199973e-03
1.632994706628000062e-03
1.481902433483200075e-03
1.472887462618100059e-03
1.487949132542799998e-03
1.526363947818399919e-03
1.490337461955100039e-03
1.533146384328199895e-03
1.577904925800400083e-03
1.385620702210300058e-03
1.702773112850199978e-03
1.574019259319300043e-03
1.515455022677000005e-03
1.452632475549299950e-03
1.528365811717700062e-03
1.585314071065400086e-03
1.486924272602200073e-03
1.526724426728200005e-03
1.592128593444600048e-03
1.618536716043700091e-03
1.558279416210099893e-03
1.577758972113699936e-03
1.525973618736100029e-03
1.480862690805900004e-03
1.584270591752100048e-03
1.565205328104799908e-03
1.546543403907499944e-03
1.605205044231999964e-03
1.552676590643099980e-03
1.475287641963699903e-03
1.517497415931099922e-03
1.441753316837100004e-03
1.437223734165499938e-03
1.525791365060600105e-03
1.489902039454800084e-03
1.520639924317800096e-03
1.648257748055000083e-03
1.445961744458699929e-03
1.584543876411899973e-03
1.470302323390899934e-03
1.572903767911799965e-03
1.493812050402199953e-03
1.576702756803499998e-03
1.542132735001100008e-03
1.424639212467899941e-03
1.576992397903300086e-03
1.561006918765600040e-03
1.501005644916399932e-03
1.542728656763899930e-03
1.484448472247499977e-03
1.537835348559500040e-03
1.469003036041099984e-03
1.621711124697300084e-03
1.585407178608900071e-03
1.652128986461600009e-03
1.512805404895699963e-03
1.482053911837800031e-03
1.620307526384100021e-03
1.590292510030999950e-03
1.716041684637799975e-03
1.616891490654300033e-03
1.498521102224099899e-03
1.455672026050999985e-03
1.652128986461600009e-03
1.555967816492300100e-03
1.459560657735700043e-03
1.569921733827599978e-03
1.514489728310900027e-03
1.567110406078899921e-03
1.580123504341399924e-03
1.512864450290199924e-03
1.490523559452899913e-03
1.511295318864899935e-03
1.538598410501300015e-03
1.584452729352899989e-03
1.511521640701399966e-03
1.625317407942499914e-03
1.590259171107099960e-03
1.529280844879200071e-03
1.523490596847300056e-03
1.554204540654700048e-03
1.495458913692200098e-03
1.472572304661600101e-03
1.552933488936799949e-03
1.551040232861299962e-03
1.585735544872400029e-03
1.568207913384400080e-03
1.465369577052599934e-03
1.539200680519699953e-03
1.506670446900599961e-03
1.594351569807200050e-03
1.745335020654199907e-03
1.627434827880200026e-03
1.478206528234600079e-03
1.471593255136799915e-03
1.541380178391999920e-03
1.480655283918199923e-03
1.499449649229999976e-03
1.518381884891900060e-03
1.452957341211699900e-03
1.554165618013700042e-03
1.561800560526999939e-03
1.519165329466899998e-03
1.513013783651499930e-03
1.535554837891699989e-03
1.531607502726399939e-03
1.505844787787799944e-03
1.813057381335200042e-03
1.568172316149000047e-03
1.594889087949000021e-03
1.510701378394200016e-03
1.528787112201699955e-03
1.493358479237399949e-03
1.564622668451099916e-03
1.489820614648299912e-03
1.553391358019500000e-03
1.519165329466899998e-03
1.594114868292700101e-03
1.493798536788899962e-03
1.548841512684700052e-03
1.556198038570500049e-03
1.649549341391399896e-03
1.546837353875099921e-03
1.579272884997500034e-03
1.584846671412900102e-03
1.550828947430600091e-03
1.597689653920599971e-03
1.446139413574999916e-03
1.516019789538100007e-03
1.508994787358099990e-03
1.476950687180299954e-03
1.641218001991499907e-03
1.582128664650499922e-03
1.441753316837100004e-03
1.481766616267499951e-03
1.580093302680799991e-03
1.554150574363000106e-03
1.571920163635400023e-03
1.542063096112000070e-03
1.524976218926899982e-03
1.530641614062499970e-03
1.531744066253399933e-03
1.421135438418199984e-03
1.614931627798000006e-03
1.607001825612199963e-03
1.523682600047800021e-03
1.620063776080299996e-03
1.618278622878800092e-03
1.456709307026200079e-03
1.519857522805700099e-03
1.496385147085600026e-03
1.548786851352800019e-03
1.481500218907999978e-03
1.504345155959000086e-03
1.521814785908800084e-03
1.528787112201699955e-03
1.581346520974000018e-03
1.516019789538100007e-03
1.583869594579399940e-03
1.649373273457399938e-03
1.529285097203799933e-03
1.526526387802799910e-03
1.759446150348499939e-03
1.549485053809300083e-03
1.483524883298000018e-03
1.592041848789400079e-03
1.447977813808799894e-03
1.510887376536599897e-03
1.550585605632699964e-03
1.495589788134599977e-03
1.539032619973399948e-03
1.519598104223100028e-03
1.483997746115300106e-03
1.504294082386800060e-03
1.572971330949400094e-03
1.606413573439699916e-03
1.578534726411799996e-03
1.470355933674999957e-03
1.491097273045600058e-03
1.665755027488299931e-03
1.482242252850699948e-03
1.512433551510600086e-03
1.367402874794199953e-03
1.554630024523599935e-03
1.519456645670399933e-03
1.489186492448200038e-03
1.560268849203299982e-03
1.468293245983999951e-03
1.509645286862100044e-03
1.503823455811499924e-03
1.622744128787499945e-03
1.472951348650899939e-03
1.523603030987900073e-03
1.503130260751899981e-03
1.484932714126899981e-03
1.535581484916900092e-03
1.552786562258499968e-03
1.546489005908600065e-03
1.507986699444399973e-03
1.527596855111299900e-03
1.501720989950500055e-03
1.554582455223400090e-03
1.611718668193300001e-03
1.512260133206599910e-03
1.507438759295500006e-03
1.497059519159200025e-03
1.498145682044999894e-03
1.541885501724400091e-03
1.496433566496799912e-03
1.501187883675499926e-03
1.488289787944700000e-03
1.536334687971900028e-03
1.591586569979899952e-03
1.472145117885099910e-03
1.434543674348499930e-03
1.589680923094299999e-03
1.482208045360999945e-03
1.567227179055899911e-03
1.611611291343600059e-03
1.517645067893000008e-03
1.430197305184899943e-03
1.540543625354199968e-03
1.582547790783099930e-03
1.435273723902300014e-03
1.555818724564199916e-03
1.492902347668400090e-03
1.577921888414799984e-03
1.554582455223400090e-03
1.533913039801699943e-03
1.530837807403100060e-03
1.515464284248700102e-03
1.532142508461200019e-03
1.551694532349499932e-03
1.543495166221899939e-03
1.544629659207400092e-03
1.550187475376799953e-03
1.527225335124199985e-03
1.539727310365199969e-03
1.576341250233499920e-03
1.505183965314599954e-03
1.497906205057700007e-03
1.570477772248499984e-03
1.591551543508500002e-03
1.554192367742000076e-03
1.511443439047700007e-03
1.530725249645599906e-03
1.471972164194599968e-03
1.423094709471300033e-03
1.401048046465700001e-03
1.498475423090700042e-03
1.493382829277799988e-03
1.569349501912299964e-03
1.501983499166300012e-03
1.625403382345599933e-03
1.491651312680899923e-03
1.589026126022899908e-03
1.367402874794199953e-03
1.540725583474199896e-03
1.635948921249900066e-03
1.513005986116199974e-03
1.535554601961399953e-03
1.612078173295699917e-03
1.504264109186299924e-03
1.477473506222100027e-03
1.530641614062499970e-03
1.510419682855600014e-03
1.503544466209800036e-03
1.548284271576099965e-03
1.633668701010299951e-03
1.507904272756700054e-03
1.486494162131599909e-03
1.581569696018700040e-03
1.588163299036199957e-03
1.546396416790700055e-03
1.509426596480199995e-03
1.561113257697000064e-03
1.748795995947899926e-03
1.550710933040499962e-03
1.455585511170800041e-03
1.631587873923199964e-03
1.635971937907899952e-03
1.510824978134699993e-03
1.620307526384100021e-03
1.509448658117300062e-03
1.521471533540600090e-03
1.584717913082299900e-03
1.578640629634400034e-03
1.494351405833700078e-03
1.490301446196200079e-03
1.516297466166800041e-03
1.529349369040800032e-03
1.611037276668799909e-03
1.513286146752199990e-03
1.428917433440399926e-03
1.617882451289500085e-03
1.524953954658399974e-03
1.669868977549900102e-03
1.540308407363600099e-03
1.629567432247100043e-03
1.509202246837399982e-03
1.463098111791199911e-03
1.457131176684299968e-03
1.498860159690099982e-03
1.468543094513300069e-03
1.572399581311700097e-03
1.561764733862000022e-03
1.376366501326699949e-03
1.752957088048699924e-03
1.478787294179099987e-03
1.576495449298999938e-03
1.480270480230099937e-03
1.480881731494699963e-03
1.497434589465400064e-03
1.447937200448799972e-03
1.552088756720100072e-03
1.478168811073199895e-03
1.565755052062400019e-03
1.579283991640899939e-03
1.710674363689500092e-03
1.557465271122200059e-03
1.667111862969899950e-03
1.397419595784600045e-03
1.487428928231200077e-03
1.566541989250999981e-03
1.494093378663199911e-03
1.456709654204500076e-03
1.518787689243100052e-03
1.549498427397099981e-03
1.557025869123699951e-03
1.525927408060399979e-03
1.665755027488299931e-03
1.752957088048699924e-03
1.549303233839699912e-03
1.588227662451000086e-03
1.502819770131799985e-03
1.569925016442800039e-03
1.539310987405100072e-03
1.486412808723499950e-03
1.515899529625499946e-03
1.425410318743999946e-03
1.741411304865099962e-03
1.655308734758699930e-03
1.502660801694299985e-03
1.511484865509799902e-03
1.525722989747199968e-03
1.421135438418199984e-03
1.530581614506900051e-03
1.546113469269800103e-03
1.547351533212499956e-03
1.522775784072900006e-03
1.520618883408899908e-03
1.541274590510600083e-03
1.441928275528199955e-03
1.592806483690800082e-03
1.496551479026800042e-03
1.505269338600299977e-03
1.498135101919599978e-03
1.559747511595200014e-03
1.501868706089599936e-03
1.631325622315300079e-03
1.543927932102400098e-03
1.576001644128200048e-03
1.510724842868599966e-03
1.517860655124599967e-03
1.545535602034200061e-03
1.572639521717800063e-03
1.471093538427300064e-03
1.491214070949199895e-03
1.566549035538000040e-03
1.452971590913300012e-03
1.528018908758500003e-03
1.775730155582800002e-03
1.495532221720599934e-03
1.570204790855900040e-03
1.548767134519100008e-03
1.514751403898600057e-03
1.553926202930600020e-03
1.567821999079599925e-03
1.541570193776599937e-03
1.531105673727600021e-03
1.503271227590999900e-03
1.609780998179299958e-03
1.439366001405399968e-03
1.452168110383799966e-03
1.548522851770599892e-03
1.492117768975399902e-03
1.631998305429500007e-03
1.494126622025900106e-03
1.513583504721299896e-03
1.595013857367100002e-03
1.581860783722200021e-03
1.552910004127599965e-03
1.488474148726800020e-03
1.545894501724499968e-03
1.450691921616100106e-03
1.582860768562799943e-03
1.504236644651000057e-03
1.580405233885700091e-03
1.483237055456999983e-03
1.473566125989900092e-03
1.587191597885999990e-03
1.581467966257500040e-03
1.522768616657700028e-03
1.550583131120300074e-03
1.572650387395399920e-03
1.473501215316300053e-03
1.592823633397699896e-03
1.553188798360399976e-03
1.469728304922400053e-03
1.568337300750900038e-03
1.579303035096299998e-03
1.540380323823400000e-03
1.372944747716899972e-03
1.590292510030999950e-03
1.503389809402600006e-03
1.686933884678699924e-03
1.496350155603800051e-03
1.509548657560899924e-03
1.586210645282599930e-03
1.504693448320700098e-03
1.520301858338000012e-03
1.473525134192400082e-03
1.556996075066400089e-03
1.501984691743900053e-03
1.508449529688000090e-03
1.501490535650100086e-03
1.525212098635299980e-03
1.532841984705100077e-03
1.523962593577899956e-03
1.486247818674599902e-03
1.501964051804799980e-03
1.590869436560700097e-03
1.459372697444999986e-03
1.572489635795799954e-03
1.547028793913799924e-03
1.567222258630999922e-03
1.521579443532499907e-03
1.649373273457399938e-03
1.548888331956099979e-03
1.473858873345600031e-03
1.615431498463399968e-03
1.565714861746500064e-03
1.508942488097300087e-03
1.470465574434099906e-03
1.531971284037899998e-03
1.498637324836700003e-03
1.567940774927100009e-03
1.530259940968399946e-03
1.562397378016100067e-03
1.542483027721299957e-03
1.540984252939299947e-03
1.512962957228799988e-03
1.637326530799800093e-03
1.616751238590699970e-03
1.531014167362900044e-03
1.529370729304099915e-03
1.592066011671800082e-03
1.529759588841400012e-03
1.427701034698700047e-03
1.517348543372499950e-03
1.625405372933599922e-03
1.545633644407600014e-03
1.536397754152700034e-03
1.580190955109999967e-03
1.543072517584599896e-03
1.549257151308399902e-03
1.610142347014499988e-03
1.502546345868299932e-03
1.481251775159500008e-03
1.479100001172900004e-03
1.552198921941099928e-03
1.486127631961999939e-03
1.519710198894299973e-03
1.511878533273200041e-03
1.485264178996900013e-03
1.573181480347800049e-03
1.520492951886200095e-03
1.464200165730800097e-03
1.385620702210300058e-03
1.475179722731100084e-03
1.576251950084999907e-03
1.478568222972899892e-03
1.457605592974799960e-03
1.543662196033299952e-03
1.523098215711499951e-03
1.566325731900599944e-03
1.515807140839899947e-03
1.505477365074599965e-03
1.617762796995499998e-03
1.621197934423800058e-03
1.483544297687999954e-03
1.562976481558500099e-03
1.500980741642600046e-03
1.459554460885200073e-03
1.472713901182699922e-03
1.543130617291599976e-03
1.513537504352499997e-03
1.515647194800399944e-03
1.535957353892099990e-03
1.571100799538199940e-03
1.473650831551899998e-03
1.552803007529499979e-03
1.471153590087600094e-03
1.465161349202199906e-03
1.503353400833100026e-03
1.571787010856699925e-03
1.575487583712400011e-03
1.496572267054799982e-03
1.447733653652099987e-03
1.483950113592200038e-03
1.485965080455400053e-03
1.482208045360999945e-03
1.486487162172200026e-03
1.587415465727800082e-03
1.466419939341400075e-03
1.559141572677699965e-03
1.640449925129700047e-03
1.521963593230200081e-03
1.521174010835100099e-03
1.535151166740500103e-03
1.504913563431500107e-03
1.551754484574399944e-03
1.647714776790300045e-03
1.581467966257500040e-03
1.454245490093899985e-03
1.609067862146600037e-03
1.492462819772000021e-03
1.539666648012999895e-03
1.607217447793100103e-03
1.484417947102400007e-03
1.474697054125200055e-03
1.450783526144100053e-03
1.548336542341500035e-03
1.486567081435700034e-03
1.525479624404000017e-03
1.518077144873699897e-03
1.550782332122499973e-03
1.511166640826700066e-03
1.609565145032099912e-03
1.571713735482300036e-03
1.515358932328299919e-03
1.554819925926199898e-03
1.495680811730200083e-03
1.449742395634100092e-03
1.621146101099000007e-03
1.580501993916500099e-03
1.457293998843599975e-03
1.610264361573199906e-03
1.555202082653099963e-03
1.475837444300699989e-03
1.546078692282699908e-03
1.474572379334800065e-03
1.555426529792599925e-03
1.553899420244000051e-03
1.524588924799800006e-03
1.509721204954299952e-03
1.557278968634700058e-03
1.627421249617400090e-03
1.486924272602200073e-03
1.541953998041800016e-03
1.416366626023400068e-03
1.636057112416800050e-03
1.540892222337299916e-03
1.492074517879600016e-03
1.487660304978300017e-03
1.520003594049100081e-03
1.520753143683000082e-03
1.501187883675499926e-03
1.446066450931199907e-03
1.506347009432099961e-03
1.440270989389400057e-03
1.465244076530499914e-03
1.561377612332500104e-03
1.586449854279300053e-03
1.428646445477300009e-03
1.503653072980299949e-03
1.469435881634799943e-03
1.530076763280300081e-03
1.520148562289599893e-03
1.524713462221500030e-03
1.409634337394500029e-03
1.575424568605299962e-03
1.509888531845200070e-03
1.595009533189199920e-03
1.508644544172300060e-03
1.524117404648199893e-03
1.537654476522200015e-03
1.493798536788899962e-03
1.513639990947500055e-03
1.523371958173600068e-03
1.537049033408700036e-03
1.502387666598399953e-03
1.571723444384799922e-03
1.513339405332300106e-03
1.518903783223200105e-03
1.530012040347399982e-03
1.550095019907399979e-03
1.571217249888099982e-03
1.468418830973299916e-03
1.485591660227200033e-03
1.585722422244800018e-03
1.512381877817500038e-03
1.613267459714799908e-03
1.504124117270399900e-03
1.566636633749500084e-03
1.522074395216800038e-03
1.465518999899899930e-03
1.562295252144900014e-03
1.522556134883699909e-03
1.376366501326699949e-03
1.479572363923699948e-03
1.532573841394899898e-03
1.502052267412300017e-03
1.533807388783699991e-03
1.524849365219099967e-03
1.793022627298500055e-03
1.582844807463000027e-03
1.567962035441699924e-03
1.547731790431000056e-03
1.509202246837399982e-03
1.464699863480899925e-03
1.551570060627700072e-03
1.542911252796300061e-03
1.647082946328300027e-03
1.564669545076299937e-03
1.588160676320100103e-03
1.552847249094699940e-03
1.793022627298500055e-03
1.482677573742600041e-03
1.608246433975500092e-03
1.490178604881299985e-03
1.473997837980499988e-03
1.402697990573300094e-03
1.514239297618099993e-03
1.509569948625999903e-03
1.568793017250699967e-03
1.547157604301600039e-03
1.511439600662899899e-03
1.512668281487200084e-03
1.612051679855599964e-03
1.579396057029100030e-03
1.705258409130499956e-03
1.531771213888299997e-03
1.616891490654300033e-03
1.511066809675699896e-03
1.560296138459400057e-03
1.504396218662899928e-03
1.546814102308700012e-03
1.580425431109599944e-03
1.491842531737899973e-03
1.564162076950900097e-03
1.570267043227700039e-03
1.534975548427500083e-03
1.486904964042200065e-03
1.544780445519899990e-03
1.552921031555299898e-03
1.449173039675500079e-03
1.434827304378200009e-03
1.549823612939400059e-03
1.487355719214000088e-03
1.579282195909499989e-03
1.519135746850600044e-03
1.627001144483299988e-03
1.605026486963699898e-03
1.545947136121899983e-03
1.520051564865699915e-03
1.539053507740399934e-03
1.710826291806499897e-03
1.548139466772699945e-03
1.612663673282700065e-03
1.621637517608500107e-03
1.589406674425899915e-03
1.513805770342799978e-03
1.493812050402199953e-03
1.580612518908600019e-03
1.573383170041900078e-03
1.558477611246599946e-03
1.670477885393600089e-03
1.471994057841800050e-03
1.548000927286899940e-03
1.520455373667600101e-03
1.652401604092700082e-03
1.542267746827900030e-03
1.549563888077399925e-03
1.585033445204799907e-03
1.546170484985400070e-03
1.531685905787300061e-03
1.457293998843599975e-03
1.628850360304400077e-03
1.489534030124300013e-03
1.569883137091600007e-03
1.483097821567799963e-03
1.652749419912599932e-03
1.524269647411300105e-03
1.501697737586500095e-03
1.504946766374700090e-03
1.551616551064500041e-03
1.652232309169200013e-03
1.440328849065099963e-03
1.545452423241899971e-03
1.531194789431900103e-03
1.690222859311399936e-03
1.525259800158800059e-03
1.581925534558599944e-03
1.497394890094899894e-03
1.576562271847800015e-03
1.519615175254200026e-03
1.466167978555299933e-03
1.464599563333299952e-03
1.475774800806700041e-03
1.508357934267199945e-03
1.539120112547200016e-03
1.519938146276199895e-03
1.520882914555699928e-03
1.503119462119099957e-03
1.556430343466499956e-03
1.540442818413600068e-03
1.540706821981900057e-03
1.484540981701999978e-03
1.573611327475599956e-03
1.474666668608299929e-03
1.534708188498700018e-03
1.568291742592599911e-03
1.540447587259000019e-03
1.590929261583299984e-03
1.588860055063600046e-03
1.509225527228299970e-03
1.571741085525000040e-03
1.519856975272499897e-03
1.488531850893399979e-03
1.567589178127000004e-03
1.486548243046100035e-03
1.521712471440600034e-03
1.509457213297900032e-03
1.537372450755800047e-03
1.606832654504300028e-03
1.397419595784600045e-03
1.458276248094499909e-03
1.602900189762900040e-03
1.419755941075400091e-03
1.608946575157599920e-03
1.501289421046699945e-03
1.578688135114600030e-03
1.529268678269500104e-03
1.657782296333400098e-03
1.537532335920799948e-03
1.519504813118600093e-03
1.611695740826499983e-03
1.522151450073599933e-03
1.559245269680899909e-03
1.428746259601899925e-03
1.451789655217799926e-03
1.488239814544800024e-03
1.486097434126900036e-03
1.549936905165999902e-03
1.509810982090800061e-03
1.506280777874199981e-03
1.455134598056699938e-03
1.588952799379200016e-03
1.501166721681200002e-03
1.490895718929500027e-03
1.550084278298799988e-03
1.505126878570400102e-03
1.527418284975199910e-03
1.496996254630199958e-03
1.562158724297200030e-03
1.474236153680600009e-03
1.478703580140399961e-03
1.505140827494100015e-03
1.507611677490700106e-03
1.488940559931799940e-03
1.537776330631500073e-03
1.621081081611300094e-03
1.577898387885999900e-03
1.496566662985199898e-03
1.496223755753599977e-03
1.528554138023899929e-03
1.555717549452199965e-03
1.563116930108300086e-03
1.472523453525099958e-03
1.510945970120299931e-03
1.616626399822000074e-03
1.549523457965600037e-03
1.556996075066400089e-03
1.384897455309700050e-03
1.564863450822199988e-03
1.495162810392799925e-03
1.448167150347600025e-03
1.603798697691999906e-03
1.465369577052599934e-03
1.571944549413800078e-03
1.634760265180799921e-03
1.522112819306200085e-03
1.478845059729700035e-03
1.547058545431299979e-03
1.650461136003499897e-03
1.534112499381999964e-03
1.584877136822000071e-03
1.524467639624899973e-03
1.508650830543999946e-03
1.451309930796699935e-03
1.467966669439999981e-03
1.479014630591000056e-03
1.467168057914699977e-03
1.724919082915799982e-03
1.579677721041200088e-03
1.522340620936599945e-03
1.490337461955100039e-03
1.579471320535000061e-03
1.503869219569999895e-03
1.572643882944700080e-03
1.532132420540400098e-03
1.559162599454999966e-03
1.588027301447199986e-03
1.586381655849800022e-03
1.451768595597899975e-03
1.480028669129899912e-03
1.601517446915400088e-03
1.623114152950000041e-03
1.528302704212599955e-03
1.593754013984100080e-03
1.472188697350099900e-03
1.511754819290499945e-03
1.604973052264300083e-03
1.465808980591599975e-03
1.549787057484099898e-03
1.491516613691699911e-03
1.579282195909499989e-03
1.592811235823500017e-03
1.492464232899799910e-03
1.593597632045000087e-03
1.631495138021900066e-03
1.527334311171400045e-03
1.483776648269700092e-03
1.501868706089599936e-03
1.638976956909799984e-03
1.518811850728499918e-03
1.623228607538099904e-03
1.469450067655600056e-03
1.592041848789400079e-03
1.436274318835899927e-03
1.696651664091700009e-03
1.459478365213300087e-03
1.486426708496700003e-03
1.483638105925100086e-03
1.555587665115499988e-03
1.457597012879499913e-03
1.495228746401900061e-03
1.596403513297999953e-03
1.503381623801500070e-03
1.506579195410200035e-03
1.512383651654600029e-03
1.447977813808799894e-03
1.504584362829300024e-03
1.635858910514599932e-03
1.523403722672999998e-03
1.551678737410400015e-03
1.517215017903799897e-03
1.504887568802599964e-03
1.545462619749400071e-03
1.518489766763599915e-03
1.580487502909500063e-03
1.485264178996900013e-03
1.489423497795199945e-03
1.534563443185000056e-03
1.562376342164700088e-03
1.569430560917899932e-03
1.504367326735399964e-03
1.569817580059500043e-03
1.623481545359300006e-03
1.574909596869900064e-03
1.556834084700799972e-03
1.563594436421500032e-03
1.707332370084700072e-03
1.554058854410399941e-03
1.527447210280599927e-03
1.609067862146600037e-03
1.624357880855699897e-03
1.596717762386900023e-03
1.548909103220799969e-03
1.499449649229999976e-03
1.584574225715399982e-03
1.547683448569499905e-03
1.599666676869999958e-03
1.543992939529100026e-03
1.595009533189199920e-03
1.490766767931599960e-03
1.513707869387200021e-03
1.527689791067399997e-03
1.505438389706899999e-03
1.518009411055900107e-03
1.486424757079299937e-03
1.549268116817699957e-03
