1.147095396008063067e-01
-4.549029890331918874e-02
-4.901290670533534621e-01
1.678189990230456008e+00
-2.750157238255225289e-01
-1.525072305454675758e+00
-7.810249644279822212e-02
-1.162165888921284085e-01
7.763973433087452136e-01
3.547301774207678005e+00
-9.007481582969264489e-01
1.568437938638705287e+00
2.306417593654646880e-01
2.976884335617281385e-01
-2.703062192646436129e-02
-4.458637635928783954e-02
-7.557471333096474897e-01
5.711211595544396502e-02
8.431668716459999047e-01
-3.539924640848385318e-01
-9.541280319821052736e-01
1.241728940655862923e+00
-7.964683096561629705e-02
-1.338796450289951645e+00
-4.664173252560344096e-01
-1.820610666060182015e-01
1.446742289900047052e-01
4.354173124094365965e-01
-1.268092246067739959e+00
5.941587591191035411e-01
-4.577570001581278691e-01
-6.948622359388778591e-01
3.339940572837608590e-01
4.241967385625054487e-01
-6.832334634019370245e-01
-4.528416369217092702e-02
-6.766704594548911267e-01
1.203547180913683845e-01
5.121836253733501598e-01
-1.082571186579465605e+00
-3.925744672228055621e-02
-2.093444207070468632e+00
-7.926656918285364117e-01
1.168234014387650399e+00
-2.658919479441378964e-01
-2.259859213931472599e+00
2.802597424483870836e-01
-4.192228036421944970e-01
-8.794592702826182773e-01
2.871525541000570225e-01
7.449940902828633416e-01
6.969742443451588665e-01
-1.410698285844403099e-01
-9.578530496137795947e-01
-1.510492711764721996e+00
-1.756601327278569102e-01
-2.731904193788534108e-02
-4.664173252560344096e-01
7.700835556836391760e-01
1.172586699111104913e+00
1.178562160149346116e+00
-1.608979140229994664e-01
1.509741015231853278e-01
-5.144484031318878881e-01
9.180225985631448316e-01
-9.568194576177137256e-02
6.238448037806199054e-01
7.595755195659729120e-01
3.921109729900597585e-01
1.213946725984503594e+00
4.723643401836126188e-01
-6.541341497084671164e-02
4.094515432549922784e-01
1.132339851010815135e+00
3.001483043443446963e-01
-2.697980570948714241e-01
7.482696726401644183e-01
-8.771153520282654048e-03
-1.503859499662223431e-01
-7.975385593781468829e-01
5.323417576271401164e-02
-9.854915746096968299e-01
-8.309599008018067057e-01
8.688429963100250397e-01
2.395346352900431519e-01
-2.921203054338894836e-02
1.236928954433551997e+00
4.077833313065479248e-01
4.802606683302037549e-01
7.691115231770767613e-02
-3.883367822324912955e-01
7.905765360506910033e-01
-3.221483352720990734e+00
-6.064177276533946337e-01
1.954294425351696507e+00
-9.579986416365880997e-01
8.009562385378471427e-01
2.923291779416930525e-01
9.769729838942521338e-01
-3.307157300392744581e-01
8.072952502756202131e-01
1.549262370711203957e-02
-1.565297341456601821e-01
-1.006635610017499571e+00
9.668428927193682965e-01
3.526886102543472790e-01
-4.544342551390868068e-01
9.182993401348878981e-01
5.306639863490205666e-01
1.038384162786819331e+00
8.095290731493334779e-02
-2.595741468528975471e+00
8.757799965417975008e-01
7.164771863647899364e-02
1.469079058105558167e+00
5.202227807540875659e-01
-7.107355389916271138e-01
-7.950043408714141391e-01
1.558667596455947102e+00
-6.759544447409095991e-01
-3.958913755963635595e-01
7.093834009083704872e-01
-2.824689457195053155e-01
-9.449017770042116293e-01
-2.531510836684165877e+00
5.410791750842623982e-01
1.804183602961164090e-01
1.831645875096155951e+00
4.643072770730327647e-01
8.774154978675247074e-01
-4.489352414418933401e-01
1.361118663918625016e+00
-9.167427163909342980e-01
7.040590268474236080e-01
-8.768383289962161653e-01
9.572493306489858467e-02
-4.779799622683423843e-01
1.982949694453536527e+00
-7.937248753274657176e-01
-3.883367822324912955e-01
-4.959754175221364192e-01
7.293986906116727287e-01
-1.274013464575522780e+00
-8.129366957829735618e-01
1.961743590840546447e-01
-1.114838435472220945e+00
8.580090236167479123e-01
-2.722152697146342226e-01
4.726531507860156078e-01
1.631696982584318889e-01
5.492870575664722255e-01
-3.847529876930099735e-01
-3.461554120225432740e+00
-1.010112045492271848e+00
5.127795336485981847e-01
9.958245130341520923e-01
-4.780954595227978055e-01
4.263078513779652301e-01
-4.336961579945423084e-01
2.190482230620409698e-01
-9.136088820843684122e-01
1.738828283196367952e+00
4.942522572328237329e-01
2.696160820918079626e+00
1.047671045976404924e+00
-2.047351097996796820e+00
-1.121474193729439343e-02
6.299181469695549485e-01
3.026884207512507974e-01
7.427212188656673320e-02
8.284888475628501281e-01
1.768928200896321856e+00
-1.205094164730039497e+00
8.481686713358891350e-01
-8.493157257784766934e-02
3.554388326297107881e+00
1.049713462068004866e-01
2.106921776034881011e-01
-1.455745032889914858e+00
-1.591781563551271317e+00
5.040090102935379512e-01
2.324137450817294503e+00
-5.027317028468377691e-01
-1.056055837846604062e+00
-9.563144163767066663e-01
3.259495210322679859e-01
-3.283413994442734851e-01
-2.821196640891550644e-01
2.397059367423404641e+00
-5.984800296510349726e-01
1.299271967447472031e-01
6.485348731517146526e-01
-1.866934897105727298e-01
9.754367764075529967e-01
1.436569934730641540e+00
-1.139107313597122889e-01
1.184493874567224547e-01
2.696160820918079626e+00
1.478906527390646097e+00
-7.231606411333253437e-01
-4.432784464900226679e-02
-1.445760005780669433e+00
-1.227170416348211335e+00
2.853123491153760627e-01
7.974483073892738583e-01
-9.569946800675586951e-02
-9.305461867733543224e-01
8.240277978100092326e-01
-1.259950062132328963e-01
2.756024716558070353e-01
7.758299336540497304e-01
8.430826698956312981e-01
7.117341993151652391e-01
9.544216719690185036e-01
-3.959933065833361465e-01
1.186580561119355837e+00
6.503481636668742016e-01
4.040077012839814463e-01
-1.888234104731890683e+00
8.118087156064530963e-02
5.482825023940866016e-01
-6.071295719771024890e-01
6.867279154115412121e-01
2.083720082428870413e+00
1.014309012571902091e+00
-3.409023705030391205e-01
-4.553847113245368394e-01
2.938971267849825875e-01
9.094402658758982128e-01
6.365375918762762597e-02
3.333430611834956037e-01
-5.482652327945271020e-01
1.744458322588856358e+00
3.345014729053210067e-01
-7.199041969838628763e-01
5.202227807540875659e-01
-8.849972369073493272e-01
-1.420725609961146274e+00
-1.523995053252417131e-01
1.205966457663537467e-01
8.959780889106738755e-01
-2.098381615090150643e+00
-9.113611511080621508e-01
6.008458112057608602e-01
1.252064830722832811e+00
-1.635943667930801038e+00
-7.118605168488135737e-01
-3.858552822523512726e-01
-6.008340135415926042e-01
1.734609298672108224e+00
-2.145627732892901873e-01
-6.514370696621663015e-01
-3.239907365963163310e-01
1.274851127309162058e+00
2.593153099228424213e-02
5.897726781102229365e-01
1.694712255473442619e+00
5.321071379644657373e-01
-3.152566061780037177e-01
-1.715266274805458346e+00
-1.546996134595433614e-01
-1.071612628404958745e+00
-5.733257653278666099e-01
2.798964311437048824e-01
1.352966281354914535e-01
-1.349356795523534158e-01
1.614911810365982914e-01
1.670126652250962351e+00
-8.005849028167563164e-01
1.157578793286345720e-01
-1.133536424991705038e+00
-9.501816404844170005e-01
8.349498573614175800e-01
-7.079984681708290095e-01
1.125589567416353853e+00
2.237814828850873961e-01
-8.596025422380062508e-01
-3.808398827284866645e-02
9.200603617265035172e-01
-4.688886577383928889e-01
6.981885114796267944e-01
-1.465937590485205000e+00
-8.293294549025445050e-01
1.017161162623765325e+00
-2.543820722028901637e-01
8.711986887930257550e-01
-1.317053540219741192e+00
1.483983421638769729e+00
1.861931161325735273e-01
-2.209807595056965557e+00
-1.480653071877915949e-01
1.946002467524852841e+00
1.179469607369229012e+00
-1.342806644773894664e+00
2.996831579067369411e-01
3.663128797976868412e-01
7.166294415372619353e-01
-1.324357719520374621e+00
-3.971329703624834617e-01
1.069932469686876830e+00
-2.863331627009683800e+00
1.925365677822526711e-01
-1.589392286359425643e+00
4.220380936942944583e-01
-9.015403821342105051e-01
6.189926165977145400e-01
-5.108148839198204533e-02
3.305621990516174891e-01
1.146764281304868849e+00
4.892177061483557465e-01
-2.974183411606938499e-02
1.091560780444783552e-02
7.153729609445249604e-01
-3.431771007423700670e-01
-2.380172373990153134e-01
3.711180861512171081e-01
-7.209614987315067502e-02
4.371881331026299389e-01
