1.981355974653699944e-03
1.351296184381499963e-03
3.822240849796999882e-03
3.768207254882800176e-03
3.314233506386700129e-03
4.253450909126999901e-04
1.871501627128400016e-03
2.081780432609999995e-03
1.540946363592100073e-03
1.337457197210499896e-03
1.299650254956400026e-03
3.337119352764999873e-03
1.627958160335599928e-03
2.124495940017599900e-03
2.189121668381499922e-03
1.394963648121599941e-03
1.792899787444599902e-03
2.328099555335100095e-03
1.839977646904899893e-03
1.968623942285200028e-03
2.378985661041999912e-03
2.747666396890000202e-03
2.125266379428300198e-03
3.665226604136099815e-03
1.154321697871800098e-03
1.976630124130599950e-03
1.926125558834799936e-03
2.284276900220999918e-04
1.951129264963700084e-03
3.353402076382200163e-03
1.882734100777399937e-03
5.720677904231999790e-04
2.050957905463099851e-03
1.525320888148400025e-03
8.790655114109999745e-04
9.951763687804000575e-04
1.867959431440799952e-03
3.785942611711100216e-03
3.945336087716499671e-03
2.133116317708099851e-03
3.181967117867899857e-03
2.869339818393300007e-03
1.344938031622700068e-03
3.569505344709299893e-03
1.980028754457699870e-03
1.582836247791599964e-03
2.817446912057400017e-03
7.906876863046208276e-06
1.767465735238099968e-03
1.564690741008299951e-03
1.839815287591700091e-03
1.609316104680600084e-03
1.135274342763400047e-03
2.364512946765999837e-03
3.811543867487199831e-03
1.912364605848900076e-03
3.696742171405999894e-03
1.925006161051800091e-03
3.825456924488900012e-03
1.594862030844599937e-03
2.198819627862899986e-03
2.345249006553399955e-03
1.893274375891399949e-03
2.267022766350100180e-03
2.061592488898699848e-03
1.631286319290999910e-03
3.850451723423999918e-03
2.232985949306699920e-03
1.101910992008999900e-03
7.302011203649999603e-04
1.815483880811300096e-03
1.907334869535700066e-03
2.046541812723600036e-03
3.740454622066300208e-03
2.194848758807300092e-03
3.922829380322899982e-03
1.626333739565499975e-03
3.765916144559199909e-03
1.200904758920799936e-03
2.320383207181499902e-03
1.826938173364799902e-03
1.944249499902600108e-03
1.918990894160900029e-03
1.378967427647399954e-03
3.102132523935099799e-03
1.502472001839799936e-03
2.203086958546900207e-03
3.416414959466099882e-03
1.959049582922400053e-03
3.658648081043000024e-03
6.189396902522000064e-04
1.375024067633500010e-03
1.768731130043900077e-03
3.594274092006400061e-03
1.749442859210900052e-03
1.585771882170800093e-03
1.521201089231099960e-03
2.013410572653299979e-03
1.732655578410399917e-03
1.442359052203400068e-03
1.677542618590200079e-03
1.829309217638400023e-03
3.696742171405999894e-03
1.702575731317199949e-03
7.277775128762000410e-04
2.371382627904199993e-03
4.013807984717499694e-03
5.976287584446999526e-04
3.833063990036700026e-03
1.483684199928199951e-03
1.028529612309099939e-03
2.947037514535599898e-03
2.166137173010400114e-03
1.283727996941900042e-03
3.875522560244999866e-03
2.040353926756800166e-03
1.353767321404100027e-03
1.709424930901100098e-03
1.214451304771400030e-03
1.770547073959100048e-03
2.061394733071199910e-03
1.655302369930899921e-03
2.075197009447100199e-03
1.739839068212400107e-03
2.606717678098400062e-03
1.163152235552099940e-03
3.391164956055299929e-03
2.614035497555199962e-03
1.121119172833400001e-03
1.542481229083899914e-03
1.809675984993600094e-03
1.402011170859099971e-03
1.726170023012899924e-03
1.906102790286399919e-03
1.896100866024600078e-03
1.920943563796800087e-03
7.115535636823999872e-04
9.709752038178999555e-04
2.410545202485400024e-03
4.444415811498000045e-04
1.196980808637799999e-03
1.520582880180699949e-03
1.332120753793000030e-03
2.631964266576599862e-03
1.899567511011199944e-03
4.035764522418099944e-03
2.338252172911099800e-03
1.311056797175499987e-03
2.604899998844800203e-03
1.638637859690299931e-03
3.646974762545099856e-03
3.959208155539900055e-03
2.168034672535399873e-03
3.971019838649300290e-03
2.358600345886099903e-03
3.862767950655199983e-03
6.774203028527000332e-04
1.889875077394900012e-03
1.794073883918999930e-04
1.164674270440200056e-03
1.038299097822199899e-03
1.025555362945000052e-03
9.778774368820000208e-04
3.104005330368499876e-03
2.616130776168399882e-03
1.408371668811900018e-03
2.267338696887799890e-03
1.456292487457699946e-03
3.306239039909500063e-03
3.550495067095600209e-03
3.568843016167199886e-03
2.273348897245599989e-03
1.908447398190699995e-03
4.002970831824199591e-03
4.037583517793000287e-03
2.287631796922799925e-03
1.337471881862299997e-03
2.118928095520200214e-03
1.479427890210899960e-03
5.520815937345999527e-04
1.362691410788600043e-03
1.790158893996399939e-03
1.556130706856100098e-03
1.813871299923599948e-03
2.627863196417700060e-03
1.494025097588200061e-03
1.072102877947300054e-03
1.690900270806500010e-03
2.179947121441100019e-03
9.876996585843999914e-04
1.960134702907800203e-03
9.548596726304999774e-04
3.399462852096999960e-03
4.010529143553500341e-03
1.875373501262600062e-03
1.456979740872500024e-03
2.297820171978900202e-03
2.195508584235900205e-03
1.766654837053999996e-03
1.168099113135999943e-04
1.597505106314700031e-03
1.542052796733600021e-03
1.420439917807500042e-03
5.231583354139000179e-04
2.055991022468000185e-03
3.801093783736199817e-03
1.965904824774599834e-03
1.696310986892499931e-03
1.485254015761199942e-03
1.727278011655800083e-03
1.899826337939500027e-03
1.994669465484199926e-03
1.442018791366600061e-03
1.726980664421399981e-03
3.233775898843800102e-03
2.161342617332999948e-03
4.191922128915200399e-03
3.525070220348499803e-03
3.513513018100399878e-03
1.883302607569199922e-03
1.885360803337099954e-03
2.059918487792499961e-03
1.448547560892999913e-03
1.749280722273999916e-03
2.036024138814099965e-03
1.685614880186299923e-03
2.205582319198200192e-03
3.252328492801799878e-03
1.323817515600999965e-03
2.744333332837399844e-03
1.771142750286199994e-03
1.444213891982599942e-03
1.374713989011200040e-03
3.951766375268500088e-03
2.000397747165299795e-03
1.786283547265600079e-03
2.153161493196100069e-03
1.613770791608900006e-03
4.260732761350000120e-03
2.396980062326999842e-03
3.651848191490099892e-03
1.935746068892700046e-03
1.692550388973900095e-03
3.633374528808800113e-03
5.283856772139000060e-04
1.456123587562299952e-03
1.803215041471799892e-03
1.268837451972299954e-03
1.127914861397300104e-03
1.784075109884800028e-03
2.307400129352999969e-04
1.737646905309999951e-03
3.623700960847200080e-03
2.149754505892500014e-03
2.241717762454199878e-03
1.883978298316000069e-03
1.869297613364400085e-03
2.476011669147000147e-04
1.783558208405100010e-03
1.178467614266999995e-03
3.862767950655199983e-03
2.183476122559500042e-03
2.372327837892000170e-03
4.010529143553500341e-03
1.881745659856000124e-04
4.113957153169999804e-03
1.424923766821499993e-03
3.294560551196199991e-03
2.109684129080600067e-03
2.386191543425700019e-03
3.420030633014799985e-03
4.105074256138699883e-03
9.394814661990000173e-04
1.014771079917000052e-04
1.779799776838399909e-03
1.290315164057500002e-03
1.300290166900999972e-04
3.740454622066300208e-03
3.209882650885000034e-04
3.637105355630599907e-03
2.324992177717399942e-03
4.167105322347999796e-03
1.582045679589200041e-03
4.016012021242999774e-03
3.912849610208600157e-03
8.289087489676999791e-04
1.959913156777699957e-03
3.823254785025200116e-03
8.711527166203999941e-04
8.164109767169000107e-04
1.776125638349399958e-03
3.209072825629300050e-03
3.483724577550599902e-03
2.880162262587000234e-04
1.970849035558699860e-03
2.321211775038199959e-03
7.056759758588000263e-04
3.130869587858499826e-03
1.870177669839799941e-03
8.428208412107000402e-04
1.992231828015300112e-03
1.452731099216200000e-03
2.300681876208399840e-03
2.496867033329600201e-03
2.305224266494199786e-03
2.815559476074000022e-04
2.479990493739100011e-03
3.725506583751900073e-03
3.487242976590199973e-03
1.751507163950899969e-03
1.028519572364799961e-03
1.988289649351899797e-03
2.115607190200300206e-03
3.929267047654600060e-03
2.397841173982099942e-03
2.077785399803700091e-03
9.247562387120000305e-04
1.514328775935800103e-03
1.673408459299400089e-03
7.900662350269000355e-04
3.608998414736100044e-03
1.865820238461999951e-04
6.770712338542999751e-04
1.743935975834500071e-03
3.283481189066600036e-03
1.362982109846399984e-03
3.426143359825099821e-03
1.740934031188399924e-03
1.063581196990100088e-03
1.837785810091700084e-03
3.102132523935099799e-03
1.867842458080800055e-03
1.201906400906400073e-03
3.781245107192600201e-03
1.342014936384699911e-03
1.651821858007799940e-03
4.518056004013100077e-03
8.762251936710000345e-04
2.103770958289200195e-03
8.774694942035999971e-04
1.675700307173499980e-03
1.690897296012399938e-03
2.135763616320500002e-03
1.929153555869799917e-03
1.391767259291799971e-03
1.748708000147200037e-03
3.833571190693099793e-03
1.700838045420200026e-03
3.771730654450400171e-03
1.453319275410800077e-03
1.618467860093099992e-03
9.854376868496999772e-04
2.041698241523299834e-03
7.888611037485999565e-04
1.853051257746799905e-03
2.513964061485100040e-03
1.689925934726199978e-03
3.134722006847600120e-03
2.234796882547999790e-03
2.278209951954400080e-03
6.261725845998073999e-05
9.814155141591000830e-04
2.915158372000199900e-03
1.922859494959199998e-03
1.908405827919799945e-03
1.551900361523199986e-03
2.073002174552399882e-03
1.942568522560099995e-03
4.676321157331999852e-04
1.682350394786700067e-03
3.888144003722099947e-03
1.332700612644699975e-03
1.969338952006400092e-03
2.203274620525999799e-03
2.183906628811800154e-03
2.089245117568000031e-03
1.986464698372999906e-03
3.174293114372599839e-03
1.840279905007399970e-03
2.371073453449500188e-03
1.677035841361499899e-03
1.687229999881699949e-03
3.400316616378900193e-03
2.033645293972500146e-03
2.511157405421000238e-04
3.391164956055299929e-03
2.327360193564500038e-03
3.515608161290499981e-03
1.253262890598500108e-03
1.762346978887000025e-04
1.847485450914699949e-03
1.321915559677800094e-03
3.568843016167199886e-03
1.450769313786699939e-03
1.654523423787799966e-03
2.003098302539899848e-03
2.248787094546199784e-03
3.129807747643300209e-03
1.280891634532699969e-03
3.208094540017632782e-05
2.145329093478299826e-03
8.974379381918000257e-04
1.332000619853400012e-03
1.700029364673200094e-03
1.184087772170300040e-03
1.276691456712300077e-03
1.804941619694100082e-03
4.141761224514499753e-03
9.668482924329000220e-04
2.374532982545799874e-03
7.180385925997000499e-04
1.907620908899499996e-03
3.428750385540899927e-03
1.244644453800299901e-03
8.430741618322941736e-05
4.445842091593999942e-03
1.951462839733399948e-03
9.922593693041999608e-04
1.378148628949399986e-03
2.048597152103399845e-03
1.397810452493200009e-03
2.091375926766600012e-03
4.099636799506399705e-03
1.812893172844000063e-03
3.530199082937000073e-04
3.765916144559199909e-03
3.028919309749899917e-03
3.852033008866800022e-03
1.285052175154299987e-03
1.960191793551000101e-03
1.939766679961300042e-03
1.524116371663900016e-03
3.269385192825199904e-03
1.715099519346300000e-03
2.835503871713500063e-03
3.292941900865800110e-03
3.127238337038399860e-03
1.735643237932899983e-03
9.901103646009000274e-04
3.386198660514400105e-03
2.259608653245600163e-03
1.193358069433099944e-03
2.374783368846699813e-03
3.218203910787400136e-03
2.391197457258199908e-03
3.581609830776000107e-04
1.831708178369400013e-03
1.675611525794099910e-03
2.197470064792800010e-03
2.000093789286699897e-03
6.703832092346000051e-04
1.956108421589500095e-03
1.821304481836799995e-03
1.142594562289200042e-03
6.175855874518000176e-04
2.206383568239299927e-03
1.082121208528499931e-03
2.369730621325599924e-03
3.796236530868199802e-03
2.863980615807199849e-03
2.057988271908799908e-03
1.700776981284199928e-03
1.882027838478699975e-03
3.768207254882800176e-03
1.727697516744899952e-03
1.146383174684700032e-03
3.372136164597700023e-03
1.758369492179499925e-03
1.922185729113899981e-03
3.371567591598199909e-03
2.108761111256800009e-03
1.654014751516100093e-03
1.606357202210499961e-03
3.200115977656899785e-03
7.847767127500000208e-04
1.776824465305000024e-03
1.891551823349899974e-03
1.770838407559399913e-03
1.794946199465000027e-03
3.793794583503699858e-03
2.142007320465700009e-03
8.541641129842000423e-04
2.006687274688600045e-03
3.695395095801299809e-03
2.294772188810799939e-03
2.128789107460499989e-03
1.894387367848399941e-03
3.547548692187900074e-03
1.254390600032400044e-03
3.764623926566700030e-03
3.035655828961199981e-03
1.123728526988300057e-03
5.021309781931000259e-04
3.561491461935200123e-03
3.912849610208600157e-03
1.792392043971899980e-03
3.572419942777600201e-03
2.021888148137699921e-03
4.277449890869999957e-04
1.909703317204899942e-03
2.082341896157400164e-03
1.909647729352600010e-03
1.402636744205500033e-03
1.750957580065500008e-03
4.420685378504999740e-04
2.488089007754699846e-03
3.783724591116100107e-03
2.404308428655699877e-03
1.835773334272099979e-03
3.497913376337400109e-03
1.455129649389499957e-03
4.325319808230999809e-04
7.877389556380000064e-04
1.723889706747100013e-03
1.393406930347199915e-03
1.425808976913999979e-03
1.786622563831400052e-03
1.980758294375000068e-03
1.456319624282699943e-03
2.288848012079299811e-03
1.953600710104399975e-03
3.378281711535000096e-03
1.810423842208599976e-03
3.407991319061299922e-03
2.074914520977800148e-03
1.480684826941800099e-03
1.405154727452499969e-03
1.640386500569199994e-03
1.887160942626800106e-03
1.975674697854199954e-03
2.014893862822100031e-03
2.290884504866899998e-03
8.438748114207000450e-04
1.317095237938300037e-03
5.547798774326999924e-04
1.483742947348000094e-03
3.174293114372599839e-03
3.419888389969700029e-03
3.725742817709799815e-03
2.079132160655799890e-03
3.898177654970700137e-03
2.222548010027500069e-03
1.223111813745899907e-03
2.084723737886900151e-03
3.515608161290499981e-03
1.696136152227000100e-03
4.180601148509899626e-03
1.886739968659599921e-03
1.139519363525100075e-03
1.596983107305700086e-03
3.522047709651799936e-03
2.097002992312899973e-03
2.340067802548200133e-03
2.841618283431000098e-04
9.061548075880999616e-04
1.041274836497300049e-03
1.752394370047500021e-03
9.591276767641999587e-04
1.605228993586599925e-03
8.819618392574000206e-04
1.410150768020799941e-03
2.068725615409799934e-03
2.302689833986299849e-03
2.335174721534299946e-03
2.075433840367099918e-03
2.401020140938099970e-03
2.038271374190000085e-03
1.505444158946200048e-03
3.378290464395000258e-04
1.745345154359499934e-03
2.643311479944799799e-03
1.996606747467600130e-03
1.797004574238200009e-03
1.646679801413999901e-03
3.647127627652600040e-03
2.972553295557099802e-03
2.951148960424000212e-04
1.175532790410900108e-03
2.077782781621600149e-03
4.127675695912000255e-04
1.566914726054200032e-03
1.121176210801999975e-03
2.296427112188199893e-03
2.095638001315799828e-03
1.732589346767699932e-03
2.110376737573700211e-03
1.424257735251000011e-03
2.475098095002500019e-03
1.925565923959799905e-03
1.423216948847299927e-03
5.853529429711999601e-04
1.097737993180200079e-03
2.368178998795500163e-03
1.416623518839899964e-03
2.547403225766400100e-03
1.716781959284199941e-03
1.965108362201999862e-03
1.534818071394099910e-03
3.340814385812500113e-03
1.602001872665900079e-03
3.586070310623299881e-03
3.759008918602199829e-03
3.092022028953199907e-03
3.389952143030599847e-03
1.760188175969199919e-03
1.528895739676299978e-03
1.048706226923399936e-03
1.809735474480699989e-03
1.838594569604600068e-03
3.503241373972699850e-03
1.452764018063499966e-03
2.610215564370900205e-03
1.940695473314500100e-03
1.235622117915600050e-03
2.093114730905600018e-03
1.715265931804800092e-03
1.840969838396400073e-03
1.662395677212499942e-03
2.165817237044600097e-03
2.767830358505499796e-03
1.393638578922599958e-03
1.589507362779799893e-03
1.786008163607200007e-03
1.384831061315200092e-03
1.674223876310499933e-03
3.875522560244999866e-03
1.613700613212800013e-03
2.240352662614900157e-03
1.906492072706900045e-03
2.363278155521399918e-03
1.773195647979200007e-03
4.035764522418099944e-03
3.056376022268600130e-03
1.361222391659099940e-03
1.278789191869999934e-03
7.403368653380000075e-04
1.791963463980099933e-03
1.019984974981399907e-03
1.511663067936799961e-03
7.296542736949999768e-04
3.342372095171900013e-03
1.903714799420400030e-03
1.989151628028699992e-03
2.630606699181099913e-03
3.369945812313999978e-03
1.837960805075699927e-03
3.893762863608599828e-03
1.295705164461600015e-03
2.360613115141400008e-03
1.574439012790800063e-03
1.225432408985099950e-03
1.766404949496800042e-03
1.777278262740499904e-03
1.988488205446000117e-03
1.408308329698000063e-04
3.563066374608099898e-03
2.029863758612799989e-03
1.711406687741400022e-03
2.354851727571799936e-03
6.935966931545000432e-04
4.002970831824199591e-03
1.505635896131700055e-03
5.610716814454999720e-04
1.296322082615100017e-03
2.138519433870000007e-03
2.207929072419599799e-03
3.712600908733400089e-03
4.005110262312400193e-03
2.209326799132199821e-03
1.116477870782499977e-03
3.742311646038300015e-03
3.485733912159200143e-03
1.129196839492799991e-03
2.277742193909300210e-03
3.481520927671599795e-03
2.422089299480100107e-03
1.182241561559499964e-03
1.138440882960499966e-03
2.351461718381500123e-03
1.348655527804500012e-03
3.233236014233599985e-03
1.388244983748699972e-03
2.273272543802999819e-03
1.532981033563800060e-03
2.733933900518500069e-03
2.382447593837299857e-03
9.281312541138999608e-04
2.207922632155899859e-03
1.207787114221599940e-03
1.680923055981300073e-03
1.985370815263300202e-03
1.120706143364800025e-03
1.749633691999400061e-03
1.451814728842799971e-03
1.773881168751299982e-03
2.065103988066099849e-03
2.410677444655499879e-03
2.067099599247299978e-03
4.586982005046000158e-04
3.563066374608099898e-03
1.808586530783799990e-03
1.608035514935000085e-03
3.342372095171900013e-03
1.922823554565699939e-03
2.023270604371500084e-03
2.361461381044900089e-03
2.107270072360300107e-03
5.434098068017000072e-04
2.102085033343600081e-03
3.386198660514400105e-03
1.959153961179899931e-03
3.695395095801299809e-03
1.241944434374499945e-03
1.539934685143699985e-03
1.506922924973199979e-03
2.304100192825099969e-03
9.519374264891000345e-04
2.383386322344199868e-03
1.891469495727799962e-03
1.593912971583700058e-03
3.585688719223000128e-04
4.430016539256000259e-04
3.335224774827099965e-03
1.911545563699300083e-03
1.816135413371699906e-03
3.306239039909500063e-03
4.145474836416899837e-03
1.890750446273800102e-03
3.422717274439900093e-03
1.796087698472399958e-03
3.024811840586400045e-03
3.168656702491399850e-03
4.186188537203299614e-03
2.371126571155699869e-03
3.613625602295399836e-03
3.401505348834199787e-03
1.052063552131599989e-03
9.927799476565999509e-04
1.959311241665399970e-03
1.466420021494300010e-03
1.478480487534899936e-03
3.196870129714599832e-03
1.531110287342700004e-03
1.997720676930199966e-03
1.265475439797399950e-03
1.989088910146999834e-03
3.617467509249900140e-03
2.245423775846000156e-03
1.078343959818600086e-03
3.951766375268500088e-03
1.971374356264700162e-03
4.110936145384300015e-03
2.324917019307500173e-03
4.242457830570100369e-03
9.428585371705999708e-04
3.411602274862099785e-03
2.176410439320600014e-03
2.116921207793400015e-03
1.898409393677399915e-03
3.104005330368499876e-03
1.792680472657599963e-03
4.311673654717199967e-03
4.096466850498099894e-03
1.204682379729600083e-03
1.772237502103800018e-03
3.491143473862100104e-03
2.223930658968299896e-03
2.405896796858399828e-03
3.057523963989899982e-03
4.014110458194999724e-03
1.540895521751999920e-03
3.964531577104700270e-03
3.334978669334900166e-03
6.391061733410000447e-04
2.266036996499399842e-03
9.667028323724999751e-04
2.311418096064099797e-03
1.978484498723600150e-03
1.562052917058199967e-03
1.768964463829500022e-03
3.726529195326999926e-04
1.570887379314999961e-03
1.710348781031100027e-03
1.949504156652000090e-03
4.072283542918399800e-03
2.073360279678400017e-03
1.655121231534599936e-03
2.319864388406899999e-03
5.433668845107999862e-04
3.399871678923499941e-03
1.936320113192200026e-03
2.548650333146100077e-03
1.546751564690100091e-03
3.781968464097000115e-03
2.486282375644000096e-03
2.357616659542199813e-03
1.802944361106799962e-03
9.417883698439999786e-04
1.549658083978200027e-03
9.944811689981999502e-04
1.681364510727299940e-03
1.231873885437700022e-03
1.383084485526199893e-03
4.770018620752999893e-04
3.352917381112600209e-03
2.928109423979699793e-03
3.793794583503699858e-03
1.942162589006800029e-03
1.610651224454300035e-03
2.385463182698300058e-03
8.439093398461000465e-04
1.991205204392300192e-03
1.411363296880100045e-03
1.188580026241999954e-03
3.283542146237699872e-03
1.975273281612200185e-03
2.566160370429100210e-03
3.399617695040000232e-04
1.609456763838000007e-03
2.348661589559600076e-03
3.422717274439900093e-03
1.796874513470500014e-03
3.426143359825099821e-03
1.632642703959699898e-03
3.898177654970700137e-03
1.569992462259999898e-03
1.118382268708600089e-03
3.335224774827099965e-03
2.048773466962799852e-03
3.764623926566700030e-03
2.210533891225799959e-03
2.019037563134199863e-03
1.702741753136799907e-03
9.719698631597000101e-04
1.940393795371200001e-03
1.697721479886900092e-03
3.457037368393200104e-03
1.003551015788499944e-03
1.671320713967900003e-03
1.683171555907200063e-03
8.722499717116000357e-04
3.857639516161000173e-03
1.771155606944199929e-03
4.528798545971099605e-03
1.807142739024199989e-03
2.080074204261199867e-03
1.655008537513499986e-03
2.320821971308600212e-03
1.675786032896699976e-03
1.337622789807700044e-03
1.640257885905500000e-03
3.781551623295899885e-03
3.337119352764999873e-03
1.783325177019799961e-03
1.311606921475900025e-03
1.480481205894100018e-03
3.589624173130100127e-03
3.485733912159200143e-03
2.102394997102300083e-03
3.352917381112600209e-03
2.290193249582800003e-03
1.453743575190799900e-03
2.178487265160000078e-03
2.421305472749300108e-03
1.346512423424499902e-03
2.223559283936399952e-03
9.300087584270999488e-04
3.626335158242199787e-03
1.810675970109800088e-03
2.115730217997699881e-03
3.455730900257299870e-03
1.849492170656399925e-03
6.663127449503106800e-05
1.576937781735300017e-03
2.028903282235300105e-03
3.633374528808800113e-03
7.738570140688999901e-04
1.466791579994099898e-03
3.877989087954300182e-03
8.928398811914999575e-04
1.265653141631200088e-03
5.236544511090000060e-04
3.364873889569599836e-03
1.704015840718300012e-03
1.747569054916900053e-03
3.850451723423999918e-03
2.456622775782099904e-03
2.382386939597699784e-03
3.487242976590199973e-03
1.820841276927599901e-03
2.704447513123200194e-03
1.822023596379299983e-03
2.013630223119500066e-03
2.101820203407699875e-03
1.584131168677799933e-03
1.857670937917799917e-03
7.692222148015999709e-04
1.850256202461400068e-03
2.075548937272599787e-03
3.964531577104700270e-03
1.422431445889899915e-03
1.134167950613800078e-03
2.811386574837500003e-03
1.751897546344000078e-03
2.972553295557099802e-03
1.860664506888000044e-03
1.867936470040300031e-03
1.682350394786700067e-03
3.625338827996699934e-03
1.007460123711300054e-03
1.772607382678600008e-03
2.014607717850999853e-03
2.222636000081800074e-03
5.679489409626999876e-04
2.012660793705399898e-03
6.061621418912000034e-04
1.280064162474500028e-03
1.697891711004699978e-03
1.427306663475200058e-03
3.935484948869799951e-03
3.482758276197800169e-03
1.655112793445000056e-03
2.463195634294200118e-03
7.591234568352988406e-05
2.002015784849700206e-03
3.255145473228799984e-03
3.726574634604699812e-03
1.416302319535200091e-03
3.868626726593900073e-03
3.561113776034399801e-03
1.479085764491400081e-03
1.780439759331900072e-03
2.123986751212400027e-03
2.045431750044499931e-03
2.076355587363399886e-03
3.612965606686299822e-03
3.257507938948999912e-03
3.420030633014799985e-03
2.027812255326799998e-03
2.670642212098000060e-04
3.535892764737899856e-03
1.919434650343599964e-03
1.486058479534999987e-03
3.103101170984399852e-03
2.032395060220700163e-03
8.163960832269000299e-04
5.918001436101000138e-04
2.034352832587300007e-03
3.623700960847200080e-03
2.643118222731200093e-03
7.031570373537000384e-04
4.353514704897700274e-03
2.302239693137799956e-03
2.128005856485900085e-03
4.141761224514499753e-03
1.802921186760700085e-03
1.157058621692700013e-03
4.110936145384300015e-03
2.061786498985899822e-03
3.685951736141499999e-03
3.433250485046100177e-03
3.168656702491399850e-03
1.570322973804099938e-03
1.323173417282499974e-03
2.244605329305599927e-03
1.554629337766800070e-03
1.157539740823100094e-03
1.504875507620799914e-03
1.240990565791800105e-03
1.823165419329099944e-03
1.907179720188599895e-03
1.666743999792499919e-03
7.760153670902000507e-04
1.314436541685000013e-03
3.603166057975900217e-03
2.438463742257900198e-03
1.561278769080300024e-03
2.244046064243799925e-03
1.981354400138499866e-03
1.633817816242700031e-03
3.719061424200100028e-03
5.251083450413000439e-04
1.738264781015700028e-03
1.499616100680500018e-03
1.415688847298899895e-03
1.176953913733400038e-03
1.438789999558599949e-03
1.075770273633499955e-03
1.255628743227800003e-03
1.687772174801099954e-03
1.499928507733900044e-03
3.056376022268600130e-03
2.683835124804300008e-03
1.599303505563800078e-03
2.172722692747000150e-03
5.709486609333000017e-04
3.597711254434800016e-03
1.981897674519800083e-03
6.358667817720999775e-04
2.034704486900300053e-03
1.849809957634499912e-03
3.726845298200599961e-03
1.872744982072399936e-03
4.019577487720200036e-03
2.230851828697299859e-03
2.076819119053099991e-03
1.044125944832700057e-03
1.746112317979999938e-03
3.327519600468000112e-03
1.992717218870699962e-03
1.040324438250200042e-03
8.683115399697999672e-04
2.278411821533099946e-03
1.913339944916199985e-03
1.812192867521700106e-03
1.563851113562100045e-03
9.087350598342000194e-04
1.259780985182899944e-03
1.010382719823699985e-03
1.698364344458799975e-03
1.392250357960799932e-03
1.018972371111900041e-03
3.578324000584099957e-03
3.972995034320799673e-03
2.362724323069300119e-03
2.330258024275399815e-03
3.294560551196199991e-03
3.510597753742300195e-03
8.465046193623000387e-04
3.233775898843800102e-03
3.491143473862100104e-03
6.311260684220000279e-04
1.985522683574899791e-03
2.098869006626600045e-03
3.497913376337400109e-03
1.869935944100499904e-03
1.552477388390100053e-03
1.336347430979300090e-03
1.345978674905199931e-03
1.897394902339599905e-03
2.038748303475299960e-03
2.006012026663200019e-03
1.717935763306800007e-03
1.945202507117399981e-03
3.661214308972000203e-03
1.670157582060899934e-03
1.107132112944300001e-03
1.606595933975300036e-03
3.389952143030599847e-03
3.352256115957599931e-03
1.950226025049300090e-03
3.713069650180800090e-03
2.469610429184099839e-03
3.214353920485699904e-03
1.032584861727200033e-03
6.653907327959999573e-04
3.623488047635199834e-03
1.938267378318500036e-03
3.312490670811199956e-03
2.081389919125300070e-03
2.250917055139000039e-04
3.235871950680399827e-03
1.871495802388200083e-03
2.441051555269900010e-03
1.546036597127900059e-03
1.435506933038599962e-03
1.580384557883199922e-03
1.425333072958700044e-03
1.753060880502900053e-03
1.220531219506800066e-03
1.642183904626499978e-03
8.789711613825000125e-04
1.451821607501999935e-03
1.009821415201399893e-03
1.955190872415100110e-03
1.833441210502100016e-03
1.546582319332900088e-03
1.533385628208599897e-03
1.899981467968299984e-03
1.968488908927300187e-03
1.241601373700700105e-03
1.646926030385799941e-03
2.169636397577499962e-03
1.366947721358999961e-03
4.649182176087999943e-04
4.361319716859000115e-04
3.893762863608599828e-03
5.807944293844000344e-04
8.072475902028000217e-04
3.515971690503399798e-03
3.550404742646100058e-03
2.354810155384300194e-03
2.074262128992000081e-04
2.076859803065200186e-03
1.981754023104799825e-03
4.439001113742000121e-04
1.095642856504200000e-03
1.840935751136300001e-03
1.706342084095399930e-03
3.781551623295899885e-03
1.915376352559000107e-03
3.397411138408600040e-03
3.929963328976500414e-03
1.887078359630199901e-03
2.097372797344100159e-03
1.679429561133499987e-03
1.767353086305900080e-03
3.596245972554000091e-03
1.357645161728999973e-03
1.476936868325700062e-03
3.658648081043000024e-03
2.091804098468999940e-03
2.205203129118999978e-03
1.058579197056999980e-04
2.224220761249900199e-03
2.380029380424399967e-03
3.317892056304499928e-03
1.635584570187000085e-03
3.844577035713999964e-03
9.191121611306999608e-04
7.854368184917000142e-04
1.662895180647599915e-03
9.386347969908999649e-04
4.730780746668999817e-04
3.434130317616300096e-03
1.205179683097099951e-03
1.796195693757900082e-03
3.871306911156700142e-03
1.684373154147099892e-03
1.236897850858900087e-03
2.117704278729799858e-03
1.847732583215899987e-03
2.029725568476299907e-03
1.123492816604699900e-03
1.625382638680899919e-03
4.656354881531800383e-03
2.133461257368600081e-03
2.938409550717900002e-03
1.541030673555299950e-03
5.260558971340000001e-04
3.365539491929100176e-03
3.057523963989899982e-03
2.202041489133499830e-03
1.505721082967699997e-03
1.842494824495200054e-03
6.742847010149000293e-04
2.510286376517400185e-03
2.322726016904399973e-03
8.893486838085000413e-04
1.960696795028300191e-03
1.665740445898499953e-03
2.235325529033300052e-03
9.158092938045000022e-04
1.453194628750899969e-03
4.260732761350000120e-03
1.948709007801300045e-03
1.341092386499299904e-03
1.399061779888400008e-03
1.961386904252800101e-03
1.807859877138299912e-03
4.378689937031499980e-03
1.312005089940600092e-03
1.131613441415700062e-03
3.958778294207899832e-03
2.351738095818000154e-03
1.938318944620200058e-03
1.884913043619300009e-03
2.161502738469199894e-03
8.097018814331000298e-04
3.603946960158599996e-03
1.754998065923400003e-03
1.792776177362399989e-03
4.535793179307000115e-04
1.296166423570100073e-03
1.547233280579400063e-03
8.578085881790000226e-04
1.312773683212999998e-03
4.096466850498099894e-03
2.242813427821200092e-03
1.609006782277099933e-03
3.929267047654600060e-03
9.576672578191999536e-04
3.455730900257299870e-03
1.233864406938299995e-03
3.858915884577000170e-04
1.967485709840199794e-03
1.955255151009999896e-04
3.334978669334900166e-03
3.956504509751100282e-03
3.619160723280199794e-03
1.785680223629600074e-03
3.306313751447099818e-03
1.073660800135999927e-03
1.897985179475000003e-03
2.106044901764800043e-03
1.462245081277800066e-03
3.664130709961899851e-03
1.617149801464900106e-03
1.807369355296300053e-03
4.099636799506399705e-03
3.550495067095600209e-03
1.575933099020499981e-03
3.827935138068300040e-03
6.989284665999000211e-04
3.625338827996699934e-03
2.607750654654599886e-03
1.574658113041099965e-03
1.814956726950399998e-03
1.914345338756299943e-03
1.402466243349600019e-03
3.416414959466099882e-03
1.920402935523499903e-03
2.235693525628299969e-03
1.453330850550800003e-03
4.086590018975000253e-04
1.596040408306000080e-03
1.425396330224700013e-03
2.313052896303099785e-03
3.532018658598300078e-03
1.793072340726100051e-03
1.693728444619000068e-03
3.780942302036299860e-03
8.792976843956999645e-04
2.165198465488999899e-03
1.641951526883999972e-03
1.804431409610099965e-03
1.196827499305600038e-03
3.549684086007999983e-04
1.481585840466500105e-03
1.910877697143999925e-03
1.085961321516899997e-03
1.795891741241099947e-03
3.843204641173899802e-03
1.789438004224000022e-03
2.406375730129499922e-03
1.402953954979499962e-03
2.234983087083899835e-03
1.855929383122300030e-03
1.215881152432299892e-03
2.072464464791300056e-03
3.476998490921600054e-03
1.792496856695399926e-03
1.594330878563199978e-03
2.060560917461800017e-03
2.305583619487600044e-03
3.714048213073699919e-03
1.687079579826200040e-03
3.742311646038300015e-03
2.217515391008800189e-03
3.991618995632799892e-03
1.402714578975299995e-03
1.485989470344900023e-03
3.780310427773199942e-03
3.673039714500699830e-03
2.190012844688399817e-03
1.574257689434400108e-03
2.139871792362000019e-03
4.009270718169999706e-03
2.011764906319199898e-03
7.089610360563999760e-04
2.333001292720599841e-03
1.474815269046100049e-03
5.888899134368000407e-04
5.071137555226999660e-04
4.182435587961899626e-03
1.533215497725300093e-03
7.977952212488999663e-04
3.577579741696499793e-03
3.570602732852800124e-03
3.196870129714599832e-03
3.531095087958399832e-03
2.065860146209199787e-03
