3.820117447996181862e-03
4.160990000970113574e-03
4.700215009439834106e-03
8.733466983930886912e-04
3.396628472977628911e-03
8.384675938618007390e-04
4.650800594636630807e-03
4.513839193733892169e-03
1.285282548364658807e-04
4.663063731178813953e-03
4.108099929700390063e-03
9.397944049204637849e-04
3.991184420554912127e-03
4.665335904908546154e-03
4.159098770222241850e-03
4.160990000970113574e-03
4.703690665906355185e-03
6.848302629532988794e-04
4.683347859238174565e-03
4.637245121184445200e-03
4.154666571836300969e-03
4.652158867977882264e-03
4.700215009439834106e-03
1.804682871390439133e-04
4.705052433299137388e-03
4.148485618671616040e-03
1.805024436065637283e-04
4.140647194301932954e-03
4.701799435158482594e-03
4.162351768362896644e-03
4.154666571836300969e-03
4.094871546574868626e-03
9.380898758430951216e-04
4.079787929459762277e-03
4.683347859238174565e-03
4.703690665906355185e-03
4.029224864814389025e-03
2.353487927847005418e-04
3.953892109068543777e-04
4.673943247237243546e-03
8.781841222523919729e-04
4.704391595191930939e-03
4.010576960418407201e-03
4.683347859238174565e-03
4.673943247237243546e-03
9.853309750532906856e-04
4.697367236772542580e-03
4.589737515105348116e-03
4.683347859238174565e-03
3.950530568720371852e-03
4.673943247237243546e-03
4.044523181954019081e-03
4.700215009439834106e-03
4.159098770222241850e-03
4.663063731178813953e-03
4.703690665906355185e-03
1.672033580515522658e-04
4.063921632908814620e-03
4.571925529750629769e-03
4.704391595191930939e-03
9.380898758430951216e-04
4.553277625354647945e-03
4.154666571836300969e-03
4.704391595191930939e-03
4.029224864814389025e-03
8.749311241117371796e-04
4.683347859238174565e-03
4.701799435158482594e-03
7.231689520752846573e-04
4.704391595191930939e-03
4.493231233656612596e-03
4.704391595191930939e-03
4.663063731178813953e-03
3.249710005047866043e-04
4.701799435158482594e-03
3.991184420554912127e-03
4.159098770222241850e-03
4.622488594396003889e-03
4.955238754383050649e-04
4.062217103831445957e-03
4.079062202771600344e-03
4.140647194301932954e-03
1.253664813719856941e-04
4.691186283607856784e-03
4.094871546574868626e-03
1.499430112688682551e-04
4.122635239972305410e-03
4.703690665906355185e-03
6.797773409938749622e-05
4.691186283607856784e-03
4.697367236772542580e-03
4.553277625354647945e-03
3.894846045146132911e-03
4.948630373310986159e-04
4.676916390103489155e-03
4.131242582301002803e-03
3.894846045146132911e-03
4.922708772976502715e-04
4.637245121184445200e-03
8.252905569311368497e-04
4.683347859238174565e-03
4.026167369338929866e-03
4.941621080455219951e-04
4.340619019921950796e-03
1.033387116515242527e-03
4.140647194301932954e-03
3.484871590146384947e-03
1.285282548364658807e-04
4.697367236772542580e-03
4.063921632908814620e-03
6.802422690672595314e-04
4.704391595191930939e-03
4.701799435158482594e-03
4.079062202771600344e-03
4.606622297845055364e-03
4.533885085491152871e-03
4.159098770222241850e-03
8.676716654410282156e-04
3.331431980056341353e-03
4.622488594396003889e-03
4.120363066242572342e-03
4.094871546574868626e-03
4.094544456248204456e-03
4.148485618671616040e-03
4.108099929700390063e-03
4.703690665906355185e-03
4.673943247237243546e-03
4.131242582301002803e-03
4.151839311551532019e-03
4.686713391363102853e-03
3.971138528797651425e-03
4.108099929700390063e-03
8.068753441966033772e-04
4.162351768362896644e-03
4.589737515105348116e-03
4.622488594396003889e-03
4.637245121184445200e-03
4.029224864814389025e-03
4.157514344503593362e-03
1.992990582921844514e-04
4.571925529750629769e-03
4.700215009439834106e-03
2.825898919948961058e-04
4.131242582301002803e-03
4.700215009439834106e-03
4.148485618671616040e-03
4.148485618671616040e-03
4.637245121184445200e-03
4.589737515105348116e-03
4.558073470477138310e-04
4.606622297845055364e-03
4.637572211511109370e-03
4.140647194301932954e-03
4.079787929459762277e-03
4.159098770222241850e-03
3.877924665815761507e-03
4.420625330752002251e-03
3.950530568720371852e-03
4.148485618671616040e-03
4.148485618671616040e-03
4.686713391363102853e-03
4.122635239972305410e-03
6.468349260744495413e-04
4.622488594396003889e-03
4.160990000970113574e-03
4.159098770222241850e-03
4.589737515105348116e-03
4.621762867707841088e-03
4.673943247237243546e-03
4.160990000970113574e-03
4.151839311551532019e-03
4.140647194301932954e-03
4.131242582301002803e-03
4.622488594396003889e-03
4.652158867977882264e-03
4.492564520430421954e-03
4.650800594636630807e-03
4.622488594396003889e-03
4.703690665906355185e-03
4.663063731178813953e-03
8.704989257257971652e-04
1.375416041310183538e-04
7.378965575558812766e-04
4.134215725167248411e-03
6.705122143753007753e-04
3.405087052611977493e-04
2.457730984111428617e-04
8.781841222523919729e-04
4.122635239972305410e-03
4.637245121184445200e-03
4.673943247237243546e-03
4.029224864814389025e-03
4.704391595191930939e-03
4.691186283607856784e-03
4.663063731178813953e-03
3.912600991335734441e-03
7.948945566610956734e-04
4.140647194301932954e-03
4.120363066242572342e-03
1.041342611382087974e-04
3.043742712542573878e-04
4.637245121184445200e-03
3.991184420554912127e-03
4.697367236772542580e-03
1.036862772981763606e-03
4.148485618671616040e-03
4.140647194301932954e-03
4.691186283607856784e-03
4.161690930255690195e-03
4.663063731178813953e-03
4.571925529750629769e-03
4.161690930255690195e-03
4.094871546574868626e-03
4.120363066242572342e-03
4.691186283607856784e-03
4.154666571836300969e-03
2.825898919948961058e-04
4.673943247237243546e-03
4.148485618671616040e-03
4.663063731178813953e-03
4.157514344503593362e-03
8.781841222523919729e-04
3.991184420554912127e-03
4.622488594396003889e-03
4.637245121184445200e-03
4.673943247237243546e-03
4.159098770222241850e-03
4.705052433299137388e-03
4.637572211511109370e-03
4.704391595191930939e-03
4.683347859238174565e-03
4.472152488833064377e-03
4.010576960418407201e-03
4.650800594636630807e-03
4.161690930255690195e-03
4.691186283607856784e-03
4.426303101170499417e-04
4.606622297845055364e-03
4.154666571836300969e-03
3.374787992588785656e-03
4.703690665906355185e-03
3.249710005047866043e-04
4.606622297845055364e-03
1.257832115576082085e-04
4.010576960418407201e-03
4.553277625354647945e-03
4.010576960418407201e-03
7.099040229877934434e-04
4.686713391363102853e-03
6.743620572655204155e-04
4.701799435158482594e-03
7.093019026119212582e-04
4.010576960418407201e-03
4.472152488833064377e-03
4.686713391363102853e-03
4.704391595191930939e-03
4.493231233656612596e-03
-1.450441200798614078e-05
4.697367236772542580e-03
4.703690665906355185e-03
4.691186283607856784e-03
8.564795481914291506e-04
4.683347859238174565e-03
4.683347859238174565e-03
4.673943247237243546e-03
4.161690930255690195e-03
4.701799435158482594e-03
3.073474141205029958e-04
4.513839193733892169e-03
4.513839193733892169e-03
4.663063731178813953e-03
4.162351768362896644e-03
4.553277625354647945e-03
8.643179725611113695e-04
1.229955444474357951e-04
4.701799435158482594e-03
4.159098770222241850e-03
4.705052433299137388e-03
1.036862772981763606e-03
4.704391595191930939e-03
4.697367236772542580e-03
4.148485618671616040e-03
4.159098770222241850e-03
3.322304591754964356e-04
3.043742712542573878e-04
1.041342611382087974e-04
7.022058643148111449e-04
1.030539343847951001e-03
4.673943247237243546e-03
4.650800594636630807e-03
4.120363066242572342e-03
4.650800594636630807e-03
3.418565728579414393e-03
4.553277625354647945e-03
4.704391595191930939e-03
4.683347859238174565e-03
8.068753441966033772e-04
4.159098770222241850e-03
4.159098770222241850e-03
8.107039004643639551e-04
8.749311241117371796e-04
4.154666571836300969e-03
4.029224864814389025e-03
4.704391595191930939e-03
8.643179725611113695e-04
4.161690930255690195e-03
-1.450441200798614078e-05
4.144012726426862109e-03
4.161690930255690195e-03
4.704391595191930939e-03
4.665335904908546154e-03
3.249710005047866043e-04
8.643179725611113695e-04
4.384949523775360722e-03
4.637245121184445200e-03
8.781841222523919729e-04
4.079787929459762277e-03
4.094544456248204456e-03
