2.304623694339859800e-06
2.270976931023319461e-06
2.270777773957850774e-06
2.285144263173715544e-06
2.369118436929669342e-06
2.282717930002476940e-06
2.268884255449402384e-06
2.276416360917026221e-06
2.314672886371330509e-06
2.268540314490099071e-06
2.269707443755800354e-06
2.307144995519386375e-06
2.275235387198748637e-06
2.273472339627732361e-06
2.269708781111005823e-06
2.270976931023319461e-06
2.270245836180337258e-06
2.287994199100544267e-06
2.268285180496454881e-06
2.269368381803786623e-06
2.269416424051969389e-06
2.274483476540554595e-06
2.270777773957850774e-06
2.283959085906491048e-06
2.269742716070169480e-06
2.269223733363174087e-06
2.297688055042737062e-06
2.269147667575765796e-06
2.268884651692184216e-06
2.270509479162479431e-06
2.269416424051969389e-06
2.276158597925400820e-06
2.294827200482580951e-06
2.270727486998180144e-06
2.268285180496454881e-06
2.270245836180337258e-06
2.273083148388945413e-06
2.281378223901234768e-06
2.292996210730310029e-06
2.268340875627998372e-06
2.286240899746914124e-06
2.269282259502588420e-06
2.274087312009742672e-06
2.268285180496454881e-06
2.268340875627998372e-06
2.295722109775297244e-06
2.268572298742486492e-06
2.271583800854383165e-06
2.268285180496454881e-06
2.278206776784321243e-06
2.268340875627998372e-06
2.281285266035537474e-06
2.270777773957850774e-06
2.269708781111005823e-06
2.268540314490099071e-06
2.270245836180337258e-06
2.297353012232250963e-06
2.271408750188139306e-06
2.272560441395231106e-06
2.269282259502588420e-06
2.294827200482580951e-06
2.273667608621590214e-06
2.269416424051969389e-06
2.269282259502588420e-06
2.273083148388945413e-06
2.287215845984054587e-06
2.268285180496454881e-06
2.268884651692184216e-06
2.285085222631338457e-06
2.269282259502588420e-06
2.278197218577606085e-06
2.269282259502588420e-06
2.268540314490099071e-06
2.283652019706992946e-06
2.268884651692184216e-06
2.275235387198748637e-06
2.269708781111005823e-06
2.269984988246875419e-06
2.298855874071070241e-06
2.279309190075936523e-06
2.277600958648608168e-06
2.269147667575765796e-06
2.304564231129172398e-06
2.268366538469107298e-06
2.276158597925400820e-06
2.333367051979544461e-06
2.273993719671853762e-06
2.270245836180337258e-06
2.294264337815229733e-06
2.268366538469107298e-06
2.268572298742486492e-06
2.273667608621590214e-06
2.302468723504924516e-06
2.299357484452023258e-06
2.272640183711538833e-06
2.269200026399953399e-06
2.302468723504924516e-06
2.299823503288985418e-06
2.269368381803786623e-06
2.282331414090920911e-06
2.268285180496454881e-06
2.283516034227578445e-06
2.298294894596919351e-06
2.315900472761178267e-06
2.299193542572147483e-06
2.269147667575765796e-06
2.363732173376334672e-06
2.314672886371330509e-06
2.268572298742486492e-06
2.271408750188139306e-06
2.296458547909560107e-06
2.269282259502588420e-06
2.268884651692184216e-06
2.277600958648608168e-06
2.270725496606109962e-06
2.274934975748109184e-06
2.269708781111005823e-06
2.284519584221960111e-06
2.663143262239957218e-06
2.269984988246875419e-06
2.269386649368837097e-06
2.276158597925400820e-06
2.270157241765460384e-06
2.269223733363174087e-06
2.269707443755800354e-06
2.270245836180337258e-06
2.268340875627998372e-06
2.269200026399953399e-06
2.271986402622403227e-06
2.271943343471413226e-06
2.276580341004940413e-06
2.269707443755800354e-06
2.298113295928377033e-06
2.270509479162479431e-06
2.271583800854383165e-06
2.269984988246875419e-06
2.269368381803786623e-06
2.273083148388945413e-06
2.271469678618472217e-06
2.282820837939055952e-06
2.272560441395231106e-06
2.270777773957850774e-06
2.281296128998135164e-06
2.269200026399953399e-06
2.270777773957850774e-06
2.269223733363174087e-06
2.269223733363174087e-06
2.269368381803786623e-06
2.271583800854383165e-06
2.294625617928885642e-06
2.270725496606109962e-06
2.275710929379039431e-06
2.269147667575765796e-06
2.270727486998180144e-06
2.269708781111005823e-06
2.304919121613504227e-06
2.304010447210171932e-06
2.278206776784321243e-06
2.269223733363174087e-06
2.269223733363174087e-06
2.271943343471413226e-06
2.273993719671853762e-06
2.291448667194656460e-06
2.269984988246875419e-06
2.270976931023319461e-06
2.269708781111005823e-06
2.271583800854383165e-06
2.277182109389393103e-06
2.268340875627998372e-06
2.270976931023319461e-06
2.271986402622403227e-06
2.269147667575765796e-06
2.269200026399953399e-06
2.269984988246875419e-06
2.274483476540554595e-06
2.293722125007900124e-06
2.268884255449402384e-06
2.269984988246875419e-06
2.270245836180337258e-06
2.268540314490099071e-06
2.287713715227231853e-06
2.296479815354768419e-06
2.299012066986316790e-06
2.273203512894932377e-06
2.297666298411938775e-06
2.293780919349092230e-06
2.297065321035822170e-06
2.286240899746914124e-06
2.273993719671853762e-06
2.269368381803786623e-06
2.268340875627998372e-06
2.273083148388945413e-06
2.269282259502588420e-06
2.268366538469107298e-06
2.268540314490099071e-06
2.299833467972681759e-06
2.282187223025323176e-06
2.269147667575765796e-06
2.269386649368837097e-06
2.290506458867443321e-06
2.288856827897093865e-06
2.269368381803786623e-06
2.275235387198748637e-06
2.268572298742486492e-06
2.299792139166992922e-06
2.269223733363174087e-06
2.269147667575765796e-06
2.268366538469107298e-06
2.270080317817931590e-06
2.268540314490099071e-06
2.272560441395231106e-06
2.270080317817931590e-06
2.276158597925400820e-06
2.269386649368837097e-06
2.268366538469107298e-06
2.269416424051969389e-06
2.281296128998135164e-06
2.268340875627998372e-06
2.269223733363174087e-06
2.268540314490099071e-06
2.271469678618472217e-06
2.286240899746914124e-06
2.275235387198748637e-06
2.269984988246875419e-06
2.269368381803786623e-06
2.268340875627998372e-06
2.269708781111005823e-06
2.269742716070169480e-06
2.275710929379039431e-06
2.269282259502588420e-06
2.268285180496454881e-06
2.280402960139135699e-06
2.274087312009742672e-06
2.268884255449402384e-06
2.270080317817931590e-06
2.268366538469107298e-06
2.293976106348795371e-06
2.270725496606109962e-06
2.269416424051969389e-06
2.421380068632376934e-06
2.270245836180337258e-06
2.283652019706992946e-06
2.270725496606109962e-06
2.300880962846420161e-06
2.274087312009742672e-06
2.273667608621590214e-06
2.274087312009742672e-06
2.298127856360961718e-06
2.271943343471413226e-06
2.296620517977674601e-06
2.268884651692184216e-06
2.488985774070972121e-06
2.274087312009742672e-06
2.280402960139135699e-06
2.271943343471413226e-06
2.269282259502588420e-06
2.278197218577606085e-06
2.305101867133340625e-06
2.268572298742486492e-06
2.270245836180337258e-06
2.268366538469107298e-06
2.288845921792517521e-06
2.268285180496454881e-06
2.268285180496454881e-06
2.268340875627998372e-06
2.270080317817931590e-06
2.268884651692184216e-06
2.282295487353645556e-06
2.276416360917026221e-06
2.276416360917026221e-06
2.268540314490099071e-06
2.270509479162479431e-06
2.273667608621590214e-06
2.288250374178254218e-06
2.288667662440282652e-06
2.268884651692184216e-06
2.269708781111005823e-06
2.269742716070169480e-06
2.299792139166992922e-06
2.269282259502588420e-06
2.268572298742486492e-06
2.269223733363174087e-06
2.269708781111005823e-06
2.286522354323536548e-06
2.288856827897093865e-06
2.290506458867443321e-06
2.327293991160008390e-06
2.301664143123674829e-06
2.268340875627998372e-06
2.268884255449402384e-06
2.269386649368837097e-06
2.268884255449402384e-06
2.345845599337205909e-06
2.273667608621590214e-06
2.269282259502588420e-06
2.268285180496454881e-06
2.298113295928377033e-06
2.269708781111005823e-06
2.269708781111005823e-06
2.282140922623339734e-06
2.287215845984054587e-06
2.269416424051969389e-06
2.273083148388945413e-06
2.269282259502588420e-06
2.288250374178254218e-06
2.270080317817931590e-06
2.305101867133340625e-06
2.272550055340114478e-06
2.270080317817931590e-06
2.269282259502588420e-06
2.273472339627732361e-06
2.283652019706992946e-06
2.288250374178254218e-06
2.297901553049097495e-06
2.269368381803786623e-06
2.286240899746914124e-06
2.270727486998180144e-06
2.270157241765460384e-06
