1.314913814740478193e-01
-1.162097707744491615e+00
-2.300072231751436047e-01
3.252675180848280667e-01
-7.585057391956836481e-01
-9.563266917508407294e-01
7.720286967129588729e-02
-2.355970906044485003e-01
-5.999532328812340332e-01
-4.392948356487996059e-03
-1.507794261300036132e+00
-4.037277858986647594e-01
6.971803168325394484e-01
3.538661180464807154e-01
-4.558054627640210632e-01
8.463341908402358671e-01
-6.622609173880682487e-01
4.988759125532048477e-01
-1.390898758622609588e+00
-2.561882629665639954e-01
-7.304438930231981209e-01
3.483506594927375799e-01
3.381137934935823375e-01
-5.632981463214499218e-01
7.404867547370727054e-01
-8.950463431959679306e-02
-5.966226869737771832e-01
7.288290475140042357e-01
-6.101435669255110827e-01
-9.301899945605724973e-01
1.627065074435341818e-01
4.038428376303188627e-01
-1.499752451594381863e+00
3.080312129700977231e-01
-1.746162466410222380e-01
2.197328257480046232e-01
6.760179492505912213e-01
-1.036874912956586292e-01
-1.051984971514195344e+00
-1.032553423249922053e+00
-2.377239151493447000e+00
-9.806036983895315140e-02
-4.638303615743842589e-02
-2.490722600261772723e-01
-5.009441837891478455e-01
5.887751119309153625e-01
-2.314243304497854703e-01
-6.621244719688224034e-01
-1.046667454806890385e+00
1.349734949060081401e+00
-1.344464763332574142e+00
6.599521952994908958e-01
1.550165431722654086e+00
8.099065483867360360e-01
-8.296210043757471508e-01
1.904258535074587533e+00
6.698644420402168898e-01
4.129964115054206020e-01
7.954817523813133562e-01
-1.073284098946325038e+00
-7.961799002225252719e-01
-1.007170263953154121e+00
-7.699046995898902734e-01
6.374500493135738521e-01
-5.613698866583988201e-01
2.252082073850603106e+00
1.652194913122181807e+00
-7.948691197669219832e-01
1.437335344843459151e+00
1.710222343330187078e+00
6.235871785865172434e-01
2.022930792180607895e+00
9.861800025983101792e-01
-1.766131016654711450e-01
-2.158176096321229587e-01
-1.261369467013653545e-01
-7.659123466663751989e-01
1.642933287693733480e+00
1.099046648923088648e-01
1.380243296526455055e+00
8.676322678080662376e-01
-4.576787590555005947e-01
-1.060141760983051906e+00
-2.016900539051128330e-02
1.136464537729364593e-01
-1.078386891016283267e+00
-7.275913214628985104e-01
-7.247500243977791357e-01
5.302704595053606695e-01
-2.679555099583109001e+00
-1.009563663188785210e+00
1.349283847003335701e+00
-4.354864431144122583e-01
-1.366379670937789559e+00
3.217741936853941720e-01
2.256041060657409059e+00
-3.605948934138732409e-01
5.523471125604693110e-01
5.527376263179251126e-02
-1.904555475891835270e+00
-8.995402213016068238e-01
1.670727821468358743e+00
-3.896331929327436217e-01
5.040699157430020838e-01
-7.596502073072870509e-01
-7.013099805600899739e-01
-7.230684188016400782e-01
-2.229122634886904208e+00
1.191961810089527729e+00
-1.796024162943469227e+00
-4.607358315874246490e-01
-1.537877867776954732e-01
-4.242077649054516453e-01
-1.080758281650186614e+00
-9.767548875179623558e-01
-2.197957627884891407e-01
-3.224716874046791304e-01
-8.697324804772735840e-01
1.459330505611290629e+00
6.002918995641469690e-01
-1.072719306097732028e+00
1.237182748023730738e+00
4.960764021273577074e-01
-7.867087712926752463e-01
-7.142835219292043014e-01
-1.605720587116552245e-01
-1.078857622431594665e+00
7.275657267565334152e-01
2.060478262598322008e+00
7.036483634598376113e-01
-9.833164267840838191e-01
-9.720848194834338374e-01
1.507303172488170528e-01
1.112122585490866511e+00
-5.894076797607457063e-01
-9.621767579368879497e-01
2.807226895359886745e-02
2.386342221186815993e-01
7.513147357364848011e-02
-4.332695942551905155e-01
1.108657729445848394e+00
1.331975300346666113e+00
1.191736552395933124e+00
-3.316807800671455753e-01
-2.879543718667547103e-01
-6.294070361846323403e-01
-4.200728758932804063e-01
-5.423910074086909505e-01
1.688583348902282233e-01
-1.063349391309485137e+00
-9.961279564768300565e-01
5.447998318595698164e-01
2.425234430373923444e-01
5.469611333405353243e-02
-2.593790656592925292e-01
-1.075812742479860473e+00
-1.454400074115277386e+00
-1.856372256871766213e+00
-9.620648142134962111e-01
-7.687503372733852647e-01
9.235935829319743551e-01
-1.157811855145259861e+00
-1.535262160291088751e-01
8.941846615073152371e-01
-1.087563188245870061e+00
7.567287005974884240e-01
-3.609782845242470728e-01
4.574491273839466632e-01
-7.247100455583732614e-01
1.412633525952905256e+00
2.026564246742676101e+00
1.224312905654183714e+00
2.482424594235751680e+00
1.012366234911604934e+00
1.065114818600458868e+00
-1.666702034557633105e+00
-1.894788347881048440e-01
-3.123645158508894237e-01
2.882978877059423350e-01
-3.019401081974530388e-01
2.897403477333504451e+00
1.348444785415665370e+00
-1.091374197053299300e+00
-4.835715205023000812e-02
9.990142051878188045e-01
-1.101821290552042809e+00
-6.542448126508211281e-01
-2.801087493722072552e-01
7.983342479010077097e-01
-1.884476485985649152e-01
5.250933916582339878e-02
1.437352026628563761e+00
1.070741757021858920e+00
-2.248501597307721589e+00
-3.539814180899945595e-01
1.433505151488335405e-01
-4.568504886682469013e-01
7.945530031527652248e-01
2.393301315888349379e+00
-2.154466666535034047e+00
2.570770887486628076e-01
-7.164725611624988000e-01
7.149172661969042109e-01
1.354315207840774304e+00
-3.610373512800818530e-01
1.730751162302458512e-01
1.444802309116864289e-02
-4.520836409593337879e-01
-8.066315170112655641e-01
-3.629986469726417253e-01
5.741856470572138660e-01
6.208085122900969255e-01
-4.370487489212551702e-02
4.143696713151954203e-01
3.838706583699703218e-02
6.935907201419152512e-01
6.861632723460365790e-01
-1.151616135410777453e+00
9.353628350011926607e-01
6.618375817185001564e-01
-4.383888368840246352e-01
-9.471238417001146548e-01
3.936831321248224214e-01
8.527329504372976876e-01
-1.368702168257679153e-01
3.161751388624270409e-02
2.454231622948794822e-01
5.294349487486084138e-01
1.743764846884822362e+00
-8.049244132413884145e-01
8.085855659417626740e-01
-3.164241398441214326e-01
2.314135991483041721e-01
1.733440437780085219e-01
1.233377012087017333e+00
-7.245267507417112451e-01
5.066113307946287225e-01
1.055589860869951879e+00
1.647030617354851012e-01
1.980474987692638633e-01
-1.376627433957061664e+00
1.367896252675618873e+00
-4.618129420448204292e-01
1.275220156572292485e+00
3.897753419193112912e-01
1.779630093840629312e+00
2.491352729781174946e-01
1.195054389142545581e+00
1.703282469877892114e+00
5.013604721708974088e-01
1.265984093322558568e+00
-1.093316831489517638e+00
1.742776695885172311e-01
2.818687346840800245e-01
-1.237819385037989689e-01
1.322369298975238916e+00
-6.022522406720006577e-02
1.833149673006321256e+00
-1.392019806146664429e+00
-6.350019121841060654e-02
1.283322742408700590e+00
-1.468156435218000766e+00
-2.160879897639274017e-01
2.097510553959995028e-01
1.929650739776658241e-01
-5.475747758803649612e-01
1.058671611109134769e+00
1.791702487369013719e+00
7.792727190042041396e-01
4.840308497551437106e-01
5.277307008911436004e-01
4.586657431272589402e-01
-5.408757504424264173e-01
8.435283897659121566e-01
-1.490049880738325339e+00
-2.190928187202852151e-01
1.163866542214161970e-01
5.678902614912544333e-01
1.997370142780839075e-01
1.136197865404812823e+00
1.404408021081864133e+00
3.149708525051753832e-02
-1.028579426207169911e+00
6.386512735745548675e-01
1.224854472512574066e+00
-9.061185801827563446e-02
-8.266239794417135078e-01
-2.089115678456836545e+00
2.415896742199355185e-01
-6.395595782522435213e-01
8.445497219207710460e-01
-2.371812487758000909e+00
9.023501326521775612e-01
-1.167300143347661745e+00
7.875605975667405723e-01
-1.864587033259073490e+00
5.907350674332267904e-02
6.687200989380616412e-02
8.846847296758093560e-01
-1.850894715406331548e+00
2.252082073850603106e+00
8.586442684312525220e-01
-2.301111802818695262e-01
5.869039070641751676e-01
-7.457126230620508833e-01
3.688460295487326346e-01
1.833149673006321256e+00
-3.837247141781955362e-01
-6.901410942122383485e-01
-1.156015794750185482e-01
1.060134440998591332e-01
-1.766131016654711450e-01
2.184396392502094386e+00
-8.170852293374023523e-01
1.199001511231174932e+00
-9.471238417001146548e-01
-3.343776896097479523e-01
3.339841706396521892e-01
