6.370461975458099717e-03
6.157915773264999691e-03
7.377600981172000201e-03
7.431535681170799851e-03
6.830958234664600073e-03
5.954708073801400284e-03
6.748143689502800191e-03
7.891200055733800511e-03
7.025749887853299964e-03
6.036643243584500183e-03
6.731150060725400383e-03
6.273054539424499990e-03
7.510553430490700053e-03
6.546425925948499980e-03
7.384948572260899811e-03
5.875975692965999982e-03
6.876077140509800380e-03
7.342533468125399601e-03
7.331438294902199899e-03
6.883478860944300393e-03
7.590130073463399914e-03
7.856123734026200511e-03
6.772104086105099757e-03
6.732251956151099996e-03
6.901503195866000306e-03
7.064515642628999871e-03
7.560844564479399579e-03
6.663861062874400221e-03
7.257717566634400326e-03
5.723526053119700092e-03
7.173491012890100167e-03
5.842996149052599730e-03
7.197244260755000268e-03
7.119889697184100287e-03
7.151895659280200004e-03
6.893948565270800223e-03
5.795967827159900429e-03
5.470121407772600072e-03
7.794407601992199737e-03
7.290164398977500362e-03
6.607535607465599842e-03
7.129493130570699853e-03
5.769754539277300101e-03
7.832759833276000186e-03
6.995808721353600178e-03
6.933655909560599954e-03
7.407368003883399790e-03
6.806446200300599741e-03
6.449014037658799998e-03
7.137334069411600118e-03
6.982525933515299627e-03
5.877088297945400053e-03
6.609281555727500312e-03
7.551601620491999595e-03
7.181520322299000253e-03
6.497436200350399996e-03
7.446597288539499697e-03
6.868247450668599728e-03
7.122852331291400392e-03
5.640392329083800289e-03
5.996312861723599764e-03
6.610860906889400035e-03
7.454529882114899891e-03
6.872219763275600433e-03
6.630449693814899695e-03
7.098909282791400141e-03
6.513582722900500277e-03
6.558563222276500050e-03
6.571505266832300234e-03
6.459880704693899897e-03
6.369712679234000238e-03
6.388154788217700365e-03
7.151705674281199840e-03
6.051553892159399622e-03
6.977923023654700185e-03
6.867374862883899624e-03
7.223579184870400176e-03
6.262724419197699885e-03
5.817478096659499907e-03
7.985521892398600094e-03
7.357849312257400132e-03
6.672402301183800143e-03
6.102148880644899832e-03
6.335883238521499913e-03
6.739847033707900385e-03
7.200256230877499775e-03
6.361425256883699621e-03
4.908574323334500417e-03
6.502311762468499998e-03
6.754337042473799665e-03
6.577418709339299778e-03
7.136875041798500414e-03
6.533784072890299645e-03
7.515088473525600304e-03
6.986678285580799966e-03
6.760128014431400316e-03
5.552432640161499705e-03
6.393571075097899924e-03
7.204395193231299607e-03
7.065450081999999701e-03
5.881341453332899864e-03
6.263541493450699646e-03
7.446597288539499697e-03
7.093604433905700314e-03
6.985232690853699841e-03
6.894287842711999820e-03
7.575084483395000401e-03
6.070394652947900399e-03
6.863888746616899662e-03
6.096182511154599887e-03
6.811895890297700248e-03
6.395312874495099817e-03
6.359650103654699953e-03
6.848749097304199750e-03
7.334003072459700096e-03
7.425195196817099830e-03
6.728612898591299595e-03
6.262920225038100079e-03
6.397131763157800320e-03
6.086196896176099790e-03
7.346523122659799621e-03
6.348957441655400311e-03
6.944567543856500214e-03
7.148762353491999906e-03
6.742935828208500293e-03
6.848335992051399895e-03
6.786750096928900050e-03
6.095771364270400131e-03
6.919321316234500370e-03
7.324703859792900187e-03
6.795643955838800120e-03
7.605581053654999861e-03
6.522828467493599867e-03
6.763870461079400306e-03
6.354668316619900385e-03
5.812702288865300056e-03
6.435108514185799988e-03
7.181346475493399772e-03
6.733510460175999579e-03
5.337057542800700306e-03
6.939055229032000359e-03
6.330925325334999659e-03
6.881635445666000293e-03
6.784460139497399712e-03
6.520905086836200140e-03
6.320215336229900380e-03
6.361661437499099674e-03
7.255044401483700008e-03
6.951626370420200401e-03
6.494847557013699695e-03
6.987805788079099953e-03
6.999604186212099975e-03
6.952866026821400390e-03
7.228338868426400186e-03
7.796005364276900260e-03
6.074542533229599847e-03
6.081185762892100423e-03
6.132997696690400090e-03
6.668866886846499739e-03
5.719597945535300106e-03
6.652767398674999666e-03
5.769563314145200426e-03
5.865336773087300413e-03
6.751008644416699872e-03
7.422201690145200335e-03
6.638296326661899914e-03
6.491710335049799899e-03
6.674519871886599662e-03
6.282269371431200081e-03
6.784909736645200126e-03
7.367761249851299821e-03
6.797296312409099872e-03
7.082721709593499566e-03
6.886061421705999726e-03
7.046487362633100347e-03
7.394616282475200038e-03
7.387619970415200236e-03
6.279602606295099643e-03
5.676508706024699889e-03
6.433007790041500237e-03
7.410540337178300220e-03
6.689575180886800018e-03
6.864257177744199911e-03
7.109747624796399976e-03
6.795728088830200152e-03
7.388703970844500216e-03
6.573444194527900200e-03
6.496211104033799803e-03
6.382332727262500331e-03
6.654826990070200274e-03
7.748618201524400118e-03
6.577790448724999892e-03
6.736309799452199973e-03
6.915268889216300008e-03
7.189414129472399689e-03
7.105443029026699796e-03
7.345377725392799803e-03
7.090693530092499752e-03
7.108191321428899805e-03
6.521232421092999949e-03
6.451423903591099913e-03
7.567300492020899612e-03
6.820632556793299918e-03
5.817951941058500248e-03
6.129628443576800104e-03
6.645142702211200361e-03
6.760889694599699767e-03
7.184487882001800406e-03
5.858063275089800057e-03
6.668623400398200098e-03
7.245118706190100365e-03
6.540801175258900008e-03
5.894936239775399982e-03
6.425869144230000191e-03
6.391281413623099705e-03
6.487511049742600289e-03
6.842323592916600347e-03
6.814224644622999746e-03
6.328958506134399996e-03
6.051693823685600111e-03
7.207566442340699979e-03
7.177381467584899657e-03
6.405013072113100413e-03
7.690088008846299866e-03
6.910650880685400427e-03
7.663319512699400329e-03
7.127536412491399832e-03
6.746896422339199693e-03
5.889251784582300031e-03
6.895587324399699708e-03
6.271621525170600377e-03
6.894849090050600426e-03
6.621473433559100195e-03
6.837117219972799718e-03
6.821751639874199663e-03
7.173426421540600277e-03
7.079162611768999996e-03
6.851539539331199732e-03
6.975040149181900399e-03
7.035723723676099751e-03
6.810006513779999840e-03
8.276163996066999290e-03
6.631108155863200092e-03
6.477503027094900015e-03
6.951839113300799754e-03
6.848705680129900386e-03
6.333075243926200061e-03
5.732266943162699600e-03
6.888946620115199600e-03
6.619668397552100174e-03
6.916480131933099885e-03
6.589417862911299897e-03
6.305072765826300052e-03
7.492755547421400125e-03
7.233211241563499913e-03
7.319370453730099889e-03
6.044060244685499697e-03
7.149884240505200404e-03
7.076224880222499805e-03
5.631813217445500244e-03
6.074542533229599847e-03
6.722927712665799707e-03
7.068722282713099832e-03
6.915268889216300008e-03
7.197433854105500343e-03
7.396816580416999687e-03
6.375032593216600069e-03
6.199057355929999888e-03
7.045884476367099934e-03
6.747073057248500344e-03
5.692349794382699571e-03
7.168314013515700127e-03
5.686181963401699783e-03
6.990176963998400057e-03
7.150289699919799846e-03
6.404900621539100398e-03
6.798255158653799743e-03
6.051553892159399622e-03
6.820612915795500400e-03
6.786685289859700244e-03
7.174464331898599938e-03
6.361471549661000362e-03
6.953455916943200067e-03
7.547410250049800366e-03
6.450202044317499689e-03
6.544127236136699881e-03
6.274034538279299987e-03
7.542239439893100306e-03
6.762274158812100165e-03
5.938484802826300181e-03
6.608866285500399930e-03
6.646136791162699994e-03
6.744817737882500067e-03
6.719179378670000341e-03
6.534119478102899843e-03
8.009499337384699824e-03
6.505234747346500153e-03
6.961522134910300315e-03
7.377189792466199575e-03
6.709051113686100194e-03
6.524079771926200380e-03
6.699370258150799846e-03
6.417442240547899940e-03
7.673683354189300004e-03
6.910459467367399862e-03
5.750516040783799736e-03
6.968218397128200098e-03
7.446519931602799645e-03
6.812761495238999626e-03
6.923862957434999583e-03
6.452126938561599835e-03
6.434458185651700281e-03
7.067323987922800345e-03
6.449019561045699761e-03
7.535228131161099928e-03
6.772351534229399672e-03
6.259915640367700283e-03
6.595371825524200260e-03
6.280589267842500399e-03
6.232463404370999945e-03
6.709903463123200081e-03
6.460388672670599845e-03
6.788137894141500067e-03
6.438513988404499615e-03
6.300233113474500331e-03
6.561639111218000274e-03
6.559300967166599959e-03
6.588621409573399736e-03
5.113684263238899713e-03
6.324799909321599661e-03
6.739847033707900385e-03
6.385653014483800259e-03
6.440047293644100314e-03
7.282495797916900028e-03
6.832894527780499806e-03
6.278710290914000201e-03
6.821005312884900057e-03
6.286683318779499700e-03
7.761305148945799731e-03
6.589076903005099649e-03
5.987139332613400193e-03
6.978713092740399665e-03
7.528386386950700407e-03
7.102588477084099614e-03
7.062762553578999687e-03
7.268240166750999758e-03
7.230503562026100242e-03
6.161768183743699702e-03
6.679659558635400209e-03
6.448580000813700433e-03
5.774899498809400039e-03
6.737329076739900259e-03
7.761500488516599738e-03
6.685876414476699808e-03
6.347872588525500098e-03
7.019414418705300328e-03
5.945809068675000399e-03
6.715263139769499755e-03
7.268330316117800269e-03
6.659924541986599923e-03
6.838450280994799735e-03
5.731204236159500101e-03
8.042246627539299461e-03
6.407128415141000351e-03
7.007938403111300431e-03
5.185126882544400378e-03
7.621828082928300274e-03
6.293490953823100038e-03
7.080275414980800180e-03
6.499648171469399674e-03
6.901000904900299673e-03
6.941945781970299857e-03
6.148123551035500345e-03
6.500507643586800159e-03
7.289574026396399876e-03
7.060429567401299566e-03
7.511934355834500379e-03
6.792165435877199967e-03
6.038949268799999673e-03
6.862213107034899860e-03
5.924032737819000423e-03
7.695741016298600357e-03
7.036846371278399764e-03
7.825582888379400623e-03
6.540569017429599848e-03
6.786750096928900050e-03
7.771675219710299891e-03
6.691402517050499578e-03
6.369601117963400241e-03
5.938617872377600047e-03
7.417187225695199941e-03
6.630664199735099643e-03
7.367761249851299821e-03
7.029204032917599904e-03
6.138832211265100348e-03
7.678761479751400158e-03
7.161402342604999798e-03
6.543697030850099614e-03
7.135662498678699978e-03
6.528234625578900260e-03
6.364526846350000190e-03
6.411107377552600385e-03
6.327840964282300217e-03
6.300033173982200196e-03
7.053268743658199814e-03
6.623314322678599923e-03
6.828522308154299884e-03
5.776523526927900172e-03
5.763068998299400274e-03
6.649528593729000028e-03
6.462276893984399834e-03
7.264194930908099597e-03
6.619714636555199677e-03
6.019346399338700200e-03
5.936365422905099699e-03
7.329875173705199982e-03
7.343304569889399711e-03
6.585313411335500140e-03
7.020911364655600326e-03
6.274665861433900357e-03
7.111803567317899998e-03
8.156025133030700078e-03
7.803757612080000107e-03
6.194063263904600082e-03
6.788492794195299940e-03
6.262724419197699885e-03
8.203113995720800675e-03
7.662447342758700077e-03
6.893527802502200097e-03
6.368847845989800312e-03
7.540430711685299978e-03
6.992193006662100405e-03
6.744414445680200001e-03
7.017515696458399843e-03
7.400888101808600177e-03
6.446382501064600035e-03
6.721070051138900402e-03
6.353279416791399875e-03
6.654197245749999927e-03
6.464059689908200311e-03
6.590642902529899629e-03
7.519400238677200268e-03
6.344072609064800410e-03
5.850712870379099623e-03
7.641328634913699923e-03
5.650986243308200180e-03
7.237606022186899614e-03
6.111092689265700331e-03
7.213595695398400051e-03
6.545047460039699928e-03
6.928847761604999683e-03
6.899250345398600347e-03
6.768214196933600331e-03
6.971551059715900070e-03
5.882125917259500326e-03
7.304561400321200014e-03
6.861234644847700320e-03
7.250983956291799995e-03
7.016533509078999586e-03
7.979288639231000776e-03
6.736145999447299901e-03
6.302933875567700087e-03
6.682108993712299917e-03
7.431535681170799851e-03
5.966618624822699578e-03
7.435934789332500350e-03
6.146520558888499651e-03
6.433031168979699670e-03
6.794412503420399659e-03
7.081074410226199933e-03
7.002433846864699642e-03
5.871046256328300156e-03
6.487457318688300001e-03
6.716824525144099792e-03
6.232885843773900217e-03
6.948084069649199807e-03
6.380927940468700092e-03
6.514963125077499924e-03
6.246844816809400160e-03
6.640282358890000139e-03
6.236662142792499634e-03
5.799727637814299820e-03
7.173874710303999869e-03
6.611088312568199829e-03
6.376259504113200409e-03
6.525947603850499809e-03
5.934813693942699898e-03
6.531493737818800174e-03
6.804673417404200411e-03
6.681604509536000040e-03
6.503139570718700392e-03
6.370057087735699931e-03
6.654463122046199754e-03
7.095182007186599631e-03
6.450202044317499689e-03
7.531822412673299695e-03
6.660545272229700074e-03
6.622806926494599969e-03
6.549022071657500076e-03
6.685938853118299739e-03
7.048736506137100004e-03
7.075437515948799702e-03
6.319773005043599970e-03
6.666845625599099670e-03
6.808830536824499874e-03
7.485110771428899606e-03
7.367522745025100253e-03
6.196147613406199905e-03
7.453003539582800027e-03
6.212480810719099751e-03
7.649466807205699583e-03
6.901691144289699709e-03
6.370221925693599595e-03
7.260368662556099945e-03
6.304241475936799878e-03
6.680910251460100112e-03
7.290482697175300168e-03
6.944912032355200250e-03
5.752695685442999612e-03
6.825774010137000344e-03
7.437087470042100072e-03
5.855607703257000030e-03
7.057043382226699767e-03
6.733553278369000354e-03
6.980773713352500347e-03
6.152534536774100296e-03
5.959480767932100360e-03
6.416796209484300351e-03
7.053025215187300363e-03
7.996638982259300296e-03
6.771969345635200227e-03
7.312341320760399992e-03
5.969561712898399999e-03
7.759426135531100055e-03
5.946890960624599647e-03
5.822235265656799767e-03
6.792165435877199967e-03
6.633571700134900141e-03
6.776135701991300130e-03
6.743963081063199944e-03
6.607876463699699672e-03
7.443747440094499596e-03
6.791640478081399819e-03
6.509921071773300087e-03
6.691402517050499578e-03
7.441721911998999857e-03
7.211396358188799927e-03
6.892492438392399702e-03
7.353923996494099967e-03
6.603840774139699971e-03
7.137574607131299924e-03
6.611095762958800297e-03
7.612238343865099927e-03
5.294737573107600320e-03
5.774268800583300110e-03
6.778906848443700187e-03
7.130913209509599782e-03
6.486872211798500043e-03
6.675295073207999919e-03
5.836516615708799843e-03
6.355089451775200113e-03
6.908061541595600027e-03
7.290767593002699977e-03
6.466634847664400228e-03
6.413313063850300394e-03
7.826747146568399996e-03
7.844721015468399811e-03
5.991462311535599751e-03
6.799798875495000408e-03
7.056901609796300233e-03
6.956731042520499994e-03
6.360424889622099884e-03
6.270036753611100272e-03
6.148464372590500306e-03
6.930730787381400061e-03
5.803796436458699866e-03
6.895738653927400291e-03
6.900315842760299662e-03
7.701625339465299758e-03
6.838606813446199834e-03
6.717395773132899851e-03
7.269830105348799691e-03
6.693543386279699782e-03
8.005747540067499959e-03
5.987806320237899597e-03
6.627363495155799873e-03
7.717278829868200359e-03
6.548182143346599829e-03
6.799928617635900112e-03
6.527228043680399945e-03
5.893774741770200012e-03
6.753091314428700219e-03
6.349719227540499659e-03
7.046197955107899591e-03
7.493167722608500177e-03
6.428814935526499727e-03
7.364603984932500090e-03
7.229891020017299892e-03
7.537262229527000139e-03
6.717469309517999990e-03
6.453300782607599741e-03
6.982999115179899623e-03
6.399654869132199650e-03
6.685459760994399807e-03
6.326443264578199797e-03
7.367222931335799807e-03
7.430498052879599795e-03
6.831126201703400375e-03
6.425947305468700244e-03
7.771806587403400253e-03
6.819451958237600191e-03
7.845228093502099390e-03
7.498660012705700081e-03
6.835890439093200016e-03
6.875863689648800160e-03
6.788691603131499948e-03
7.008961284725999906e-03
7.068590251313700348e-03
7.333988194097000243e-03
7.443777296543500205e-03
7.350035994127900214e-03
6.662031176048999713e-03
5.930882728583999723e-03
7.558944697937500061e-03
5.900082986883399723e-03
7.334003072459700096e-03
6.135430847674199807e-03
7.582482962062499741e-03
6.924012306406200114e-03
6.731751325686700059e-03
5.600256987949499624e-03
6.320215336229900380e-03
6.603221546296399874e-03
7.082749158229800085e-03
6.229023916069499969e-03
6.257664671643499953e-03
7.030893465346000314e-03
6.819072840261499943e-03
6.499466337648700416e-03
6.585633086338699670e-03
6.044173719458900348e-03
6.862482198685899808e-03
7.225633021263599791e-03
7.885863046393399439e-03
7.028393748775199797e-03
7.557437663914899802e-03
7.054909179565500323e-03
6.515034881185499845e-03
6.126982426177199868e-03
6.840863055515500162e-03
6.456995225248499636e-03
7.009180135215700019e-03
5.951969148258799865e-03
6.888777973907900080e-03
6.554994869766199786e-03
6.652613493707699652e-03
7.774941967170200322e-03
6.609408752940200416e-03
6.359287315600300160e-03
6.804374638787600259e-03
6.886061421705999726e-03
7.297921505467400323e-03
6.752539771355699910e-03
7.082918436954800147e-03
6.777346242556800231e-03
6.439618159554500072e-03
6.712100283903400279e-03
7.429784990701199937e-03
6.877242579833599961e-03
6.951222163123800014e-03
7.164854608196999722e-03
7.195147884890800219e-03
7.046678343333699808e-03
6.896401903412100257e-03
7.410877575077699612e-03
7.198275073686400370e-03
6.264447303568200336e-03
7.283376120557700367e-03
6.227874095924399930e-03
6.595844984576699696e-03
6.686413088612499708e-03
6.868375379595900200e-03
6.541042165406799752e-03
6.890110547029299967e-03
6.247109751102999931e-03
7.726422030958000203e-03
6.548666184332499647e-03
6.545560874312099896e-03
6.299368325908099621e-03
6.834955325137099733e-03
6.156594511430199881e-03
7.158510996441799605e-03
7.153997378210499858e-03
6.444938118072600190e-03
7.822233910009900384e-03
7.180974681963800225e-03
7.007473448015400126e-03
7.164635200337400242e-03
6.881234645913799838e-03
6.652613493707699652e-03
7.506950695674700219e-03
7.239291400114499821e-03
6.044173719458900348e-03
7.271569102589900413e-03
6.000416600298000280e-03
7.295984308552600286e-03
7.053396261044500223e-03
6.146394867258700087e-03
6.877656783939999942e-03
6.464059689908200311e-03
6.976906013395399973e-03
6.611088312568199829e-03
6.353396859237200357e-03
6.295158734839999964e-03
7.278340669564499661e-03
7.612949759784400257e-03
6.180132406366800092e-03
7.239777111255899650e-03
5.693179590695499927e-03
7.197763344100100227e-03
6.165317773779900416e-03
5.980994678568300402e-03
5.829465331924499859e-03
6.334641541597700078e-03
6.302395315780799645e-03
6.282269371431200081e-03
7.528221094236600165e-03
6.881910281449300261e-03
6.542111564297000380e-03
6.727776164802699681e-03
5.892053901176999738e-03
5.425680015302299791e-03
6.865652323908000114e-03
7.293465619070699929e-03
7.021585891302800121e-03
6.823147404770199889e-03
7.308765549605299693e-03
6.650974535135499750e-03
6.428174932421299934e-03
6.545303522548700202e-03
5.787845695721100317e-03
6.219547412320200301e-03
6.524532078656500138e-03
6.499678200636000054e-03
6.495758994055100301e-03
7.561248318275599900e-03
6.090661670241699632e-03
6.362141014790999999e-03
5.652807031153800170e-03
6.837117219972799718e-03
7.813751229803900591e-03
6.190381399337799816e-03
7.824844686420300011e-03
6.768064630790099692e-03
7.276672282740199831e-03
6.930321302586899684e-03
6.582590936006599627e-03
6.421930125367699901e-03
7.237835607070200288e-03
6.751008644416699872e-03
6.789033213873699873e-03
7.860712842743899573e-03
6.601698207172100250e-03
6.443914207521100369e-03
6.302863155147200337e-03
5.591859047913799903e-03
7.280670864706299990e-03
5.894803339886399950e-03
5.959409080932100145e-03
6.395736911097099631e-03
6.434010495654900359e-03
6.878984797928900351e-03
5.652641954877400156e-03
6.703562994554800210e-03
7.235292412254099720e-03
5.916462294713999669e-03
7.282851650885300426e-03
7.192774966224600199e-03
7.015061375997800122e-03
6.170130273866800130e-03
6.433839205840900105e-03
6.471703773375600197e-03
5.938204333745300371e-03
5.996510362985699692e-03
7.273286697263100023e-03
6.397231395133800430e-03
6.815718931727800071e-03
5.755746696514000074e-03
5.883724299957000109e-03
6.757871012063799976e-03
7.185349824692199676e-03
6.409552377140899891e-03
5.828305479695400360e-03
6.582413881769299570e-03
7.555401059799299844e-03
6.452163515022000216e-03
5.944386843440400275e-03
6.108380323553100170e-03
5.745799280588600316e-03
6.400356741053699582e-03
6.759243629837300218e-03
6.331650623851200164e-03
6.116425861938000128e-03
5.806672414945300044e-03
6.179120061820000259e-03
6.161660360967999642e-03
6.640282358890000139e-03
6.203874817534299653e-03
5.877410340322600409e-03
6.315115225554800149e-03
6.073180346238000148e-03
6.806528901629800392e-03
5.735403492034000378e-03
7.579754453978899791e-03
5.960045181111900403e-03
6.875828603055599876e-03
8.078173927569799739e-03
6.732490470896699934e-03
6.575467950401099604e-03
6.953949843119900352e-03
6.542111564297000380e-03
5.814030999412500220e-03
6.559300967166599959e-03
6.465167404422499792e-03
6.607876463699699672e-03
6.659284145391899598e-03
6.462936373532599671e-03
5.829465331924499859e-03
6.660498891349599972e-03
6.681604509536000040e-03
6.702260658926599730e-03
6.499823988162000202e-03
6.403535246962899913e-03
6.205076385137299998e-03
7.141676435851600051e-03
6.530421437965600213e-03
7.184593876873099708e-03
5.827275410773699593e-03
6.650201076946299708e-03
7.368780106940899834e-03
6.139461567478200418e-03
7.324214524187499728e-03
6.322102706642900027e-03
7.325384224343800370e-03
6.583267478077899602e-03
7.161206669021500347e-03
5.817105796085999571e-03
7.207630542944499716e-03
6.371022234221299964e-03
7.264583136627700277e-03
7.064013749261999729e-03
7.340345433804199883e-03
6.273054539424499990e-03
6.345714072965600271e-03
6.962717798832299999e-03
7.011380871860000211e-03
6.596199523960600240e-03
7.195147884890800219e-03
7.743102050169099748e-03
6.179120061820000259e-03
6.748793409074999895e-03
6.769119942905300370e-03
7.649524593524199834e-03
6.508142931385399975e-03
6.793146684007799960e-03
7.680107255083499715e-03
6.140436727823500238e-03
7.161923994488000357e-03
7.197571237571499629e-03
6.883505943215399714e-03
5.830350084737400025e-03
6.646829240116399785e-03
6.679924784228999726e-03
5.975094697096799794e-03
6.006441390980899950e-03
6.477503027094900015e-03
7.064536869269799971e-03
6.315923983863799655e-03
6.786701702692600306e-03
7.212999519483400193e-03
6.361632158463000411e-03
6.551842507920500359e-03
6.666814098640200248e-03
7.696220660422799925e-03
7.227185373518700030e-03
6.513582722900500277e-03
6.438469015449000202e-03
7.568733436633200314e-03
6.812761495238999626e-03
7.264017645080900372e-03
5.630003853529500293e-03
5.865176045769599639e-03
6.787347803379299715e-03
5.917467572503300015e-03
6.001399760736299618e-03
5.907612254822799600e-03
7.219267196453899721e-03
6.310560279658400384e-03
6.293472384817999990e-03
6.878984797928900351e-03
5.876185798912099585e-03
6.361504705818300104e-03
7.945486582242099888e-03
6.404516613895500261e-03
5.803796436458699866e-03
7.057471902987800041e-03
6.452511150080699788e-03
6.499648171469399674e-03
6.563248556125000042e-03
6.624567461527400107e-03
6.634294422931099645e-03
7.095633082723799660e-03
6.616084149797399686e-03
5.899933874181100338e-03
7.216769950132899923e-03
6.768141527551999569e-03
6.524758580891100272e-03
6.685076090164599610e-03
6.949781032591400426e-03
6.164439226007899751e-03
6.300594068017200018e-03
7.398170831654200287e-03
6.984195797168499947e-03
6.393832492231899672e-03
6.587634854080699591e-03
6.205243170103000305e-03
6.715680109813699714e-03
6.649708307724699723e-03
6.942272054263599890e-03
6.756686667838200135e-03
7.336965242725699762e-03
6.848495742421799835e-03
6.076734977235299928e-03
5.986436882071600150e-03
7.029181330430600214e-03
7.137921233545899830e-03
6.151938803316400403e-03
5.692349794382699571e-03
7.174169272339299755e-03
6.068061114047599951e-03
6.418187169995000392e-03
6.660039340649299977e-03
6.511766753097899575e-03
6.005771830709900200e-03
7.474204803638999882e-03
6.423541055349400036e-03
6.674207785815999654e-03
7.454864025371500322e-03
6.305072765826300052e-03
7.354783531142100074e-03
6.893330136040399896e-03
6.851127910657399574e-03
6.014269126169299873e-03
7.154161352756999853e-03
5.776523526927900172e-03
7.251968052145499853e-03
5.931686346468899827e-03
6.190381399337799816e-03
7.868514391689899329e-03
6.992931431481000208e-03
6.862484903042099724e-03
5.425680015302299791e-03
7.199589048052399895e-03
6.156073797799599574e-03
6.275157347749699653e-03
5.821345506939100412e-03
6.275491181886899868e-03
6.455988978149499943e-03
7.016139895992899896e-03
6.357745473112600028e-03
5.932358319420100168e-03
6.697327797444399891e-03
6.487976429636699814e-03
5.984468007790499748e-03
6.741559675513900292e-03
7.634115441201500159e-03
6.652371708985099601e-03
7.984542335759200679e-03
6.524526446869700208e-03
6.171271755644599719e-03
7.726212814810800092e-03
6.222887304003100334e-03
6.482898784725499818e-03
7.046694634625099915e-03
7.120265712083799665e-03
7.061655504675399576e-03
6.739556698327899692e-03
6.876989981091799833e-03
7.125826963959100077e-03
6.330137064891199622e-03
6.805948037878400102e-03
6.603221546296399874e-03
7.002466889212100379e-03
6.352764307641900129e-03
5.860164869656300270e-03
7.054724187328000398e-03
6.853515627489799832e-03
6.644934316092500175e-03
6.900005346140400050e-03
6.748332593971000104e-03
6.504438496863900257e-03
7.109408775293300266e-03
6.526769645389799736e-03
7.027470981091600392e-03
7.894857421587200830e-03
7.326752943633800183e-03
5.817701944086499724e-03
5.866990457073699948e-03
6.706467067091199594e-03
6.215159045520100324e-03
6.118899400795099926e-03
6.244156651727899784e-03
7.202719375150000262e-03
7.277499185512299740e-03
7.192033712808800286e-03
7.574367862216000238e-03
6.862922135956800104e-03
7.116921151456699624e-03
6.886130634498300110e-03
5.792073753436899688e-03
6.228867176749099642e-03
7.148881608239300231e-03
6.493896570206899796e-03
6.904753107905999693e-03
6.896544950038299877e-03
7.861737874284100563e-03
6.199057355929999888e-03
6.696046262061400127e-03
6.337919984250700058e-03
6.391281413623099705e-03
5.591859047913799903e-03
6.713040825553700033e-03
6.705739862072099960e-03
7.575082561603500159e-03
6.212480810719099751e-03
7.376005250856299857e-03
6.449068879711299974e-03
6.628644055788599811e-03
7.353286532779499882e-03
8.106861666420999910e-03
7.534514655214499812e-03
7.377148063791800006e-03
5.901753406726499736e-03
8.084480391901700119e-03
6.414886314581699951e-03
7.294101864376100093e-03
7.252179526306900062e-03
7.023408660764399875e-03
6.685459760994399807e-03
6.619720778031600028e-03
7.186623205093100111e-03
6.420205732802899967e-03
6.889089109570300032e-03
6.607582515417100358e-03
6.955234692309499901e-03
6.099531319876900191e-03
6.691548607198999701e-03
7.075338941988300323e-03
6.653411578818099921e-03
6.967600728910900397e-03
6.614326925277300324e-03
6.058348611159099749e-03
6.468552926526800403e-03
6.758143309077999615e-03
6.529375158302899891e-03
6.680595146593200362e-03
7.982661075525400440e-03
6.513473475227699733e-03
6.711647075100799983e-03
6.944903695723100324e-03
6.524752014217500423e-03
5.798656199163800158e-03
6.318040967458500058e-03
6.849941450061800344e-03
6.901233963272699994e-03
6.282069832732700004e-03
5.387272337918400100e-03
7.633707191788899858e-03
6.808731450107299681e-03
6.377815110073899868e-03
6.028697282903399887e-03
7.014347202214699616e-03
7.011996611937200072e-03
6.602524960553499828e-03
6.228742353003799588e-03
6.674983854462799779e-03
7.054909179565500323e-03
6.307213264145499626e-03
7.167777906031599748e-03
6.458285576620599600e-03
6.338224827289700228e-03
6.077971295335499700e-03
6.809198419356100006e-03
6.905619763307900387e-03
6.818726871089400045e-03
6.535615961342900078e-03
5.952206039670399594e-03
7.538174374797599990e-03
5.901009328993699933e-03
7.340345433804199883e-03
6.899702246725100165e-03
7.101621718263000094e-03
6.882290355408200375e-03
6.828718705841899800e-03
6.951682016793699938e-03
6.074231893561100361e-03
6.552683695397699612e-03
6.552666042125000062e-03
6.598402219855899718e-03
7.007796483012100099e-03
6.754337042473799665e-03
7.398621772811000280e-03
6.993109077684800390e-03
6.956524260065400159e-03
7.594391452742099702e-03
6.488822286653799648e-03
6.984792098372299973e-03
6.956542251819600349e-03
7.191972508532099712e-03
5.604168685485499610e-03
5.960050753517899709e-03
7.011028919683399627e-03
6.778643324768699775e-03
5.383179375026999995e-03
6.577310193636299977e-03
6.122440471466500216e-03
6.189792736696500194e-03
6.464486239428700147e-03
6.893544658527000005e-03
6.012470272821600174e-03
7.900705565128699967e-03
7.511335413378300400e-03
6.583281108557799757e-03
7.183644148786100074e-03
6.627760769298600418e-03
6.561556487818399896e-03
6.823057152199400212e-03
7.202751704289999876e-03
7.051704455761699866e-03
6.934950850127699629e-03
6.547436041428099894e-03
5.959409080932100145e-03
7.264457895330100196e-03
6.267566244033900315e-03
7.086447674224699567e-03
5.996070740749800086e-03
6.249971196790300200e-03
6.256431805736300394e-03
6.431072818361900298e-03
6.654800968394899638e-03
6.692440823152500176e-03
7.209601714174600044e-03
6.932727224750599715e-03
6.739940727930799659e-03
6.975040149181900399e-03
7.500161951579400327e-03
6.981339128439400209e-03
7.001288841601800012e-03
6.683867054570399868e-03
6.816271932307899767e-03
7.234213956752199789e-03
5.592333309695799934e-03
5.931047349927399612e-03
7.079080271721699576e-03
7.193986778610999763e-03
7.062594063639500083e-03
5.787180925127100202e-03
6.291365622564599851e-03
6.503532945485700385e-03
6.452007854172100293e-03
6.350733720199000162e-03
6.541310525559999867e-03
6.391970624798300193e-03
7.276695144085999767e-03
7.926532151296499656e-03
6.875439601422800133e-03
7.144000046459600232e-03
6.601698207172100250e-03
6.475024310912800077e-03
6.481174435804299902e-03
6.449019561045699761e-03
6.673018522439400080e-03
5.830350084737400025e-03
6.723441208508399922e-03
6.896065623463200171e-03
6.998717921037500393e-03
6.030102957530299700e-03
5.652641954877400156e-03
6.788671772578800008e-03
5.898786041165999909e-03
6.903764872232900224e-03
7.264481019276200144e-03
6.650513521045200299e-03
7.372353255666400269e-03
6.700939487849700248e-03
6.859950715141700274e-03
7.393175020820599679e-03
7.040217068509600426e-03
7.136204934481699645e-03
7.803757612080000107e-03
6.784909736645200126e-03
6.647816044645700299e-03
6.297100918034599648e-03
7.040055313638900365e-03
6.563248556125000042e-03
7.448076533433800259e-03
7.333908284279800315e-03
7.566602329616500290e-03
7.095288652278299892e-03
6.494741076988300339e-03
4.908574323334500417e-03
6.631683968433600002e-03
6.581300842152700004e-03
6.901023602121800389e-03
6.599940175439700414e-03
6.210307977189800412e-03
7.150644345267799865e-03
7.257514292899600039e-03
6.553484791900299720e-03
5.948916267239100046e-03
6.466934078992399998e-03
5.973715575623999956e-03
6.015942440744700102e-03
6.166178495940100208e-03
6.124537513714800076e-03
6.601459732829300341e-03
6.258357700618700191e-03
6.589707994704999995e-03
6.605742503662100258e-03
7.270467448493200119e-03
5.782427106269000250e-03
5.973551055028600287e-03
6.730001146363700018e-03
6.924282857793899633e-03
7.648002228954600169e-03
6.869502530657999734e-03
7.179237409811699971e-03
7.226505203032800029e-03
7.065018260371399954e-03
7.857458879229400547e-03
5.114319578845800268e-03
6.422126735910900150e-03
6.495211603660800033e-03
7.843349372716499485e-03
6.283490989888800352e-03
7.293460439474999668e-03
6.538194384868799801e-03
7.164854608196999722e-03
7.395790284279399676e-03
6.911821152826100149e-03
6.307012850622800357e-03
7.076137953729699955e-03
7.141048889280200360e-03
7.071372996299700106e-03
6.418975911527900410e-03
7.580086611298699796e-03
6.379706683727300216e-03
6.694969992671199847e-03
7.044763553138200067e-03
6.635554187337899638e-03
6.922189418333900106e-03
6.355114906594900095e-03
6.467706791282199635e-03
6.138196001543199873e-03
7.175916709245199962e-03
6.324964633538599813e-03
6.245662433715400315e-03
5.925124901724699612e-03
6.829234523671299899e-03
6.219547412320200301e-03
7.728986098945799660e-03
7.455210361183199977e-03
