3.944039047731999763e-04
3.863561630226000024e-04
2.149000791653899855e-03
1.897639594238900067e-03
1.671905493208799979e-03
3.499466946647000168e-04
4.221760571892000085e-04
4.669086204907999991e-04
4.549250653025999828e-04
3.931057453340999785e-04
4.082069539216000103e-04
1.767042207554099910e-03
4.660706855502000107e-04
3.671960085904999740e-04
4.440241199512000173e-04
3.583445420518000077e-04
4.139991087082000123e-04
4.728825050568999920e-04
4.521211450885000149e-04
4.355281117547000255e-04
4.585934240601000013e-04
4.504003273174000152e-04
4.142605391619999934e-04
1.922346769594500014e-03
4.296751024374000018e-04
4.500904433299999846e-04
4.349177503506000101e-04
4.008877067326999761e-04
4.537435644054000163e-04
1.507250996444700099e-03
4.581958630559999847e-04
3.374627075882000171e-04
4.294155904856999896e-04
4.436517230341000245e-04
4.527015763186000084e-04
4.328002140249000195e-04
3.409129811153000238e-04
1.677673342748899976e-03
2.230060743163599958e-03
4.297372888480999751e-04
1.715672573092699932e-03
4.147952783649000072e-04
3.728798491894000106e-04
1.812250618427500024e-03
4.519016848900000148e-04
4.114635711147000070e-04
4.483225363678999863e-04
4.128631235442999743e-04
4.007401220015000096e-04
4.654460296624999974e-04
4.467011464160000156e-04
3.325345935973000010e-04
3.930176968313999907e-04
4.503590827332000133e-04
1.823869014809399898e-03
3.744011821676999875e-04
1.821106176914899901e-03
4.131984662641999761e-04
2.036897776028400147e-03
3.444994468938000244e-04
3.769668339186999992e-04
4.011289328185000140e-04
4.751369795179999941e-04
4.123838468715000085e-04
4.046186881485000237e-04
4.451483860393000013e-04
1.933720642408800084e-03
4.016812297207000143e-04
3.967831849058999980e-04
3.886540106772000056e-04
3.844435470334999785e-04
3.745857029511999946e-04
4.378620615518000235e-04
1.800637930918700096e-03
4.010613285331000042e-04
2.090125463830600199e-03
4.411310017065000013e-04
1.834253698393300104e-03
3.520192943079000097e-04
5.037191956242999822e-04
4.374324005429999947e-04
4.150427119697000077e-04
3.467001852210000205e-04
3.730066227962999911e-04
1.802776855643200031e-03
4.634112421297000234e-04
3.878555660453999977e-04
1.470707261717199912e-03
3.774547081356999755e-04
2.006127158769300135e-03
3.925531405354000156e-04
4.508721586803999854e-04
4.074120922003999926e-04
2.114842647026599857e-03
3.909013194206000267e-04
3.868298166095000107e-04
3.411128334596999880e-04
3.401289061897000269e-04
4.381675010154000060e-04
4.159438908513000076e-04
3.592735379689000188e-04
3.657828478882000148e-04
1.821106176914899901e-03
4.442555463490999753e-04
4.268899887353999893e-04
4.104793967244999833e-04
2.262556163957799796e-03
4.044765737212000184e-04
1.839518120356599959e-03
3.272803181631999932e-04
4.198212035015000117e-04
1.731373127469299899e-03
3.720078968414000176e-04
4.421610108511000179e-04
1.886874540481400060e-03
4.511785533916000098e-04
4.075158273004999740e-04
4.022746374187000074e-04
4.074435633381999901e-04
3.357838194782000133e-04
4.375583244088000084e-04
3.740054131808999839e-04
4.225820956285999963e-04
4.480499696974000199e-04
3.878711959669999790e-04
4.246271805684999974e-04
1.656014121169499921e-03
3.672664667539000060e-04
4.311309645975999836e-04
4.597847222982999753e-04
4.456883437842000203e-04
4.446955808676000019e-04
3.709252807621999781e-04
4.065792386080000148e-04
3.909436617655999880e-04
3.488844632235999833e-04
3.764551773621999998e-04
4.378281992114000038e-04
3.931712916707999733e-04
3.239464903277999874e-04
4.146456672920999925e-04
3.949431154678000109e-04
4.191739750885999853e-04
1.699382129839900049e-03
3.862002636936000049e-04
2.064545197286700093e-03
3.720162478407999904e-04
4.506829094720999989e-04
4.019852473209999913e-04
3.842622926872000123e-04
2.024722143311600067e-03
1.834919482894399991e-03
4.329483252790000268e-04
2.231966198083099994e-03
4.871687968885999838e-04
1.730468111195099983e-03
3.799362200650999752e-04
3.925721297657999882e-04
4.127364336875000020e-04
3.508677873433999907e-04
3.925616157154999996e-04
3.581252560716000045e-04
3.464336491428000007e-04
1.793929345499599946e-03
4.415212557997000016e-04
4.028044141226000234e-04
3.753744615966000150e-04
4.054030148844000084e-04
1.903087970958499938e-03
1.839223385146699979e-03
2.054946086151700126e-03
4.179725176288999911e-04
4.366005566952999798e-04
2.201927081163999791e-03
1.774214832024300021e-03
4.891646548713999947e-04
4.666453573208999891e-04
3.806383874463999790e-04
3.533989561520000169e-04
4.261386673281999742e-04
4.624918704876000122e-04
3.968924605515999839e-04
4.100893157288999845e-04
4.202395632472000057e-04
3.893764226817000049e-04
4.591868325869000221e-04
4.205934765549999735e-04
3.904369155744999778e-04
3.662345222190999984e-04
4.183784065537000051e-04
4.790276715012000016e-04
4.019869684259999923e-04
1.638142122667699983e-03
1.728578313293300086e-03
4.326387413818999906e-04
4.290783828441999733e-04
4.745771084131999735e-04
4.307155220007000151e-04
4.409897273985999874e-04
3.934535796278000098e-04
3.718535349995000022e-04
4.637040087941000010e-04
4.255815399195000221e-04
3.830016772807000032e-04
3.911264934873000102e-04
1.716317910288800040e-03
3.924082048128999987e-04
4.303829160421999804e-04
3.128449280565999955e-04
4.066037393405999827e-04
4.135272621534000215e-04
3.853890999860999991e-04
3.694295825950999869e-04
3.637994440179000209e-04
1.740562761214099969e-03
4.302727639662999874e-04
1.953807148371199988e-03
1.954297444613299975e-03
1.738612803570700055e-03
3.540677960659000044e-04
4.666865744841000043e-04
4.242626149958999746e-04
3.828549538097000219e-04
4.800912559793000210e-04
4.006427606839999922e-04
4.712831405059999764e-04
4.308890969102999896e-04
1.585754678469300039e-03
3.563453238333999734e-04
1.928075257346900098e-03
4.003711433212000202e-04
4.159537240298999926e-04
4.067902351451999966e-04
2.162946946570200053e-03
4.183827147210000146e-04
4.423502040717999773e-04
4.586629128689999899e-04
3.817021541284999872e-04
1.927932483928599923e-03
4.335326395835999852e-04
1.735189386282100102e-03
5.471887946633999635e-04
4.191338067891000187e-04
2.071399805200499836e-03
4.600442420093999894e-04
4.043240757333999794e-04
3.407810410807000012e-04
3.186974493635999885e-04
4.211843688217000261e-04
3.773627772035999901e-04
4.226618666627000040e-04
4.128781742916000190e-04
2.006615263908200202e-03
4.116618506688999733e-04
4.451929486615999751e-04
4.565716382242999776e-04
3.484475479963000232e-04
4.657612714926999864e-04
4.322832295591000221e-04
3.261996639042000060e-04
1.730468111195099983e-03
3.991811125898999941e-04
4.371243037607000221e-04
1.728578313293300086e-03
4.449859847161000115e-04
2.058100715447699989e-03
3.610485078231999846e-04
1.723242851814299915e-03
4.537389394895000017e-04
4.059014054914999851e-04
1.608017084858900068e-03
2.308646454022299926e-03
3.543796910610000264e-04
4.173702640093000142e-04
3.989628219613999783e-04
3.653715746862999810e-04
4.237116624180000193e-04
1.800637930918700096e-03
3.961727712923000214e-04
1.847088344922099981e-03
4.435900388431000146e-04
1.683079178545199978e-03
4.371479057471999870e-04
1.945976553063599995e-03
2.147817026914100071e-03
3.840257702134000270e-04
4.292816125797000175e-04
1.934246434645000038e-03
4.202953772039000053e-04
3.462921976186999931e-04
3.647315577648999963e-04
1.715723513282400034e-03
1.712431842095799928e-03
3.955478419774999818e-04
3.896899098565000130e-04
4.660095844404000230e-04
3.912138009166999959e-04
2.022101557888999861e-03
4.810363324218000004e-04
3.984909163600000213e-04
4.110457675002999870e-04
4.080836898059000115e-04
3.952995588051000093e-04
4.801097368611999803e-04
4.147144216525999890e-04
3.534234421413999972e-04
4.323386853990999904e-04
2.063541218649999915e-03
1.837519853163199941e-03
4.154114215209999870e-04
3.860082632940000139e-04
3.731844347822000263e-04
4.261938102294000148e-04
1.970977425342699922e-03
4.319576761996999780e-04
4.595026240079000185e-04
4.003852172096999972e-04
3.996729326097999920e-04
3.529484498662999832e-04
3.715094649157000238e-04
1.892478450362099999e-03
3.840257875488000154e-04
4.358527535075000211e-04
3.664614797653000249e-04
1.878741730235699995e-03
4.251891051213999993e-04
1.868445312505799928e-03
3.918828813111999891e-04
3.371081676275000140e-04
3.820022291770000153e-04
1.802776855643200031e-03
3.955330833877000068e-04
4.030067690997000203e-04
1.908864807549799951e-03
4.113338529985000134e-04
3.793477375255000211e-04
1.901532560538599960e-03
3.755052108547999733e-04
5.156281534757999573e-04
4.179462500030000044e-04
3.531388507238999823e-04
4.454810014377000153e-04
4.383156783785000150e-04
4.293972881443999779e-04
4.359169404956000243e-04
4.695913979047999808e-04
2.094160824928800041e-03
3.615110603576000099e-04
1.842285421947299946e-03
4.183214780307999842e-04
3.664392578958000179e-04
3.979562279022999874e-04
4.480722381394000066e-04
3.792705934258000012e-04
3.638065310346999840e-04
4.216808833080000008e-04
3.790245037115999864e-04
1.844950722401199989e-03
4.717540167845000153e-04
4.052317625083999911e-04
4.444519288174000036e-04
3.042723745253000044e-04
4.667557685276000246e-04
3.512831144875000239e-04
4.353484906924000222e-04
3.334435795437999932e-04
4.645329713841999959e-04
3.945895713337000082e-04
4.421496059866000090e-04
3.454880752385999874e-04
1.940499370338399964e-03
4.113668685709999861e-04
3.559943898658000103e-04
3.775237514071000042e-04
4.503564236902999761e-04
4.212640193997999874e-04
4.763319603186000079e-04
1.761660880165700051e-03
3.175406476801999984e-04
4.483073380406999808e-04
3.353262174672000037e-04
4.622950220550000157e-04
2.007499235248700123e-03
4.607310468401999899e-04
4.028190192741000096e-04
1.656014121169499921e-03
4.809167892787999930e-04
1.798737660920600055e-03
3.972800049009000164e-04
3.442790888472000116e-04
4.874753303319999983e-04
3.978252514263000070e-04
2.054946086151700126e-03
4.267874108651000041e-04
3.753903430486000203e-04
4.533651415939999869e-04
4.313847998484999753e-04
1.789510813475600048e-03
4.177626205623000220e-04
4.216462553282999742e-04
3.362867783827000229e-04
3.798767911177000156e-04
3.638064245420000176e-04
3.813425744569000266e-04
4.251271694384999847e-04
3.732177835230999856e-04
3.796931868454000037e-04
1.835453830452799971e-03
3.264898000546000005e-04
3.854331412848999790e-04
4.134343203568999832e-04
4.735667377541999878e-04
1.989210221670600215e-03
3.794161835793000235e-04
3.213081826617999862e-04
1.977920062194599930e-03
4.428059586090999766e-04
3.712363105059000119e-04
4.357362008493999815e-04
3.913360684209999806e-04
4.377624136503000083e-04
5.170164611341000055e-04
2.208742728443300121e-03
3.574458078278000051e-04
3.950866481366000047e-04
1.834253698393300104e-03
4.799208694337000016e-04
2.000867636337399797e-03
3.953989896052999796e-04
3.878329931482999912e-04
4.567937636861999873e-04
4.186178893837999852e-04
2.217094872675900042e-03
4.182064690263999807e-04
4.366584410014999994e-04
1.780884908184400019e-03
1.827019121163899916e-03
3.755334130163999950e-04
3.875059906407999797e-04
1.836258880398399917e-03
3.633762988248000268e-04
4.535551733531000126e-04
3.819423907791000207e-04
2.058546491733900200e-03
4.515375214498999800e-04
3.401323698319000106e-04
4.452734826899999937e-04
3.651640990022000086e-04
4.617428679042999808e-04
3.938890625726999741e-04
4.417446096555999744e-04
4.154157417520000246e-04
4.159239137652999798e-04
4.020574481902000033e-04
3.416349189690999835e-04
4.537932433679999844e-04
4.313645655675000037e-04
4.391667235641999868e-04
2.002943027313500070e-03
4.723925733544000085e-04
4.136641659268000255e-04
3.422858830194000111e-04
3.968751512352999833e-04
1.897639594238900067e-03
3.213294309581999795e-04
4.482059694927999736e-04
1.732083751548900083e-03
3.833401852111000094e-04
4.111653114874000122e-04
2.036126170598400072e-03
4.497031376579999897e-04
3.575663915816000159e-04
3.583801421682000039e-04
1.810906993739000090e-03
4.001403091376000139e-04
4.401587451831999865e-04
3.763201904631999824e-04
3.546701186529999865e-04
3.264854390051000156e-04
2.011895612190400025e-03
4.300881471253000269e-04
3.360041599581999961e-04
4.532484115526000043e-04
2.008062783872199917e-03
4.088337020664000181e-04
3.914342890028000102e-04
3.432724778411000107e-04
1.682535158455599963e-03
4.530645444421000029e-04
1.930412308690999902e-03
1.713445751017900068e-03
3.729236519989000131e-04
4.074832438859999793e-04
2.090975622279000155e-03
2.147817026914100071e-03
4.769795332589000245e-04
1.649607891168700016e-03
3.810500132187000255e-04
4.037554926372999850e-04
4.431666224239999737e-04
4.354913211705000071e-04
4.294396562665000116e-04
4.030947578407000249e-04
4.273208833188000167e-04
4.213587200085999827e-04
4.454023978300000242e-04
1.982916996116800088e-03
3.808664402964999926e-04
4.772847235594999873e-04
1.878731024382700090e-03
4.707508939538999774e-04
4.404831102926000082e-04
3.564321038121999984e-04
4.735376672158999917e-04
3.718097495648000034e-04
4.034235109528000116e-04
4.287404535435000025e-04
4.144706783944999799e-04
3.707160890667000257e-04
4.047027316362999949e-04
4.429070291846999921e-04
1.952689097778200107e-03
4.271636178726000242e-04
1.757347908085299913e-03
4.444942452337999859e-04
3.835393109892000106e-04
3.695616003296999809e-04
3.704319378125999884e-04
4.625517539173999823e-04
4.876000312384999938e-04
4.171222869285999882e-04
4.659193297319999733e-04
3.683237510669000155e-04
4.530480319599000075e-04
3.653117492382000186e-04
3.414739136881000210e-04
1.761660880165700051e-03
1.736183006794999976e-03
1.835981880139999928e-03
4.235932641056999780e-04
1.688634361878999911e-03
4.725936404928999753e-04
4.289206285840999793e-04
3.982840566366999927e-04
1.798737660920600055e-03
4.698911767652999929e-04
1.725185339804500033e-03
4.231768844099999759e-04
4.341426297945000169e-04
4.061256015105000109e-04
2.372304418928300029e-03
4.097601885848000183e-04
4.824787861288000208e-04
3.291993983306999846e-04
3.740454809448999951e-04
4.390028068524999831e-04
4.309576812637000084e-04
4.283605082667000206e-04
3.980857532843999798e-04
3.641740570963000051e-04
3.934510882461000002e-04
4.258474919592000253e-04
4.486985132957999945e-04
3.814396436642999923e-04
4.259187828658999924e-04
4.932771732132000498e-04
4.761765640303999977e-04
3.851114055975000234e-04
4.382636818261999800e-04
4.559270927282000241e-04
4.019520603496000086e-04
3.699652107710999947e-04
3.934838429336000093e-04
3.653648093089999910e-04
1.990777601177500140e-03
1.705465561606699923e-03
4.371616688885000194e-04
4.204813699265999875e-04
5.268556300065999586e-04
4.063665084425999987e-04
3.943299766877000206e-04
4.223080591745999898e-04
4.059590886038999947e-04
5.136471490965000084e-04
3.559120291552999769e-04
4.049560341195999847e-04
4.965979688514999928e-04
3.984422994824999881e-04
4.275612406508999997e-04
4.182103010333999989e-04
3.460566079640000204e-04
4.102179213948000227e-04
3.973228800622999736e-04
4.358772254676999990e-04
4.398124863253000008e-04
3.922014304825999871e-04
4.453682593179999843e-04
4.669247852325000251e-04
2.005831551201499828e-03
4.197010070123000005e-04
1.704212626528999993e-03
1.877933380309100000e-03
1.609544418515999930e-03
1.817903209673499970e-03
3.642876068699999761e-04
4.553380844024999732e-04
4.578581379528999778e-04
4.099253284553000163e-04
3.841269911851999852e-04
1.975103919168700109e-03
3.986414067425000127e-04
4.767699680743999824e-04
4.453629193536000124e-04
4.366785123417000125e-04
4.104165469281999767e-04
4.410872650592000122e-04
4.205194504271999906e-04
3.975231574223999807e-04
4.551421588022999914e-04
4.593632203674000137e-04
4.587206667617999868e-04
4.194269294574999845e-04
3.829248791924999801e-04
4.510652190738999767e-04
3.771403983520999880e-04
1.886874540481400060e-03
3.600602533474999800e-04
4.791863628280000013e-04
4.325844106250000031e-04
4.091546569987000248e-04
3.329122450233999936e-04
2.064545197286700093e-03
2.082073769231199828e-03
3.964349457864999862e-04
3.688962263633000253e-04
3.701358613013999992e-04
4.181203297108999819e-04
4.197744351838000030e-04
3.984003155956999985e-04
4.137316976926000097e-04
1.706122392540899979e-03
4.195654669502999856e-04
4.667449366988000157e-04
4.800978118024999729e-04
1.981393453319700050e-03
4.592450394921000181e-04
1.878126707338200092e-03
3.912040421468999875e-04
3.581914821602000037e-04
4.171188130050999961e-04
3.991284566139999788e-04
4.461068491296000084e-04
3.323286780206999758e-04
4.048900964111000044e-04
4.023092232948999856e-04
1.860392328022400033e-03
4.680974988355999979e-04
3.731649006489000170e-04
3.883737102802000156e-04
4.325602084826000180e-04
2.201927081163999791e-03
4.760554943346999865e-04
4.214021908949000137e-04
4.418112294380999909e-04
3.837548648225000024e-04
4.043888740439999826e-04
1.691850552004699930e-03
1.993513597188200075e-03
4.349760154962999939e-04
4.082158075794000210e-04
2.100907152296699939e-03
1.985992128358600017e-03
4.268409457845999963e-04
4.043877158346999767e-04
2.045203796866899935e-03
4.242240400323999848e-04
3.981779059721999767e-04
4.621878282481999760e-04
3.820631566742000123e-04
4.215027060813000132e-04
1.981518143285800147e-03
4.392945951591999847e-04
3.855033613649999744e-04
4.302275123674999756e-04
3.570132368962999859e-04
4.879411646267000041e-04
3.991589178548999835e-04
3.975970459058000167e-04
3.713430485789000158e-04
4.067297407951000012e-04
3.778076133269999966e-04
4.424978864905000143e-04
4.514681546887000085e-04
3.491519466044999903e-04
4.612770415314999817e-04
4.447180212234000244e-04
4.238714984657999756e-04
4.395025583538000251e-04
4.488462522513000127e-04
1.860392328022400033e-03
4.914601839668999691e-04
4.581812489685000008e-04
1.706122392540899979e-03
4.469274999566000034e-04
3.507597593436000095e-04
4.984948481264999537e-04
4.176947453157999922e-04
3.580491114545999846e-04
3.881257210388000252e-04
1.836258880398399917e-03
4.270752929618000147e-04
2.008062783872199917e-03
4.010102488290999954e-04
3.651228361971000118e-04
4.616980597657000082e-04
4.567251777581000168e-04
3.833585774183000073e-04
4.533206128855000040e-04
3.641015242149999971e-04
4.558092316816000108e-04
3.823190938435000246e-04
3.705622132177999769e-04
2.003158799698700164e-03
3.685543150899999853e-04
3.590552647637000020e-04
1.903087970958499938e-03
2.090210992887899834e-03
4.317763453203000046e-04
2.028429883311400148e-03
4.575920283915999899e-04
2.115139559991599787e-03
1.718246383956100083e-03
1.841848595351200076e-03
4.350530332621999844e-04
1.698206524218400090e-03
1.982647368588899995e-03
4.457720068044000207e-04
3.871763923356999872e-04
3.488812256299999768e-04
3.963660194447999837e-04
3.585134745951000100e-04
1.961528413108799915e-03
4.068270205078000070e-04
4.105292385343999951e-04
4.030408993886000165e-04
4.750426609954000261e-04
1.832043008263100053e-03
3.944637708277999805e-04
3.640102494885999788e-04
2.162946946570200053e-03
4.573122192826999913e-04
1.803684807598699997e-03
4.916118394931000149e-04
1.698221680113499998e-03
4.486333420819999733e-04
1.843772497136599931e-03
3.839724704128999878e-04
4.049240372956000133e-04
4.669476831741999913e-04
1.793929345499599946e-03
3.976330846836000229e-04
2.084554473450499906e-03
1.881853770591299926e-03
3.951441162666000225e-04
3.779061219380000177e-04
1.841177146138699931e-03
4.424629086797999904e-04
3.437411793168999798e-04
1.883599599888000076e-03
1.754492186840800067e-03
3.579253415846000009e-04
1.830539062630200022e-03
1.817205815989899904e-03
4.257962248023000260e-04
4.695361362571000025e-04
3.730258064114999952e-04
4.328882071425000180e-04
4.177400368413000252e-04
4.601595559066000191e-04
3.725208590678999779e-04
3.932333523057000152e-04
3.857651323192999842e-04
3.337073750244000251e-04
3.404516562240000226e-04
2.156994772992199948e-03
3.782358069373000062e-04
4.262628579915000103e-04
3.430184306429999940e-04
3.412959738586999851e-04
1.891060310539899965e-03
4.378292063366999898e-04
3.911344777098000073e-04
3.288770971763999994e-04
1.836306931760600105e-03
4.747298857651000080e-04
3.805395169762999818e-04
3.485680329133999792e-04
3.841324409175999851e-04
3.385207356418000035e-04
3.714980710695000026e-04
4.200913094819000004e-04
3.938329527300999918e-04
3.595676856281999748e-04
3.308918436903999735e-04
1.648169131994700002e-03
1.710976545270199989e-03
2.011895612190400025e-03
3.531999068854000052e-04
3.425869433862999895e-04
3.820061732405000176e-04
3.509592831784000256e-04
4.246829266402999846e-04
3.364564139148999732e-04
4.644480480460999854e-04
1.790815676613999926e-03
4.386860321238999832e-04
4.753274658046000218e-04
4.008669043818999830e-04
4.307540639856999743e-04
4.294249658345999877e-04
2.028429883311400148e-03
3.655880706978000146e-04
1.868445312505799928e-03
3.617153541418000073e-04
1.688634361878999911e-03
4.348028313384000049e-04
3.783894226302000137e-04
2.003158799698700164e-03
4.109831728242000111e-04
1.930412308690999902e-03
4.102711863140999743e-04
3.812922731102999811e-04
3.468677249687999965e-04
3.864175355220999825e-04
4.227758112401000154e-04
4.065005261738999839e-04
2.019033166783000110e-03
3.225056730092999853e-04
4.032656978560999832e-04
4.471105285749000157e-04
4.031329647533999998e-04
1.963212173865100038e-03
3.583792235665999985e-04
2.059069620140100039e-03
3.981174363987000238e-04
4.358881016447999968e-04
3.463270062535000028e-04
4.326282424476999970e-04
3.806102901239999956e-04
4.502266655372000261e-04
4.616425250018999817e-04
2.107871425488900066e-03
1.767042207554099910e-03
3.575498195456999957e-04
4.334848564536999916e-04
3.988702337566000220e-04
1.865037180005000000e-03
1.985992128358600017e-03
4.738247762233000144e-04
1.648169131994700002e-03
4.150635956989000047e-04
4.168271469897999828e-04
4.724765608172999828e-04
3.525321600503000178e-04
4.359100758588000009e-04
4.520378757781999828e-04
3.825477369381999793e-04
1.872242732752899897e-03
4.651552975727000160e-04
4.109786342384000204e-04
1.667692745410999985e-03
3.628813757398999793e-04
4.349618637712000043e-04
3.752427025819000169e-04
3.353427899140000164e-04
2.071399805200499836e-03
4.397089857109999912e-04
3.379669880689000101e-04
1.926811955316599977e-03
4.255508378129999828e-04
3.631135896325999928e-04
4.291191345680999856e-04
1.644442048853899958e-03
4.769515588083000153e-04
4.587058378258999729e-04
1.933720642408800084e-03
3.926042794778999805e-04
4.518238678268999826e-04
1.837519853163199941e-03
4.535754769264999813e-04
1.451444219368099942e-03
3.426069815708999923e-04
3.646868827155000034e-04
3.706052286931999906e-04
3.352368558976000137e-04
3.779231735873999948e-04
4.494170214680999996e-04
3.995235562953000164e-04
3.505146283162000249e-04
1.830539062630200022e-03
3.328233663539000107e-04
3.716877431269999797e-04
4.727742234931999908e-04
3.976805131977000215e-04
1.705465561606699923e-03
4.332697674430000066e-04
3.975533231086000223e-04
3.454880752385999874e-04
1.963339573650500075e-03
4.239556366174999837e-04
3.900639143309000099e-04
4.339476589326999732e-04
3.985212123916999729e-04
3.461660629335000104e-04
4.542280713325000082e-04
4.133027262292999983e-04
3.925452514609000117e-04
3.627031423944000093e-04
4.157840178423000002e-04
1.717251803997900091e-03
1.807948076492500028e-03
4.615022355668999985e-04
4.081191659890999880e-04
4.185583121262999849e-04
4.085113171251000168e-04
1.718648232422699930e-03
1.788891217773999924e-03
3.944467389545999953e-04
1.827615465317700052e-03
1.852269686511800019e-03
4.602554459118000148e-04
4.075443659576999888e-04
3.818025666469000170e-04
3.605488749869000236e-04
4.226019375079000215e-04
1.917802067320900075e-03
1.944432078480200048e-03
1.608017084858900068e-03
4.295249081986000136e-04
3.771251618603999934e-04
1.879588221940400048e-03
3.575947442772999798e-04
3.987079648473999902e-04
1.851811293449900095e-03
4.345799809097999878e-04
3.769827404975000049e-04
4.321707489391999951e-04
4.483448714796000071e-04
2.006615263908200202e-03
4.689953703602999825e-04
4.197850218403000153e-04
1.979303704177300203e-03
3.328770826775999869e-04
4.353583168627999972e-04
1.835453830452799971e-03
4.231248956181999743e-04
3.621686570244000069e-04
1.803684807598699997e-03
4.876390268411999961e-04
2.028448109145199792e-03
1.740041223997000099e-03
1.718246383956100083e-03
4.552352583968000111e-04
3.594731442392999935e-04
3.905768568954000233e-04
3.491784854520000063e-04
3.885333932127999824e-04
3.600902116072000002e-04
4.327371765420999906e-04
3.612877959343999980e-04
3.593026068106999781e-04
3.720822298826000226e-04
3.694511819082000074e-04
3.631580153980999855e-04
1.639404301718100062e-03
4.875646110627000155e-04
4.099874561449000127e-04
5.132040704581000354e-04
3.876629679281999824e-04
3.694496850712000106e-04
1.996051588545800191e-03
4.001429169964999789e-04
3.751401336034999976e-04
4.463923300902000106e-04
4.204588883671000078e-04
4.046253506334000099e-04
4.005251503674000005e-04
4.177522703070000033e-04
4.334183975553999803e-04
3.818050942275999873e-04
4.258328552349000006e-04
2.082073769231199828e-03
3.987241879517999972e-04
3.685914571946999948e-04
3.722467153034000214e-04
4.279174941996000147e-04
1.891299413482200016e-03
4.080830208995000151e-04
4.203856876544000100e-04
3.994298542700999992e-04
3.665732029005999964e-04
1.869948682402100071e-03
4.446267904090000188e-04
1.934015347508299997e-03
5.313764104307000221e-04
4.393263115826999909e-04
3.392371968581999798e-04
3.486135543953999805e-04
1.914642576141099926e-03
3.868793206157000253e-04
3.836726056118999794e-04
3.635446529347000012e-04
4.407806428471999966e-04
4.515914443628999851e-04
4.530876249423999879e-04
4.561486536868999899e-04
4.314476085258000127e-04
4.191984339539999794e-04
4.343630677863000123e-04
3.381567786522000018e-04
3.770901820233999975e-04
4.365521363171000137e-04
1.833073833122599939e-03
1.886174255144300012e-03
3.725738733382000017e-04
4.999949102161999623e-04
1.723242851814299915e-03
2.195738117533299963e-03
3.917728653927000210e-04
1.740562761214099969e-03
1.841177146138699931e-03
3.950890320334999825e-04
4.187013816915000227e-04
4.592924275495999784e-04
1.878731024382700090e-03
4.772463293721999965e-04
3.459432281985000044e-04
4.048643740773999748e-04
4.572503181591000055e-04
5.168080274938999545e-04
4.135337204402999732e-04
4.333159916458000148e-04
3.432365653196000157e-04
5.291008481705999564e-04
1.731083597585099908e-03
4.553832256031000174e-04
4.280986637570000130e-04
4.193400747179999960e-04
1.817903209673499970e-03
1.941698445998599979e-03
4.227157148602000004e-04
1.967637063167799929e-03
4.185955024398999740e-04
1.698697348085200084e-03
4.311457525315999886e-04
3.815575173971999870e-04
1.978397161535399868e-03
4.510811480397000054e-04
1.837946986047300042e-03
4.499319793863999816e-04
4.113770028820000198e-04
1.576145836936500072e-03
4.014122593734000075e-04
3.960619658438000270e-04
4.077537557988000208e-04
3.855582992404000208e-04
5.258610604298999880e-04
3.737864272093999922e-04
4.110367676923000154e-04
4.568084266176999962e-04
4.028680854036000101e-04
3.387644134795999760e-04
3.514870409316000056e-04
4.246658460689999763e-04
4.251281752501000081e-04
3.590671312625000246e-04
3.376395134443999904e-04
5.034767933370999952e-04
4.432328447364000256e-04
3.521595885368999880e-04
3.424042623099999845e-04
4.556560402213000074e-04
4.598978934097000255e-04
4.026213134419999820e-04
3.540450762110999741e-04
4.153878860418999783e-04
1.878126707338200092e-03
3.811216268484000089e-04
4.204702067791000184e-04
1.870394590423000037e-03
2.131814211621699869e-03
3.514460145678999963e-04
4.105500877854999838e-04
3.947605470087000223e-04
4.045430569427000051e-04
4.092642763052000234e-04
3.547702897277999856e-04
4.720705946481000190e-04
3.574222607709000256e-04
2.107871425488900066e-03
4.305132714554999948e-04
2.003956425376600143e-03
2.036568132382200139e-03
4.087212888093000080e-04
4.646498066672000269e-04
3.448573473700000148e-04
3.993484756807000151e-04
1.833026768488300092e-03
3.973192464259000124e-04
4.222514726867000094e-04
2.006127158769300135e-03
4.415783201642999988e-04
4.206333829866999805e-04
4.389429391934999893e-04
4.749117536744999865e-04
3.743084392474999803e-04
1.775992732700900061e-03
4.090782555629000005e-04
1.807245818573500074e-03
3.411587771090000224e-04
3.349961254806999977e-04
4.631720705031999881e-04
4.013755453590000231e-04
3.461296132570000107e-04
1.751699864826200027e-03
3.709213047003000066e-04
3.821939502986999924e-04
1.798649841966099960e-03
4.203027083020000076e-04
3.684891449177000208e-04
4.685267092665000035e-04
4.663597660939000264e-04
3.696478340506999987e-04
4.524825530466999976e-04
3.496529290808999884e-04
2.164193984300399887e-03
3.683815987865999837e-04
1.728863741329100074e-03
4.242509793738999976e-04
4.507045471226000057e-04
1.677881407695800070e-03
1.883599599888000076e-03
4.498817366716999981e-04
3.377031626348999749e-04
4.330569794556999989e-04
3.555525112722000055e-04
3.487218313483999763e-04
3.583579973429999732e-04
4.188919196379999868e-04
3.982752541728000126e-04
3.921278932118000236e-04
5.056503641043000536e-04
3.761443854433000212e-04
4.013449792325999937e-04
1.927932483928599923e-03
4.242527924922999904e-04
4.436785875777999764e-04
3.905412816495000008e-04
4.259448385634999833e-04
4.265027008094999942e-04
2.255588030121300196e-03
3.295670924042000253e-04
3.790611892713000031e-04
1.841110828249599950e-03
4.441882153536000073e-04
4.253841590657000157e-04
3.640804746155999923e-04
3.629438025787999796e-04
4.007506924902000129e-04
1.674813126457499893e-03
3.727810583765000119e-04
3.771726541242000096e-04
4.125941163235000001e-04
4.263163777203999769e-04
4.682762970397999838e-04
4.013362268912000225e-04
4.539166860527000104e-04
1.881853770591299926e-03
3.903658318830999967e-04
3.700335048605000034e-04
1.970977425342699922e-03
3.872560689508999961e-04
1.667692745410999985e-03
4.191165686744000268e-04
4.255410461033999983e-04
4.696034876934000106e-04
3.646495156635000032e-04
1.817205815989899904e-03
1.709950793977199970e-03
1.619204492957299936e-03
4.146700125102999917e-04
1.956952923890299852e-03
4.136069413226999740e-04
4.809191958123999939e-04
4.133624346738000097e-04
4.332769128770999926e-04
1.928336496440800039e-03
4.280828116716999974e-04
4.709694905738000172e-04
2.208742728443300121e-03
1.839223385146699979e-03
4.089732029630000062e-04
2.032263788847200100e-03
4.092441326224000009e-04
1.963339573650500075e-03
4.438722202312999883e-04
4.703133734157999984e-04
4.609732106093999754e-04
4.167984802980999738e-04
3.788362183084999831e-04
1.470707261717199912e-03
4.413013379905000172e-04
4.030595679608999816e-04
4.234071824714999801e-04
3.879695117764000111e-04
3.365420317422000186e-04
4.787873668712000269e-04
5.059153323831999671e-04
1.940840186937899938e-03
3.346684693689999809e-04
3.861920305165000172e-04
1.796347242835900047e-03
3.844286898067000142e-04
3.570326597824000124e-04
3.568286402938999923e-04
3.926420380417000111e-04
4.033556954167000176e-04
4.061467881295000005e-04
4.249677817746999879e-04
4.285102744726999955e-04
3.317689653228000197e-04
3.322037263526999825e-04
1.985073058643399991e-03
4.369937758055999870e-04
4.406764813514999803e-04
3.990221087494999811e-04
4.698064518351000095e-04
4.779032394769000157e-04
4.447969876354000186e-04
4.720248757798000045e-04
1.667375143709299906e-03
3.612659758785000163e-04
3.910347792501000044e-04
4.542559848008999876e-04
3.600471002931000006e-04
1.961969749752000107e-03
3.604064707518999907e-04
2.100907152296699939e-03
4.628507015787999943e-04
2.111703951297600086e-03
3.709520674951000260e-04
4.472503765703999732e-04
1.962354445985799861e-03
1.932080596708699895e-03
3.904863664713999942e-04
4.665638922023999848e-04
4.264666072810999924e-04
2.054306945662400050e-03
4.167213910542999955e-04
4.032604362771999794e-04
4.148013933259000227e-04
3.995412040744999766e-04
3.903532145251000169e-04
3.817380023533999828e-04
2.183646735166900037e-03
3.768069457406000205e-04
3.705213141336000039e-04
1.732376197748499965e-03
2.101444658488299966e-03
1.961528413108799915e-03
2.081983305785399963e-03
4.676719171746000097e-04
