1.593532903431100047e-03
1.495352876408399985e-03
5.214762421315800346e-03
5.714676809540899724e-03
5.601930511680000210e-03
1.389836283492500071e-03
1.464430778597100059e-03
1.714328527088500006e-03
1.525909275484699928e-03
1.524467827482100038e-03
1.411505972037200045e-03
5.833591100652100320e-03
1.551782299424599946e-03
1.508308968142299923e-03
1.815151818545999952e-03
1.369120232879999935e-03
1.432515046067499949e-03
1.552669211010500100e-03
1.620986379561200003e-03
1.466325650955700027e-03
1.699644220349299942e-03
1.663790383119700088e-03
1.423571990005899953e-03
5.673971280536400409e-03
1.466263447763500091e-03
1.483698067019299923e-03
1.703507793800899950e-03
1.319974146401999915e-03
1.560304713194900043e-03
5.353069133072800405e-03
1.506274158773800035e-03
1.365789792906000038e-03
1.556309141886099952e-03
1.493066807958100088e-03
1.428259260675900002e-03
1.444811614737200002e-03
1.485197472055999925e-03
5.155732317009599670e-03
6.219077426395399830e-03
1.638540231170799912e-03
5.862414401701599755e-03
1.576242813849800103e-03
1.474545536934699893e-03
5.029179424725600117e-03
1.734841516231599989e-03
1.562140380707299943e-03
1.684888651857000073e-03
1.428629233003199904e-03
1.463327037273300059e-03
1.456987079669900100e-03
1.536523296035399895e-03
1.469823470417099898e-03
1.583484994589900042e-03
1.627701038170199918e-03
5.673796236622500287e-03
1.509519180358300091e-03
5.845748975119699833e-03
1.498478773361300049e-03
5.385904357993899667e-03
1.379466848785900054e-03
1.463838707222500039e-03
1.615890079579700069e-03
1.642716926388499993e-03
1.480678403919299946e-03
1.552159381717899914e-03
1.475588181146199936e-03
5.603751415691199909e-03
1.383907876418099961e-03
1.481989939596599923e-03
1.495206537318400069e-03
1.585155881248399975e-03
1.523424074142700011e-03
1.800161646174599931e-03
5.744853780113400379e-03
1.603993702479999907e-03
5.759228322750700214e-03
1.528864389636200045e-03
5.991762960957399894e-03
1.382242486214200084e-03
1.746167723944800016e-03
1.590059736030699934e-03
1.612729382841299923e-03
1.530081698531599943e-03
1.426272933221099919e-03
5.870659252174099604e-03
1.492692964848900102e-03
1.531230658178300017e-03
5.756767375337199996e-03
1.498146863997700104e-03
5.856816220783599668e-03
1.425163801779200014e-03
1.481277463579600082e-03
1.460254371770799931e-03
5.960733470001799809e-03
1.523307980947100028e-03
1.555688119355000008e-03
1.305942345399000023e-03
1.514275600236600046e-03
1.573084009684599894e-03
1.584334371263700081e-03
1.394454375670499966e-03
1.415160628749399926e-03
5.845748975119699833e-03
1.518724713834399952e-03
1.414387036155500058e-03
1.543814689734200000e-03
6.568870579820899717e-03
1.389627706220799988e-03
5.529837464012600165e-03
1.506577664320299988e-03
1.457381554207099915e-03
6.327410478628700367e-03
1.554809705563100011e-03
1.483022527858600002e-03
5.882155300552699938e-03
1.609770373924400075e-03
1.484993426476800046e-03
1.579710071005899956e-03
1.461032874412199895e-03
1.457178255153400090e-03
1.642986562252000092e-03
1.614077720072000077e-03
1.522458157979200005e-03
1.482283664838299903e-03
1.472883881801699936e-03
1.527754068228499981e-03
5.250747374412999789e-03
1.526452720211400041e-03
1.474477881058000074e-03
1.721021614874700080e-03
1.523048205030499893e-03
1.650808701014699984e-03
1.550489308769499933e-03
1.480391212842299947e-03
1.647421914437499938e-03
1.410541047022300081e-03
1.550557474699700055e-03
1.479171137695599976e-03
1.524632160924500011e-03
1.352683452012199946e-03
1.457150023638800057e-03
1.510595235192199910e-03
1.499680542147299907e-03
5.684990346201300275e-03
1.530228624560600083e-03
5.500252516632099693e-03
1.521720986983200090e-03
1.525250905963399916e-03
1.536620971886499924e-03
1.554699038350599921e-03
5.915789959143299796e-03
6.342791399532900221e-03
1.489034315604099903e-03
6.038231803651299828e-03
1.671857673576400069e-03
5.729887392511999814e-03
1.405318406820500049e-03
1.495420119675999922e-03
1.331555555427999925e-03
1.386968729103100085e-03
1.436790128469700011e-03
1.405065616014999907e-03
1.424296049257699941e-03
5.378006418910399704e-03
1.719183705164600102e-03
1.571587862597199989e-03
1.480204110419500087e-03
1.417583207141599917e-03
5.721829449447200268e-03
6.288608215644199764e-03
5.541552232354100306e-03
1.473163340505899942e-03
1.494499950853300004e-03
5.505972243368699795e-03
5.888946661302600291e-03
1.547799338292300082e-03
1.543535371905600025e-03
1.419207261943499897e-03
1.417077508214299947e-03
1.322569847306800028e-03
1.536323783410999946e-03
1.477410440234700004e-03
1.577187345871100066e-03
1.509901442223200024e-03
1.529205193734100004e-03
1.540503258305999995e-03
1.447607407153499995e-03
1.401631062692500033e-03
1.523667633337999917e-03
1.435408178335300083e-03
1.570865500328400086e-03
1.422344689027899923e-03
5.758885478181399904e-03
5.248698878176599573e-03
1.579354695964199943e-03
1.461447793732999949e-03
1.569288203680099976e-03
1.591626285641899955e-03
1.537848306575600055e-03
1.397990564041000101e-03
1.466190748183499992e-03
1.564011157532900053e-03
1.498697913086500079e-03
1.520598275276499904e-03
1.539303477958700074e-03
5.910580558594599743e-03
1.648510036811200088e-03
1.451033476959999935e-03
1.434339605286600108e-03
1.433783544251799984e-03
1.615804591338699994e-03
1.569100649058300084e-03
1.424066640308299962e-03
1.543594875377500000e-03
5.820583490695000091e-03
1.403348831030799956e-03
5.193078125795900016e-03
5.760475177564799813e-03
5.748899364790199806e-03
1.496942369811900091e-03
1.482651112714699964e-03
1.584827825242300084e-03
1.587392959648900028e-03
1.642786441944299979e-03
1.517303752080899956e-03
1.609579296422499915e-03
1.520822626715600005e-03
6.339692046877200109e-03
1.378495553433800071e-03
5.739916888220299683e-03
1.538508403541200085e-03
1.519781819810600045e-03
1.405576779991100098e-03
5.948305039101599648e-03
1.465473114257000034e-03
1.552844147208799893e-03
1.786572776553799939e-03
1.482037799954199955e-03
5.485960429204199754e-03
1.575687357645700042e-03
5.831971429213099987e-03
1.701329125289199927e-03
1.447013858311300104e-03
4.881498170321000099e-03
1.465178645359200031e-03
1.559948955469300054e-03
1.513285774928000088e-03
1.422110017088900041e-03
1.498253649097700023e-03
1.533341789142300031e-03
1.401173748722399966e-03
1.426811243800900093e-03
5.590942935160100186e-03
1.727132086613900009e-03
1.594546331996799914e-03
1.586989553148600079e-03
1.490943015916100034e-03
1.479993911982499912e-03
1.477702642958099964e-03
1.388186563923200041e-03
5.729887392511999814e-03
1.536124088391299962e-03
1.479719440465199903e-03
5.248698878176599573e-03
1.455500016219600078e-03
6.316291228682299579e-03
1.451855336565599985e-03
5.443693051897000035e-03
1.537867890944600050e-03
1.629426144289400098e-03
4.766293194580399975e-03
5.846122443522399834e-03
1.358699599559300098e-03
1.570555080267699993e-03
1.542191395693100079e-03
1.525651960299499905e-03
1.386304084463399911e-03
5.744853780113400379e-03
1.515923370378099901e-03
6.314092630686400122e-03
1.537957211662200089e-03
5.288753778640300010e-03
1.478161868060800079e-03
5.150109490372500355e-03
6.136571882151600418e-03
1.395599566372399906e-03
1.266924144524300081e-03
6.212556448846500053e-03
1.473013052100899997e-03
1.429405250739099967e-03
1.573648178677600033e-03
5.197379976025399625e-03
5.940037672248699857e-03
1.567577083125999910e-03
1.549940242061500053e-03
1.671668705433500095e-03
1.347812999839000103e-03
6.243107431614199586e-03
1.601998661044000015e-03
1.478472349277899995e-03
1.598446488052099931e-03
1.432837114417100099e-03
1.583577727870699985e-03
1.605170331925299910e-03
1.583612102704800044e-03
1.358582693863300038e-03
1.616631963042799904e-03
6.020630149142699832e-03
5.101304518004600233e-03
1.579653942948300045e-03
1.519966106528499979e-03
1.571296895050399919e-03
1.539904867655399927e-03
5.471052765629699950e-03
1.666688789956399927e-03
1.437462759899100053e-03
1.515640112385800058e-03
1.409014581308000100e-03
1.513549231572499992e-03
1.365989922129700034e-03
6.126541749280199622e-03
1.398639370729699892e-03
1.432673046448699897e-03
1.544946510537699956e-03
5.842836156856399954e-03
1.461666721110199902e-03
5.197432952030700028e-03
1.431140560587500048e-03
1.355430714431699914e-03
1.542953218767899965e-03
5.870659252174099604e-03
1.395266280623800063e-03
1.503220877959300086e-03
6.324429683331500227e-03
1.591353831011899913e-03
1.622650581485100092e-03
6.821005312884900057e-03
1.394020482138000035e-03
1.633011381897899990e-03
1.354896648306599992e-03
1.414116517187899913e-03
1.461934702191600025e-03
1.613178872604499993e-03
1.455388550077699921e-03
1.525173377864699926e-03
1.561351793371000074e-03
5.986585628130000267e-03
1.390885012800900005e-03
6.113671139222800165e-03
1.448057600646099905e-03
1.423283984241700091e-03
1.414273502348900070e-03
1.712404656764299898e-03
1.489547372932299978e-03
1.537076587058200080e-03
1.590573890452400040e-03
1.454212691910000081e-03
6.009534033754699960e-03
1.518355481771800066e-03
1.621702019317000079e-03
1.358339726563499977e-03
1.335425123247800097e-03
1.800310866879500102e-03
1.510317083098500039e-03
1.581835944649000051e-03
1.357465807107599912e-03
1.624431502191800046e-03
1.575554657701500093e-03
1.528042681383500042e-03
1.505233445221200103e-03
6.236354965361999916e-03
1.458677527983400076e-03
1.502440024079999999e-03
1.498908184271700080e-03
1.567355104451199953e-03
1.489259461741599972e-03
1.611929470740800082e-03
5.612588511232700222e-03
1.423019968405600045e-03
1.429442272617000107e-03
1.402738964063800090e-03
1.614443145414199907e-03
5.441935284908000145e-03
1.735511286992699916e-03
1.550543258325799917e-03
5.250747374412999789e-03
1.643033566002300057e-03
6.641604159318999570e-03
1.455865880083800088e-03
1.379249510868300064e-03
1.521191764405700059e-03
1.425236091212799981e-03
5.541552232354100306e-03
1.542512794612499938e-03
1.445416186213600027e-03
1.678289694290300074e-03
1.583332085744899908e-03
5.488443181774499934e-03
1.590564485550199914e-03
1.337192291970300002e-03
1.548665812574700085e-03
1.580200142476000102e-03
1.453725914803699918e-03
1.492482763626599941e-03
1.451567126979699937e-03
1.496605061295200063e-03
1.544661370923700082e-03
4.905863958114299594e-03
1.411764830396899928e-03
1.598394822129899908e-03
1.614712114407000068e-03
1.497489118984899909e-03
5.788630161603299656e-03
1.418207265953099925e-03
1.398028297249399952e-03
5.625519934582199656e-03
1.498595764601199981e-03
1.533083821763899955e-03
1.546129052112299972e-03
1.439855173644399942e-03
1.494485314396200087e-03
1.796219151171200065e-03
6.359374850445700077e-03
1.448877418241800025e-03
1.492830433547100025e-03
5.991762960957399894e-03
1.788026676043200005e-03
6.215653569531899743e-03
1.520696058128899898e-03
1.539125125286199946e-03
1.499142510500899982e-03
1.563389442977000015e-03
6.106830452085899689e-03
1.502314084632600010e-03
1.585759802639999990e-03
5.975740938953800346e-03
6.058102000847400380e-03
1.411718010342599998e-03
1.405842342386899894e-03
5.698273459306800286e-03
1.527986964488699901e-03
1.683542066450200055e-03
1.532069963294800099e-03
5.083796642201800220e-03
1.670092588387800045e-03
1.401232082647000006e-03
1.571703559477999985e-03
1.495903858648900062e-03
1.462253026393499963e-03
1.570112480626800104e-03
1.457081226915700033e-03
1.493968224952400056e-03
1.429678543574400100e-03
1.593785642538300034e-03
1.377851516052900098e-03
1.519544813823900040e-03
1.486293033803699933e-03
1.603438535439300101e-03
6.044796365970900136e-03
1.800694127393399901e-03
1.579058723206099978e-03
1.483619534843500041e-03
1.576466471348099982e-03
5.714676809540899724e-03
1.459488920042300046e-03
1.578924687421999961e-03
6.058653335364700201e-03
1.547827045759699949e-03
1.683433793416500056e-03
5.140545432500700021e-03
1.504731385248300095e-03
1.440006611230699920e-03
1.438756324333200073e-03
5.793591986637700204e-03
1.494005088747999907e-03
1.440403200693500052e-03
1.495600173814899897e-03
1.537208841288400032e-03
1.489314270982900010e-03
5.640346186882999602e-03
1.281362571638100002e-03
1.340695896249500000e-03
1.547143479919499930e-03
5.629671813686299917e-03
1.548488229119099986e-03
1.600469551114300009e-03
1.454908564125800092e-03
5.689460993015400293e-03
1.457144705711399969e-03
6.054890132456299673e-03
5.716862762831300369e-03
1.481646428824299946e-03
1.392305009726999953e-03
5.930021817412699757e-03
6.136571882151600418e-03
1.617413532742600088e-03
5.313034599554999730e-03
1.576366734703899984e-03
1.391153511562099980e-03
1.514886982275299955e-03
1.526993087698500081e-03
1.486808722128699989e-03
1.401185682455300058e-03
1.496907595444200035e-03
1.391026543449500096e-03
1.523007630207999985e-03
6.320081126515999896e-03
1.457906908251400003e-03
1.609932584259099984e-03
5.503694020816799620e-03
1.618697492279199930e-03
1.424838504684400060e-03
1.507919615281800045e-03
1.478932715275800037e-03
1.523550311153299992e-03
1.429262658570599901e-03
1.581195626408199916e-03
1.474440949320400106e-03
1.475454069209899922e-03
1.568149332477800084e-03
1.654151895508799899e-03
5.799736562925900119e-03
1.497959977177500037e-03
6.265324761501000345e-03
1.482406705657699940e-03
1.390303572037700046e-03
1.416443833979899982e-03
1.528688141244000055e-03
1.445132139941799915e-03
1.770420557545099912e-03
1.725453090866200037e-03
1.530415885743299917e-03
1.411821724039499966e-03
1.663728156858199992e-03
1.409251873018599940e-03
1.425988820550200048e-03
5.612588511232700222e-03
5.683291657809399870e-03
6.232147230728400308e-03
1.658208166733000010e-03
5.406193411060499984e-03
1.560341025395200077e-03
1.431034148990000107e-03
1.571756196665599929e-03
6.641604159318999570e-03
1.564715180140200008e-03
6.034928992236899582e-03
1.479726611528100078e-03
1.557742025044999909e-03
1.406813170866400052e-03
6.847443890283499632e-03
1.596706842985400054e-03
1.691561394248799902e-03
1.402228250544400052e-03
1.457935542493199932e-03
1.404436762855499916e-03
1.469935473042400078e-03
1.450127203963599972e-03
1.616737200301500031e-03
1.368823872817500047e-03
1.495303824172100051e-03
1.583871687709399994e-03
1.551095180780299966e-03
1.478502824139800052e-03
1.399565678553300104e-03
1.715907951140999968e-03
1.618041950331299949e-03
1.452703106178299943e-03
1.442891927624599929e-03
1.475787486052599967e-03
1.526679323632399929e-03
1.585246564280200048e-03
1.490920408654999993e-03
1.496137815269399981e-03
5.574631475192400216e-03
5.119120669222400159e-03
1.363549071851999969e-03
1.473545216261399997e-03
1.582533249026099988e-03
1.447697086412599908e-03
1.469933693551300031e-03
1.533014488874800095e-03
1.572430805613500050e-03
1.670776801971599924e-03
1.426768972290699908e-03
1.586701637531500071e-03
1.574434877260000093e-03
1.561940911954899994e-03
1.518278549396700084e-03
1.516948218695400065e-03
1.355810337988799970e-03
1.530891200618199940e-03
1.602699775222799980e-03
1.714878214461599930e-03
1.693283421536099934e-03
1.402685994029500074e-03
1.631490254184199927e-03
1.501327181492799956e-03
6.101028738626300407e-03
1.402158655211800100e-03
5.853241679459500295e-03
6.328310325270599702e-03
6.305331943851600132e-03
5.737833564355599922e-03
1.460055604063599955e-03
1.541055036174800077e-03
1.541925614360200062e-03
1.480120949662799921e-03
1.523717932488699925e-03
6.038438277595799784e-03
1.572031705344199923e-03
1.643890191723699915e-03
1.583228259149999963e-03
1.401831136730400090e-03
1.447201895500500098e-03
1.481227091676299906e-03
1.719564400145399919e-03
1.568680217990099960e-03
1.531767408281000005e-03
1.627968551975899920e-03
1.500562780764800024e-03
1.375852784857600026e-03
1.493246548621599912e-03
1.557385310093799919e-03
1.414913148198099907e-03
5.882155300552699938e-03
1.430782251239200034e-03
1.605669441293499896e-03
1.489509617000700070e-03
1.613847781490699912e-03
1.346041530364599972e-03
5.500252516632099693e-03
4.994126268240599645e-03
1.600420407336400038e-03
1.358979334777499952e-03
1.360648563650999898e-03
1.451854596001100070e-03
1.424326050010899999e-03
1.507966318263100026e-03
1.348987764019000035e-03
5.179097399713899694e-03
1.428248423090499935e-03
1.504521594889799948e-03
1.666934095393299937e-03
6.292159260500899791e-03
1.595501733204800080e-03
5.052983383161900252e-03
1.533902175951799970e-03
1.469786662448200080e-03
1.517856038937000045e-03
1.533952776421899965e-03
1.459321550782199982e-03
1.465073874357700071e-03
1.600641142694800073e-03
1.331006920959000063e-03
5.578513228788399905e-03
1.614846095646899982e-03
1.639613248754100052e-03
1.464755520042299898e-03
1.482526088208299892e-03
5.505972243368699795e-03
1.509227204656500001e-03
1.375067740240900043e-03
1.516670645448200006e-03
1.648147658192899902e-03
1.428689919979899900e-03
6.258441615351300301e-03
6.022632314967100130e-03
1.713065869267499939e-03
1.406382553866400084e-03
6.183163825940299861e-03
5.005610400172499919e-03
1.569020080175199993e-03
1.526705782510600099e-03
6.548278908893000183e-03
1.581960695920299996e-03
1.478189478051400094e-03
1.520248633855600037e-03
1.492399831134800028e-03
1.475138606270899990e-03
6.686413088612499708e-03
1.419603037211200017e-03
1.522075068407500054e-03
1.451173616454100052e-03
1.522724343371100039e-03
1.665580781215700041e-03
1.569218855891899933e-03
1.564802232879899946e-03
1.397231035783800049e-03
1.467738426094899930e-03
1.445414868451799957e-03
1.671277912779399900e-03
1.493577806833099953e-03
1.513199817119100041e-03
1.684772142865200101e-03
1.527180192136799904e-03
1.468498230418699901e-03
1.560961465014400066e-03
1.411194668948299912e-03
5.578513228788399905e-03
1.541990852975200048e-03
1.633980055915199925e-03
5.179097399713899694e-03
1.617105007421699948e-03
1.515693186603899898e-03
1.614984499344799965e-03
1.489274240096699967e-03
1.326902992622899921e-03
1.645327355549900099e-03
5.698273459306800286e-03
1.455861386580200060e-03
5.629671813686299917e-03
1.474418422504000011e-03
1.524053463106500019e-03
1.502302345174399978e-03
1.695953450510600006e-03
1.463944529318199957e-03
1.506577826501000065e-03
1.347773589079400086e-03
1.554732369710399957e-03
1.430869394606099944e-03
1.402130905566800062e-03
5.563890171292299944e-03
1.486606785044699945e-03
1.499097295986799973e-03
5.721829449447200268e-03
6.346084622234100282e-03
1.493193314633700034e-03
5.095829100127199571e-03
1.410185875973999931e-03
5.796980737578599947e-03
5.306117688406699652e-03
6.479291308263300173e-03
1.513807409339899910e-03
5.565381402658199639e-03
5.118021420029500272e-03
1.593240895715399962e-03
1.446250779332799953e-03
1.524597629910599958e-03
1.401263109787000052e-03
1.421879465080999995e-03
5.931487512056499677e-03
1.496774808718499914e-03
1.606256256149200074e-03
1.369149944192799961e-03
1.581429846601899994e-03
5.612874590453499797e-03
1.551538538414999960e-03
1.446931248749499990e-03
5.948305039101599648e-03
1.734776332248000102e-03
5.288169531719099856e-03
1.678185354106200098e-03
6.521996224482400073e-03
1.571291297472400062e-03
5.852448192044300279e-03
1.594727179342299902e-03
1.504440121593899997e-03
1.494109415851700056e-03
5.378006418910399704e-03
1.428949977879600099e-03
6.019076705821899999e-03
5.626676555013599909e-03
1.431812336357499984e-03
1.508609461067399920e-03
5.426558624191099578e-03
1.582939284297699969e-03
1.408555293258700013e-03
5.805943706195799796e-03
5.579560839302799904e-03
1.530165509497999994e-03
6.017294945900799816e-03
5.640139054869299819e-03
1.408248697423400029e-03
1.468841894659200049e-03
1.420371207887500100e-03
1.612668535097499991e-03
1.527112233902599937e-03
1.480867770131600062e-03
1.512567188168800021e-03
1.401771877592599943e-03
1.503233516821399999e-03
1.495390749720999996e-03
1.451191620780900105e-03
5.752323360560700378e-03
1.550927359346200053e-03
1.466520130741600075e-03
1.421009211087100044e-03
1.402168105710000076e-03
6.237891025174100400e-03
1.527428640844900095e-03
1.558938116651099968e-03
1.436614206010099941e-03
5.144742495500199790e-03
1.697316704211099953e-03
1.537605588749999972e-03
1.361827140612600039e-03
1.424150408288499909e-03
1.414921139287600091e-03
1.606652602177300075e-03
1.457700354661200072e-03
1.513420893325600038e-03
1.458580063531500059e-03
1.349567634220699914e-03
5.299613193733499622e-03
5.882622674925600328e-03
5.640346186882999602e-03
1.437364058616800002e-03
1.467782448359199968e-03
1.466919665316200041e-03
1.461642198863299935e-03
1.515436588838500092e-03
1.378687657078700012e-03
1.577752576456899983e-03
5.960036273164000253e-03
1.772402712417499955e-03
1.716042745296200061e-03
1.447767077914899987e-03
1.486176065802900098e-03
1.463785777240199934e-03
5.095829100127199571e-03
1.402378274987999950e-03
5.197432952030700028e-03
1.548591289793300020e-03
5.406193411060499984e-03
1.489360107805199999e-03
1.411324532475700076e-03
5.563890171292299944e-03
1.482015182935900090e-03
6.054890132456299673e-03
1.570668847344799902e-03
1.416776219609899943e-03
1.542772250826999992e-03
1.464581088797000091e-03
1.522850479527699955e-03
1.620910041048199924e-03
5.300700795602599630e-03
1.408516065156799942e-03
1.399794602325900089e-03
1.503738339218499984e-03
1.388924384479900105e-03
5.704187398797900405e-03
1.539626467393899944e-03
6.009592400198200332e-03
1.404998291606300055e-03
1.522124989962899983e-03
1.360304031423300057e-03
1.543678614369000052e-03
1.476054623486200033e-03
1.514697883249400013e-03
1.403496058137699903e-03
6.053511064081099936e-03
5.833591100652100320e-03
1.524103067663099909e-03
1.469691118240600003e-03
1.715093477523499908e-03
5.264139149722100314e-03
5.005610400172499919e-03
1.811351291825600033e-03
5.299613193733499622e-03
1.577264986011300048e-03
1.406025537116999949e-03
1.686945184646700081e-03
1.522721363096799906e-03
1.436806686438700043e-03
1.672642310824699972e-03
1.297461109248599937e-03
6.390300085001200323e-03
1.505601063885500046e-03
1.493152396520099935e-03
5.628808393994800228e-03
1.475360101444900002e-03
1.671083762812999906e-03
1.461595576131200034e-03
1.468216850259599976e-03
4.881498170321000099e-03
1.536182700732899959e-03
1.476532562070699897e-03
5.952809602138900251e-03
1.515000688459400020e-03
1.491342467503599953e-03
1.656685030209500021e-03
5.427171463428200060e-03
1.625738324239799993e-03
1.531357889295699914e-03
5.603751415691199909e-03
1.524988031638299961e-03
1.656913927956800035e-03
5.101304518004600233e-03
1.513552489166199990e-03
5.218070229025299593e-03
1.480749864704900085e-03
1.604525123201500092e-03
1.512947577092199928e-03
1.480144770803399918e-03
1.477055819255300006e-03
1.438891284619700072e-03
1.567020386349000016e-03
1.535838114313599909e-03
6.017294945900799816e-03
1.451902698425999901e-03
1.514870964167999972e-03
1.774719372864500032e-03
1.543534623118400029e-03
5.119120669222400159e-03
1.490543722560999955e-03
1.563671731487399933e-03
1.505233445221200103e-03
5.474806322400999591e-03
1.377717562362599938e-03
1.531719895145400041e-03
1.554982878112499923e-03
1.669134722086000003e-03
1.396779064253900063e-03
1.506020835261499997e-03
1.687554689364399946e-03
1.538447095352299919e-03
1.527833663937800063e-03
1.406387467207700090e-03
6.033131088255300374e-03
6.298903069184899790e-03
1.633177306353199949e-03
1.549490351805099964e-03
1.329971601744299892e-03
1.607059488814000002e-03
5.977807146400100288e-03
5.416060266068199909e-03
1.519923198958100059e-03
5.801491182389599717e-03
5.585002033342100283e-03
1.535965819828500039e-03
1.507672124355100051e-03
1.486336226742300060e-03
1.465237380100099926e-03
1.567819898459900038e-03
5.721821623876800246e-03
6.021632792918199702e-03
4.766293194580399975e-03
1.541875589165299940e-03
1.386963343317599998e-03
5.544318981135300077e-03
1.535255571438800051e-03
1.592175284554399935e-03
5.261297076948399758e-03
1.749851171239400014e-03
1.478212431934600082e-03
1.433477895491099951e-03
1.631620702818600051e-03
5.590942935160100186e-03
1.538801403715799954e-03
1.386344014967900041e-03
6.108433947308199684e-03
1.441682051106599975e-03
1.537282778888400016e-03
4.905863958114299594e-03
1.523369501007299995e-03
1.395398059121400001e-03
5.288169531719099856e-03
1.775198521781299991e-03
5.486665763690000072e-03
6.113204406530400176e-03
5.306117688406699652e-03
1.552977983978999933e-03
1.443610416629999933e-03
1.448799071451400099e-03
1.470272270409900099e-03
1.550826545099800091e-03
1.564134205114000014e-03
1.528936587575500028e-03
1.508091130861099983e-03
1.385772027045800020e-03
1.508998959317000080e-03
1.533512050583200068e-03
1.394501719027999931e-03
5.870214470261200107e-03
1.599424181839300026e-03
1.392983695625600073e-03
1.722288829409899906e-03
1.595102706412199938e-03
1.514579374309100047e-03
6.009621800839600077e-03
1.390891144574300017e-03
1.578513801475500038e-03
1.490513053094500101e-03
1.584456471963899965e-03
1.588862383261000107e-03
1.504518162207299937e-03
1.523496744586300003e-03
1.485691228777999938e-03
1.486534156568599958e-03
1.417670277668800060e-03
4.994126268240599645e-03
1.541836352595500094e-03
1.438969016260499903e-03
1.369852043116399952e-03
1.476116682710399905e-03
5.549936263826300321e-03
1.402139284261299992e-03
1.519191537028000008e-03
1.595150167364700047e-03
1.617843998635399953e-03
6.014409592258500130e-03
1.350877490349099977e-03
7.027463019526900348e-03
1.813835560428400055e-03
1.625313595566800062e-03
1.366517961796299974e-03
1.372233633092000095e-03
5.873085511859999809e-03
1.511087197119800017e-03
1.307728430937600030e-03
1.343742463042399979e-03
1.539423710629800063e-03
1.565415202143599941e-03
1.588514677959599990e-03
1.605902160431100026e-03
1.483104016175699948e-03
1.597479871551800087e-03
1.484971780077500069e-03
1.447037748196900028e-03
1.525198757728999949e-03
1.458534351355100008e-03
5.782406747230599796e-03
6.181279522844800034e-03
1.623205145071600092e-03
1.725401421992999893e-03
5.443693051897000035e-03
5.676818190800600288e-03
1.405623128025999900e-03
5.820583490695000091e-03
5.426558624191099578e-03
1.367835844252499912e-03
1.657535476075499897e-03
1.691617803764200022e-03
5.503694020816799620e-03
1.476744081960100052e-03
1.487714938517099980e-03
1.422259128686499978e-03
1.533081692491400101e-03
1.661625372663599973e-03
1.746317809062699917e-03
1.526290346247899951e-03
1.380954292579800007e-03
1.641119203175200100e-03
5.731124751464600382e-03
1.501375166537299898e-03
1.538101417745299992e-03
1.509709787746100042e-03
5.737833564355599922e-03
5.973929800509400305e-03
1.511549835099500021e-03
5.790339577041700263e-03
1.541464593013199946e-03
5.677898516183500256e-03
1.470878679786200103e-03
1.420948266543599911e-03
6.514437801266799964e-03
1.567436553860100104e-03
6.206720590342699843e-03
1.502482658628100055e-03
1.403087228265599909e-03
5.685017737651800428e-03
1.580184304970000094e-03
1.550168527685500102e-03
1.597654684006299952e-03
1.591092831805199920e-03
1.623611685659399981e-03
1.558155673991699994e-03
1.482782415681699979e-03
1.425531743083700105e-03
1.398674736040100104e-03
1.393018867332299938e-03
1.453143922842800063e-03
1.460952432293200105e-03
1.503106067693400077e-03
1.495629195120899962e-03
1.417255887864100027e-03
1.582426925793199973e-03
1.484146800421100049e-03
1.548128369989999970e-03
1.379449624847599917e-03
1.460704767158199982e-03
1.812518354556699914e-03
1.367168665525700074e-03
1.392670373249400070e-03
1.463317492193399972e-03
5.052983383161900252e-03
1.494284574711300054e-03
1.531680574489999950e-03
5.868784806773600336e-03
5.923969833001200419e-03
1.454274552553000074e-03
1.393971736690099907e-03
1.607393949839300024e-03
1.570369764522600020e-03
1.428803319382699949e-03
1.413721399693300103e-03
1.668592243493799985e-03
1.427889225713500085e-03
6.053511064081099936e-03
1.498347232307300049e-03
5.846312062858899719e-03
6.155627257775899905e-03
1.458387390000199894e-03
1.553504664630099910e-03
1.476035971704599921e-03
1.631381435375000048e-03
5.548519376523499899e-03
1.392467679200499976e-03
1.494919634368399976e-03
5.856816220783599668e-03
1.641477180901699997e-03
1.549873749003400107e-03
1.426691084932900019e-03
1.674374657626999906e-03
1.578212407276999947e-03
5.944245266416000283e-03
1.575027737344099951e-03
5.754853981623200138e-03
1.385282598334000017e-03
1.382657544395899914e-03
1.456778344659899948e-03
1.425098835478699972e-03
1.342557670482200007e-03
5.961792581921500182e-03
1.466680295384800107e-03
1.573483957034700056e-03
5.387905654446499722e-03
1.494879810045199927e-03
1.391346352947800012e-03
1.727865071264900101e-03
1.646115221484199982e-03
1.576319677022499982e-03
1.677160244222299958e-03
1.496459270197600085e-03
5.535015234245900355e-03
1.680941695708700100e-03
5.477598492336300390e-03
1.559971276527599921e-03
1.426866506681799974e-03
6.003811262490399599e-03
5.805943706195799796e-03
1.520779732546600083e-03
1.456702074467700059e-03
1.743006307571900093e-03
1.403822289680100102e-03
1.485354899111300097e-03
1.458560658574500077e-03
1.344334595333499926e-03
1.478958869380700078e-03
1.451632285594799988e-03
1.485096265187699910e-03
1.586285971335999910e-03
1.445810244821100089e-03
5.485960429204199754e-03
1.700594825794200099e-03
1.487573141842799939e-03
1.520985841836299977e-03
1.633544750380300009e-03
1.505554190539799960e-03
5.664834319249199661e-03
1.378564993919900034e-03
1.439931858064600039e-03
5.318191092483800023e-03
1.545481052164200068e-03
1.535217366428800025e-03
1.519594042995599898e-03
1.469133377875099988e-03
1.582604427444800083e-03
5.624060211367500062e-03
1.441143763330999953e-03
1.562083594781900082e-03
1.311198336871000026e-03
1.522890547115000057e-03
1.684382975424599926e-03
1.470198418912300065e-03
1.457344646996700096e-03
5.626676555013599909e-03
1.564967253804800101e-03
1.557334208645300101e-03
5.471052765629699950e-03
1.477092818507199897e-03
5.628808393994800228e-03
1.426808515730299941e-03
1.402006875509799987e-03
1.449075487753700032e-03
1.339129400185899927e-03
5.640139054869299819e-03
6.039661409440499722e-03
5.137002850842099788e-03
1.739795697801899957e-03
5.539415634002099742e-03
1.413111672355900003e-03
1.567623618346600028e-03
1.587359064659800076e-03
1.506000127342400040e-03
6.222377341557900308e-03
1.559077676632299961e-03
1.520650082067899912e-03
6.359374850445700077e-03
6.288608215644199764e-03
1.604735919799300022e-03
5.803595812627400201e-03
1.450660142095300037e-03
5.474806322400999591e-03
1.673526569256299917e-03
1.490915162696399964e-03
1.598872987936099995e-03
1.525940304530999962e-03
1.400479078937799920e-03
5.756767375337199996e-03
1.539998965915400069e-03
1.542889293799499899e-03
1.462942083641099967e-03
1.457101049446900059e-03
1.474067519555899951e-03
1.471856141829899940e-03
1.488910051135799995e-03
5.405061648066099983e-03
1.376353274384599975e-03
1.449546898379199932e-03
6.074566980681099689e-03
1.498925714762699892e-03
1.502139358236999952e-03
1.364041884109199994e-03
1.605145813018500059e-03
1.541924543412599930e-03
1.411886127010200101e-03
1.455771520255399977e-03
1.505774461681099905e-03
1.370804927560300042e-03
1.354030826517199941e-03
6.369278438003900429e-03
1.485295094461300085e-03
1.679981506907799902e-03
1.553574500128799976e-03
1.525807857047200037e-03
1.515659488063499918e-03
1.449910488375400017e-03
1.720456459071200090e-03
5.270375300577600022e-03
1.572231808291199920e-03
1.427007158575400092e-03
1.735235721885899918e-03
1.484426595531699970e-03
5.840254990065200415e-03
1.594513348608599980e-03
6.183163825940299861e-03
1.586765198855999990e-03
6.052733106511500386e-03
1.497561561709499995e-03
1.446179080035799947e-03
5.364679905794899825e-03
6.418667143114300221e-03
1.515920722043000071e-03
1.594283112797799905e-03
1.359042186480699998e-03
5.697241948403699782e-03
1.520975195580600041e-03
1.381411053356499915e-03
1.577822299967500050e-03
1.526610344211199984e-03
1.381813416429099935e-03
1.399303642979499900e-03
6.052745299295400096e-03
1.520090818146499967e-03
1.452405025796199957e-03
5.513198570745499877e-03
5.549401665784900115e-03
5.931487512056499677e-03
6.372179186727999767e-03
1.542925969423499920e-03
