6.556518112710193504e-03
6.630075116952392246e-03
6.680528941640406088e-03
6.550156107639319020e-03
6.491512679853521199e-03
6.596693572755420176e-03
6.610467228238070883e-03
6.640471737671687844e-03
6.548891715626912156e-03
6.514618943178079706e-03
6.501520204148401524e-03
6.499416036646576446e-03
6.443829959835489611e-03
6.642920104514517775e-03
6.485447435624669237e-03
6.720533259914788365e-03
6.485447435624669237e-03
6.635622165143497710e-03
6.485447435624669237e-03
6.499416036646576446e-03
6.610184937456852448e-03
6.636283979415156381e-03
6.484175536793074408e-03
6.633714059544718739e-03
6.485447435624669237e-03
6.649839620146771879e-03
6.485447435624669237e-03
6.499416036646576446e-03
6.643725515129162915e-03
6.578288542997542607e-03
6.535435565715035609e-03
6.550731130489295326e-03
6.488548048689967221e-03
6.636859002265133554e-03
6.643939705620926887e-03
6.635281770245881651e-03
6.703466021902484973e-03
6.642920104514517775e-03
6.636283979415156381e-03
6.642645984486031732e-03
6.398047665017237047e-03
6.688585052625554452e-03
6.672390665836572775e-03
6.639083449113573204e-03
6.640471737671687844e-03
6.557782920960328679e-03
6.709798501075611883e-03
6.524339356462233522e-03
6.719016500694557394e-03
6.633165403250018341e-03
6.572397097828383203e-03
6.485447435624669237e-03
6.671130644131882323e-03
6.399319563848831008e-03
6.580904740020190359e-03
6.636859002265133554e-03
6.656852378010158326e-03
6.405384808077683838e-03
6.557782920960328679e-03
6.556518112710193504e-03
6.594401069864568726e-03
6.586262794060734546e-03
6.602457180849717090e-03
6.552803143485653320e-03
6.547586187768880510e-03
6.547037531474180112e-03
6.556518112710193504e-03
6.563711748370933650e-03
6.398047665017237047e-03
6.535435565715035609e-03
6.682588225059056183e-03
6.721997291614906223e-03
6.680528941640406088e-03
6.557782920960328679e-03
6.642645984486031732e-03
6.672390665836572775e-03
6.634405388138950137e-03
6.594401069864568726e-03
6.550156107639319020e-03
6.572397097828383203e-03
6.640471737671687844e-03
6.577464711940626124e-03
6.617338150126647611e-03
6.649944745106229835e-03
6.716884980118057250e-03
6.477823923587774577e-03
6.664416414773379968e-03
6.405384808077683838e-03
6.529957831611326972e-03
6.550156107639319020e-03
6.656852378010158326e-03
6.680528941640406088e-03
6.563816873330392473e-03
6.566383652971294511e-03
6.428491071402241477e-03
6.514618943178079706e-03
6.550156107639319020e-03
6.538736183918932889e-03
6.711374376445472870e-03
6.621563437490872971e-03
6.556792232738679546e-03
6.656852378010158326e-03
6.550731130489295326e-03
6.494776868244352998e-03
6.485447435624669237e-03
6.634405388138950137e-03
6.635622165143497710e-03
6.547566611691033218e-03
6.543947245176554885e-03
6.610467228238070883e-03
6.556518112710193504e-03
6.602457180849717090e-03
6.643939705620926887e-03
6.642920104514517775e-03
6.636283979415156381e-03
6.399319563848831008e-03
6.557782920960328679e-03
6.656852378010158326e-03
6.602457180849717090e-03
6.643910792736166908e-03
6.549494293367659481e-03
6.642645984486031732e-03
6.549494293367659481e-03
6.664416414773379968e-03
6.596693572755420176e-03
6.443829959835489611e-03
6.636859002265133554e-03
6.635281770245881651e-03
6.494776868244352998e-03
6.554343865895850482e-03
6.514618943178079706e-03
6.680528941640406088e-03
6.633694483466870580e-03
6.443829959835489611e-03
6.715064057192745087e-03
6.636859002265133554e-03
6.491512679853521199e-03
6.640953913599299298e-03
6.594401069864568726e-03
6.633694483466870580e-03
6.550156107639319020e-03
6.546685804116915419e-03
6.460557932341077191e-03
6.485447435624669237e-03
6.563951795363611938e-03
6.415392332372564163e-03
6.556792232738679546e-03
6.638931015261490681e-03
6.547037531474180112e-03
6.399319563848831008e-03
6.557782920960328679e-03
6.593291790756264543e-03
6.563816873330392473e-03
6.524339356462233522e-03
6.585002772356044962e-03
6.638931015261490681e-03
6.636859002265133554e-03
6.610380513604003846e-03
6.656852378010158326e-03
6.570724506234320098e-03
6.443829959835489611e-03
6.415392332372564163e-03
6.680528941640406088e-03
6.633714059544718739e-03
6.716884980118057250e-03
6.398047665017237047e-03
6.596693572755420176e-03
6.413288164870738217e-03
6.550156107639319020e-03
6.543947245176554885e-03
6.398047665017237047e-03
6.642920104514517775e-03
6.640471737671687844e-03
6.715064057192745087e-03
6.550156107639319020e-03
6.618309124097970786e-03
6.529957831611326972e-03
6.625246504669635508e-03
6.547566611691033218e-03
6.556518112710193504e-03
6.664416414773379968e-03
6.643939705620926887e-03
6.552955577337734976e-03
6.709798501075611883e-03
6.703466021902484973e-03
6.594401069864568726e-03
6.679419662532102772e-03
6.552803143485653320e-03
6.554826041823461069e-03
6.623670629299774522e-03
6.643910792736166908e-03
6.639083449113573204e-03
6.630757108342219888e-03
6.443829959835489611e-03
6.593291790756264543e-03
6.716884980118057250e-03
6.643725515129162915e-03
6.633165403250018341e-03
6.543947245176554885e-03
6.643725515129162915e-03
6.547586187768880510e-03
6.719016500694557394e-03
6.510565700979581948e-03
6.617338150126647611e-03
6.593291790756264543e-03
6.563951795363611938e-03
6.477823923587774577e-03
6.460557932341077191e-03
6.688585052625554452e-03
6.491512679853521199e-03
6.593291790756264543e-03
6.628936185416906858e-03
6.546685804116915419e-03
6.529957831611326972e-03
6.398047665017237047e-03
6.552803143485653320e-03
6.524339356462233522e-03
6.580904740020190359e-03
6.640471737671687844e-03
6.399319563848831008e-03
6.715064057192745087e-03
6.550156107639319020e-03
6.640953913599299298e-03
6.663592583716464353e-03
6.563951795363611938e-03
6.499416036646576446e-03
6.524339356462233522e-03
6.547566611691033218e-03
6.529957831611326972e-03
6.550156107639319020e-03
6.563951795363611938e-03
6.635019587402750385e-03
6.546685804116915419e-03
6.547586187768880510e-03
6.477823923587774577e-03
6.491512679853521199e-03
6.566383652971294511e-03
6.628936185416906858e-03
6.643910792736166908e-03
6.552955577337734976e-03
6.633714059544718739e-03
6.633714059544718739e-03
6.682588225059056183e-03
6.703466021902484973e-03
6.642645984486031732e-03
6.630757108342219888e-03
6.596693572755420176e-03
6.635622165143497710e-03
6.636283979415156381e-03
6.628936185416906858e-03
6.524339356462233522e-03
6.535435565715035609e-03
6.557782920960328679e-03
6.398047665017237047e-03
6.529957831611326972e-03
6.484175536793074408e-03
6.672390665836572775e-03
