2.332302863521114929e-03
2.318315254941650302e-03
2.479845253848210734e-03
2.486573716764686401e-03
2.446734550306182022e-03
2.468023734216908804e-03
2.400592457483621302e-03
2.476349634801549519e-03
2.319743661857183621e-03
2.622974776633504607e-03
2.319743661857183621e-03
2.423109281993933526e-03
2.188933741577171743e-03
2.201836063806645715e-03
2.359644259998741004e-03
2.412299329712539516e-03
2.462165940393873549e-03
2.203156315425216713e-03
2.318315254941650302e-03
2.412299329712539516e-03
2.359644259998741004e-03
2.359644259998741004e-03
2.400592457483621302e-03
2.501437686006445244e-03
2.462165940393873549e-03
2.233633926024252130e-03
2.385161067395929774e-03
2.372704199445292532e-03
2.456136666564915499e-03
2.476349634801549519e-03
2.319743661857183621e-03
2.498261047077938654e-03
2.292279268638002833e-03
2.359644259998741004e-03
2.446734550306182022e-03
2.361559563369771894e-03
2.319743661857183621e-03
2.619465371084596286e-03
2.292279268638002833e-03
2.388135589532984059e-03
2.277764371557409670e-03
2.417448942461643442e-03
2.292279268638002833e-03
2.361559563369771894e-03
2.426152785801348032e-03
2.618074552188509509e-03
2.211191557214511015e-03
2.372704199445292532e-03
2.460918244713857991e-03
2.333746645029342263e-03
2.228199262935038477e-03
2.243630653022730438e-03
2.251085077670013541e-03
2.319743661857183621e-03
2.396867939624847989e-03
2.372704199445292532e-03
2.304312271769491660e-03
2.462165940393873549e-03
2.492394163333943365e-03
2.456136666564915499e-03
2.433874792724409920e-03
2.483455124304600765e-03
2.426152785801348032e-03
2.224797218239519050e-03
2.359644259998741004e-03
2.400592457483621302e-03
2.361559563369771894e-03
2.319743661857183621e-03
2.513024149974724467e-03
2.460918244713857991e-03
2.239209084921458138e-03
2.607543386545812646e-03
2.217267453894337242e-03
2.263680316954899512e-03
2.400592457483621302e-03
2.228199262935038477e-03
2.333746645029342263e-03
2.206716452425845111e-03
2.292279268638002833e-03
2.493297534120753056e-03
2.304312271769491660e-03
2.508728924208445017e-03
2.304234931097440525e-03
2.492394163333943365e-03
2.192331046611199329e-03
2.201836063806645715e-03
2.372704199445292532e-03
2.218202535936560169e-03
2.319743661857183621e-03
2.433874792724409920e-03
2.417448942461643442e-03
2.400592457483621302e-03
2.650321288380852371e-03
2.239209084921458138e-03
2.563335076021135920e-03
2.347734253608806457e-03
2.224797218239519050e-03
2.498261047077938654e-03
2.239209084921458138e-03
2.649130463322909960e-03
2.433874792724409920e-03
2.412299329712539516e-03
2.433874792724409920e-03
2.333746645029342263e-03
2.209365828151827089e-03
2.361559563369771894e-03
2.372704199445292532e-03
2.209365828151827089e-03
2.396867939624847989e-03
2.228199262935038477e-03
2.452052927457678069e-03
2.359644259998741004e-03
2.385161067395929774e-03
2.432880332549334969e-03
2.456750721178105681e-03
2.432880332549334969e-03
2.538123870581498152e-03
2.456136666564915499e-03
2.407677891906241565e-03
2.319743661857183621e-03
2.304312271769491660e-03
2.400592457483621302e-03
2.304312271769491660e-03
2.507933990982117063e-03
2.508728924208445017e-03
2.449306182812101881e-03
2.251085077670013541e-03
2.650321288380852371e-03
2.319743661857183621e-03
2.385161067395929774e-03
2.359644259998741004e-03
2.492394163333943365e-03
2.456136666564915499e-03
2.254640475009150099e-03
2.388135589532984059e-03
2.452052927457678069e-03
2.385161067395929774e-03
2.468023734216908804e-03
2.346128173282079933e-03
2.417448942461643442e-03
2.493297534120753056e-03
2.467484317545370030e-03
2.347734253608806457e-03
2.440705276477223972e-03
2.388135589532984059e-03
2.385161067395929774e-03
2.407677891906241565e-03
2.290440838230443314e-03
2.319743661857183621e-03
2.400592457483621302e-03
2.388135589532984059e-03
2.333746645029342263e-03
2.558260108366905861e-03
2.292279268638002833e-03
2.347734253608806457e-03
2.464645811311327699e-03
2.304312271769491660e-03
2.347734253608806457e-03
2.263680316954899512e-03
2.218202535936560169e-03
2.333746645029342263e-03
2.507933990982117063e-03
2.251085077670013541e-03
2.385161067395929774e-03
2.372704199445292532e-03
2.375075650086432965e-03
2.243630653022730438e-03
2.276847878550310872e-03
2.426152785801348032e-03
2.359644259998741004e-03
2.634896761172288247e-03
2.396867939624847989e-03
2.412299329712539516e-03
2.290440838230443314e-03
2.388135589532984059e-03
2.508728924208445017e-03
2.218202535936560169e-03
2.218202535936560169e-03
2.507933990982117063e-03
2.482829656990246693e-03
2.517872864513047513e-03
2.432880332549334969e-03
2.423109281993933526e-03
2.426152785801348032e-03
2.375075650086432965e-03
2.319743661857183621e-03
2.359644259998741004e-03
2.276847878550310872e-03
2.423109281993933526e-03
2.412299329712539516e-03
2.361559563369771894e-03
2.318315254941650302e-03
2.400592457483621302e-03
2.426152785801348032e-03
2.396867939624847989e-03
2.279111707042591039e-03
2.319743661857183621e-03
2.385161067395929774e-03
2.625102192162768588e-03
2.266516467757705502e-03
2.237555157145577379e-03
2.572800504158177098e-03
2.319743661857183621e-03
2.347734253608806457e-03
2.625102192162768588e-03
2.521211683136522809e-03
2.279111707042591039e-03
2.292279268638002833e-03
2.290440838230443314e-03
2.304312271769491660e-03
2.372704199445292532e-03
2.346128173282079933e-03
2.290440838230443314e-03
2.305872228318135275e-03
2.254640475009150099e-03
2.217267453894337242e-03
2.372704199445292532e-03
2.332302863521114929e-03
2.523365381069808591e-03
2.217267453894337242e-03
2.243630653022730438e-03
2.440705276477223972e-03
2.400592457483621302e-03
2.544608875314647006e-03
2.204365131664863271e-03
2.319743661857183621e-03
2.319743661857183621e-03
2.359644259998741004e-03
2.372704199445292532e-03
2.209365828151827089e-03
2.346128173282079933e-03
2.359644259998741004e-03
2.412299329712539516e-03
2.347734253608806457e-03
2.290440838230443314e-03
2.432880332549334969e-03
2.452052927457678069e-03
2.361559563369771894e-03
2.332302863521114929e-03
2.318315254941650302e-03
2.507933990982117063e-03
2.305872228318135275e-03
2.305872228318135275e-03
2.407677891906241565e-03
2.649130463322909960e-03
2.359644259998741004e-03
2.396867939624847989e-03
2.304312271769491660e-03
2.400592457483621302e-03
2.472182111265797642e-03
2.359644259998741004e-03
2.359644259998741004e-03
2.276847878550310872e-03
2.426152785801348032e-03
2.385161067395929774e-03
2.201836063806645715e-03
2.359644259998741004e-03
2.452052927457678069e-03
2.279111707042591039e-03
2.319743661857183621e-03
2.400592457483621302e-03
2.590211725390134927e-03
2.347734253608806457e-03
2.292279268638002833e-03
2.361559563369771894e-03
2.266516467757705502e-03
2.359644259998741004e-03
2.417448942461643442e-03
2.385161067395929774e-03
2.346128173282079933e-03
2.388135589532984059e-03
2.504896873967816899e-03
2.201836063806645715e-03
2.400592457483621302e-03
2.195760167126819488e-03
2.361559563369771894e-03
2.266516467757705502e-03
2.568935408605257757e-03
2.468023734216908804e-03
2.558260108366905861e-03
2.251085077670013541e-03
2.333746645029342263e-03
2.468023734216908804e-03
2.218202535936560169e-03
2.279111707042591039e-03
2.318315254941650302e-03
2.319743661857183621e-03
2.388135589532984059e-03
2.319743661857183621e-03
2.563335076021135920e-03
2.206716452425845111e-03
2.375075650086432965e-03
2.279111707042591039e-03
2.388135589532984059e-03
2.333746645029342263e-03
2.417448942461643442e-03
2.433874792724409920e-03
2.375075650086432965e-03
2.372704199445292532e-03
2.456750721178105681e-03
2.254640475009150099e-03
2.400592457483621302e-03
2.507933990982117063e-03
2.266516467757705502e-03
2.195760167126819488e-03
2.233633926024252130e-03
2.260263436790138983e-03
2.305872228318135275e-03
2.423109281993933526e-03
2.359644259998741004e-03
2.209365828151827089e-03
2.462165940393873549e-03
2.290440838230443314e-03
2.266516467757705502e-03
2.276847878550310872e-03
2.412299329712539516e-03
2.260263436790138983e-03
2.375075650086432531e-03
