3.782197694018491485e-01
-3.797327856273690072e-01
-9.279224852615822750e-01
2.304844966107591819e+00
-2.658815361840971558e-01
-6.246125677057539072e-01
-2.471097682367261739e-01
2.150042626531305956e+00
6.043853810284413042e-01
1.748054716127165786e+00
-7.094340490813485500e-01
1.775083937456266803e+00
3.927726795546751526e-02
8.133043714381071876e-02
-3.179668813943867245e-01
-4.992670591045028639e-01
-1.092302562874766680e+00
1.238247522247753196e-01
4.921829372135477221e-01
-1.046345991167793449e-01
-1.139466837230827867e+00
4.928223817501738435e-01
1.064924926177520798e-01
2.488903435730867031e-01
-3.594866063777436782e+00
2.914914524263428897e-01
7.925132119486631710e-02
6.547013745495568193e-02
-5.268464644162001997e-01
-2.609699018428585315e+00
-1.419736408810718942e-01
-3.696163861250714611e+00
2.333457632527677350e-02
2.344530207353225371e-01
-1.350145946164829913e-01
1.511387516773179951e-01
-3.782118580891344339e-01
-6.218785010167191540e-01
9.745892996184091217e-01
-7.978112303787713300e-01
-3.691374527827835372e-01
1.066836383145308265e+00
-6.841566549314067602e-01
2.279670236974973285e+00
-5.521173506584361457e-01
5.507058437137890561e-01
6.565227497854896344e-01
-2.250573179233344712e-01
-2.110198715604707065e+00
4.285590550561503842e-01
6.117282091050233461e-01
5.376352639617465456e-01
-8.932076259488214154e-01
-5.665886645083828554e-01
-3.354020832299148935e+00
-3.518270070075109057e-01
-5.949466965971837717e-02
-3.594866063777436782e+00
6.004105531606404034e-01
1.381914067529948387e+00
-7.853291073583368309e-01
1.392167639702041049e-01
-2.120244272966784749e-01
-5.169917508119020733e-01
3.187847447024768077e-01
4.182260340909935703e-01
6.224908499411981877e-01
9.504803748534020880e-01
-5.191818146941628020e-01
5.927667711081133772e-01
-4.901898952462799969e-02
4.747121272904826661e+00
4.455533542032585892e-01
1.693994968215213059e-01
4.136199470723796456e-01
-4.307850491681304850e-01
9.020335284008160759e-01
1.101554232732918220e-01
3.077970812155787494e-01
-1.182203130274517955e+00
-1.006846904468925719e-01
-7.810075672578857819e-01
-4.217707753321776609e-01
8.866329262294770919e-01
1.608891687129917758e-01
-7.568517091651930095e-02
-1.203826415668573180e+00
2.104810109774635229e-01
2.157567647523494780e-01
-3.217316808343710033e+00
1.783009578848155696e+00
5.870911430060350433e-01
-3.452447394959057836e-01
-8.911085479366644968e-01
2.043631924226904317e+00
-7.247173483266451388e-01
9.861052427071314019e-01
-7.495113735537936028e-01
1.024198124610286698e+00
-5.776530774477834917e-01
7.095432255898131979e-01
2.446603237952997556e-01
-2.171022028431758011e-01
-7.247352158159358071e-01
8.988273347307823569e-01
3.737902444507425481e-01
-3.213893844856959281e-01
1.155116816351219544e+00
5.515624829252089301e-01
1.058353457718510970e+00
-1.198951078508972840e-01
8.862099451906880754e-01
6.051165985807033243e-01
8.453364910871760673e-02
8.042964647839606629e-01
-4.728363454589511461e-01
-1.029391447846758956e+00
-9.100392680248208244e-01
1.364641845680311993e+00
-9.717297189191204110e-01
-1.273085618809630948e-01
6.680065995684441038e-01
-5.103160269340496491e-01
-1.798450409397737815e+00
-1.190240231188344211e+00
5.851685382775595468e-01
-1.488247617271815648e-01
-6.969476690537693697e-01
5.482669994005735514e-01
1.133651021608439002e+00
1.821930618567455806e-01
1.714991511876816088e-01
-9.001454536959242470e-01
8.933631250978523175e-01
-5.668929107436367909e-01
7.624259092239889235e-02
-5.857332521935695313e-01
8.928117841406252309e-01
-1.105775399445872997e+00
1.783009578848155696e+00
1.677078965546594080e+00
-1.671320682336932650e+00
-7.361912004887176675e-01
-1.005030990420841208e+00
-1.835380300989473135e-01
-1.092617838130136576e+00
-2.549013204474403493e-01
-4.069700382687910789e-01
8.400173244926027738e-02
6.861134624051598019e-01
8.807185126090518734e-01
-3.977650041086052135e-01
-1.231475774587462935e+00
-7.086628559270302663e-01
6.030672359026363338e-01
8.472574289028694805e-01
-8.991232564102922264e-01
2.300740509636272080e-01
-3.254926346415706884e-01
-7.994862168575823935e-02
-9.387917155070819586e-01
1.742393018685542971e+00
3.889163452226128137e-01
-7.411806122404021036e-01
1.136916222533784770e+00
-1.565333616970187469e+00
-1.784002664043208841e-01
4.205702175258169695e-01
-6.291663780506836501e-01
-1.606012080048078994e-01
-6.105593368439064861e+00
6.785164787050628199e-01
-1.091564854111582328e+00
6.169728202063966549e-01
-1.729087244104941523e-01
1.107997378880909434e+00
3.556430108524234052e-02
1.853010685518168554e-01
-7.355138834931701508e-01
-1.062179713920548441e+00
-7.462120557149607425e-01
1.568502635003758139e-01
-2.326876446593691417e-01
-1.298460576196158289e+00
-5.740398591226827385e-01
-1.382958195517252145e-02
5.654453340106916498e-02
-3.131897579595737668e-01
-2.591148773508515024e+00
-2.460042740416069906e-01
3.856895767039482115e-01
1.119736435940430208e-01
-1.292904134960403961e-01
1.024595776994512875e+00
1.210771908852205758e+00
3.780031018754942580e-03
2.845372242421111975e-01
-7.411806122404021036e-01
1.113404399203750811e-01
-9.566756647167034000e-01
-1.765193062662389067e-01
-1.611669874340195374e+00
-1.480401786940029218e+00
8.793907185047680208e-01
8.435618061414784652e-01
-1.144430446681083069e+00
-4.787418153430602064e-01
1.082250024376404607e+00
-5.925121501874289764e-01
-1.674367167678149082e-01
6.380595375735480523e-01
-4.498542028953538691e-02
-1.952556830120319095e-02
4.752863434736119830e-01
-1.108221560944837314e-01
1.007625548256877668e+00
5.001503597550160940e-02
2.297531781464689504e-01
4.160434802952086564e-01
3.556594808024002852e-01
9.509343818724940167e-01
-9.184851813985979163e-01
5.854527868719549000e-01
-9.770907598110628589e-01
1.281244956031108106e+00
-1.889364644813397165e-01
-1.874821085809378340e-01
3.909131165372249916e-01
3.336635792190174588e-01
-3.407113751398402890e-01
-9.567510510626420217e-02
-1.390400685345448029e+00
2.148058481673475129e+00
9.525713860127107413e-01
-9.666223760235485019e-01
-4.728363454589511461e-01
-5.752143402075045042e-01
-1.122978459043088240e+00
-3.502572443143015662e-02
1.744254929402614673e-01
4.560909787616868605e-01
-3.316483710637861737e+00
-8.355987517111319596e-01
4.271545810085077277e-01
2.182249055444134000e-01
3.362935285683569031e+00
-6.704920520308909060e-01
-4.846860082279831894e-01
-3.233585171074617182e-01
-1.287724015018754553e+00
-6.877394910210085088e-01
-6.138912215640541792e-01
-6.805213847104698566e-01
2.366342709123638033e-01
-4.464647330346516174e-01
-8.502738737317487583e-02
1.613702182573393706e+00
1.588692508472723253e-01
-1.535890116685994233e-01
-1.383198909534723908e+00
-6.522603876998694927e-01
-1.404321952411038854e+00
-3.932275548156596856e-01
4.633208417172445803e-01
7.257120312523335226e-01
-1.361663719691097105e-02
-1.391257005051738105e-01
1.426071749633119001e+00
-7.443006063772841241e-01
-4.098130635829521640e-01
-6.283175145912605064e-01
-8.965935909525597491e-01
8.025413600737211217e-01
-4.436962477662324544e-01
1.353717591590655744e-01
3.436450442610236578e-01
-7.621165048478371062e-01
3.943417683483737557e-01
5.643558055494843906e-01
-3.088478355815714727e-01
-6.624542732875018936e-02
-3.956334098413586964e-01
-2.424066739153285965e+00
1.181322917729936695e+00
-4.022673255699930200e-02
2.929129960058707849e-01
-7.467174854111844340e-01
1.818647526339881582e+00
4.553531478757471412e-02
-1.508766617193789683e-01
4.665265509532038474e-02
-2.895827826207000300e-01
1.333497531812424253e+00
-1.208447271723577021e+00
5.761231522368323033e-01
1.913249863430994610e-02
7.226970361954551114e-01
-8.789076821345441770e-01
-2.793594060946546498e-01
9.083568200627142319e-01
-3.233638211973078325e-01
3.735381215657567755e-01
-8.822587301080648814e-01
5.636135569515967614e-01
-8.813569052516294633e-01
1.091426652618862070e+00
-1.811439778881773766e-01
2.892414793156727892e-01
1.416973796914123618e+00
-1.615889366625710144e-01
5.910516696780709206e-02
8.037148335679575317e-02
8.444319935051073367e-01
-5.875971484254408628e-01
-2.230076660711445558e-01
3.489055534689666782e-01
-5.618907288083788698e-01
1.944447796396477690e+00
