8.576060433593600194e-03
7.664041090155800269e-03
7.468525598957500081e-03
8.036730445576600532e-03
8.358659191238900638e-03
7.787513404485199922e-03
7.140578447166799972e-03
7.937849952940799481e-03
8.006420709320999710e-03
7.283443375670699965e-03
7.909484829162200317e-03
8.067736127523799511e-03
6.958359217467600250e-03
7.396499931812699873e-03
8.110618382781899921e-03
7.489334697979299627e-03
8.058149612113400459e-03
7.376549259382099606e-03
8.163198634985300434e-03
7.843214047165099345e-03
8.010301561969300141e-03
7.277548295671200200e-03
8.140296379879499375e-03
7.710034675415799836e-03
6.921638306480199648e-03
7.474178852935000131e-03
7.557917553268600139e-03
7.154764326854800259e-03
7.509695843172199854e-03
8.021446291033700396e-03
9.192280824379299789e-03
8.002461867773499535e-03
7.987964181917399722e-03
7.305725869502600021e-03
7.630917027312399820e-03
7.835445579294900154e-03
7.634251945798999767e-03
7.765590598683099789e-03
7.663518354269800367e-03
7.897163329273799645e-03
7.853873379792899317e-03
7.261049073182500313e-03
8.716202097335900775e-03
7.138535097728099590e-03
7.452081035766100307e-03
7.486418966059799757e-03
8.505204375358099353e-03
7.067081926609500298e-03
7.195489227079999994e-03
7.162863898592999705e-03
9.463063056997799566e-03
7.740583706734799688e-03
6.950175408008700019e-03
7.704638314871500165e-03
7.408637158434000329e-03
6.668438803358100152e-03
7.919495787386199998e-03
8.152114132379699452e-03
6.888892376121100170e-03
7.573666108804799971e-03
7.909038969044400458e-03
8.092847314665299260e-03
8.238468515852300639e-03
7.869990039641599350e-03
8.309676594402600272e-03
8.950760889537499529e-03
7.089166986613500143e-03
8.854784012782800084e-03
7.824545133399399624e-03
7.678679605669199576e-03
7.214519873041299811e-03
7.980053579054000035e-03
7.203899460193800321e-03
7.369081492506900262e-03
6.843281279495100344e-03
7.337210591470600188e-03
8.021824336089800403e-03
7.574267769825800307e-03
7.559328070376299981e-03
7.831540554656299738e-03
8.572067572293099250e-03
7.782764487240899712e-03
7.016463060452999938e-03
7.739010089402099599e-03
7.239160682400500382e-03
8.629347549733599673e-03
7.851905026426700407e-03
8.053360149280899133e-03
7.561186956660299711e-03
8.504825930594199501e-03
7.650912188356000232e-03
9.006874896099800049e-03
7.571023007512899666e-03
7.287539607751999764e-03
8.011620228879499234e-03
7.927776725029400326e-03
8.255848545827100191e-03
7.764094267092299696e-03
7.545587903176500036e-03
8.312690449094399872e-03
8.340999280219299136e-03
8.042472959211800429e-03
7.146963149251900002e-03
7.947036219415500730e-03
7.631001592604600044e-03
7.469992856751699918e-03
9.400548910119399873e-03
7.855000635582200588e-03
7.690610766651799837e-03
8.054259267926000207e-03
8.642053252124000731e-03
7.928396619123000144e-03
6.732151421777499666e-03
8.543762544935799494e-03
8.647751969735200522e-03
8.325728673675399441e-03
7.510185115574099721e-03
8.168182539753699595e-03
7.977682575172499735e-03
7.569176508347400141e-03
8.118066983924299845e-03
7.736335530623699927e-03
7.837346173252799503e-03
7.964381772117199582e-03
8.155938013020799446e-03
7.795793218689699676e-03
7.450403652344100153e-03
7.761089796515100066e-03
6.676343792119199608e-03
6.989119144504000146e-03
7.734170734814699820e-03
7.512064447826099708e-03
7.884104070577799966e-03
7.609659148617700132e-03
7.699797607669599947e-03
7.306598575925100231e-03
7.578811137406400028e-03
9.535546274045200374e-03
7.555883984037699633e-03
7.219662081032100255e-03
6.810353899146900057e-03
7.533633903508399690e-03
8.008406042973099936e-03
7.724636974972399692e-03
7.518234847128600282e-03
7.948895232130699304e-03
7.242893194364600183e-03
6.797602469540100188e-03
7.227544224738999788e-03
8.496740101302399650e-03
8.040633948330100367e-03
7.096804546693699818e-03
7.250212063644299702e-03
7.586539641966300214e-03
7.578049476944800390e-03
6.965593271300200146e-03
7.857785437956199895e-03
7.803937626205900008e-03
6.748960468860299572e-03
7.366682658137499624e-03
7.688849296320399845e-03
7.832946031667800679e-03
7.606227819249700324e-03
6.961965777552299971e-03
7.984837018719400867e-03
8.023021488750099392e-03
7.985027431706899839e-03
6.629121890778699906e-03
7.882570247374600172e-03
9.411833149106900095e-03
7.578970843166500139e-03
8.042673569245999479e-03
7.169008429495599827e-03
7.785989272548099645e-03
6.796597130587600337e-03
6.851254198335100278e-03
8.300310702730699999e-03
7.415548046620400353e-03
8.983721277003600680e-03
8.062912350884899465e-03
8.301757203119200165e-03
7.578069095677900276e-03
8.793458430610400292e-03
8.270509946435099236e-03
7.658586733306100083e-03
8.517300735078000423e-03
7.405761461465700142e-03
7.959497529666499302e-03
8.006273276612499781e-03
7.153034490690500340e-03
8.505042730014299862e-03
6.719120391980699936e-03
8.513963421674200158e-03
8.382507601569800029e-03
8.098726393732899251e-03
7.195815158703200258e-03
7.679156226138799876e-03
8.052016360416700338e-03
7.055957805799599643e-03
7.046773350922699852e-03
7.560197062653899701e-03
8.721503853654000160e-03
8.584284510960200551e-03
8.405943324590199259e-03
7.253299473490400044e-03
7.242253746753499893e-03
7.983307424008000835e-03
7.372978936010300167e-03
8.292183327010200014e-03
7.323083655421699749e-03
7.593424026642099645e-03
7.581645389305000267e-03
7.711336090640399758e-03
7.657837379276899621e-03
8.002966599909100073e-03
7.401714531001100071e-03
7.110340557735499861e-03
7.789406470070799580e-03
8.202532609618199896e-03
8.194714329753799431e-03
6.920854392201100311e-03
7.560244151014500202e-03
7.478124699411299765e-03
7.914030685941500498e-03
8.694452926727899364e-03
8.830759001278800507e-03
7.636805634723999904e-03
7.547885325605899719e-03
7.154404148015600269e-03
7.540420109348300315e-03
9.223506377948900714e-03
7.685249084632700053e-03
8.812026961761100161e-03
9.110473245427000780e-03
7.523176437969399805e-03
8.032731212161199619e-03
8.950090697963300826e-03
7.420257482823799586e-03
8.709767353839199464e-03
7.427680622495999932e-03
8.117217755639099391e-03
7.999248462591200190e-03
8.162500388070099977e-03
7.945343675484599355e-03
8.656741607880300698e-03
6.672922998505899893e-03
7.723108535120900078e-03
8.034613216575399453e-03
8.291221450957999770e-03
8.277049450821799895e-03
7.575464029804499649e-03
8.634799018271400312e-03
8.804468664569299954e-03
7.874755127851200756e-03
7.340687080236999590e-03
7.757863918228300078e-03
8.525435609113299340e-03
7.731116255329299920e-03
7.620799315632299960e-03
7.649137138605499771e-03
6.716106456599100008e-03
7.973064725229900632e-03
7.421851193615499644e-03
8.490030167672099268e-03
7.947476704749800377e-03
8.503367889052999146e-03
7.751780685405900220e-03
7.104614664948900177e-03
7.593173342054500112e-03
7.654710360700399570e-03
7.137525330508200268e-03
7.117572958219599982e-03
9.561551254717399681e-03
7.477471536670199891e-03
7.071949742262799952e-03
7.293251768547799781e-03
8.134789892820000132e-03
7.482939826416500420e-03
7.216525011460600374e-03
8.889815257121399389e-03
7.589755368797399850e-03
7.372897673546900330e-03
7.456548930847500117e-03
8.014642724586599695e-03
8.369990158194999530e-03
6.497207563948500381e-03
8.410632911304699588e-03
7.098177821939400008e-03
7.651935653020499987e-03
8.570439754622899767e-03
7.653071150961100397e-03
7.153264361181899816e-03
7.467736355932399865e-03
8.259311899221400549e-03
7.683585634219099701e-03
7.428806958478500165e-03
7.875825676447699430e-03
9.078952572941299815e-03
7.354904171130699671e-03
8.108719260147900093e-03
8.394248158980200519e-03
7.840131120671899739e-03
8.136342609310599772e-03
8.976744421831899315e-03
7.765747686290199944e-03
7.740438982242600283e-03
7.174531740837900191e-03
8.151946387331800506e-03
8.354477603341400188e-03
8.377031400027899755e-03
7.698560527490299829e-03
7.990579354787299624e-03
7.673095298959100100e-03
7.476853810700100252e-03
7.676493783983400279e-03
8.093565892678799417e-03
7.903437501713499874e-03
7.772382812333399754e-03
7.996463210050099371e-03
6.568317730712000188e-03
7.472073275628200034e-03
7.549089729376500316e-03
7.155936437408400193e-03
7.931031809596599674e-03
7.505303674075700267e-03
7.377578145127699875e-03
7.418796484319600121e-03
7.993554070863700262e-03
8.061750177580500124e-03
6.935242097222399718e-03
8.221511606157800092e-03
7.257858660831000008e-03
7.370132532600899740e-03
7.290750767318400147e-03
7.788873085296700235e-03
6.574071422800599994e-03
7.613928166414299717e-03
7.363582633406900307e-03
8.500115648206600302e-03
7.897596656947400776e-03
7.861955457747600573e-03
7.413307106275099888e-03
7.843350390491400301e-03
8.180526150095599608e-03
7.463914389046299828e-03
7.920848881203399611e-03
8.004171791017299434e-03
7.569652135280400228e-03
7.949233846287699634e-03
7.232479086250499789e-03
7.126424314555400083e-03
8.235606717174000224e-03
8.323292805176999223e-03
7.011181578302900369e-03
9.293882126549600498e-03
7.012270742528000159e-03
8.258728278098899714e-03
8.151504618758400808e-03
7.733350999312100030e-03
7.320502272552999699e-03
9.149407749280800625e-03
7.243852218134600070e-03
7.326376540199499611e-03
7.571825808261599920e-03
7.336325889685100209e-03
7.262179831950999961e-03
7.591702246172300078e-03
7.875659598810900303e-03
8.162614540285800802e-03
8.388843529224299794e-03
8.707559984566600256e-03
7.907481296793500425e-03
7.805470526351499828e-03
8.706610978570599596e-03
7.865249746632999722e-03
7.991781808491499328e-03
8.373723675445799569e-03
8.546042840721999184e-03
8.435876722134399291e-03
8.161383907817799585e-03
7.361358772185300214e-03
8.367077655006599848e-03
8.243052649777699373e-03
7.514648892907299822e-03
7.349318265253500237e-03
6.826586866450799936e-03
7.665624735406600422e-03
8.933900242368300604e-03
6.894204381408399786e-03
7.396916073505999806e-03
7.641458403234199781e-03
7.255175220899500073e-03
8.499926381098499642e-03
7.655647128456300084e-03
8.661889111998799864e-03
8.686538285040699969e-03
7.644512776815499955e-03
8.168477354201000504e-03
7.845226066949699539e-03
7.827588152771399604e-03
8.041686969055699546e-03
9.484263799035200573e-03
7.166479680578900432e-03
7.717385916249800207e-03
7.480561182591699727e-03
8.472034372906500632e-03
8.182929887063599902e-03
7.803244792638599700e-03
7.521748263306000243e-03
7.340525669351599843e-03
7.867258182248199408e-03
8.309043633786599922e-03
7.794672475812699890e-03
7.169928718926099967e-03
8.109152765187999448e-03
7.260259540814899618e-03
8.309344884711999599e-03
8.135066764625999494e-03
7.638551097633899598e-03
8.280797798772400117e-03
7.302859220185599874e-03
8.188957241637699613e-03
6.949572921199000108e-03
8.101041640003400768e-03
7.431791536300099907e-03
7.226079578704899808e-03
8.278750215384799924e-03
7.648392754741799825e-03
8.234613406315200237e-03
7.885254449338600577e-03
7.914064193910500672e-03
7.427309126517099742e-03
7.896871937857000145e-03
7.306852307142899620e-03
8.756349065359799247e-03
7.717281898450699569e-03
7.472612398874100420e-03
9.001970579725800115e-03
8.495354319678700278e-03
6.911875199614599639e-03
8.143086529756600467e-03
7.743500638408500059e-03
8.091968695235100123e-03
7.121407858273700112e-03
7.365815481981999834e-03
7.672097508430899930e-03
7.989461416236900634e-03
7.421137655688300055e-03
7.755810243452499614e-03
6.957183127388900240e-03
6.463400861123599732e-03
7.430149475264800213e-03
7.167950191623500243e-03
7.356625237993900078e-03
7.666318525243499826e-03
7.677706922027799884e-03
8.611369799696899641e-03
8.154216325597200832e-03
7.772303102162699678e-03
6.894755498206299807e-03
8.303088647186200599e-03
8.023027875610299828e-03
8.014178959952499709e-03
7.592908993894099609e-03
7.798060678884099865e-03
7.945218187617699573e-03
7.560651084366399981e-03
8.834329203288800864e-03
8.724532148047799834e-03
7.795251665032499992e-03
7.516215299446500284e-03
7.419951885562699710e-03
8.132104454685099709e-03
7.540015204966999708e-03
7.099744810956300223e-03
7.668855050608900346e-03
8.268507356663299182e-03
8.091898752888399340e-03
8.238788160333699803e-03
7.558252430747400101e-03
7.913956331895699928e-03
8.009262601480299226e-03
7.275862452229499636e-03
8.206018098298600849e-03
7.107227871140899683e-03
7.853995448622299799e-03
7.528667877381400343e-03
8.507139194858700723e-03
8.359020439299799654e-03
7.368314766913000059e-03
9.187108366671699333e-03
8.560642264304099691e-03
7.810822378433800173e-03
7.144460333109999700e-03
7.617819800391699599e-03
8.651444036660599357e-03
7.804191055872099735e-03
7.162875834540899898e-03
7.710627270400000413e-03
7.268493929738099879e-03
7.729042522877699675e-03
6.968114262670999613e-03
8.253494914903399676e-03
8.153579225386500470e-03
8.261317893047600072e-03
8.276771352082299554e-03
6.620316768013900094e-03
8.039364101338300830e-03
7.788500713199399995e-03
7.767339629093599970e-03
7.412603887058199711e-03
7.948649971728199981e-03
7.700896735181799596e-03
7.528348161076199932e-03
8.694351437056699328e-03
7.406772366469099693e-03
8.002273666870800620e-03
7.194519909350999796e-03
8.070276628502100549e-03
7.932997079702000867e-03
8.007921932054500730e-03
7.390247322932699640e-03
7.251063227731300263e-03
6.875292728457499912e-03
7.824391527452600678e-03
8.544244778905599191e-03
8.234583923404099892e-03
8.282627518946700587e-03
8.246225933953800838e-03
8.117860882570899356e-03
8.195671678575799576e-03
6.731267038929500228e-03
7.730961983507999603e-03
7.368729980809600281e-03
8.770692062497000702e-03
7.592103845695299599e-03
7.648333083227199652e-03
7.237951512737999908e-03
8.049945298242499464e-03
7.647486269787599593e-03
7.465488024187800359e-03
7.039036372602099599e-03
8.468740817334700563e-03
6.782074313678600370e-03
7.719217686521899664e-03
7.012825998285900433e-03
8.324475081899099932e-03
7.766932386179000065e-03
8.378635351285600164e-03
7.504047648575900252e-03
7.673557449039599895e-03
7.460738086197299911e-03
6.915207974122299789e-03
7.352108531743500354e-03
7.870936047321499401e-03
8.108075429390800004e-03
8.036794585554200496e-03
7.035000459107599614e-03
7.453651350003300154e-03
7.820611594616399403e-03
7.704170246039699667e-03
7.383023765339299591e-03
8.309270313301199765e-03
7.498062792293799794e-03
7.063402909069400361e-03
8.728753807690600719e-03
7.688962787924700018e-03
7.793025679337000147e-03
7.257943440722500368e-03
7.212591105666799930e-03
7.894278149400500016e-03
8.413343155228699896e-03
8.333658534650399338e-03
8.379514327105900759e-03
8.225478224567300128e-03
8.192263607326999431e-03
6.772951811927299844e-03
7.186937352453200319e-03
7.609620270289400336e-03
7.909175828886399681e-03
7.105699890354800347e-03
7.576939648533400143e-03
7.659684994867000350e-03
7.203134423046499667e-03
8.116420286553500604e-03
7.015319300079200099e-03
7.498324211013300371e-03
8.014951345693200821e-03
8.426978348859200108e-03
7.322747375827500307e-03
8.541149399806699516e-03
7.033330285194000324e-03
7.342848619073899692e-03
7.497245680324900186e-03
7.680318671600800361e-03
8.513067983979299980e-03
8.807313752169200829e-03
7.137068936588900070e-03
6.537021097545599700e-03
8.451325283633299990e-03
8.006609770714800609e-03
7.767678452420799691e-03
7.491176775977900423e-03
7.337360697523699626e-03
7.130048080954000389e-03
7.299368996738600165e-03
7.276192297985499893e-03
7.987823180291800385e-03
7.436143946395999856e-03
7.515929440744899964e-03
7.186221931772899738e-03
9.054666983318899673e-03
7.603800783254500290e-03
7.259869051306900092e-03
8.535525143609999296e-03
7.130869221181299587e-03
6.388322082718700043e-03
6.906083641672699711e-03
7.558043214051500015e-03
7.896150675438400740e-03
8.072455575293100566e-03
7.953094521196499983e-03
7.185339621104599832e-03
8.698706480729999704e-03
7.733199559107500377e-03
8.720963106563700551e-03
7.267640810680000250e-03
7.254369497137099811e-03
8.466134256794599633e-03
7.870713212984799603e-03
8.686662517098899666e-03
7.106181376590300219e-03
7.160553931104599729e-03
7.623757033176700205e-03
7.145020122531100040e-03
7.165307162998999814e-03
8.150663111881700784e-03
7.630847306653100112e-03
8.152598945526100607e-03
8.221408850379099964e-03
6.969764971755300180e-03
7.512623969389200379e-03
7.363799243160800388e-03
6.934002632640600371e-03
7.411936132519499759e-03
7.808596948051200158e-03
6.744544442996399866e-03
7.866406209252099421e-03
7.277508847462000122e-03
7.231860076574400144e-03
7.592807206924800240e-03
7.995641129874199449e-03
7.860855064461500299e-03
8.163309333418499944e-03
8.517856788475400287e-03
7.542647961525600006e-03
7.415700965259599577e-03
7.045373985535400424e-03
8.593503427931000263e-03
8.948211884823300752e-03
7.401091053720300177e-03
7.481578474325499897e-03
8.338057813485500597e-03
6.458299347947600230e-03
8.346750073896199926e-03
8.426859679236500464e-03
8.123113464694799515e-03
7.994295899607600439e-03
7.050217837513499640e-03
7.062297965577200159e-03
8.011384225172000703e-03
7.449113354427700125e-03
8.195231719601200546e-03
8.336651278170299773e-03
7.288228557042799802e-03
7.985210655401800070e-03
7.033945236531199789e-03
7.868404124494299268e-03
8.313797394155600026e-03
8.130351589602100720e-03
7.503624950769599740e-03
7.324956346277599999e-03
7.673567720747100085e-03
6.627710412263499579e-03
8.985530062433199489e-03
7.818316567699700251e-03
8.091995310171400113e-03
8.001791577719900850e-03
7.926397301962699593e-03
8.314962874057299155e-03
7.684277544633200292e-03
8.375943775616300629e-03
8.264461909630300626e-03
7.914844837716900061e-03
8.864140854286800542e-03
7.632713249077999716e-03
8.197026960993999273e-03
7.670055638881400316e-03
7.489852255647600279e-03
7.461853397637599992e-03
7.826402558229899470e-03
8.523927201166700204e-03
8.268760147490400100e-03
7.376055503039999697e-03
8.145891668986699960e-03
7.996921521983099690e-03
8.276671244791800747e-03
8.659637020835400656e-03
7.389925822443499902e-03
8.603420609104800096e-03
7.431940548477899977e-03
7.814440521873999498e-03
7.998822043830599790e-03
8.425910263063399186e-03
7.710232891179599757e-03
8.269802929278199238e-03
8.110034024466000746e-03
7.301801145499099872e-03
7.961443850451100507e-03
7.513391312201200128e-03
7.991103300379300695e-03
9.232845558837099800e-03
7.796766437827899916e-03
7.360627707808800081e-03
7.370912268698500379e-03
6.804096449564299778e-03
7.800878528784300006e-03
7.396241613421499807e-03
7.834325890369199866e-03
7.344120957141300234e-03
7.472958518481700313e-03
8.008493640147400575e-03
8.123895912518799139e-03
8.358799874771200011e-03
7.944775498439499151e-03
6.954999593505899712e-03
6.758164635544500372e-03
9.295574849439599413e-03
7.966886668247300657e-03
7.530026829386899864e-03
8.488329850682299962e-03
7.952558706955499546e-03
6.892843673519000181e-03
9.091946741275199265e-03
8.600636259527300737e-03
8.571250873640400350e-03
6.599155841950399802e-03
8.865807938671199651e-03
8.362069003598900443e-03
8.548518343613999843e-03
7.506891862343200231e-03
7.402225913636000312e-03
7.810524573259300385e-03
7.048042711218000314e-03
7.418014971754200229e-03
7.659003657324799791e-03
7.010477039332299772e-03
7.189577334095699837e-03
7.993702078185600454e-03
7.887299587666100203e-03
8.239127992781300480e-03
7.933721372289899779e-03
8.337553527464600794e-03
8.547553081563200039e-03
8.754296455313000797e-03
8.193244069784499928e-03
6.269581348636700004e-03
8.235503856952899188e-03
8.247202864294400290e-03
8.373249505380899599e-03
8.390787949119600866e-03
7.654923469190100076e-03
6.896863504837200294e-03
6.551791251043799849e-03
8.183963270741900081e-03
7.970436342655200235e-03
6.958940193171100040e-03
8.054775087900100522e-03
6.981125446117299703e-03
7.803866777766899944e-03
7.727710800009400353e-03
8.147872563711699295e-03
8.156968089002000766e-03
7.450640760108899995e-03
7.860049659789399359e-03
8.703399054345700367e-03
7.319714994563400121e-03
7.742613575380000342e-03
8.032133505326199616e-03
7.606194479673599601e-03
8.520834540362899959e-03
7.944295762068400227e-03
7.801052488030099999e-03
6.503376220922899714e-03
7.420983064141200083e-03
7.245294838092299766e-03
8.078472252508000356e-03
7.678960763840300338e-03
6.783831529199400162e-03
7.692887837504900315e-03
7.601040463967899570e-03
7.953944302830700738e-03
7.185050565894400033e-03
7.412234393299199815e-03
8.314646071822499526e-03
7.502176606515900160e-03
8.141741872289000662e-03
7.383846863528599654e-03
7.228936116920800341e-03
7.698478801715099608e-03
7.755454170362999916e-03
7.519163813487599914e-03
7.249290158714699617e-03
8.808258896790399986e-03
7.037823410394299616e-03
8.420479355906099542e-03
8.286608605202000488e-03
8.103202094086100343e-03
6.736436282127099620e-03
7.419664887390000317e-03
6.751065048747900352e-03
6.972197968817600219e-03
7.554950250155999594e-03
7.462377003975099836e-03
8.081109043205600070e-03
7.044922044740099983e-03
7.966235018185699804e-03
7.649398397916999659e-03
7.538754436465499968e-03
7.352605487643999738e-03
8.743879301966999557e-03
6.874495517942999685e-03
7.012153251965099962e-03
7.626928668924599572e-03
7.948742405601099542e-03
7.648490484665799657e-03
8.454177391413200682e-03
7.037814072955999624e-03
7.068030434668099576e-03
7.810464405244100031e-03
8.388833901968800050e-03
7.609065742633799867e-03
7.825161897300900865e-03
8.472649980916600182e-03
8.461167610066799502e-03
7.161193560897999646e-03
7.852701741221599849e-03
7.973069725639700400e-03
7.798506640670299986e-03
7.730372482209499872e-03
7.497241530059000139e-03
7.937907595082199785e-03
7.460553539242600202e-03
7.444770665897100341e-03
7.169422192755400131e-03
7.474178041992699841e-03
8.290082846177999898e-03
8.853174311341400690e-03
7.609456750934899885e-03
7.738062998201200061e-03
8.021829343978300123e-03
7.781782960292800248e-03
7.419596907994699918e-03
7.637409799905400115e-03
7.331410990623599654e-03
7.528711139405899581e-03
8.361252562107700237e-03
7.899230794555000060e-03
8.017161959973600691e-03
7.550665356152200421e-03
9.020398385319899903e-03
7.867686142529700319e-03
7.127276828107299844e-03
7.816738441197399953e-03
7.336558269177600317e-03
7.519881994105599883e-03
7.107525130340399885e-03
7.862805198614000735e-03
8.333080472132400537e-03
6.876328521905199741e-03
7.363564984399000209e-03
7.685305806348800145e-03
8.843237031146200522e-03
7.221050667164300059e-03
7.219591689835500384e-03
8.798923436004800133e-03
7.672754470184800328e-03
7.401018728137399860e-03
8.669348855805100729e-03
8.417024304010600061e-03
7.377995193697000319e-03
7.783948120159200033e-03
7.798105782495299947e-03
8.363427459789400664e-03
8.179151463071899358e-03
7.647668152048999954e-03
8.077195143276800701e-03
6.693300955583099746e-03
8.851788467417799969e-03
7.681655049089899587e-03
8.000130486375900754e-03
7.871225706857800514e-03
7.011971116544699761e-03
7.985382876904799712e-03
8.250791188724399330e-03
7.583106589219699989e-03
7.335684653238400306e-03
8.138898993083700656e-03
7.040423729336499695e-03
7.999304910242199806e-03
8.620545011437200436e-03
7.514056732703200056e-03
6.999019233067199641e-03
7.358569247538499815e-03
7.717722561117200224e-03
6.944634413232699671e-03
7.474018165308699696e-03
8.343112875838000833e-03
8.504974534220300156e-03
6.413012222936999643e-03
7.324522288207099656e-03
8.110190218758800765e-03
7.519824941134799906e-03
7.252578520599999717e-03
7.646478211989600308e-03
7.397001578861600417e-03
8.511655731113900239e-03
8.099486990112399545e-03
8.222333326362199490e-03
7.141208962951200133e-03
7.639898088217800254e-03
8.116210179866200497e-03
7.844172887274899336e-03
7.912349425078499254e-03
7.413681598275300051e-03
7.831646218957299607e-03
7.673830725386300046e-03
7.535546993849300337e-03
7.458077859459700046e-03
7.871699089290799811e-03
7.590057959577099951e-03
7.301557366663699589e-03
6.911024806327699908e-03
7.510685728458600316e-03
9.060196354198900640e-03
6.612144168482599754e-03
8.309177756345299815e-03
6.899534107948700028e-03
8.055527759690999171e-03
7.701261179341599775e-03
6.966212246486599632e-03
7.479479699917000041e-03
7.996796428890399350e-03
8.248430067387600012e-03
7.683470226663500005e-03
8.634937873466199190e-03
8.358440458137099405e-03
7.148399419137000006e-03
7.795287168745499914e-03
7.667070101454999571e-03
7.679775213430399886e-03
8.409229728578200211e-03
7.275554553849299805e-03
8.599103546384500446e-03
7.810795922487500167e-03
7.363073564406699689e-03
7.405038880844300349e-03
8.182336456399399299e-03
8.268637178566400070e-03
8.088887928051900419e-03
7.109855862109299741e-03
7.064600294692299949e-03
7.561963492698600339e-03
8.617614087208099252e-03
8.619146641278800300e-03
8.181656816971900545e-03
7.782268153300899924e-03
7.226831409508399813e-03
7.322287214757999818e-03
7.516264291804099912e-03
7.515869098665100070e-03
8.042412159826000176e-03
7.459258633010499781e-03
7.970516080834200850e-03
7.708583685479699667e-03
7.721615924204900359e-03
7.727093835297500421e-03
7.715270329694300273e-03
8.265516372599999995e-03
8.482444016807699771e-03
8.166566451637800178e-03
7.376770783681100424e-03
8.096825284503100101e-03
8.036590975449899379e-03
6.995167453154100233e-03
8.079215511833399282e-03
7.680725882492600055e-03
7.703680249955499951e-03
8.486741782590999719e-03
7.251910119630800358e-03
7.252111259815400418e-03
7.661238915721699759e-03
7.291986052463899845e-03
8.224165929507799150e-03
8.745125207888899965e-03
7.490702250252100416e-03
8.122788994324199943e-03
7.059900407314899720e-03
7.823540980709300582e-03
7.358626507121999831e-03
6.860200090770700310e-03
7.835625072972699640e-03
8.040463893946700816e-03
7.792392075056300133e-03
7.014588369990399849e-03
7.361406898660100354e-03
9.412701893530500338e-03
7.307678793593099832e-03
7.952564828482399512e-03
8.013397806099600493e-03
8.095567450326799849e-03
7.420265142140799672e-03
8.125658620088800632e-03
7.878598185098999174e-03
7.565989400798600432e-03
7.835988390322800451e-03
8.399725421997100705e-03
