1.213436902505070011e-02
1.117549593149170031e-02
9.231613792171099175e-03
7.747546220473300327e-03
8.650911965956100541e-03
1.086497113501349969e-02
1.140485293161459975e-02
1.268321361424189914e-02
1.082541682082630019e-02
1.258881430167720084e-02
1.360172570098559970e-02
1.192963174217510046e-02
1.239595773166920004e-02
1.105914416886549963e-02
1.064849365167180005e-02
1.114291960822460029e-02
1.258894493516029937e-02
1.146694023665990013e-02
1.114099105423609938e-02
9.978199344021500619e-03
1.103169456989490024e-02
1.199797300197470024e-02
1.281239562228859985e-02
1.109655521019740042e-02
1.145306294022539924e-02
1.067772359706910083e-02
1.324784324665330068e-02
1.122445354382359956e-02
1.160457898762719958e-02
9.581012960466100611e-03
1.124620591188379981e-02
1.227154035085640041e-02
1.068078985569160047e-02
1.093632990064919916e-02
1.281205890093680029e-02
1.211727270317350044e-02
1.068896922322520003e-02
1.042944376742360041e-02
1.141392420410839922e-02
1.290715990352979924e-02
1.670731692680069852e-02
1.242392405989609962e-02
1.091015130187489995e-02
1.325220604617280071e-02
1.122421764634930035e-02
1.059028042823429924e-02
1.034920128111280029e-02
1.033201044905619932e-02
1.314657959346540034e-02
8.353695678185999937e-03
1.248467465685930075e-02
1.206237761552110023e-02
9.157610354291700200e-03
1.206847929292280061e-02
1.255420154773789938e-02
1.202093049454140000e-02
1.079363013413009963e-02
1.146993803080489926e-02
1.140550400238769975e-02
1.183205995958470057e-02
9.864587498837500135e-03
9.845803974119700028e-03
9.047644597759099683e-03
1.301019781236720067e-02
1.008922278917930015e-02
1.049860402150479960e-02
1.029143104080969956e-02
9.809982975233699429e-03
1.211161266747310013e-02
1.024834244901109970e-02
9.682803078217699921e-03
1.224734386143179997e-02
1.036243531030229918e-02
1.436640801911459944e-02
1.175335125196120059e-02
1.077016705098209938e-02
8.516779413361800014e-03
1.102975984861529965e-02
9.747544037685200793e-03
1.419617438985850029e-02
1.033234649409069984e-02
1.228705065314130047e-02
1.416161038683409930e-02
1.187948571906530075e-02
1.026705269337470014e-02
1.106549204869669914e-02
1.152002399165980018e-02
1.056524853423509991e-02
9.285159827307499711e-03
1.019981107232570058e-02
1.043323893580969976e-02
1.589191386649419988e-02
1.064432705100320023e-02
1.289784060013269944e-02
1.094133670310289998e-02
1.262187701349849929e-02
9.638131159489400288e-03
1.217368705370329950e-02
1.270904246426990056e-02
1.100876927984740031e-02
1.047188540000820040e-02
9.947020685635200518e-03
1.065804575665619917e-02
1.261482280998309918e-02
1.151190418278950044e-02
1.059781931194109933e-02
1.013004603415130003e-02
9.563589238232599390e-03
1.047188540000820040e-02
1.174304488683879967e-02
1.082965090553169966e-02
1.194017711024799970e-02
1.337336899839100014e-02
1.302991719115850072e-02
8.403307186680999269e-03
1.057319178909470019e-02
1.231626265631170086e-02
1.130671179498700038e-02
1.047555888170710083e-02
1.056110662431219982e-02
1.151725842122739915e-02
1.111584794781209952e-02
8.101683237975700058e-03
1.267849233539830069e-02
1.287818456300019940e-02
1.103037125841009949e-02
8.868512465972699932e-03
1.218160946250780065e-02
1.062498907826659941e-02
1.259090931631329929e-02
1.135851985494290041e-02
1.191332910083890001e-02
1.188273173895340075e-02
1.313280739283240010e-02
7.931670980301799845e-03
1.229138253608210059e-02
9.562355065968700801e-03
1.208639017948309920e-02
1.126048071315969949e-02
1.178901379881839954e-02
1.086099114056830045e-02
8.973733526792499610e-03
1.161002280263439927e-02
1.649323969657320171e-02
1.157401885483200048e-02
1.175157013915040065e-02
1.034799670098180031e-02
1.570884395859140081e-02
8.880511367632999351e-03
1.091385083880730064e-02
1.310636605320629998e-02
1.142921166344939947e-02
7.687578630718900317e-03
1.180965694801400061e-02
1.221826645662500016e-02
9.238911209735699986e-03
1.094342938164239928e-02
1.157080386501820046e-02
1.058058260955760041e-02
1.275021688126420048e-02
1.047528376126189917e-02
1.177286921321180069e-02
1.251641836957139917e-02
9.114931256008200477e-03
8.280629585630600725e-03
8.290734832433600474e-03
1.155823600461109921e-02
1.346258622546649998e-02
1.341536944496590084e-02
1.202365558214650056e-02
1.168642542956579988e-02
1.251960496005479970e-02
9.912584736778999248e-03
1.103054964490340038e-02
1.257724005142460064e-02
9.108209679507000070e-03
1.309249709872670024e-02
1.048609194304550053e-02
1.308980621643350030e-02
1.090956982243340007e-02
8.536044550757300453e-03
1.091870102085899970e-02
1.521910027427710033e-02
1.325165427270789953e-02
1.187226577651880055e-02
9.121211823598500759e-03
1.232323426430130021e-02
1.003245496631719955e-02
1.078405722946399956e-02
9.908587529486000134e-03
1.304035763549449972e-02
1.114277730083709957e-02
9.821930745745499625e-03
1.160395288609909932e-02
1.106549204869669914e-02
8.264472713391800632e-03
8.939708247049900705e-03
9.935825342581999786e-03
1.032805362788299930e-02
1.066247199471499936e-02
1.324546119150779924e-02
1.199458631399809988e-02
1.099474330675240079e-02
1.204121983610080028e-02
1.159253897963509992e-02
1.198560578791369943e-02
1.231626265631170086e-02
1.170402553452670052e-02
1.040404236156970003e-02
1.289367989141410042e-02
1.106744136892330067e-02
1.065084793727819924e-02
1.016613687993699923e-02
1.288209185276329924e-02
9.429124190374300191e-03
9.477548604120299494e-03
1.191279252454269938e-02
1.384842429382989945e-02
1.375923827353420052e-02
9.614701500436299841e-03
1.097850354825120021e-02
1.148459430094509945e-02
1.105635215230169922e-02
1.093409479667489977e-02
1.118130943960280073e-02
1.069262165766949983e-02
8.272057721946500172e-03
1.092793003851759946e-02
1.178714969582500029e-02
1.270610832836040031e-02
1.023050183200339969e-02
8.601431108589000299e-03
1.416365368168769935e-02
1.029835448468669964e-02
1.282778273381380077e-02
1.157282299850669917e-02
9.921885734320399705e-03
1.500481040177320015e-02
1.686071283297890105e-02
1.384455903876839929e-02
1.060840655097770001e-02
1.263015372165260039e-02
1.080067389312230029e-02
1.034449458088229981e-02
9.990875043069700340e-03
9.892373025049300619e-03
9.594091220912299642e-03
1.254062875204950064e-02
1.270271282906100009e-02
1.068117803857610015e-02
8.956119874594400607e-03
7.649920897686899798e-03
1.183908786460730056e-02
1.247406257137479921e-02
1.115269920959899991e-02
1.142892710919930083e-02
1.229138253608210059e-02
1.103427704942869930e-02
7.849429651328400717e-03
1.082613652608659972e-02
1.347625997587839977e-02
8.700793466192900324e-03
8.729487275611099231e-03
1.286725483400110066e-02
1.246638674105999926e-02
8.338079065109700594e-03
1.558963252623899939e-02
1.027231612117309942e-02
1.370713834030749985e-02
1.073743938457129982e-02
8.796855293682100466e-03
1.112193158302069926e-02
9.764798253941300160e-03
1.095946518590260044e-02
1.141701593594359951e-02
1.172780315176439984e-02
8.965288025030099597e-03
1.319718165879620042e-02
1.072891763167430068e-02
9.608457573235300309e-03
1.295420917808040064e-02
1.171198938172069923e-02
1.010525117758979963e-02
1.218045269212120023e-02
1.215108272561249945e-02
8.678025895356999281e-03
1.140146550211629944e-02
7.055865452968500089e-03
1.022260905391239941e-02
1.157383196107690006e-02
1.067495052385710082e-02
1.283831771610179952e-02
1.150680839614270055e-02
1.069421647214960011e-02
1.120900437680009964e-02
1.451498526851960000e-02
1.137803477635219995e-02
8.981202902213400105e-03
1.169640785313460010e-02
1.297097323673779973e-02
9.795933567918300652e-03
9.292147510205999578e-03
1.080455674427989975e-02
1.378933814690560047e-02
1.087313311659710013e-02
1.231120086023929951e-02
1.063831987128329923e-02
9.814359276365799967e-03
1.322742835958429924e-02
1.171210776914520003e-02
1.161323501666879955e-02
1.071340350873719975e-02
7.446640473974600050e-03
1.173042517287370065e-02
1.207808191590009975e-02
1.292625065878339960e-02
1.065103174294339955e-02
1.328646170236339949e-02
7.801974352949899924e-03
1.027546152446969993e-02
1.156602560043180038e-02
1.164120276615590067e-02
1.072635602751650062e-02
9.264616923281799796e-03
1.134119538789339979e-02
1.101806534750150030e-02
1.082725077034729991e-02
1.037424889418030009e-02
1.031773696253969995e-02
8.969526372929399402e-03
1.053521468644920064e-02
1.492791424138910014e-02
1.039694560468049957e-02
1.060282858294970057e-02
1.122270055000920003e-02
7.986632396219000771e-03
1.268186504769219965e-02
1.483849376544790072e-02
9.640073762622800718e-03
1.426862838005189989e-02
1.057437072182700055e-02
1.292867150476129968e-02
8.031521004561300789e-03
1.241453936368959975e-02
1.148256961355990056e-02
1.089591267799380064e-02
1.038298753488789937e-02
1.220199808644109943e-02
1.104812786708050075e-02
1.354652897671679984e-02
1.161903220550110014e-02
1.095946518590260044e-02
1.146193604081280001e-02
1.344258983135400085e-02
1.228298745536690086e-02
1.122001679412099918e-02
1.176882372875670026e-02
1.276053416538299942e-02
1.215402127969559924e-02
1.425713207550840037e-02
1.325521754041419920e-02
1.051200623552200029e-02
1.043575372336419914e-02
7.422393050438000350e-03
1.088415830754460058e-02
1.052145958355600076e-02
1.302078518253949914e-02
1.214103099148509946e-02
1.112410826442060061e-02
1.017683563039270024e-02
1.078233001207130025e-02
1.241406915905480038e-02
1.048804381205879939e-02
9.774202435009399226e-03
8.671455166198499195e-03
1.006682971459369955e-02
1.046253084752589955e-02
1.096105120311799928e-02
1.031887822997189924e-02
1.264359225244789976e-02
1.154487128920000071e-02
1.069466384522919922e-02
9.575447235152400108e-03
1.022352516397040043e-02
9.918828865419599891e-03
1.016596454318599921e-02
1.206344366046659990e-02
1.203849244129590046e-02
1.142379841786030081e-02
1.081368076358799925e-02
1.309855720259859961e-02
1.184504819650129999e-02
8.075986701758399930e-03
1.481068563265510070e-02
8.980417829597400411e-03
1.124947473565720071e-02
1.027569535235860025e-02
1.000742500650000054e-02
1.505490395973789995e-02
9.354730946579400269e-03
9.971498295745699278e-03
1.037206913462559998e-02
1.159405244805129971e-02
8.521369292502899498e-03
9.242537950953899281e-03
1.290145399448990038e-02
1.254120336309389946e-02
1.232355245110580005e-02
9.417024198602899285e-03
1.028810149728160046e-02
1.055715302965050048e-02
1.191894179826949972e-02
1.096113069969679998e-02
9.960747522909400506e-03
1.103350172810430019e-02
8.642615058264699682e-03
9.843357072501300598e-03
1.135049446841689992e-02
1.345558964271650025e-02
9.778921851541600568e-03
1.032838749297989960e-02
1.215132524254490011e-02
1.049717011448680036e-02
8.837590035357100263e-03
1.115820742081879979e-02
1.114725041570309959e-02
1.479413940261480043e-02
1.184859798613819952e-02
1.011925511790890027e-02
9.899589322579300382e-03
9.264283703195499986e-03
1.201592643939589956e-02
1.124829610163649921e-02
1.108685919089009986e-02
1.135183529526419960e-02
8.843235297053400612e-03
1.243838195510700052e-02
1.081970214916629959e-02
1.351564774479459968e-02
1.384709007513659947e-02
8.569723567442800657e-03
1.173680811627359974e-02
1.108685919089009986e-02
1.193620428785739998e-02
1.242027585797689931e-02
9.814359276365799967e-03
1.239757302653130000e-02
8.646752586823500120e-03
1.212889358490830058e-02
1.016613687993699923e-02
1.295326610017260086e-02
1.026414976684800022e-02
1.222511363469589926e-02
1.115203450386850065e-02
9.391175590383800745e-03
1.170793704457239945e-02
1.140868868795980040e-02
1.115205704633450041e-02
1.483848699644150018e-02
8.622814710373400207e-03
1.202869384188079947e-02
1.005518925776439920e-02
9.878051005612500587e-03
1.463425867342930085e-02
1.086099114056830045e-02
7.267462846189699614e-03
1.315384544521920086e-02
1.283190346387940058e-02
8.792224198475299957e-03
9.823689808671400708e-03
1.148065598516600019e-02
1.524712169864909928e-02
1.154542830660549961e-02
1.465848254027319990e-02
1.412196371235839923e-02
1.005619005358870076e-02
1.057178716439029914e-02
1.070066253272109955e-02
9.518765939976199519e-03
1.218136536585890002e-02
1.087172374397520069e-02
1.148026851831870053e-02
1.050017556963370007e-02
1.257569653022340070e-02
1.033678390425720080e-02
8.447404887815399693e-03
1.188273173895340075e-02
1.171093744797650077e-02
1.122120821521170077e-02
1.021584336887590080e-02
1.199512854320479958e-02
1.153269767135789957e-02
1.058496453844440070e-02
1.318617100369800024e-02
9.764798253941300160e-03
1.148026851831870053e-02
1.426506650134859965e-02
1.187673398446820010e-02
1.167976372653099955e-02
8.781706850197600056e-03
1.148459430094509945e-02
1.035066287161630003e-02
1.192188136967669947e-02
1.107970091432580045e-02
9.753415270211899385e-03
1.149049477159739922e-02
1.252488826711409958e-02
1.066558117884280031e-02
9.225971950536100696e-03
1.406301902178679931e-02
1.164122923264669998e-02
9.782476265547500674e-03
1.055715302965050048e-02
1.080415079392380018e-02
1.642496525865960039e-02
1.378436814405369949e-02
1.246197861477650083e-02
1.048839309467240050e-02
1.257923917188829947e-02
1.321878625009209954e-02
1.362438109608429988e-02
1.086634265228499964e-02
1.250538398450009962e-02
8.986486164247299915e-03
1.254494251808810010e-02
1.129170656944289940e-02
8.189413097977200559e-03
1.216022175399029959e-02
1.177850715086519937e-02
1.255922406975109977e-02
9.313223803897799705e-03
1.198044753855630022e-02
1.428436146615819947e-02
1.042752189166499914e-02
1.199512854320479958e-02
1.135870149603999957e-02
1.066558117884280031e-02
1.144304465037489921e-02
9.969141359794800664e-03
1.123534833669509979e-02
1.277586537292350020e-02
1.201017356825090018e-02
1.118697064369380059e-02
1.149356412140020017e-02
1.035719910735890051e-02
1.094521337137879975e-02
9.580359648264400591e-03
1.190800257725009928e-02
1.306312064101619944e-02
1.178593589865130006e-02
1.012004013514800072e-02
1.167431054130720069e-02
1.136937978381830083e-02
1.248629607192560005e-02
9.265093674305399998e-03
1.499866447067539979e-02
1.266091381035269921e-02
1.084352506251639973e-02
1.200676221703829948e-02
1.091385083880730064e-02
1.078741947625039971e-02
1.086614883671009960e-02
1.278256764966760085e-02
1.097873676077200031e-02
1.267772156768150020e-02
1.171283657553789936e-02
1.115180695689070058e-02
9.680414991963799329e-03
1.081269637707379938e-02
1.717532561577470029e-02
9.231251030766000204e-03
1.116576784917290045e-02
1.081058749467339944e-02
1.029519635688900051e-02
9.245627080572400500e-03
1.174042507842170020e-02
1.072382661172720068e-02
1.280975317414399968e-02
1.246353429734230016e-02
9.391031770155600089e-03
1.325650525190739948e-02
9.760339010473399746e-03
1.145615150959460038e-02
1.403637767928860025e-02
1.204171573296470080e-02
1.154702232112599959e-02
1.219339382272830070e-02
1.057544790557390056e-02
1.159991119253029994e-02
1.150526981678369996e-02
1.202743500104429958e-02
1.151276755990929962e-02
1.433422190922810022e-02
1.028751501811800070e-02
1.116131135684250014e-02
1.038085344695999918e-02
9.673104645228400300e-03
1.137212458464420019e-02
1.180040406439099993e-02
1.030216062100960082e-02
1.212118062378290083e-02
1.150784332818119947e-02
1.024823439599539983e-02
1.131537126098560060e-02
1.305822799647609993e-02
9.137530716765100008e-03
1.325650525190739948e-02
1.143040713667279988e-02
1.010221392487949989e-02
8.945662917227899594e-03
1.091088551047499945e-02
9.468147056267599629e-03
9.377008836555400517e-03
7.802152919292200221e-03
1.264350927422270079e-02
1.343032229659390023e-02
1.173960995051839991e-02
1.013894039676140058e-02
1.175070876682159961e-02
8.390747537230899139e-03
1.120476495982280010e-02
1.248239060366860068e-02
1.273312544547539928e-02
1.098340589494629926e-02
1.046070616409870008e-02
9.863636094651599337e-03
1.082739572287929990e-02
9.348758801700300311e-03
1.182659653879220008e-02
1.193291241237759946e-02
1.437464539693750036e-02
1.019974981977759924e-02
1.560119635478219961e-02
1.174776791411850062e-02
1.319875770455189966e-02
1.086614883671009960e-02
1.096355231098600051e-02
1.418252590676200020e-02
1.019976129190700020e-02
1.152676295724699984e-02
9.902725118147799946e-03
1.223309900946100044e-02
1.326269726603840002e-02
1.321878625009209954e-02
7.385290599122000359e-03
1.282348672656169995e-02
1.017622579848539988e-02
9.956021067508299960e-03
9.231109506957300287e-03
1.263323848383090045e-02
1.203465359762819972e-02
1.200467369658930056e-02
1.349081813222390014e-02
9.039526857667099652e-03
1.048918713419649991e-02
1.191421822152519995e-02
1.112573144327529996e-02
1.379772760915420025e-02
1.046741942440860065e-02
1.239576114429150056e-02
8.929874284871399878e-03
1.243838195510700052e-02
1.012932038963280067e-02
1.149348349076100007e-02
1.144289732500619952e-02
1.177383869267520020e-02
1.538739366220480062e-02
1.254176231886000061e-02
7.705266266647199658e-03
1.299213535896250049e-02
1.072629608259659945e-02
8.722135279522999149e-03
1.017769635154960016e-02
1.080623852995929966e-02
1.207781899432219981e-02
1.139143454361160081e-02
1.196562779389389979e-02
1.261482280998309918e-02
1.278072945799130049e-02
1.007460312370029969e-02
1.079039047801749925e-02
9.403495894037799951e-03
1.253883853126709982e-02
1.187906058206610049e-02
9.947121901598200353e-03
1.215913761837729944e-02
1.232427464079239969e-02
1.229419370950250029e-02
1.069669943239229953e-02
1.096148182094600076e-02
1.236123876228089995e-02
9.997788196775599795e-03
1.077328900682020078e-02
1.182356430777469977e-02
1.315814807752680067e-02
1.273911671956770054e-02
1.237640775122800067e-02
1.164443367556389913e-02
8.688292796690899253e-03
1.331454381918479972e-02
1.133625876149040035e-02
1.032107714624039968e-02
1.047036019943990010e-02
1.019051111488980012e-02
1.084953718566879916e-02
1.096985911013390047e-02
1.120658627589989943e-02
1.058660786812089943e-02
1.179633558997100068e-02
1.200676221703829948e-02
1.232427464079239969e-02
1.170124059782499948e-02
1.091519808069689977e-02
1.116675334227269951e-02
9.746158223776099638e-03
1.090136778212730077e-02
1.097095939804840041e-02
1.570095349904070126e-02
8.862532382278999477e-03
1.061904648144780007e-02
1.202022913417129940e-02
1.095048257891549984e-02
1.057495586518050062e-02
1.093600670485730085e-02
1.086634265228499964e-02
1.485045080842570080e-02
1.288656360196830004e-02
1.461082332703659940e-02
1.099400001128479978e-02
1.263600559943539939e-02
7.734754511143400110e-03
1.222812844360869969e-02
1.162019700747859985e-02
1.155051381423109931e-02
8.378559241638300348e-03
1.123026217490049987e-02
1.045940438238360075e-02
1.048379859708739939e-02
1.099634637438979927e-02
1.174965706296510030e-02
1.022226138354600036e-02
1.000135888335980036e-02
1.216833705801679925e-02
1.146280737418729941e-02
1.254067330400059944e-02
1.186532165112010040e-02
1.104135517980760033e-02
1.339325079348029947e-02
1.066489476079600027e-02
1.131879273065979942e-02
1.078176607260209960e-02
1.207277289834919956e-02
1.278288430693820012e-02
1.242392405989609962e-02
1.268316057424010053e-02
1.214479438524550085e-02
1.215699025489930078e-02
8.913169829219299428e-03
8.010209259480599239e-03
1.254062875204950064e-02
1.510856043983519956e-02
1.401061326455860061e-02
1.022489582228050010e-02
9.565780898150700803e-03
1.141701593594359951e-02
9.945443258896000116e-03
1.067603578443930036e-02
1.161559751858310015e-02
1.142062410766029983e-02
1.332264511018839935e-02
9.605871781378399685e-03
1.255313593420680045e-02
1.172710965577340031e-02
1.075731984811559988e-02
1.143914275281410035e-02
1.128770791314730008e-02
1.108819738811699963e-02
9.625634578156199231e-03
1.202769683468559933e-02
9.123320408517900798e-03
1.056127633351159993e-02
8.974104060365499166e-03
1.217199393925830035e-02
1.129115712247250047e-02
1.441443658965860068e-02
1.265200203739809924e-02
1.305071394104059986e-02
1.320209088687829962e-02
1.312338604484179945e-02
1.223446252731679937e-02
8.300605997256200325e-03
8.515884043530199884e-03
1.081970214916629959e-02
8.527187604080900193e-03
1.032962851916230038e-02
1.405652643244809964e-02
1.314903157357280063e-02
1.036790969740900015e-02
1.007555045765129963e-02
1.423344996471240069e-02
1.245866031307149915e-02
1.111209095873229996e-02
1.026175050189570039e-02
1.216849779642010035e-02
1.136982867029769952e-02
1.157868863653549983e-02
8.021097719116000724e-03
1.253912489128249964e-02
1.452555991230350049e-02
1.140972488170749997e-02
1.151959506729000049e-02
1.044132613038360052e-02
9.024356405915199761e-03
1.176625673465729952e-02
1.680715673214189937e-02
9.787749508994499428e-03
9.969141359794800664e-03
1.187528055376010049e-02
1.070172156673299992e-02
1.085509925771500038e-02
1.238197863628319982e-02
1.186902724966540021e-02
1.099796725978060066e-02
1.369956272172729965e-02
1.163156399361509920e-02
1.249987550838320069e-02
1.123687611274989950e-02
1.062498907826659941e-02
1.363628957991389924e-02
1.508079162824359915e-02
1.097763363051129995e-02
1.303798223982009959e-02
1.184963504532099941e-02
9.309610183282799808e-03
1.103169456989490024e-02
1.145539335260719986e-02
1.308501760050029966e-02
9.296912593065399799e-03
1.162408438953249981e-02
1.315858202076949923e-02
1.209907510143659951e-02
1.236121616164780057e-02
1.551855914908210031e-02
1.144773950255099926e-02
1.568600856581960079e-02
1.534306317321300003e-02
1.309824586821290056e-02
1.540834657455289990e-02
1.087111806386090000e-02
1.140535251897390086e-02
1.336760454269039951e-02
1.209409394917120018e-02
1.214182515822440078e-02
9.879038661086199380e-03
1.396034622086999959e-02
1.083321281215710030e-02
1.075422537750509930e-02
1.142379841786030081e-02
1.100859910976510064e-02
1.256635874165380057e-02
1.145743782284180078e-02
9.401121291102199767e-03
1.206951200757599985e-02
1.098865246036609920e-02
1.026836280028979934e-02
9.037242128003900032e-03
1.131909146218039973e-02
1.130325674060580002e-02
8.557653579316700648e-03
1.056264527466590011e-02
9.348906497172099206e-03
9.781198523292799346e-03
1.042165987479949998e-02
1.147835286590370013e-02
1.048747210889140052e-02
1.238170763913899915e-02
1.170957182208679989e-02
1.317958103251179978e-02
1.373437658769420013e-02
1.160655436511679947e-02
1.039802617009319939e-02
1.066456979371479923e-02
1.297499138625790062e-02
1.384505534180320054e-02
1.086205112742930079e-02
1.486045790641440066e-02
1.047749639287660038e-02
1.078405722946399956e-02
1.270639780820610049e-02
8.285662329143399230e-03
1.038085344695999918e-02
1.018709128076239999e-02
9.939371599090300602e-03
1.075184906835419986e-02
1.495811909555700044e-02
1.259476176546090072e-02
1.167877044988380013e-02
8.166555395079199212e-03
1.128704096733930060e-02
9.166100375229999792e-03
1.225107658291920039e-02
1.144580202221420068e-02
1.056127633351159993e-02
7.509487559879400240e-03
1.340791312408269945e-02
8.558267162329899133e-03
1.242984133228050049e-02
1.270109799960329917e-02
9.539200956630699418e-03
1.226639466307509994e-02
7.572503932447099961e-03
1.133795706870059997e-02
1.071697663377490020e-02
1.244501012885070035e-02
1.163623401112360081e-02
1.348188145333440065e-02
9.161281164085400067e-03
1.394404563110769948e-02
1.297631761627789961e-02
1.321685520839560070e-02
1.151918582796260075e-02
1.008191109855060066e-02
7.587515247731899636e-03
8.903523602465599970e-03
1.316407418592190071e-02
1.181241842098719984e-02
9.626942768275800061e-03
1.055192749012999996e-02
8.571887722721200850e-03
1.131932290220060040e-02
1.005223902169639916e-02
1.252363532106550055e-02
1.686771140528979876e-02
1.109441805421629984e-02
1.463233287614179937e-02
1.147905696904990072e-02
9.901254537011299969e-03
1.124947473565720071e-02
1.095426009256979943e-02
1.073178776757589999e-02
8.664585804630800178e-03
1.376092666904740053e-02
1.078177496131610055e-02
1.569916467956149891e-02
1.358968568666319918e-02
1.158171228380260043e-02
1.159991119253029994e-02
1.287827927007220014e-02
1.172169655035279999e-02
1.059028042823429924e-02
1.103475862339380054e-02
1.201589036371270014e-02
1.082174048561850010e-02
1.098415417493889962e-02
1.118073487468740010e-02
9.378528008620299478e-03
1.265987189543990067e-02
1.214733289098839965e-02
7.786450645356999926e-03
9.513100878754600365e-03
1.496073617620789949e-02
1.060451061885129935e-02
1.077880603411260005e-02
9.229090956041600610e-03
1.019219476277010046e-02
1.100707230584299992e-02
1.187673398446820010e-02
8.185534650951700048e-03
1.220293461536080086e-02
1.284763749197219938e-02
9.494526961731900375e-03
1.082328418238749992e-02
1.179091093901210065e-02
1.346754222959639993e-02
1.188871614941450043e-02
1.213556070658320003e-02
1.216368656536600049e-02
8.265714452241600466e-03
1.236053215709190072e-02
1.434130184824130086e-02
1.323306429867539963e-02
1.020354413767149936e-02
1.052016624468879967e-02
1.034611703478209924e-02
9.002272305626600815e-03
1.142292243379719983e-02
9.428166378616599855e-03
1.447157438375839926e-02
1.215913761837729944e-02
1.288474458694469950e-02
1.210486998276119955e-02
1.144695963710530041e-02
1.110796666664740084e-02
1.320839766118240069e-02
1.160907533251910075e-02
1.295774404484809940e-02
1.277375733073100005e-02
1.519956415080950078e-02
1.278072945799130049e-02
1.015745304043230018e-02
9.961933368404200448e-03
1.157040059203160061e-02
1.073999923128430081e-02
1.134612678758930085e-02
1.479697584179709945e-02
1.199916553550180003e-02
1.160907533251910075e-02
1.059326335817089952e-02
1.282132507087420034e-02
1.292079581159050021e-02
9.116322373940499713e-03
1.126167105739219951e-02
1.231513986341739933e-02
9.767854757354300227e-03
1.217162920350460011e-02
9.277790792063400280e-03
1.056267523531849960e-02
1.112897071828049950e-02
1.273335450824450085e-02
1.189141406181519998e-02
1.146736739345110070e-02
7.731081235262600090e-03
1.384709007513659947e-02
1.233952743234430043e-02
1.244559546708430033e-02
1.393785215840039927e-02
8.731310758860600166e-03
1.216864745903780028e-02
8.131456398437000854e-03
1.379983254654499995e-02
1.050356873250759930e-02
1.150699113232040056e-02
9.650097098428199460e-03
1.049454074881049984e-02
1.463957467400859962e-02
1.024969189291199956e-02
1.111154421492950052e-02
9.517602366963499524e-03
1.045477751798380012e-02
1.195063548085610085e-02
1.199541802628290021e-02
1.259686715556299942e-02
1.237321371928679949e-02
1.126048071315969949e-02
8.599434867022000620e-03
1.136843110832670006e-02
1.061170908249079933e-02
9.275141009781100176e-03
1.138145052472419941e-02
1.291809716263019915e-02
1.505589331769770049e-02
1.000247187017289964e-02
1.032838749297989960e-02
1.382807469614459953e-02
1.177717371707780007e-02
1.033377921063390048e-02
1.246490257270299953e-02
1.420707045843999997e-02
8.221030542374699671e-03
1.222420174982520071e-02
1.404983341907159976e-02
1.107485842055139919e-02
8.987341444088199627e-03
1.156811393223539965e-02
1.174723986377419933e-02
9.990875043069700340e-03
1.181241842098719984e-02
1.349891068001549989e-02
1.323303392520570020e-02
1.365634453445050030e-02
1.081337714936339914e-02
9.354910280644600576e-03
9.780170854883200177e-03
1.253967489945939998e-02
1.154605447918290000e-02
1.276858615590989975e-02
1.016851494759539974e-02
9.328755682241399866e-03
1.035711806506890015e-02
1.178270013149819960e-02
1.180818307880739972e-02
1.117506820635539959e-02
1.366839061122969955e-02
1.190755632136270004e-02
1.318488570890060003e-02
8.197869448977299772e-03
9.083244180224100267e-03
1.077736176779229942e-02
1.042874067420419999e-02
1.129806262208130074e-02
1.138909965076279930e-02
1.392158611366449937e-02
1.447519348344030073e-02
1.352250453916199920e-02
9.407734851983200197e-03
1.220259945906940029e-02
1.122650434038230047e-02
1.101089768242130042e-02
1.439412617822180031e-02
9.348261898415000451e-03
1.296185792827530062e-02
1.001905014562570057e-02
8.708931782473200434e-03
1.216323789331339930e-02
1.222891785144330015e-02
9.034155424058299202e-03
8.776974798759600016e-03
1.041806803780010067e-02
1.274831320528519926e-02
1.238624640012120012e-02
1.278520072318800084e-02
1.229507587916829972e-02
9.849844563969499533e-03
1.065353315196680001e-02
1.435639711545949951e-02
1.133625876149040035e-02
9.758139845429999321e-03
7.969748521476499592e-03
6.892443802060299954e-03
1.298357723225749931e-02
1.002263161809690065e-02
1.053566459903109917e-02
1.304497829765799942e-02
1.003111514890839967e-02
1.181702571836600046e-02
1.116213982829420033e-02
1.614540913233790051e-02
8.399768332703399717e-03
9.617613106660399813e-03
1.105480468033280018e-02
1.284142882496359939e-02
1.110690590189289916e-02
9.052741381568800427e-03
1.178121639468709958e-02
1.117759490814159914e-02
1.104960000197409940e-02
7.179895523543899580e-03
1.057437072182700055e-02
9.299294763246200232e-03
9.074137780128700703e-03
1.332407403151709968e-02
1.530903778196240038e-02
1.051388937962089917e-02
7.854789782618800537e-03
1.035291837944660003e-02
1.087413822839199996e-02
1.104812786708050075e-02
9.543233469311299816e-03
1.212552387841350082e-02
1.189398077802459978e-02
1.148398057023789984e-02
1.094381622529310046e-02
9.193182903018499649e-03
1.177496699689939939e-02
1.318479486924849925e-02
7.780029343819300225e-03
1.151832399371439941e-02
8.822492677424600277e-03
1.000527080565070080e-02
1.205830705613919994e-02
7.567060008067599992e-03
1.210989095113210005e-02
1.111209095873229996e-02
9.794292623672500378e-03
9.507748681354599371e-03
1.334887511630439977e-02
1.156050006629700047e-02
9.540640875445399738e-03
1.315384544521920086e-02
8.550298718060199421e-03
1.102420453038909995e-02
1.157724860643559971e-02
1.136555514267590002e-02
9.993530792561600151e-03
1.265555453841449990e-02
1.161371067985039925e-02
1.151031594905200031e-02
1.182940229210979917e-02
1.153190292180459979e-02
1.239866051052719922e-02
1.089605614546810056e-02
1.288855430192109922e-02
1.135539162706680066e-02
1.342067273256329976e-02
1.126818164817859971e-02
8.209197001924200057e-03
1.016596454318599921e-02
1.054339666355610071e-02
9.584953337324999753e-03
1.270418003447159987e-02
9.859648104449600381e-03
1.442006709678840017e-02
8.595620004746600679e-03
1.148763437757709983e-02
1.052113366718500018e-02
1.094715711485540026e-02
1.177723254780340019e-02
1.216248165206569934e-02
1.270217321160570061e-02
1.092793003851759946e-02
1.028818617165449915e-02
1.669698961180799898e-02
1.537657989096710004e-02
1.183806876275090084e-02
1.070662015738849983e-02
1.169530476509069924e-02
1.195063548085610085e-02
1.137814656418269926e-02
1.035918292008180044e-02
8.018438156372100292e-03
8.842737848588700864e-03
1.008288492636309937e-02
1.073196861902699951e-02
1.048379859708739939e-02
1.090228727515520080e-02
9.823721928107700604e-03
1.284411136342349970e-02
1.031672869724130012e-02
1.035719910735890051e-02
1.182765813311499950e-02
1.032071433700569932e-02
9.894411394649199262e-03
1.551554872012510071e-02
8.755633526449700318e-03
1.225572898132600008e-02
1.018138948329390045e-02
9.204108351338899721e-03
8.229428119026400285e-03
1.231629629188689921e-02
1.219880953782970061e-02
1.051745296355469962e-02
1.094521337137879975e-02
8.011926482066299149e-03
1.379351685754640067e-02
9.956612917764600529e-03
1.207339307662839978e-02
9.942350290731699972e-03
1.280403659760729999e-02
1.049773853196309982e-02
1.077217698952460077e-02
1.153167834831370087e-02
9.879038661086199380e-03
1.268558693891420029e-02
1.179603555014530070e-02
9.216236554092899214e-03
1.095825936131659961e-02
9.751771177760999720e-03
1.114687469041989940e-02
1.374248134362380039e-02
1.241392601357740010e-02
1.052799621809579964e-02
1.321879264525849945e-02
1.121786903760190086e-02
1.046026508115619966e-02
1.346755272391510043e-02
1.340791312408269945e-02
1.528914193023600022e-02
1.202812923858180040e-02
1.230593698762359918e-02
1.057178716439029914e-02
9.712675884963800632e-03
1.064390735146020055e-02
1.086944880473630047e-02
9.333877180475199861e-03
1.077880603411260005e-02
1.253667153010980077e-02
8.870984948584900026e-03
1.335647299914799989e-02
1.150313711835159944e-02
1.054208300150999943e-02
1.165799544742640061e-02
1.463411614588509997e-02
