1.129756231178266450e-02
1.127441734106275108e-02
1.114590436990042961e-02
1.124638104892152109e-02
1.136175503158807880e-02
1.124938924070545583e-02
1.139865369580673679e-02
1.132295990149867135e-02
1.127452152469376502e-02
1.098531817800722961e-02
1.127452152469376502e-02
1.141854098593586900e-02
1.133094585860392779e-02
1.116144320808901830e-02
1.134087584770556746e-02
1.141078753581538201e-02
1.138502824833535591e-02
1.130148925090976308e-02
1.127441734106275108e-02
1.141078753581538201e-02
1.134087584770556746e-02
1.134087584770556746e-02
1.139865369580673679e-02
1.112421883902569263e-02
1.138502824833535591e-02
1.117265313066739298e-02
1.137538047905945794e-02
1.135959230374462316e-02
1.140009310903472572e-02
1.132295990149867135e-02
1.127452152469376502e-02
1.114570432848326943e-02
1.123101548960005538e-02
1.134087584770556746e-02
1.136175503158807880e-02
1.134323038227153836e-02
1.127452152469376502e-02
1.106473510112865322e-02
1.123101548960005538e-02
1.138286552049190201e-02
1.150869925963791257e-02
1.139794061540203886e-02
1.123101548960005538e-02
1.134323038227153836e-02
1.139542697664049260e-02
1.130304105297385078e-02
1.120123976976475193e-02
1.135959230374462316e-02
1.129968668475139250e-02
1.129769055781002819e-02
1.115238785551573436e-02
1.117566107226301321e-02
1.117285264315728138e-02
1.127452152469376502e-02
1.138751431906810316e-02
1.135959230374462316e-02
1.125124830794648791e-02
1.138502824833535591e-02
1.119412432107294228e-02
1.140009310903472572e-02
1.138821530478694062e-02
1.127266245745273295e-02
1.139542697664049260e-02
1.117542956333116531e-02
1.134087584770556746e-02
1.139865369580673679e-02
1.134323038227153836e-02
1.127452152469376502e-02
1.107683190735479078e-02
1.129968668475139250e-02
1.116045411678878198e-02
1.096204496125995076e-02
1.118471642483629541e-02
1.118885738003927086e-02
1.139865369580673679e-02
1.115238785551573436e-02
1.129769055781002819e-02
1.122572565269850525e-02
1.123101548960005538e-02
1.106599511926810789e-02
1.125124830794648791e-02
1.108926833601538674e-02
1.207044953196093583e-02
1.119412432107294228e-02
1.139454243937853585e-02
1.116144320808901830e-02
1.135959230374462316e-02
1.114937991392011586e-02
1.127452152469376502e-02
1.138821530478694062e-02
1.139794061540203886e-02
1.139865369580673679e-02
1.133457887605815451e-02
1.116045411678878198e-02
1.112995452753465057e-02
1.132083552852994161e-02
1.117542956333116531e-02
1.114570432848326943e-02
1.116045411678878198e-02
1.123523780507418648e-02
1.138821530478694062e-02
1.141078753581538201e-02
1.138821530478694062e-02
1.129769055781002819e-02
1.115215634658388646e-02
1.134323038227153836e-02
1.135959230374462316e-02
1.115215634658388646e-02
1.138751431906810316e-02
1.115238785551573436e-02
1.134353501513490209e-02
1.134087584770556746e-02
1.137538047905945794e-02
1.142121383214931771e-02
1.132267413537398418e-02
1.142121383214931771e-02
1.108173599284392220e-02
1.140009310903472572e-02
1.139526776918859015e-02
1.127452152469376502e-02
1.125124830794648791e-02
1.139865369580673679e-02
1.125124830794648791e-02
1.104133494120577638e-02
1.108926833601538674e-02
1.141148852153421947e-02
1.117285264315728138e-02
1.133457887605815451e-02
1.127452152469376502e-02
1.137538047905945794e-02
1.134087584770556746e-02
1.119412432107294228e-02
1.140009310903472572e-02
1.118372733353605909e-02
1.138286552049190201e-02
1.134353501513490209e-02
1.137538047905945794e-02
1.124938924070545583e-02
1.131995716552426125e-02
1.139794061540203886e-02
1.106599511926810789e-02
1.136680823188217920e-02
1.132083552852994161e-02
1.137681989228744688e-02
1.138286552049190201e-02
1.137538047905945794e-02
1.139526776918859015e-02
1.122878126701584017e-02
1.127452152469376502e-02
1.139865369580673679e-02
1.138286552049190201e-02
1.129769055781002819e-02
1.113558632338478190e-02
1.123101548960005538e-02
1.132083552852994161e-02
1.127508695571319448e-02
1.125124830794648791e-02
1.132083552852994161e-02
1.118885738003927086e-02
1.114937991392011586e-02
1.129769055781002819e-02
1.104133494120577638e-02
1.117285264315728138e-02
1.137538047905945794e-02
1.135959230374462316e-02
1.136414906445284631e-02
1.117566107226301321e-02
1.120774227285277654e-02
1.139542697664049260e-02
1.134087584770556746e-02
1.108800831787593033e-02
1.138751431906810316e-02
1.141078753581538201e-02
1.122878126701584017e-02
1.138286552049190201e-02
1.108926833601538674e-02
1.114937991392011586e-02
1.114937991392011586e-02
1.104133494120577638e-02
1.112243111173599058e-02
1.106844041718532852e-02
1.142121383214931771e-02
1.141854098593586900e-02
1.139542697664049260e-02
1.136414906445284631e-02
1.127452152469376502e-02
1.134087584770556746e-02
1.120774227285277654e-02
1.141854098593586900e-02
1.141078753581538201e-02
1.134323038227153836e-02
1.127441734106275108e-02
1.139865369580673679e-02
1.139542697664049260e-02
1.138751431906810316e-02
1.121213059678654797e-02
1.127452152469376502e-02
1.137538047905945794e-02
1.130707443934816751e-02
1.119612585990456023e-02
1.095786864559760224e-02
1.069055594847192689e-02
1.127452152469376502e-02
1.132083552852994161e-02
1.130707443934816751e-02
1.104940528533708728e-02
1.121213059678654797e-02
1.123101548960005538e-02
1.122878126701584017e-02
1.125124830794648791e-02
1.135959230374462316e-02
1.131995716552426125e-02
1.122878126701584017e-02
1.125205448376311729e-02
1.118372733353605909e-02
1.118471642483629541e-02
1.135959230374462316e-02
1.129756231178266450e-02
1.106460815795305523e-02
1.118471642483629541e-02
1.117566107226301321e-02
1.137681989228744688e-02
1.139865369580673679e-02
1.108560969034008171e-02
1.135421907535120664e-02
1.127452152469376502e-02
1.127452152469376502e-02
1.134087584770556746e-02
1.135959230374462316e-02
1.115215634658388646e-02
1.131995716552426125e-02
1.134087584770556746e-02
1.141078753581538201e-02
1.132083552852994161e-02
1.122878126701584017e-02
1.142121383214931771e-02
1.134353501513490209e-02
1.134323038227153836e-02
1.129756231178266450e-02
1.127441734106275108e-02
1.104133494120577638e-02
1.125205448376311729e-02
1.125205448376311729e-02
1.139526776918859015e-02
1.123523780507418648e-02
1.134087584770556746e-02
1.138751431906810316e-02
1.125124830794648791e-02
1.139865369580673679e-02
1.134594735212126303e-02
1.134087584770556746e-02
1.134087584770556746e-02
1.120774227285277654e-02
1.139542697664049260e-02
1.137538047905945794e-02
1.116144320808901830e-02
1.134087584770556746e-02
1.134353501513490209e-02
1.121213059678654797e-02
1.127452152469376502e-02
1.139865369580673679e-02
1.123014364807782203e-02
1.132083552852994161e-02
1.123101548960005538e-02
1.134323038227153836e-02
1.119612585990456023e-02
1.134087584770556746e-02
1.139794061540203886e-02
1.137538047905945794e-02
1.131995716552426125e-02
1.138286552049190201e-02
1.110523541072104201e-02
1.116144320808901830e-02
1.139865369580673679e-02
1.117796655301747481e-02
1.134323038227153836e-02
1.119612585990456023e-02
1.116685944253385972e-02
1.124938924070545583e-02
1.113558632338478190e-02
1.117285264315728138e-02
1.129769055781002819e-02
1.124938924070545583e-02
1.114937991392011586e-02
1.121213059678654797e-02
1.127441734106275108e-02
1.127452152469376502e-02
1.138286552049190201e-02
1.127452152469376502e-02
1.112995452753465057e-02
1.122572565269850525e-02
1.136414906445284631e-02
1.121213059678654797e-02
1.138286552049190201e-02
1.129769055781002819e-02
1.139794061540203886e-02
1.138821530478694062e-02
1.136414906445284631e-02
1.135959230374462316e-02
1.132267413537398418e-02
1.118372733353605909e-02
1.139865369580673679e-02
1.104133494120577638e-02
1.119612585990456023e-02
1.117796655301747481e-02
1.117265313066739298e-02
1.125872153281441343e-02
1.125205448376311729e-02
1.141854098593586900e-02
1.134087584770556746e-02
1.115215634658388646e-02
1.138502824833535591e-02
1.122878126701584017e-02
1.119612585990456023e-02
1.120774227285277654e-02
1.141078753581538201e-02
1.125872153281441343e-02
1.136414906445284631e-02
