-5.899211935396289075e-01
-1.599877335105156062e+00
-1.947045213475332437e+00
3.803322997532256888e-01
-6.944646262309138729e-01
1.372268782087023853e-01
1.708210400007476260e+00
4.119919945352538693e-01
-4.597785507088906209e-01
-1.601331709087810529e+00
-4.476972115552769194e-01
-1.486762297278621192e+00
-3.799709961408200276e-01
-3.354947481123164987e-01
1.069732829384371753e+00
1.907825167641199693e+00
7.142993402882693577e-01
-9.039508344623065073e-01
6.522468557051233073e-01
-4.793942221226669131e-01
4.630737326836443235e-01
1.026478790104770500e+00
3.148527049799788591e-01
5.986705742902761473e-01
1.993969006192526927e-01
-8.847095564830202985e-01
4.036013117932664707e-01
3.252451738139459536e+00
-6.070497586937022572e-01
8.456204482569270597e-01
7.276110797903387883e-01
1.081657585541963673e+00
8.787446604372450842e-01
-1.334999597454501474e-01
-6.135442228534041531e-01
1.566785313422331072e+00
2.607509043782269664e+00
-2.361868130610819960e-01
5.614449089323071407e-01
-1.103570321413210209e+00
4.845289175952428584e-01
-6.575700079998614278e-01
1.318507615296033553e+00
-1.030379379997380607e+00
-1.049446997803912929e+00
5.758737951553293266e-01
3.671585250296067193e-01
-1.231172559584923665e+00
3.418523340477633843e-01
4.727686129197977705e-01
7.689644907819465081e-01
1.282954029811064489e-01
8.666051173395605822e-01
1.331683441090722786e+00
8.947182242208984171e-01
5.042292834081258945e-01
-2.542389683749450291e-01
1.993969006192526927e-01
2.680764353945114919e+00
1.548820230828815481e+00
-7.108462310360879055e-01
1.020842991609095529e+00
4.696377098542007245e-01
7.006952132342594286e-01
-2.001450663112971928e-01
-2.110125102633458205e+00
1.666155202868341956e+00
1.989290895255809932e+00
3.750176631970575936e-01
-8.622671572928806150e-01
-3.535418338614914058e-01
-3.880726813639587824e-01
1.737730246383115240e+00
3.605452827648268632e-02
-5.056529625799589533e-01
-6.611676835526331120e-01
1.750346025866262867e+00
-5.027053246305229761e-01
1.925166779405448336e-01
-3.913126202975381607e-01
1.651641308478801307e+00
7.813449734949449998e-02
-1.099623848926128078e+00
1.306635922278635231e+00
-8.576010037930710261e-01
-1.883989726801147846e+00
1.231265571306546125e+00
-8.198133701177191535e-01
4.123990943703829681e-01
9.975602702993699999e-01
-9.543304340284314291e-01
1.707759980655506604e-01
-2.993191175633710954e-01
-1.905936145896971690e+00
2.537220606182992166e-01
-7.037767959320632150e-01
1.068069100931111903e-01
6.896066933072052541e-01
-6.171444820446414514e-01
7.890393583628970697e-01
-1.366516684774532253e+00
-1.284085543340588664e+00
-2.651375256221059074e-01
1.363626652708621378e+00
-4.693823180813329055e-01
5.636707920129210292e-01
-3.318220966228465074e-01
-1.708866218867904019e+00
-9.138107174295856394e-02
4.686450538643133212e-01
5.904135580639483516e-01
-9.282957018232520507e-01
-4.930788218053683281e-01
5.184654489140337885e-01
-4.402725860560083304e-01
3.499934894381801498e-01
3.997990221845348392e-03
7.298071619597996940e-02
2.930798707464501995e-01
-1.513835513790205978e+00
-9.609448496073755841e-01
5.512986255111337885e-02
-1.584025865337999051e-01
-1.388097223061004470e+00
3.721812229864085997e-01
7.438639556836090794e-01
3.059187887718269883e-01
-9.196045220347399685e-01
1.277266520844362763e+00
1.210537460299689005e+00
1.242318415975500329e-01
4.944615492061275597e-01
-2.345171962714570346e-01
2.745171141327286124e-01
2.302297242607539984e-01
3.040819728453701409e-01
-6.210504699898594660e-01
1.194492797114171001e+00
-9.360142964544350408e-02
-9.543304340284314291e-01
6.562599423939960083e-03
-3.811951383942537019e-02
-4.107053547361502188e-01
1.414885428278004342e+00
1.302607784804854063e+00
-8.589784716790481722e-01
-2.880996713159986178e-01
2.123179238040258099e+00
5.634413220946259404e-01
4.027651668607888924e-01
-1.010686978148985782e+00
1.136838471189336230e+00
3.184095070865467503e-01
2.170654784074830257e+00
-1.632744150648408610e+00
1.195651970607150893e+00
-4.589243163381891977e-01
3.229599766237522651e+00
-1.196624763419416260e+00
-2.478289335256535497e-01
-5.228943544948266853e-01
6.349778062806876733e-01
-8.225711090403051706e-01
-2.455458758837562039e-01
1.370168830460268383e+00
-1.583913338651080194e+00
7.076224483758500883e-01
-6.462877879730128949e-01
4.002148316901184555e-01
4.701827529833369490e-01
1.047803387693195365e+00
1.260934126426330515e+00
-5.282552923379957299e-01
9.743966571615023664e-01
4.894370122565960268e-01
-1.837497152245863297e-01
-2.791429117213604094e-01
-1.400897446705673122e-01
-9.472027593312269678e-02
2.653968380284984496e-01
2.480244835545465931e-01
7.472896955179278433e-02
-7.035191075839448693e-01
1.171993600938847413e+00
-1.175946425479514446e+00
5.125739962718729448e-01
-2.748557317069033612e-01
-5.657850921351460782e-02
-6.589016081889899068e-01
-9.233518004285373726e-03
-7.285622297808891368e-01
-2.223048309555491694e-02
1.687432036498805465e-01
-1.276194146863272705e+00
7.728191001979856090e-01
2.668315722871185680e-01
3.076670758929711091e+00
-2.455458758837562039e-01
6.716005452794067132e-01
-2.140939306756154958e-01
1.917693324451964942e+00
4.804438554489289248e-01
-6.542764240480981597e-01
-1.692336146765824001e+00
1.827376217750557030e-01
6.759832332323589821e-01
-1.052135226369727450e+00
-2.754291992654839261e-01
2.206675931747402064e+00
9.181694248922009360e-02
-1.109843507472418889e+00
2.269030318404722024e+00
8.984323553118973571e-01
1.350549147290535990e+00
-1.219904661430076143e+00
6.307962394302428777e-01
-6.577037348780997439e-01
3.295070509454602337e-01
-3.589899669422070283e-01
-9.513555870833935169e-01
-2.006484865639521775e+00
9.961090314881375640e-01
1.668457401918978178e+00
1.071787654022434033e+00
-3.509646326934766858e+00
7.461870421497602823e-01
-8.026352718404712594e-02
-1.227551110415442404e+00
1.139346024670401025e+00
-4.022997477788725629e-01
3.417676096842415800e-01
-4.095330334721870025e-01
-8.966616518021059967e-01
-1.434614695945348073e+00
-6.429052080965087512e-01
3.499934894381801498e-01
9.672623470263678191e-01
-1.675613932020623364e+00
-6.074629147840204108e-02
3.731314060163135049e-01
6.193592064209696435e-01
1.383628549802417840e-01
-1.463848648566129729e+00
-4.039123773954756413e-01
1.769207317031258608e-01
3.469688077176489305e-01
-3.047566356114759789e-01
3.580612863644012933e-02
3.167827414547638165e-01
1.128332331979331693e+00
1.171321434253210225e-01
4.392196342722896052e-01
-6.248634973391082870e-01
7.956954424682126659e-01
-9.872077837049383908e-02
5.868043482241227515e-01
-1.797218644726104875e-01
6.758500443437820415e-01
-1.398827054970376071e+00
-2.010973900509120504e+00
3.057491822998753550e-01
1.164684711167402881e-01
1.083019369733740689e+00
-8.421493754494623341e-01
-2.094361731442090147e+00
1.145097700471541247e+00
8.801451517460742169e-01
3.030917547480012630e-01
-9.026734468378835863e-02
2.149280877811693191e+00
-5.662727240728331335e-01
2.013917995127905702e-01
5.385646532119148927e-02
-8.474483410646250769e-01
1.861794158356358642e+00
1.399960809594705369e+00
3.120269539230365874e-01
6.071883934738347977e-01
-8.860047608863608204e-01
5.674379272623841092e-02
1.084273578738510047e+00
2.438506631158353422e+00
-6.194445661570047168e-01
-1.821122431056246604e+00
9.171347541729378827e-01
7.205926606185818484e-01
-2.191901888115435626e-02
-9.512183468969855893e-01
-7.541044391949485171e-01
6.885294856047392831e-02
1.118778724781670064e+00
-8.658472820075688858e-01
1.177551572714679251e+00
-9.162275777920618480e-02
-2.507723349950129466e-01
1.370626547126212458e+00
-1.572879581260960835e+00
-1.727386365850286154e+00
-1.100750930902359093e+00
2.003890122685323960e-01
-8.261436334865712716e-01
-1.043139555043242517e+00
5.034650470370838349e-01
-1.511802371019088098e-01
2.805907196959036010e-01
-2.157238368537757633e+00
1.603410142766326540e+00
-1.875216874536127731e+00
-8.005192747766379791e-01
-3.904895845649402064e-01
-1.435324736018100511e+00
-8.238418734455659198e-01
-1.910338613454134471e+00
-6.752490564197876077e-01
7.889891124858088300e-01
2.977816999018655597e+00
1.275313856098709175e+00
-1.479454304193464687e+00
