9.822388390040312153e-03
9.634744687289375359e-03
9.092624225375996183e-03
9.942257716803416454e-03
9.663627762918004099e-03
9.643725939170006214e-03
9.646048671733933183e-03
9.604250877838019229e-03
9.691400463827763712e-03
9.627837377689813653e-03
9.640357471609862713e-03
9.911504576169211100e-03
9.944315286641945001e-03
9.583064204120292362e-03
9.700012935321123547e-03
9.013642205841906549e-03
9.700012935321123547e-03
9.243451333069249015e-03
9.700012935321123547e-03
9.911504576169211100e-03
9.386269372580323400e-03
9.621645227612447837e-03
9.751877672526106794e-03
9.273184203985960355e-03
9.700012935321123547e-03
8.748628745154266029e-03
9.700012935321123547e-03
9.911504576169211100e-03
9.531324149471756893e-03
9.446812870959709479e-03
9.963659179905572788e-03
9.725061552830935666e-03
9.821586658239843046e-03
9.404449063639967049e-03
9.190421809133285380e-03
9.343367583348482358e-03
9.054442136974899524e-03
9.583064204120292362e-03
9.621645227612447837e-03
9.501775900849343537e-03
1.007249016171707541e-02
9.078356328746598619e-03
9.108544325606921302e-03
9.215859212312393217e-03
9.604250877838019229e-03
9.879200261804438679e-03
9.044628337173855545e-03
9.966661160924900065e-03
9.028868568094532143e-03
9.304652978655590656e-03
8.795146777200045854e-03
9.700012935321123547e-03
8.938348088588010665e-03
1.002062542451209043e-02
9.637965301752860620e-03
9.404449063639967049e-03
9.145676146190830427e-03
9.984240252108970981e-03
9.879200261804438679e-03
9.822388390040312153e-03
9.413236714566964800e-03
9.429156814797889918e-03
9.398968817937567236e-03
9.758448280970217006e-03
9.593796693176928972e-03
9.625265467846559272e-03
9.822388390040312153e-03
9.069241234345234645e-03
1.007249016171707541e-02
9.963659179905572788e-03
8.210124518713180983e-03
9.017707557516428662e-03
9.092624225375996183e-03
9.879200261804438679e-03
9.501775900849343537e-03
9.108544325606921302e-03
9.334254695032875165e-03
9.413236714566964800e-03
9.942257716803416454e-03
8.795146777200045854e-03
9.604250877838019229e-03
9.226576846530694723e-03
9.375054626165866406e-03
9.167055371202553413e-03
9.010279069198370502e-03
9.951743932380352486e-03
9.126200381768740863e-03
9.984240252108970981e-03
9.623702797450976384e-03
9.942257716803416454e-03
9.145676146190830427e-03
9.092624225375996183e-03
9.487667860393522029e-03
9.132978232780433747e-03
9.948449866880782269e-03
9.627837377689813653e-03
9.942257716803416454e-03
1.084117173337171072e-02
9.006553307225417457e-03
9.643046690714605906e-03
9.903676693311260978e-03
9.145676146190830427e-03
9.725061552830935666e-03
9.958577790943829236e-03
9.700012935321123547e-03
9.334254695032875165e-03
9.243451333069249015e-03
9.657967580114903972e-03
9.955357176480343975e-03
9.646048671733933183e-03
9.822388390040312153e-03
9.398968817937567236e-03
9.190421809133285380e-03
9.583064204120292362e-03
9.621645227612447837e-03
1.002062542451209043e-02
9.879200261804438679e-03
9.145676146190830427e-03
9.398968817937567236e-03
9.558587772613470063e-03
9.564063822260217632e-03
9.501775900849343537e-03
9.564063822260217632e-03
9.126200381768740863e-03
9.643725939170006214e-03
9.944315286641945001e-03
9.404449063639967049e-03
9.343367583348482358e-03
9.958577790943829236e-03
9.924863367028987846e-03
9.627837377689813653e-03
9.092624225375996183e-03
9.337355090923937090e-03
9.944315286641945001e-03
9.036131731656857694e-03
9.404449063639967049e-03
9.663627762918004099e-03
9.470445592900443230e-03
9.413236714566964800e-03
9.337355090923937090e-03
9.942257716803416454e-03
9.625589047186461703e-03
9.946201536377430319e-03
9.700012935321123547e-03
9.631131443189383870e-03
9.960969960800829595e-03
9.903676693311260978e-03
9.437835791779248390e-03
9.625265467846559272e-03
1.002062542451209043e-02
9.879200261804438679e-03
9.283415335898182255e-03
9.487667860393522029e-03
9.966661160924900065e-03
9.258960577778979281e-03
9.437835791779248390e-03
9.404449063639967049e-03
9.313582164615783615e-03
9.145676146190830427e-03
9.466288635381799044e-03
9.944315286641945001e-03
9.960969960800829595e-03
9.092624225375996183e-03
9.273184203985960355e-03
9.010279069198370502e-03
1.007249016171707541e-02
9.643725939170006214e-03
1.023211706536017972e-02
9.942257716803416454e-03
9.955357176480343975e-03
1.007249016171707541e-02
9.583064204120292362e-03
9.604250877838019229e-03
9.036131731656857694e-03
9.942257716803416454e-03
9.321816351147404686e-03
9.623702797450976384e-03
9.327165796416386073e-03
9.657967580114903972e-03
9.822388390040312153e-03
9.126200381768740863e-03
9.190421809133285380e-03
9.536471701503360099e-03
9.044628337173855545e-03
9.054442136974899524e-03
9.413236714566964800e-03
8.962802846707213639e-03
9.758448280970217006e-03
9.791058082091411846e-03
9.365240826364824162e-03
9.558587772613470063e-03
9.215859212312393217e-03
9.330891558389339119e-03
9.944315286641945001e-03
9.283415335898182255e-03
9.010279069198370502e-03
9.531324149471756893e-03
9.304652978655590656e-03
9.955357176480343975e-03
9.531324149471756893e-03
9.593796693176928972e-03
9.028868568094532143e-03
9.964338428360973096e-03
9.375054626165866406e-03
9.283415335898182255e-03
9.631131443189383870e-03
9.951743932380352486e-03
9.946201536377430319e-03
9.078356328746598619e-03
9.663627762918004099e-03
9.283415335898182255e-03
9.356744220847824575e-03
9.625589047186461703e-03
9.623702797450976384e-03
1.007249016171707541e-02
9.758448280970217006e-03
9.966661160924900065e-03
9.637965301752860620e-03
9.604250877838019229e-03
1.002062542451209043e-02
9.036131731656857694e-03
9.942257716803416454e-03
9.470445592900443230e-03
8.905964357339726106e-03
9.631131443189383870e-03
9.911504576169211100e-03
9.966661160924900065e-03
9.657967580114903972e-03
9.623702797450976384e-03
9.942257716803416454e-03
9.631131443189383870e-03
9.370787974636795095e-03
9.625589047186461703e-03
9.593796693176928972e-03
9.951743932380352486e-03
9.663627762918004099e-03
9.132978232780433747e-03
9.356744220847824575e-03
9.558587772613470063e-03
9.536471701503360099e-03
9.273184203985960355e-03
9.273184203985960355e-03
8.210124518713180983e-03
9.054442136974899524e-03
9.501775900849343537e-03
9.330891558389339119e-03
9.643725939170006214e-03
9.243451333069249015e-03
9.621645227612447837e-03
9.356744220847824575e-03
9.966661160924900065e-03
9.963659179905572788e-03
9.879200261804438679e-03
1.007249016171707541e-02
9.623702797450976384e-03
9.751877672526106794e-03
9.108544325606921302e-03
