7.875721988021838596e-07
7.881563360492647412e-07
7.882092529803999011e-07
7.882353201581575021e-07
7.906346399067171910e-07
7.877899283702359760e-07
7.879476218296401423e-07
7.879677708785951864e-07
7.882591673141270801e-07
7.896667292573431637e-07
7.902556420723915691e-07
7.934980881708832367e-07
7.888026038097270637e-07
7.877732684867517336e-07
7.907873971217458817e-07
7.907438004666875913e-07
7.907873971217458817e-07
7.887805189672522534e-07
7.907873971217458817e-07
7.934980881708832367e-07
7.890102357893663631e-07
7.881081348558923709e-07
7.909005765649783805e-07
7.887315463467383821e-07
7.907873971217458817e-07
8.124988862158492324e-07
7.907873971217458817e-07
7.934980881708832367e-07
7.874106578062788923e-07
7.881385083425637906e-07
7.881582544757315060e-07
7.879702056303727556e-07
7.914817988834906231e-07
7.876909518342351164e-07
7.884852975088208190e-07
7.906407527859036574e-07
7.894201825054020694e-07
7.877732684867517336e-07
7.881081348558923709e-07
7.873271415305543878e-07
7.904211535170867806e-07
7.885303324031857447e-07
7.880224250967684786e-07
7.886823136813298686e-07
7.879677708785951864e-07
7.877783318365129681e-07
7.898748242462364952e-07
7.879739888646863795e-07
7.905146818964238512e-07
7.885495932145931067e-07
8.489266934956269165e-07
7.907873971217458817e-07
8.038361448612242086e-07
7.903741573304886923e-07
7.877567684278886292e-07
7.876909518342351164e-07
7.880725534717614438e-07
7.902834860134637998e-07
7.877783318365129681e-07
7.875721988021838596e-07
7.883153091920955161e-07
7.881539417388573395e-07
7.886119211439273080e-07
7.877419249337650210e-07
7.890055954391243836e-07
7.888308248637737872e-07
7.875721988021838596e-07
8.119850493998037800e-07
7.904211535170867806e-07
7.881582544757315060e-07
9.526351567889893166e-07
7.906797853449360073e-07
7.882092529803999011e-07
7.877783318365129681e-07
7.873271415305543878e-07
7.880224250967684786e-07
7.907563160748618820e-07
7.883153091920955161e-07
7.882353201581575021e-07
8.489266934956269165e-07
7.879677708785951864e-07
8.061322995539172565e-07
7.894588458523950055e-07
7.882592985586185333e-07
7.910545663369671491e-07
7.878506470161894681e-07
7.879812959781028569e-07
7.902834860134637998e-07
7.889897226061723229e-07
7.882353201581575021e-07
7.880725534717614438e-07
7.882092529803999011e-07
7.884655775739180940e-07
8.095565007414255283e-07
7.894283997060374423e-07
7.896667292573431637e-07
7.882353201581575021e-07
8.598306939240458874e-07
7.918766096691543891e-07
7.880961144959983616e-07
7.879558572085616163e-07
7.880725534717614438e-07
7.879702056303727556e-07
7.877053100970677369e-07
7.907873971217458817e-07
7.907563160748618820e-07
7.887805189672522534e-07
7.885638984432745430e-07
7.882521308420974235e-07
7.879476218296401423e-07
7.875721988021838596e-07
7.886119211439273080e-07
7.884852975088208190e-07
7.877732684867517336e-07
7.881081348558923709e-07
7.903741573304886923e-07
7.877783318365129681e-07
7.880725534717614438e-07
7.886119211439273080e-07
7.875720225487505398e-07
7.890432209621394944e-07
7.873271415305543878e-07
7.890432209621394944e-07
7.879812959781028569e-07
7.877899283702359760e-07
7.888026038097270637e-07
7.876909518342351164e-07
7.906407527859036574e-07
7.877053100970677369e-07
7.881239362145460635e-07
7.896667292573431637e-07
7.882092529803999011e-07
7.882795026059236509e-07
7.888026038097270637e-07
7.902546721316027473e-07
7.876909518342351164e-07
7.906346399067171910e-07
7.873451494604980892e-07
7.883153091920955161e-07
7.882795026059236509e-07
7.882353201581575021e-07
7.883749221229064116e-07
7.882358613445233359e-07
7.907873971217458817e-07
7.879445663578504493e-07
7.899627128739692354e-07
7.879558572085616163e-07
7.874706850228515127e-07
7.888308248637737872e-07
7.903741573304886923e-07
7.877783318365129681e-07
8.011274511452000744e-07
7.884655775739180940e-07
7.879739888646863795e-07
8.038431461834297034e-07
7.874706850228515127e-07
7.876909518342351164e-07
7.956053953607220432e-07
7.880725534717614438e-07
7.882549391831126979e-07
7.888026038097270637e-07
7.899627128739692354e-07
7.882092529803999011e-07
7.887315463467383821e-07
7.910545663369671491e-07
7.904211535170867806e-07
7.877899283702359760e-07
7.928730619119981160e-07
7.882353201581575021e-07
7.882521308420974235e-07
7.904211535170867806e-07
7.877732684867517336e-07
7.879677708785951864e-07
7.902546721316027473e-07
7.882353201581575021e-07
7.934359867411796507e-07
7.889897226061723229e-07
7.919268479321504102e-07
7.885638984432745430e-07
7.875721988021838596e-07
7.879812959781028569e-07
7.884852975088208190e-07
7.889295085058578961e-07
7.898748242462364952e-07
7.894201825054020694e-07
7.883153091920955161e-07
8.010751877026599219e-07
7.877419249337650210e-07
7.876049418058823017e-07
7.898965450053556962e-07
7.875720225487505398e-07
7.886823136813298686e-07
7.910846492225278803e-07
7.888026038097270637e-07
8.011274511452000744e-07
7.910545663369671491e-07
7.874106578062788923e-07
7.885495932145931067e-07
7.882521308420974235e-07
7.874106578062788923e-07
7.890055954391243836e-07
7.905146818964238512e-07
7.877784867798315678e-07
7.894588458523950055e-07
8.011274511452000744e-07
7.879445663578504493e-07
7.878506470161894681e-07
7.882358613445233359e-07
7.885303324031857447e-07
7.906346399067171910e-07
8.011274511452000744e-07
7.902634739321291948e-07
7.883749221229064116e-07
7.889897226061723229e-07
7.904211535170867806e-07
7.877419249337650210e-07
7.879739888646863795e-07
7.877567684278886292e-07
7.879677708785951864e-07
7.903741573304886923e-07
7.902546721316027473e-07
7.882353201581575021e-07
7.873451494604980892e-07
8.061993154512033960e-07
7.879445663578504493e-07
7.934980881708832367e-07
7.879739888646863795e-07
7.885638984432745430e-07
7.889897226061723229e-07
7.882353201581575021e-07
7.879445663578504493e-07
7.879754794851504064e-07
7.883749221229064116e-07
7.890055954391243836e-07
7.878506470161894681e-07
7.906346399067171910e-07
8.095565007414255283e-07
7.902634739321291948e-07
7.875720225487505398e-07
7.889295085058578961e-07
7.887315463467383821e-07
7.887315463467383821e-07
9.526351567889893166e-07
7.894201825054020694e-07
7.873271415305543878e-07
7.910846492225278803e-07
7.877899283702359760e-07
7.887805189672522534e-07
7.881081348558923709e-07
7.902634739321291948e-07
7.879739888646863795e-07
7.881582544757315060e-07
7.877783318365129681e-07
7.904211535170867806e-07
7.889897226061723229e-07
7.909005765649783805e-07
7.880224250967684786e-07
