1.850810213084838951e+00
9.220905738859358491e-01
-8.553075207423940229e-01
-1.754097252188632439e+00
-3.812666386083258807e-01
1.397378379638337664e+00
3.730063410718952865e-01
-2.908571865679252522e-01
-1.128581672313054618e+00
-9.096830718499587798e-01
-3.236775447900008262e-01
4.236228058414694964e-01
-6.023225248885988314e-01
1.444375219937239940e+00
-1.796905067719974658e-01
-1.280132690960001263e+00
2.486960832811024036e-01
2.404084983044731672e-01
-4.810609031536007274e-01
6.952053143126195600e-01
-9.760418232099108415e-01
1.565426548644294202e+00
1.542970230475541493e+00
-1.955874666232718218e+00
3.820802928690346101e-01
1.355548863260081616e+00
-6.115765982468148731e-01
-3.899374637426684109e-01
-9.527794263593928337e-01
2.169739076194554875e-02
1.789932538468364254e-01
1.240343137043234678e-01
9.220342654133310001e-01
4.168072973542872872e-01
-1.049201403172369318e+00
1.122347842063203149e+00
7.147676651655066049e-01
2.173259852421919991e+00
5.314456437330429273e-01
4.560432980759239752e-01
-1.593833526260219235e+00
-8.402481609194750733e-01
-2.035608353773607215e-01
-1.119566580056241767e+00
1.447876605766661662e+00
-2.956917453550092501e-01
3.134780077283788602e-01
1.966973723308869382e-01
4.186592938720619661e-01
-1.676076841101366677e+00
-2.226667418472408233e+00
1.291817564465029267e-01
3.403521550528330608e-01
-8.184964305778988369e-02
-4.426632561823402590e-01
-7.198153702593238501e-01
4.608722928328380375e-01
2.666128432837011619e+00
3.468398768703772617e-01
4.688313863066816134e-02
-1.912414084703293993e+00
1.114758954543336178e-01
4.725812200172988531e-01
-2.729301700385414087e+00
-1.168569878766577252e+00
1.274953424766855914e+00
1.048554213959473458e+00
2.576034864819877868e+00
4.558255402041293536e-01
1.053558631579091381e-01
3.258714703996630213e-01
1.812394861813467539e+00
1.236449990826393508e+00
-1.864763347406032112e-01
-1.311937277533448576e+00
-6.550159801863615350e-01
-2.607146506717352152e-01
-9.007485979458419445e-01
1.568529093525068419e+00
9.762241756517450186e-01
-3.066995325254070481e-01
1.778500989678711841e+00
8.818206056824773320e-02
-5.956820402795069969e-01
3.688593197981036576e-01
-4.540511808827532025e-01
-3.067959214788247846e-01
-6.696130458380511463e-01
9.505054319944553076e-02
-1.072589248998949252e+00
-4.817399103951755523e-01
4.350313124841486689e-01
-5.008358895484325002e-01
-1.110985778669286939e+00
-6.004586233593314226e-01
-5.126258510975237881e-01
-1.502474543410181385e+00
-2.590004216174022655e+00
1.197438513261651405e+00
1.084145519832199867e+00
1.278992665915415494e-01
7.024127458018744052e-01
7.220519932749148717e-01
-9.005347528041994787e-01
8.549979693565376657e-04
7.977613428055124745e-01
4.470986607392778978e-01
-5.174329181121454235e-01
-6.276812885965032951e-01
-5.070350528327178807e-01
2.424527252486335938e-01
8.161619534107412699e-01
7.054764624044876919e-01
3.585927443663090575e-01
3.207194445570009100e-01
-4.056979299243876014e+00
4.383202374954477398e-01
-7.294426362114240225e-01
-3.984348757594310397e-01
-1.199082352329601919e+00
1.452558764713121064e+00
7.242778467818603572e-01
-6.743501670483457167e-01
4.402572062604659942e-01
8.934436991589006505e-01
-1.595203579398235316e+00
2.994639099367994994e-01
-8.830116000001534404e-01
-2.487491802246134753e+00
4.419150934934999997e-01
-1.495051278171699138e+00
9.972948997316550823e-01
5.047652439616252540e-01
5.739512189944515619e-01
-1.158826509013235334e-01
-1.439769831581505954e+00
-6.891778723393970907e-01
-3.216807144539138297e-01
-5.165828381411406989e-01
-7.004309963491652802e-01
-1.088615109156803928e+00
3.568330785315194653e-01
-1.074902165063094661e-01
-1.724584253388656396e+00
6.070475590438160207e-01
1.782427465272023781e+00
4.677598576209254788e-01
2.834461733630799785e-01
-9.869434604756071039e-01
-3.829553073962168042e-01
-8.184654227218123301e-01
-4.057493178791475863e-01
1.441545119365707173e+00
-3.767773280353353460e+00
9.445941391672996179e-01
-1.053690473406095673e+00
1.605063699441495739e-01
-1.951282439778372568e+00
-1.139089641229229732e+00
-5.475598633326927978e-01
4.222522067638878052e-01
4.432659479983988571e-02
9.163369227973326980e-01
1.196262636982314609e+00
-1.333647229958307978e+00
-6.000970537046614872e-01
-1.380306765802296720e+00
-1.996726472841344524e+00
-7.496054609973207272e-01
-1.968920309036803484e+00
5.785321453117769908e-01
-8.278027489390282767e-01
-6.339115414564827633e-01
-7.633561269934459048e-01
1.858134035464722000e+00
1.032994962657469484e+00
2.115758699453036684e-01
-1.356257226967546137e+00
-2.633713706529609566e-01
1.379353517199045420e+00
1.641473685201050026e-01
-1.969103147608348980e-01
1.284943025143563178e+00
1.176232261775266963e+00
1.439406307420995901e-01
1.177396797116765370e+00
-9.203804919264185758e-01
-1.512068147076244706e+00
-2.964952718212784943e-01
-1.272461433949249043e-01
1.083759194574466511e-01
-8.896045997437971309e-01
1.092432375478398887e+00
-1.932254342431888761e+00
8.293756778559695508e-01
-4.551421818070536807e-01
-4.522348281479950383e-01
-3.977340709699997978e-01
5.137936842263136628e-01
3.666121884036334100e-01
1.925043607477054941e+00
-1.256151744413584126e+00
-2.132465970508853115e+00
-1.802445303244432750e+00
3.271243947630355087e-01
-9.656357510574052894e-01
-2.947774658462873343e-01
9.600592680224144804e-01
-8.247951017509895788e-01
-8.563466213271389016e-01
-1.020293476349631412e+00
8.160560909276071140e-01
-2.669616493809744973e-01
-9.571067317462724766e-01
1.780392771272145680e+00
-1.042400168146370820e+00
2.144680720242093219e+00
3.006620304058708615e-01
3.417397233840291371e-02
-1.394117723977311707e+00
-6.401628667170778941e-01
1.498269091358787330e-01
-1.783411195832283191e-01
-1.366113682495599946e+00
-1.492550810400400385e+00
-1.294282481628730386e+00
-7.304502758903070880e-01
-3.917161125648050413e-01
-2.858856708622352083e-01
-1.024720672882494243e+00
-3.855473616932946768e-01
5.125996102744280192e-01
2.753396899912011545e-02
-4.451642982268904092e-01
-5.639056527707231314e-01
2.803397077792096903e-01
-4.647958341611598820e-01
-6.407747272560090357e-01
-1.711817267022709865e+00
7.808967318013655401e-01
2.796943836491092572e-01
-6.845155823457145239e-01
-1.115792740059055488e+00
6.286161165890825631e-01
-3.371126026399845488e-01
2.607971169092542230e+00
-4.684482068392490928e-01
7.499642894773049517e-02
9.594342367110909597e-01
8.149918634229552650e-01
-3.700978222324780020e-01
1.005579392861580962e-01
8.197985333345744197e-01
-6.753268476540386089e-01
-4.718280798519025598e-01
-5.164374366124696580e-01
-6.012674093974815920e-02
