1.116076375392719006e-01
7.958451193222138009e-02
-7.164289412364606147e-01
7.300690723689738926e-01
-2.744840405593131361e-01
-3.447227652005803833e+00
-7.725303411447151727e-03
2.172963986621057941e+00
-4.103815069466251048e-02
5.758602093402657163e-01
2.502660238447284025e-01
5.108995923422634394e-02
-6.935472240839458957e-02
7.050583138778246384e-02
1.528358307677350758e-01
-9.939638099346120859e-02
-2.862994258524513391e+00
-1.036157246508882107e-01
1.275051724719667434e-01
-6.990426916189776407e-02
5.101676943498185263e-02
1.476364855607430748e-01
1.970119046386161615e-02
1.997483209223947176e+00
-4.083084401552559584e+00
-8.261532981891395178e-02
8.355507317261090527e-02
3.481970829802411710e-03
4.618463344512516722e-01
-4.651704155291998433e+00
1.407506351638359698e-03
-2.625035300632799995e+00
-5.334572924370900582e-02
1.820628480362673496e-01
1.884820225455552389e+00
3.702342880101004707e-02
4.364584521268674577e-02
2.482659575423681542e+00
9.474046635461838561e-02
5.714562362182594099e-03
6.721628254991578177e-02
1.092858189784648548e+00
-2.557242047652296887e-02
2.435161622325268324e-02
-5.582983897769987214e-02
2.655462669715503932e+00
-1.992910960714938673e-03
4.135509562570862524e-02
-4.087784412960271396e+00
6.327956159634956501e-02
1.539707300796853973e-01
9.187410264839923624e-02
2.172958026291128483e-02
-3.715120286068983313e-02
-2.524800283144841284e+00
1.021264684086130026e-01
3.757889188481763898e-02
-4.083084401552559584e+00
-6.350939965134233534e-01
-1.742331975111263975e-01
-6.979536969902202515e-01
-1.089056637898677016e+00
-1.701616791661526018e-01
-5.725378079677986148e-03
8.403927296680382963e-02
-7.025498809183444715e-02
1.115236778546720570e-01
5.588243741164865275e-02
2.946387595944301552e+00
-2.779046501760635834e-01
4.851325297667778008e-02
3.595959440618695879e+00
1.195752278054076911e-01
9.731716995281991522e-02
-2.079242796841802854e-02
7.069792108046821233e-02
5.713910138006417228e-02
-9.840337475176305637e-02
2.026787752744917126e-02
-9.540194787871539850e-01
5.867723423507951314e-02
-1.004518164052666140e+00
1.015176135752701367e-02
-6.435041651832349441e-01
-5.583773608972679436e-02
-6.635928074561464607e-02
5.363476901601765823e-01
8.993037949673822473e-02
3.476053859701098286e-02
-8.483519566105334198e-01
2.092976332754596935e+00
-5.633959711296195050e-02
2.060639133014195767e+00
5.911560139742591535e-02
1.050587458277757902e+00
1.777368007902138114e-01
-2.940380268825483132e-02
-2.932844305980777944e-01
4.686332035320466688e-02
6.445733917487970199e-01
-3.203711502738885303e-02
-2.477485031942644120e-02
-2.593480069824815465e-02
-4.005114054112483314e-03
1.517687040272304722e-01
2.413059098812187636e-02
1.260989351982512441e-01
8.178366308779100313e-02
4.896525233714490999e-02
1.441127195828866836e-01
-2.628312015768451415e-01
-4.236695048926074625e-01
1.231875663933477971e-01
-2.960171407265440799e-02
-2.048394694781340009e-01
-6.507491676981591588e-01
-9.313758377589771431e-01
-2.503558565903226674e-01
9.349916155531699802e-02
-8.041079077992333013e-02
-1.286585510860933423e+00
6.947851024976056111e-01
8.977648878922188380e-02
-1.880323567825915809e+00
3.826272158224439113e-01
-7.747895434862406283e-02
1.515251051175316686e-02
-1.807483929299642245e-01
1.053064022181456338e-01
1.954175244503104092e-01
2.001998569350021406e-01
5.914236616465370355e-01
-2.543110538184570890e-01
1.127719441428321617e-01
-6.676930239291249680e-02
-2.830601515746303254e-01
7.357220590233637392e-02
-3.951249985516719354e-01
-2.199388104871944846e-02
2.092976332754596935e+00
4.911293503858832565e+00
-2.695017152924389592e+00
-4.701621072508960220e-02
-1.557041314053277392e-01
-3.793950761911839276e-02
-7.184443848839956737e-02
1.096444999497597633e-01
7.708749080320785596e-02
1.923999135789385487e-02
2.228563288618622129e-02
1.468877639025266413e-01
2.854103353868175583e-02
1.569371670824957210e+00
-1.861196973420437342e-02
5.642866641304011138e-02
-3.038822949806139206e-01
-1.730284409870730053e-02
1.114384330258041261e-01
-6.522363494858363260e-03
1.107240063716939948e-01
-2.847134967429717362e-02
1.583703916819324764e+00
1.137626399362709761e-01
4.270642433801024596e-01
2.058499466028091418e-01
-1.057972062805240081e-02
3.378659270962373895e-02
1.743133118036307716e-01
-2.355490866432634334e-01
1.634252803917710106e-01
4.808040375470746253e-01
1.000820730743531978e-01
-8.992183504004891414e-02
1.293570820987783032e-01
-3.724092128448206612e-02
-8.678395759559219824e-01
2.114490941458215326e-02
3.059239294366951009e-02
1.965880179043084208e+00
1.124292704037421986e+00
-2.805577574078151892e-01
-5.230978437198844366e-01
-1.355851044090897739e-01
-1.837343992659644931e-01
2.314102552308415321e-03
7.491618134578790188e-03
5.450739113637769612e-02
-1.459433851670390025e-02
-9.592873284126778310e-01
-6.287969323365966146e-02
1.309932352198878436e-01
2.332656315045257001e-01
-8.886480461130734643e-01
5.729805947205610529e-04
1.141860430512884189e-01
-4.548119596442760232e-02
6.113379986039957359e-02
4.270642433801024596e-01
4.858038161350990980e-01
-1.240594410944304282e-01
-5.581218627557237022e-02
-7.541825175541704285e-01
-3.861350213943847559e-02
1.304147884656184642e-01
-4.586136847569575181e-01
-3.538140729761562575e+00
7.206741881575467155e-03
-1.435143587171115731e-02
-2.358398293167157309e-02
1.020930720552175458e-01
9.930007534603008112e-02
7.284657684091776220e-02
6.645522462878906966e-02
8.458583401194655349e-02
-1.131879315398992905e-02
1.169781708825468926e-02
2.130107359450371385e-02
3.780076553098867670e-02
-1.262032152115993844e+00
-6.042615781388707696e-02
8.326094043786169685e-02
-1.922400335493158752e-01
7.498828170045299113e-02
1.356138974110621120e+00
8.029608957924309898e-02
2.081568597689490568e-02
3.053995019789275747e-02
1.634108823466282889e-01
7.294752403048709866e-02
-3.561538391467299752e-02
1.715012726551439215e-01
-1.830126619735193083e+00
7.882312659751386508e-02
1.190404989529159491e-01
-2.124233335213128182e+00
-6.507491676981591588e-01
-3.341637969078375292e+00
-2.290749831801263889e-02
3.102271044912583570e-02
1.754170107204646722e-01
3.261053239901744449e-01
-7.514192229404786927e-01
-3.348242669934131666e-02
8.394095504067751456e-02
1.893737012806002706e+00
-2.163008785814374058e+00
1.001706901036875652e-01
1.081185453102813665e-01
-4.229148390934253654e-02
1.994509299053621953e+00
-3.426874680287398528e-02
1.040171846783135984e-01
5.268274455751164459e-02
-6.005139544546025943e-02
5.600121964805877123e-03
-4.330216183837084371e-02
2.081575334387949783e-01
-2.576343243114520565e-01
-2.299752816758436624e-02
-1.249108817871149441e-02
7.118005371755958821e-01
-1.044742238982993898e+00
2.486729632269668588e-02
6.254387544667339149e-02
1.021026246955799022e-01
-3.450252872196873932e-02
1.014514854799847682e-01
5.872384319276388598e-02
-1.754496067446098539e-02
1.079632510121492500e-01
-1.024319775824223955e-01
-9.162257803429322278e-01
4.590342120822164113e-02
-3.412172192732570303e-02
5.191037789674785713e-02
2.197575338296386613e-02
-2.760740355939824558e-02
-7.215675340641983793e-01
-4.179336654501375481e-01
1.109004500687869932e+00
2.170072602854246011e-02
-2.121645673143283603e-02
3.601732240410187469e+00
8.992949245922401968e-02
-2.430100609811739698e+00
6.490219366837313153e-02
-1.137000433323866327e-01
1.531358600953854621e-01
3.067300656568909198e-02
-9.573905179070027471e-02
-1.445477363725681912e-02
-1.783662474695191236e+00
-5.327717248664957939e-02
-1.125857994035632872e-02
1.221463397723850618e-02
-4.447915233697847387e-02
-3.725103902081087354e-02
2.859743452778619466e-02
9.973016821709572433e-02
-1.622526034198935041e-01
-9.719111500950718963e-01
-1.126497975206820941e-02
-2.771511443621796356e-01
2.805279523495391933e-02
3.998538886180871897e-04
7.865347775528401530e-02
-3.271747683870668277e-02
3.748770551508289611e-02
-4.350206435213102335e-05
3.202841146095630753e-02
3.609845337347616923e-02
-2.077238946952704168e-01
1.121047078519359502e-01
-5.982211132907769291e-02
2.228563333258105558e-02
-2.829914416492510659e-02
-7.635439869296702098e-02
9.034027362431532038e-02
