-5.498069096512249176e-01
-4.425461966663416513e-01
-5.357778811378095529e-01
1.008483736878750925e+00
9.013777705484188330e-02
-2.216548706551621617e+00
6.252067801204045372e-01
-1.898892376078699651e-01
1.990227699477787660e+00
-1.111437965368703047e-02
2.106534629416165205e-02
-1.258236728745138810e+00
-3.214932051767376842e-01
3.394331580555584038e-01
-4.558763681029546766e-01
1.999721104951923012e+00
1.951625655771793033e+00
-1.347679765144394803e+00
-1.685969997336946413e+00
-1.369907264882230802e+00
-1.644975008778722936e+00
-1.606584738968412029e+00
1.602609489256298092e+00
-1.376833605670984839e-01
-1.609389760073418052e-01
2.576745536017497132e-02
-9.244358886545276377e-01
-3.080654772506036032e+00
-6.208481688899083473e-01
-9.061815731401772211e-01
2.101953657907469977e-02
-2.562058849317729869e+00
4.200551495540584268e-01
-2.461672238406275026e-01
1.487667360937085848e+00
1.834140160487959526e-01
-5.119689786052618041e-01
1.501038248871169600e-01
-1.227332379142759500e+00
1.132629377172005736e+00
8.567518163391930619e-01
-1.217400920696047439e+00
-1.277325792986864883e+00
-1.638609423250611430e+00
1.809284750307305512e+00
-5.775793476351871458e-01
1.597905482432431662e-02
-1.114709515248529570e+00
-1.222228076655325513e+00
1.141687510300819497e+00
5.322623389162849383e-01
6.009722810490858436e-01
7.807163400178398494e-01
6.832077018407557434e-01
-4.492791704311486778e-01
3.542542608214783728e-01
-1.067301575042493234e+00
-1.412291619400493303e+00
1.705268420187594725e+00
-7.537981346327468080e-01
1.580879924826388838e-01
-8.179099132321985266e-01
-1.132171211765748975e+00
2.071012561632127991e+00
-5.251784432736746888e-01
-7.811440245445951946e-01
-8.913799899706876806e-01
-2.742687424590364298e-01
1.153004754774584084e+00
-4.142370099271543982e-01
1.391265216107626213e+00
-3.179063735671108226e-01
5.852714489010597543e-01
9.582276097475480592e-01
1.029218088467207526e+00
-7.861362390539909650e-02
-5.050310065597561904e-01
1.172008878982609970e+00
-5.614304429382144246e-01
8.425662587662198222e-01
1.129927369453349595e+00
-1.056185260629178835e+00
-1.793948610971246582e+00
6.860181632944104546e-01
4.376049743480702747e-01
-1.311518269019769367e-01
-1.835558205412213040e+00
3.179096850385594308e-01
-1.042246663146707331e+00
1.892191073073858087e-01
-1.015724487439499724e+00
-1.546254428440208661e+00
-1.495572738348923236e+00
7.654004364078746958e-01
1.096462997842819753e+00
-1.246799506704482918e-01
6.912488108000786058e-01
1.003600567743736072e+00
1.043856288597199283e-01
-9.666488010776359552e-01
1.853718315674203643e+00
-1.470958163743527836e+00
1.041964464329582007e+00
-1.514388727918226429e+00
-5.907379212203832664e-01
1.259952805716260338e+00
-7.252102621661364878e-01
-7.883553611852163190e-01
8.488284845073552909e-02
1.312517749031273162e+00
4.333501289163281811e-01
2.805845181125174448e-01
-1.037811952244791724e+00
3.845907680106702003e-02
-4.017726692496076946e-01
-5.594066716239719517e-01
-2.203300676353955545e+00
6.369152415810779011e-02
6.275100450475654679e-01
-1.425974760263055030e+00
-1.753375395187957819e+00
-1.448965974983535743e+00
1.168112111686748111e+00
4.745181681856726064e-01
5.368198198549407607e-01
-1.486140022600847821e-01
3.601294727518846162e-01
8.687044137570596458e-01
-2.253584319657716550e-01
1.085441862342409580e+00
1.860161029292867862e+00
1.376724538648879337e+00
1.271842461045253225e+00
2.979643464767823824e-01
-1.908823755831069002e+00
6.924208411524417350e-01
-2.263533384641025145e-02
8.758616757695701915e-01
2.938468013745842433e-01
2.861820573468139561e-01
1.013568568051632424e+00
1.004596232844351400e+00
7.478478688990735090e-01
-2.678100289377610910e+00
5.260675552073890149e-01
9.560834698107464336e-01
9.632303371296605521e-01
-2.681771298216502619e-01
1.247153160717383580e+00
-3.210664506337110313e-01
-8.271426609013401432e-01
-6.317728097368865425e-01
-1.665486881339593717e-01
-3.703231463176566152e-01
-9.865269499947546539e-01
-3.738486563894364845e-01
1.717461286469097903e+00
4.966499659405183564e-01
-7.355839240394065337e-01
-1.139528233427347104e-01
-5.671796549940325560e-01
9.310794122449352894e-01
1.069830991441878432e+00
-6.698480651585801970e-01
1.155071860275789675e+00
1.088424794415773916e-01
5.837989948182511490e-01
1.071847298445960162e+00
2.637040627767547996e+00
-4.767811534528748618e-01
-1.434666849742131101e+00
2.525505899992742664e-01
3.409281843981680216e-01
3.057605507344143825e-01
4.097424800022866354e-01
-1.203729764437904803e+00
-1.002360703272747067e+00
9.684790407731597162e-01
6.718033426268201769e-01
4.469613781763401295e-01
-7.522545704326587535e-01
3.495090307949290653e-01
3.088260924878492020e+00
-1.469930364649922216e+00
-7.399191751525301397e-01
4.228881583944464895e-01
-5.113821655005338362e-01
1.057487976688966658e+00
-4.464617677628398562e-01
8.154641825639926678e-01
-7.824414391764609178e-01
-1.440068161981221673e-01
8.121473633852357432e-01
1.608713875822414208e+00
2.213760797977324390e-01
-1.226904901918259710e-02
2.009149396927297493e-01
-4.223070208718231466e-01
-1.323222905738434818e+00
6.570534516598747210e-01
-2.013552656142588576e-02
7.679216229804505245e-01
8.324485191738986156e-01
-7.450374790896205912e-01
5.800726387868967437e-01
-3.270521930181067433e-02
-5.039939423592864065e-01
-6.993627299540974840e-02
2.047510789323208513e+00
1.786379912252895164e+00
8.681358921135096107e-01
1.557039875876414792e+00
-9.123777687830612881e-02
9.993022738515593417e-01
2.109992315138920826e+00
7.710440049394160500e-01
-7.444842436227380178e-01
-1.135984162429415578e+00
-1.900083830425551845e+00
-9.363223623597400902e-01
-1.737089966118895434e+00
8.306747707144921389e-01
4.472815662762732458e-01
1.984768072183546783e+00
1.031645056819521455e+00
-1.782775379567984320e-01
-7.086338309819920633e-01
1.095907273416321548e+00
8.647450736857672515e-01
3.357650259323121666e-01
-1.880821746950756213e+00
1.153705754684618973e-01
1.009443725029520733e+00
5.360190465694232298e-01
9.685223093443205977e-01
1.230069002227728525e+00
1.247070090783368057e+00
-7.088001358741985447e-02
5.291571368724300450e-01
-1.775701550275882168e-01
9.408253763755228261e-02
-6.717747722659709320e-01
6.986181059214636724e-01
-2.768821875044301439e+00
-8.919479427770352631e-01
-8.043235975499166690e-01
-5.995865248739535858e-01
-7.789092943459230423e-01
2.467109417428742513e-01
5.654056079786761169e-01
2.123374861978512218e+00
4.190710917884453157e-01
-3.131626376236018583e-01
1.517824246332448057e+00
1.790047003757540223e+00
2.357469625183484574e+00
1.070183940333821748e-01
