3.693031057481654684e-03
3.634293925751950170e-03
4.360218618622871585e-03
4.340890805582583306e-03
4.197150903469169456e-03
4.305895148936506045e-03
3.936485173583006460e-03
4.288688644306784710e-03
3.594937588073595335e-03
4.374344729991524322e-03
3.594937588073595335e-03
4.034536164158364878e-03
3.046861980884831358e-03
3.132862588532977274e-03
3.808295180918111391e-03
3.987117087774498699e-03
4.216560946728175295e-03
3.069735093488907673e-03
3.634293925751950170e-03
3.987117087774498699e-03
3.808295180918111391e-03
3.808295180918111391e-03
3.936485173583006460e-03
4.401164461502514100e-03
4.216560946728175295e-03
3.227324184097267110e-03
3.917075130323999753e-03
3.863760976424874052e-03
4.186973727880750548e-03
4.288688644306784710e-03
3.594937588073595335e-03
4.390665968907460533e-03
3.479439470975883696e-03
3.808295180918111391e-03
4.197150903469169456e-03
3.770618385162712374e-03
3.594937588073595335e-03
4.417294119404725251e-03
3.479439470975883696e-03
3.883171019683880325e-03
2.891144787748016129e-03
4.058817801020683964e-03
3.479439470975883696e-03
3.770618385162712374e-03
4.098636438261438544e-03
4.602508035841037549e-03
3.122396654277785101e-03
3.863760976424874052e-03
4.269278601047778871e-03
3.653703969010956443e-03
3.252028519429356421e-03
3.271438562688362695e-03
3.350781490988480067e-03
3.594937588073595335e-03
3.967707044515492859e-03
3.863760976424874052e-03
3.575527544814589061e-03
4.216560946728175295e-03
4.367813235561830362e-03
4.186973727880750548e-03
4.134805297840480655e-03
4.325305192195512752e-03
4.098636438261438544e-03
3.187425341098475660e-03
3.808295180918111391e-03
3.936485173583006460e-03
3.770618385162712374e-03
3.594937588073595335e-03
4.431820101343876377e-03
4.269278601047778871e-03
3.299827835512761376e-03
4.354934686732518483e-03
3.152272631791983547e-03
3.404358887756517293e-03
3.936485173583006460e-03
3.252028519429356421e-03
3.653703969010956443e-03
3.098328006655876390e-03
3.479439470975883696e-03
4.402092179597778300e-03
3.575527544814589061e-03
4.421502222856784139e-03
3.206417531869748365e-03
4.367813235561830362e-03
3.051328633832030984e-03
3.132862588532977274e-03
3.863760976424874052e-03
3.207914140838260837e-03
3.594937588073595335e-03
4.134805297840480655e-03
4.058817801020683964e-03
3.936485173583006460e-03
4.607001132825215561e-03
3.299827835512761376e-03
4.528304315345752472e-03
3.712441100740660957e-03
3.187425341098475660e-03
4.390665968907460533e-03
3.299827835512761376e-03
4.530961412806770554e-03
4.134805297840480655e-03
3.987117087774498699e-03
4.134805297840480655e-03
3.653703969010956443e-03
3.168015297839469387e-03
3.770618385162712374e-03
3.863760976424874052e-03
3.168015297839469387e-03
3.967707044515492859e-03
3.252028519429356421e-03
4.223806259246691043e-03
3.808295180918111391e-03
3.917075130323999753e-03
4.078227844279690671e-03
4.247769056818249088e-03
4.078227844279690671e-03
4.491412016700945496e-03
4.186973727880750548e-03
4.015126120899359038e-03
3.594937588073595335e-03
3.575527544814589061e-03
3.936485173583006460e-03
3.575527544814589061e-03
4.434540334998650184e-03
4.421502222856784139e-03
4.154215341099486494e-03
3.350781490988480067e-03
4.607001132825215561e-03
3.594937588073595335e-03
3.917075130323999753e-03
3.808295180918111391e-03
4.367813235561830362e-03
4.186973727880750548e-03
3.319237878771767649e-03
3.883171019683880325e-03
4.223806259246691043e-03
3.917075130323999753e-03
4.305895148936506045e-03
3.751208341903706101e-03
4.058817801020683964e-03
4.402092179597778300e-03
4.243216302505697750e-03
3.712441100740660957e-03
4.167563684621744709e-03
3.883171019683880325e-03
3.917075130323999753e-03
4.015126120899359038e-03
3.517262512769566557e-03
3.594937588073595335e-03
3.936485173583006460e-03
3.883171019683880325e-03
3.653703969010956443e-03
4.526790363372583045e-03
3.479439470975883696e-03
3.712441100740660957e-03
4.288574196799219140e-03
3.575527544814589061e-03
3.712441100740660957e-03
3.404358887756517293e-03
3.207914140838260837e-03
3.653703969010956443e-03
4.434540334998650184e-03
3.350781490988480067e-03
3.917075130323999753e-03
3.863760976424874052e-03
3.827705224177117664e-03
3.271438562688362695e-03
3.460029427716877423e-03
4.098636438261438544e-03
3.808295180918111391e-03
4.436704162663731091e-03
3.967707044515492859e-03
3.987117087774498699e-03
3.517262512769566557e-03
3.883171019683880325e-03
4.421502222856784139e-03
3.207914140838260837e-03
3.207914140838260837e-03
4.434540334998650184e-03
4.371255925648454693e-03
4.442556384856187132e-03
4.078227844279690671e-03
4.034536164158364878e-03
4.098636438261438544e-03
3.827705224177117664e-03
3.594937588073595335e-03
3.808295180918111391e-03
3.460029427716877423e-03
4.034536164158364878e-03
3.987117087774498699e-03
3.770618385162712374e-03
3.634293925751950170e-03
3.936485173583006460e-03
4.098636438261438544e-03
3.967707044515492859e-03
3.423768931015523567e-03
3.594937588073595335e-03
3.917075130323999753e-03
4.616670008344240031e-03
3.370191534247486340e-03
2.594350978653909689e-03
4.196151578584288513e-03
3.594937588073595335e-03
3.712441100740660957e-03
4.616670008344240031e-03
4.460258670924810431e-03
3.423768931015523567e-03
3.479439470975883696e-03
3.517262512769566557e-03
3.575527544814589061e-03
3.863760976424874052e-03
3.751208341903706101e-03
3.517262512769566557e-03
3.536672556028572830e-03
3.319237878771767649e-03
3.152272631791983547e-03
3.863760976424874052e-03
3.693031057481654684e-03
4.453950378257656023e-03
3.152272631791983547e-03
3.271438562688362695e-03
4.167563684621744709e-03
3.936485173583006460e-03
4.494471666436383392e-03
3.066272024143837632e-03
3.594937588073595335e-03
3.594937588073595335e-03
3.808295180918111391e-03
3.863760976424874052e-03
3.168015297839469387e-03
3.751208341903706101e-03
3.808295180918111391e-03
3.987117087774498699e-03
3.712441100740660957e-03
3.517262512769566557e-03
4.078227844279690671e-03
4.223806259246691043e-03
3.770618385162712374e-03
3.693031057481654684e-03
3.634293925751950170e-03
4.434540334998650184e-03
3.536672556028572830e-03
3.536672556028572830e-03
4.015126120899359038e-03
4.530961412806770554e-03
3.808295180918111391e-03
3.967707044515492859e-03
3.575527544814589061e-03
3.936485173583006460e-03
4.267179100077254927e-03
3.808295180918111391e-03
3.808295180918111391e-03
3.460029427716877423e-03
4.098636438261438544e-03
3.917075130323999753e-03
3.132862588532977274e-03
3.808295180918111391e-03
4.223806259246691043e-03
3.423768931015523567e-03
3.594937588073595335e-03
3.936485173583006460e-03
4.575756397425434843e-03
3.712441100740660957e-03
3.479439470975883696e-03
3.770618385162712374e-03
3.370191534247486340e-03
3.808295180918111391e-03
4.058817801020683964e-03
3.917075130323999753e-03
3.751208341903706101e-03
3.883171019683880325e-03
4.411363444530976875e-03
3.132862588532977274e-03
3.936485173583006460e-03
3.102986611018778828e-03
3.770618385162712374e-03
3.370191534247486340e-03
4.544379765037969907e-03
4.305895148936506045e-03
4.526790363372583045e-03
3.350781490988480067e-03
3.653703969010956443e-03
4.305895148936506045e-03
3.207914140838260837e-03
3.423768931015523567e-03
3.634293925751950170e-03
3.594937588073595335e-03
3.883171019683880325e-03
3.594937588073595335e-03
4.528304315345752472e-03
3.098328006655876390e-03
3.827705224177117664e-03
3.423768931015523567e-03
3.883171019683880325e-03
3.653703969010956443e-03
4.058817801020683964e-03
4.134805297840480655e-03
3.827705224177117664e-03
3.863760976424874052e-03
4.247769056818249088e-03
3.319237878771767649e-03
3.936485173583006460e-03
4.434540334998650184e-03
3.370191534247486340e-03
3.102986611018778828e-03
3.227324184097267110e-03
2.755991272872012482e-03
3.536672556028572830e-03
4.034536164158364878e-03
3.808295180918111391e-03
3.168015297839469387e-03
4.216560946728175295e-03
3.517262512769566557e-03
3.370191534247486340e-03
3.460029427716877423e-03
3.987117087774498699e-03
2.755991272872012482e-03
3.827705224177117664e-03
