7.785958231998473256e-01
-8.524349029087793239e-01
4.134617495245623275e-01
6.768903304194822113e-01
-8.067555816283361603e-01
-6.604939247704648686e-01
2.279927419933695243e-01
-7.414074383734289841e-02
-5.541828340996398650e-01
-1.835566158949417659e-01
6.450252613715429240e-01
5.252675679514744456e-01
5.867955201632814033e-01
6.361710993462075248e-01
1.294764207760497721e+00
-1.900219346938785414e-01
-3.293051990195862144e-01
-1.114672593230875863e+00
-4.201711450981456819e-01
-5.074635811468525270e-01
-9.858159758823241692e-01
-4.843925990164594381e-02
1.055471985812608926e+00
-9.099301662575057237e-02
-2.769227588028165821e-01
7.395889952295003900e-02
8.186989044290559070e-01
8.944334416216170869e-01
-3.351042390419345374e-01
4.035899357324713305e-02
6.490675170778891223e-01
-9.774436793562217562e-02
4.110041999864642581e-01
1.397601829225670222e+00
-2.789659047434698280e-01
-6.907262480479468836e-02
-3.509108893057512057e-01
2.099217733153174448e-01
1.065007296489924871e-01
-2.345283871325763325e+00
-1.361772772051391245e+00
-3.645322458525810938e-01
2.815174754068616170e-01
-2.436047460324153036e-01
2.818875281360394558e-01
-6.506822184989197178e-01
-2.079985361720391612e+00
-5.008327283039478578e-02
4.954500494517230513e-02
7.816905804358335041e-01
1.621099044479771267e+00
6.995650474883776671e-01
-1.286338522534834494e-01
-2.207579783475558111e-01
5.012903271781240511e-01
-8.773519650003603898e-01
-2.135840065269764665e+00
-2.769227588028165821e-01
2.041258399627166042e-01
1.283497768897690294e+00
-1.065994632619726268e+00
2.631085341101149222e-01
-1.084728010881484073e+00
9.308791900679327380e-01
-7.071805109025517400e-01
-2.062157310348031736e+00
8.968498719731803348e-01
1.990869183187703895e+00
7.875502852535338771e-01
1.526952801552053707e+00
-3.541797881933932968e-01
1.302557390602693266e-01
6.837202134064996883e-01
4.954447448507744434e-01
2.627002511910336846e-01
-1.853983078097542370e+00
1.640894776782542586e+00
1.185221031045225581e+00
3.599483731655983565e-01
-8.813388327257967170e-01
5.580104011322569724e-01
-4.560760114297821022e-01
3.975922987810500547e-02
6.946659523283139626e-01
3.413202951850448086e-01
-2.026145187437446538e+00
1.653433249498795776e-01
1.654492549255372896e-02
3.733229682334064936e-01
2.250508210259406783e-01
-2.700722711449614066e-01
1.014495443199725067e+00
5.611891284477218411e-01
-2.063342062907586261e+00
7.190170507899991126e-01
2.921943689877321004e-01
-3.079127623174939682e-02
4.158605214707456477e-01
1.205736827207761319e+00
4.059460726954341458e-01
1.747049893966170053e+00
-1.087653877830830479e-01
5.389439779257844121e-01
1.391422672364328594e-01
-8.283426656417146594e-01
-4.007858719618681009e-01
7.376126995403547992e-01
-3.210114183479542693e-01
7.571163034401977576e-01
-9.059302784902308059e-02
-4.685608499377572067e-01
8.190404713297023097e-04
5.857264632824956685e-01
1.112021359462611603e+00
1.297432116119358714e+00
4.201754076967812446e-01
1.782677921183415393e-01
-2.737256203446059910e+00
1.876779985086687752e+00
-6.821509047726017627e-01
4.105725713246772268e-01
3.236582608627184832e-01
4.306927908625288737e-01
-1.031825490290228631e+00
-6.688885023013357856e-02
7.430692833699922284e-01
-2.543075121881815948e-01
5.454960482324402449e-01
4.787334948337271245e-01
1.684094374259255789e+00
7.867505607650201460e-01
1.271330274625357415e-01
-2.189783349033805671e+00
1.315676023764429603e+00
-1.912004561668062819e-01
-5.914341207967513947e-01
1.745794509885061352e-01
1.703866339114858519e+00
-1.823352884943904684e+00
-2.700722711449614066e-01
6.272213835930418036e-01
-1.710179987937289203e-01
-1.549365738049960139e+00
-8.059385515442429870e-01
8.188773217624254475e-01
-1.777277309185527843e+00
5.830031281055631301e-03
1.437296991872275553e+00
1.108909502490975640e+00
9.197017775981775056e-01
1.190644229742409799e+00
3.529953866379860195e-01
8.299946017282806843e-02
-1.477957462241016762e+00
5.583555991915308825e-01
1.470017136119627477e+00
-1.609607344432359310e+00
5.931716120510788226e-01
-2.518146225293101392e-01
-1.723972997383486916e-01
2.497782149537684515e-01
-9.674932321072185482e-02
9.252345583412256991e-01
-2.780236864394631802e-01
1.506266502369371096e+00
1.720510938771570575e-01
2.297816655362066099e-02
-5.546458185232648885e-01
-8.256249670427905363e-01
-7.453987571318289318e-02
1.481920646309426159e-01
7.233777428365891771e-01
-2.826826540676377952e+00
1.424958947204607140e+00
1.222627195893004171e+00
-3.865188979850077700e-01
3.768106507841504360e-01
1.275562583044626885e+00
1.311118271408055758e-01
2.448505686214452470e-01
-1.854793643255003566e-01
2.161402925325085211e-01
1.188658125510596575e+00
-1.340596769621126727e+00
-2.224242234828662124e+00
7.364365251370953436e-01
7.552525795967760525e-01
-1.879339819980593962e+00
-2.264873540640814364e-01
1.411628706138344513e-02
1.482732968295510156e+00
-6.966958504063498481e-01
6.298282603176723615e-01
1.745493668717344349e+00
2.023836852995250180e+00
4.104058254836647213e-01
3.478266752284030483e-01
-2.780236864394631802e-01
2.718311208464789241e-01
-2.445895111243391984e+00
-9.384403514660974999e-01
-1.084173873992398673e-02
3.162968808791121744e-01
-3.676429788817666688e-01
7.651472904759136773e-01
-2.046541719302330253e-01
3.306197926248836128e-01
1.028897152813429416e+00
-1.412561532876380310e+00
-1.855291911334135957e+00
5.343934856900817154e-01
-1.644602749381665285e+00
2.028905486745412379e+00
2.753349515215989807e-01
6.310690390601899624e-01
2.801200429121922131e+00
1.162563475726577478e+00
-5.383473063410721959e-01
6.804397456388026066e-01
-5.079067819736873268e-01
1.277304779190558515e+00
-8.092463644543750334e-01
1.584863233110659353e-01
-6.135469768969373794e-01
2.603633899787026529e+00
1.284442418917030038e-01
-2.966273290752963754e-01
1.513699829652477569e-01
2.414778498401508045e-01
7.680281850693907453e-01
-2.009263883211922064e+00
-6.529422890711825689e-01
1.365863888037888385e+00
-1.427248605052020003e-01
7.538951030051914692e-01
4.201754076967812446e-01
4.519404205260334206e-02
-2.576739689221775542e+00
-1.855067109448247153e+00
-1.258067413810314283e+00
-6.907998541229252165e-01
5.421139764894340463e-01
-9.670509488537744058e-01
4.931131449967781633e-01
1.090213234712269497e+00
-3.358568669913343518e-02
1.105227793948202475e+00
-9.503469087798843695e-02
3.669396844778756162e-01
8.637672592877383704e-02
1.301043409811556695e-01
2.160929037315308457e-02
-2.206303260826654733e-01
7.145262559366056809e-01
9.203443527026929083e-02
3.115569483321753430e-01
1.937535804403665018e+00
1.133831971881745504e-01
7.375617909389701188e-01
-2.418028625515320940e+00
-8.087913082492940997e-02
-2.859630981675426176e-01
6.303111789014553823e-02
3.769491358775611811e-01
-1.471474494833085456e-01
6.365645064034348710e-01
2.538911898595462846e-01
1.782723380891682252e+00
5.474138527423046130e-02
-1.969372850662624908e+00
-4.020112598335576215e-01
-3.021369880767197924e-01
1.651638650172317480e+00
-9.376896895530123510e-01
-2.142685397742474240e+00
6.271539798376761787e-01
-2.563075515909080337e+00
-6.281364096829841759e-02
-8.590443982834155001e-01
-3.614562763611812723e-01
1.325836609781455011e-01
7.242503213578679322e-01
-6.203560495959994370e-01
5.689965052468872742e-01
1.483553173489348787e+00
-2.785150676332711836e-02
-1.770766948119831374e+00
4.104992751554499275e-01
1.011197668696393048e+00
4.104267475191374914e-01
-3.044423187744543791e-02
-1.254666538556067634e-01
1.906431705666418175e+00
-2.276557565920877657e+00
8.294136846571625865e-01
2.791367519381690587e-01
1.652426361962800350e+00
-1.879100125852131375e+00
1.584899874010827769e-01
2.063270204416806752e+00
8.041642069068082321e-01
-8.012428314787893857e-01
-1.524204591155661481e-01
9.142473245892303035e-01
-1.446665047060195775e-01
1.040933559440701650e+00
-1.203242741545187622e+00
9.963040149795180378e-01
1.102032900182566166e+00
4.534681171215360074e-01
3.699229821048746203e-01
6.383109434781562008e-01
-1.151394359879325258e+00
-1.426303662789727200e+00
-1.477539304211022086e+00
7.089252050837074881e-01
-1.382908891928247508e+00
1.798509719858754741e+00
