6.619955789001955027e-02
6.620041366602132105e-02
6.822681015266267301e-02
1.505290260400567459e-01
5.935055042552316029e-02
1.512471446445354806e-01
6.735657398220525061e-02
6.748387290194181320e-02
1.594116954161203525e-01
6.738878114439740552e-02
6.547499397977182833e-02
1.494138552923175989e-01
6.555126922299082948e-02
6.894492875714143543e-02
6.584599778192236352e-02
6.620041366602132105e-02
6.808199366845474332e-02
1.537009595115850780e-01
6.748800353150408160e-02
6.733563879510848227e-02
6.575371022886750128e-02
6.915969203830597822e-02
6.822681015266267301e-02
1.511715746605051258e-01
6.795068146857365099e-02
6.567393482270328375e-02
1.543476633803980980e-01
6.560642352907065933e-02
6.772757778435579967e-02
6.606910146614022872e-02
6.575371022886750128e-02
6.750714306592836556e-02
1.519771993813895938e-01
6.544414754631464048e-02
6.748800353150408160e-02
6.808199366845474332e-02
6.547807710806088921e-02
1.503105721827975305e-01
1.500956193789561577e-01
6.743250831604399864e-02
1.502528973559676961e-01
6.783262551866034440e-02
6.550978128105532095e-02
6.748800353150408160e-02
6.743250831604399864e-02
1.512469551218586505e-01
6.763529023130092355e-02
6.733798474080002205e-02
6.748800353150408160e-02
6.566260427624891205e-02
6.743250831604399864e-02
6.828071245616759710e-02
6.822681015266267301e-02
6.584599778192236352e-02
6.738878114439740552e-02
6.808199366845474332e-02
1.548011483245126385e-01
6.544501220633149041e-02
6.735965711049431148e-02
6.783262551866034440e-02
1.519771993813895938e-01
6.739136128348874322e-02
6.575371022886750128e-02
6.783262551866034440e-02
6.547807710806088921e-02
1.500297936717498448e-01
6.748800353150408160e-02
6.772757778435579967e-02
1.530531546629385620e-01
6.783262551866034440e-02
6.754418427868234820e-02
6.783262551866034440e-02
6.738878114439740552e-02
1.488060114852320093e-01
6.772757778435579967e-02
6.555126922299082948e-02
6.584599778192236352e-02
6.732572754874807663e-02
1.481563645496929149e-01
6.800835629540348537e-02
6.775052882554787048e-02
6.560642352907065933e-02
1.583673031375406048e-01
6.755551482513671990e-02
6.750714306592836556e-02
1.616187696065807811e-01
6.706334875470799928e-02
6.808199366845474332e-02
1.532952481830709424e-01
6.755551482513671990e-02
6.763529023130092355e-02
6.739136128348874322e-02
7.099303229567688334e-02
1.480383085997795944e-01
6.874434624419575868e-02
6.555092831361057637e-02
7.099303229567688334e-02
1.479332608654750358e-01
6.733563879510848227e-02
1.514619079257000234e-01
6.748800353150408160e-02
6.856768428851267583e-02
1.482876767495739934e-01
6.818204406840507048e-02
1.503140732362153731e-01
6.560642352907065933e-02
6.331592533859665972e-02
1.594116954161203525e-01
6.763529023130092355e-02
6.544501220633149041e-02
1.581374877198787887e-01
6.783262551866034440e-02
6.772757778435579967e-02
6.775052882554787048e-02
6.732659220876491268e-02
6.743284922542425175e-02
6.584599778192236352e-02
1.506875914876654177e-01
5.495125229365863118e-02
6.732572754874807663e-02
6.550720114196396937e-02
6.750714306592836556e-02
6.545405879267504612e-02
6.567393482270328375e-02
6.547499397977182833e-02
6.808199366845474332e-02
6.743250831604399864e-02
6.555092831361057637e-02
6.650379559783795025e-02
6.855785751879654721e-02
6.560229289950839093e-02
6.547499397977182833e-02
1.541936659334725290e-01
6.606910146614022872e-02
6.733798474080002205e-02
6.732572754874807663e-02
6.733563879510848227e-02
6.547807710806088921e-02
6.634523015022925074e-02
1.508699001759067349e-01
6.735965711049431148e-02
6.822681015266267301e-02
1.495803279232666150e-01
6.555092831361057637e-02
6.822681015266267301e-02
6.567393482270328375e-02
6.567393482270328375e-02
6.733563879510848227e-02
6.733798474080002205e-02
1.491506118382606716e-01
6.732659220876491268e-02
6.938872306836180170e-02
6.560642352907065933e-02
6.544414754631464048e-02
6.584599778192236352e-02
7.140006080487626416e-02
7.328164080730968644e-02
6.566260427624891205e-02
6.567393482270328375e-02
6.567393482270328375e-02
6.855785751879654721e-02
6.706334875470799928e-02
1.544086187373139019e-01
6.732572754874807663e-02
6.620041366602132105e-02
6.584599778192236352e-02
6.733798474080002205e-02
6.963210882798129275e-02
6.743250831604399864e-02
6.620041366602132105e-02
6.650379559783795025e-02
6.560642352907065933e-02
6.555092831361057637e-02
6.732572754874807663e-02
6.915969203830597822e-02
7.174504794958391773e-02
6.735657398220525061e-02
6.732572754874807663e-02
6.808199366845474332e-02
6.738878114439740552e-02
1.499375061186949964e-01
1.562559077174453526e-01
1.557913308976944244e-01
6.686276624176233641e-02
1.591815427051662679e-01
1.509566218566637530e-01
1.526885783869904312e-01
1.502528973559676961e-01
6.706334875470799928e-02
6.733563879510848227e-02
6.743250831604399864e-02
6.547807710806088921e-02
6.783262551866034440e-02
6.755551482513671990e-02
6.738878114439740552e-02
7.060131530343774497e-02
1.519343247153753518e-01
6.560642352907065933e-02
6.550720114196396937e-02
1.525270387348804657e-01
1.478531442010046493e-01
6.733563879510848227e-02
6.555126922299082948e-02
6.763529023130092355e-02
1.501692567520074295e-01
6.567393482270328375e-02
6.560642352907065933e-02
6.755551482513671990e-02
6.595104551622690825e-02
6.738878114439740552e-02
6.735965711049431148e-02
6.595104551622690825e-02
6.750714306592836556e-02
6.550720114196396937e-02
6.755551482513671990e-02
6.575371022886750128e-02
1.495803279232666150e-01
6.743250831604399864e-02
6.567393482270328375e-02
6.738878114439740552e-02
6.634523015022925074e-02
1.502528973559676961e-01
6.555126922299082948e-02
6.732572754874807663e-02
6.733563879510848227e-02
6.743250831604399864e-02
6.584599778192236352e-02
6.795068146857365099e-02
6.938872306836180170e-02
6.783262551866034440e-02
6.748800353150408160e-02
6.761353532128681898e-02
6.550978128105532095e-02
6.735657398220525061e-02
6.595104551622690825e-02
6.755551482513671990e-02
1.493653751194252421e-01
6.732659220876491268e-02
6.575371022886750128e-02
5.803159009590717898e-02
6.808199366845474332e-02
1.488060114852320093e-01
6.732659220876491268e-02
1.578336108842129382e-01
6.550978128105532095e-02
6.739136128348874322e-02
6.550978128105532095e-02
1.566827283269460747e-01
6.855785751879654721e-02
1.586537197064383786e-01
6.772757778435579967e-02
1.640765664663386136e-01
6.550978128105532095e-02
6.761353532128681898e-02
6.855785751879654721e-02
6.783262551866034440e-02
6.754418427868234820e-02
1.559701363162052656e-01
6.763529023130092355e-02
6.808199366845474332e-02
6.755551482513671990e-02
1.497902194188981406e-01
6.748800353150408160e-02
6.748800353150408160e-02
6.743250831604399864e-02
6.595104551622690825e-02
6.772757778435579967e-02
1.491649821291564093e-01
6.748387290194181320e-02
6.748387290194181320e-02
6.738878114439740552e-02
6.606910146614022872e-02
6.739136128348874322e-02
1.498577307125307789e-01
1.521656838345445406e-01
6.772757778435579967e-02
6.584599778192236352e-02
6.795068146857365099e-02
1.501692567520074295e-01
6.783262551866034440e-02
6.763529023130092355e-02
6.567393482270328375e-02
6.584599778192236352e-02
1.481482136693164087e-01
1.478531442010046493e-01
1.525270387348804657e-01
1.641002133538063124e-01
1.497225533148536236e-01
6.743250831604399864e-02
6.735657398220525061e-02
6.550720114196396937e-02
6.735657398220525061e-02
6.053142451154302356e-02
6.739136128348874322e-02
6.783262551866034440e-02
6.748800353150408160e-02
1.541936659334725290e-01
6.584599778192236352e-02
6.584599778192236352e-02
1.516909389557558607e-01
1.500297936717498448e-01
6.575371022886750128e-02
6.547807710806088921e-02
6.783262551866034440e-02
1.498577307125307789e-01
6.595104551622690825e-02
1.559701363162052656e-01
6.667627751636312494e-02
6.595104551622690825e-02
6.783262551866034440e-02
6.894492875714143543e-02
1.488060114852320093e-01
1.498577307125307789e-01
6.797589793098898769e-02
6.733563879510848227e-02
1.502528973559676961e-01
6.544414754631464048e-02
6.545405879267504612e-02
