2.345570678127900134e-03
2.644501676676399866e-03
2.716720086994200197e-03
3.143083792525299801e-03
2.259923657311600168e-03
2.855972050753600132e-03
3.140909373752299831e-03
2.458765652959000146e-03
3.364376176525600212e-03
2.521810338884599833e-03
2.781572790062700109e-03
2.759079174929299997e-03
3.032460039454400094e-03
2.822297223318300137e-03
2.622865138335899859e-03
2.850673292248900176e-03
3.105367435307199945e-03
1.957303863165300167e-03
2.182745714872899850e-03
2.421489281407800034e-03
2.570811669204099790e-03
2.899412029326899932e-03
2.996560830255499876e-03
3.338643453736900128e-03
2.812347219655099862e-03
2.740615712358899798e-03
2.879706239021700108e-03
2.516406581453500043e-03
2.948471268258900154e-03
2.615810814417500116e-03
2.737528137792199882e-03
3.092306679502799908e-03
2.403208416697900137e-03
2.834282637223099841e-03
2.902763364866800012e-03
3.001097650779100193e-03
2.513545317258599875e-03
2.681833472959299983e-03
2.806984609379900054e-03
2.974817511088100053e-03
3.101357236009800143e-03
2.599914411278800123e-03
3.081582193894099805e-03
2.476286788031700076e-03
2.178548773403699793e-03
2.685359685137799803e-03
2.596956340259499920e-03
2.897843842604099981e-03
2.608824551047799877e-03
2.663928995388499792e-03
1.976589553055200111e-03
3.156945319600700049e-03
2.348443974457699833e-03
2.598929842106400059e-03
2.279372152082299874e-03
3.227581982747800005e-03
2.182093664072500081e-03
2.346586063023600125e-03
2.564218987538999846e-03
2.248597775160400027e-03
2.797063585162600039e-03
2.853677961693999818e-03
2.639183785254899973e-03
2.857960298973399958e-03
2.822711003391099784e-03
2.970248850891199933e-03
2.771795996001899954e-03
3.307272916568699834e-03
3.200295638032499800e-03
2.533832889907200198e-03
2.619415453046699920e-03
2.891334513745299952e-03
2.514973903232499853e-03
2.552273523489100027e-03
2.075640736122999919e-03
3.187680933487699927e-03
2.812007967226800003e-03
3.123311377210699884e-03
2.801568210685599983e-03
2.467665800234200048e-03
2.737521934213000066e-03
2.783436518937899840e-03
2.594798284038699835e-03
2.526285315334600087e-03
2.855186404606200115e-03
2.348254903810599852e-03
2.809089286972799981e-03
2.392269447855600081e-03
2.862907439989200060e-03
2.239821592362899964e-03
2.917188039466999793e-03
2.243972542402100125e-03
3.024681446454700016e-03
2.800067523650699892e-03
2.886294021544499877e-03
2.851906966698699794e-03
2.835747031640799797e-03
2.820520262731099868e-03
2.637931027415899889e-03
2.771540070874899987e-03
2.692327887893699971e-03
2.893758385398999787e-03
2.738847590888899858e-03
2.838825410507500070e-03
2.625757964480199963e-03
3.051743000784699986e-03
2.520684741144199863e-03
2.415973928554900150e-03
2.529141668967700186e-03
3.083937254826200208e-03
2.948047123471500032e-03
2.867397890900600082e-03
2.574537714633400205e-03
2.852158535719500048e-03
3.113202425119799849e-03
2.722977749714400059e-03
2.006442077149599851e-03
2.451046743633300030e-03
2.536128117137000093e-03
3.287621613900399819e-03
2.912773402069700028e-03
2.706548637390700143e-03
2.554027159372600133e-03
2.921125272484600098e-03
2.581488202687799976e-03
2.647561475403000051e-03
3.113527634343099797e-03
2.405438462685600097e-03
2.736955558480999844e-03
3.153318867619700049e-03
3.101565680263700109e-03
2.851829963018400003e-03
2.619785580083599987e-03
3.019190754545600201e-03
2.247077378950300061e-03
2.917962206673600182e-03
2.742611083512200027e-03
3.069488044989199856e-03
2.441904859703099891e-03
2.559738517289300141e-03
2.768044978353500097e-03
2.950065753183400176e-03
2.199314017857500157e-03
2.654030156198499812e-03
3.221588578988899849e-03
2.636859503038700182e-03
3.015220342736099797e-03
2.583545060576800112e-03
2.812052673702099964e-03
3.027410857125200153e-03
2.706839252144199997e-03
2.815076014326200072e-03
2.377851407034099838e-03
2.961026036222399929e-03
2.468549427907000202e-03
2.551478003448499985e-03
2.449202804489600087e-03
3.164251738837700091e-03
2.518634694700499881e-03
2.214345228918899837e-03
2.068668279311099926e-03
3.038210050610099834e-03
2.822122353698199894e-03
2.787026639911299904e-03
2.578765632178900164e-03
2.609469788344300108e-03
2.802291774442299942e-03
3.253877413974599897e-03
2.344324643292800166e-03
3.350633603657499852e-03
2.886901792999399963e-03
1.928817218745800107e-03
2.851341500710299903e-03
2.935788125137599874e-03
2.278865900575200061e-03
2.709743028393900213e-03
2.748356458980499850e-03
2.304849114286900130e-03
3.107840529741600147e-03
2.560597158176500070e-03
3.089524445153200068e-03
2.214316873266100084e-03
2.743791297266599989e-03
3.216805507127000214e-03
2.812243767529100033e-03
2.610998008471099915e-03
2.955489960794900183e-03
2.798135546857300100e-03
2.484800794741000123e-03
3.078491352454700014e-03
2.843745948732300140e-03
2.569328674539200167e-03
2.551903933486900089e-03
3.056095199857299972e-03
2.499365253022100154e-03
2.330247178435800124e-03
3.184016525045599896e-03
2.549423196629100035e-03
2.531645133659800144e-03
3.393621709652600016e-03
2.203562396272399932e-03
2.562051749848400038e-03
2.299781308238500136e-03
2.507256908231099944e-03
2.815271798732000078e-03
2.780451395581500038e-03
2.709021350554099896e-03
2.430759608769600053e-03
3.080401030782599966e-03
2.324876716395200132e-03
3.013784925118400109e-03
2.852783125997199881e-03
2.826840611677599799e-03
2.707664548638299973e-03
2.754934243118600020e-03
2.740756397260700038e-03
2.669731737713499937e-03
2.880683777415000198e-03
3.214996408554000006e-03
2.773393747109899853e-03
2.818145853699500179e-03
3.064275778629099983e-03
2.832386641667699982e-03
3.060722761210300184e-03
3.056645605309200094e-03
2.453342056758399913e-03
2.595998621320299866e-03
2.407383022994799993e-03
2.846388198424999998e-03
2.536448765914800074e-03
2.330895620205299806e-03
2.672435800136300013e-03
2.941478931196800199e-03
2.387292797813799893e-03
2.341184530271600128e-03
2.838294438782299877e-03
3.460722971427699843e-03
2.270548681083500199e-03
2.840767989826499963e-03
2.745575714820599946e-03
2.977264818515300109e-03
2.615727302231200119e-03
3.191945662523900176e-03
2.695312028693600068e-03
2.790745872513300183e-03
2.707879929054600020e-03
2.660033638317699928e-03
2.407993935033300118e-03
2.572286795947500201e-03
2.589628649435499804e-03
2.394048747088900041e-03
2.935480879994299946e-03
2.121942528814499927e-03
2.778925529601399859e-03
2.833174008904999937e-03
2.816362763817699833e-03
2.518562895355699969e-03
2.906478740969999867e-03
2.721250605298400089e-03
2.840839582778400142e-03
2.998671894313300126e-03
2.876248303141700196e-03
3.177189779617299939e-03
2.512840858444500072e-03
2.502919566436400105e-03
2.867676838644000158e-03
2.370487020366600014e-03
2.629701980860999974e-03
3.090662225349600188e-03
2.699015077064399921e-03
3.020784064934199827e-03
2.953951952918499983e-03
2.687285488806900099e-03
2.496928805632299842e-03
2.824086516407899906e-03
2.827374385103800097e-03
2.551946653187100143e-03
2.723445255750600071e-03
3.037770766410300208e-03
2.646381281875700032e-03
2.934149718233500063e-03
2.682453397267900008e-03
2.623099128453400090e-03
2.861173213784999961e-03
3.012893941276900169e-03
3.115696088736799856e-03
2.964655762102099811e-03
2.432321550393000149e-03
2.835745088738599994e-03
3.188105178265300196e-03
2.766914541684799972e-03
2.445194654154800133e-03
2.624489380374699869e-03
2.585342511808899971e-03
2.296540775893599930e-03
2.813314026745799938e-03
2.636178465114799845e-03
2.652191931913999885e-03
3.000020114094200177e-03
3.336575941889899886e-03
3.295304528616700094e-03
3.160496775641200191e-03
2.682093328899100206e-03
3.319561720631200065e-03
2.618972301286999916e-03
2.674696741024400106e-03
2.553490924819800008e-03
2.232992150564599900e-03
2.551835389884299886e-03
2.356502164938099973e-03
2.375268980903900030e-03
2.587879345585200174e-03
2.588232456156100078e-03
2.931563797657400078e-03
2.970373673623300046e-03
2.651986843093499802e-03
2.250689030691200177e-03
2.957652457242999824e-03
3.062225228403099835e-03
3.053188234779900031e-03
2.950132587351799850e-03
2.798144067322299883e-03
2.954157558144199919e-03
2.679264384744499926e-03
2.748258662021300144e-03
2.797990814862900012e-03
2.365038590935100195e-03
2.544952842490200064e-03
3.124893941157399959e-03
2.594189030107599790e-03
2.833664650325399929e-03
2.932227728718100109e-03
2.724060965694300070e-03
2.696125117371299916e-03
2.719887573556999897e-03
2.974944714686400104e-03
2.709398986481999835e-03
2.735322725946800169e-03
2.863801614184200046e-03
2.223349525865800022e-03
2.324389134074499822e-03
3.190699862175099943e-03
2.707727963543799920e-03
2.987441819165099870e-03
2.242834650131200151e-03
2.734361610461799857e-03
3.015605832470900135e-03
2.645578604928800186e-03
3.341574981089899792e-03
2.579978190281400144e-03
2.598200618966299818e-03
3.030970182679600198e-03
3.296008257818599813e-03
2.671309580613399990e-03
2.122110648730400097e-03
2.463563786887299888e-03
2.943475149944000009e-03
2.759011865469999936e-03
3.053005883107100162e-03
2.558957772549599972e-03
3.302050570619699879e-03
2.640825836783100133e-03
2.492774018701800209e-03
2.829405213398999974e-03
2.649519784061099819e-03
2.490431599835299901e-03
2.854724319138599985e-03
3.013716893245400007e-03
2.805799474743100180e-03
2.659943768648100147e-03
3.033015454000399791e-03
2.748504219109400033e-03
3.180191777619400043e-03
2.630632145088099890e-03
2.290008162734699908e-03
2.402715468232099940e-03
2.821248537495599836e-03
3.072839404567700040e-03
3.152911516552899841e-03
2.713749919693499851e-03
2.538300124985800200e-03
2.593494648592399848e-03
2.958373577635100161e-03
2.627471943404100212e-03
2.796417850019100072e-03
2.726611295088300028e-03
2.938351796282700004e-03
2.353660430745000039e-03
2.944353520370199869e-03
2.698037662767300161e-03
2.584505635686499929e-03
2.802758553171099884e-03
3.098101557093899897e-03
2.496438467957399956e-03
2.728739536757499983e-03
2.942277931547499815e-03
2.874059529432800107e-03
2.660351177290600205e-03
2.995478309617299884e-03
3.006771353026800164e-03
2.614151189014000086e-03
2.097195014340799864e-03
2.671116228224699844e-03
2.908758810520099825e-03
3.412513606672799935e-03
2.773542655259799913e-03
3.162325632907699892e-03
2.563734614168900004e-03
2.848616318834500030e-03
2.716954059732999954e-03
2.981704381511499861e-03
2.537900497395799947e-03
2.834813042192999791e-03
2.655866637762599892e-03
2.912569439094299818e-03
2.569284588785500194e-03
2.894607712369599937e-03
2.948965414823500209e-03
2.978469112308799929e-03
2.431591862759300074e-03
2.834374294198800052e-03
2.844144251732599882e-03
2.556429421002500042e-03
2.075283948778600205e-03
2.432235382580699799e-03
2.718731416977200003e-03
2.755300092005800137e-03
3.374308628085999785e-03
2.035241552423699800e-03
2.253813534737400103e-03
2.838781441663400153e-03
2.925292872876500156e-03
3.330894950510999812e-03
2.352352041125899823e-03
2.055155496361800102e-03
2.526573900085999930e-03
2.665092615788100180e-03
2.555628114282699950e-03
2.214242811398699912e-03
3.027682761284599885e-03
2.757762232369999952e-03
2.935380776599100152e-03
2.776900782331899898e-03
2.743267083979999792e-03
2.734224843303199783e-03
2.946430447685399918e-03
2.638903795419100112e-03
2.834603021182600154e-03
2.759432984313500096e-03
2.645295399428600203e-03
2.176837390772299978e-03
2.621047599831300128e-03
2.802638486803100092e-03
2.833704990432299800e-03
3.257682190412899883e-03
2.728048296038100128e-03
3.082801852798099963e-03
2.796504490288800014e-03
2.473266398517400076e-03
2.743667587470500178e-03
2.835529647193300081e-03
2.890187783764399960e-03
3.167560198076499901e-03
2.687123956357399986e-03
2.803352135222000104e-03
2.541525656979199983e-03
2.672352692659699797e-03
2.836670164701200064e-03
2.398640401249900120e-03
3.056945834397899880e-03
2.942078444380700087e-03
2.496633170514199820e-03
2.407810053201200201e-03
2.438337663786599961e-03
2.587273293018499832e-03
2.865206437655299938e-03
2.747953805663100064e-03
2.916050726826400173e-03
2.668753991685000014e-03
2.369122039045999922e-03
2.636649646866599805e-03
2.935193994681199823e-03
3.015971610165099973e-03
2.217966821026299933e-03
2.798400249332400145e-03
2.958740380262300015e-03
2.808096655400200200e-03
2.901701829728600083e-03
2.827495354704499895e-03
3.108426755097499789e-03
3.161455915155000039e-03
3.175732750364600003e-03
2.849624801539899811e-03
2.385074772896600068e-03
2.362567202734599820e-03
2.571995403811800068e-03
2.372584867030199871e-03
1.801893720491900023e-03
2.728887604190699794e-03
2.603437655472900028e-03
3.212633085632599864e-03
2.745174889595099806e-03
2.895820199517800189e-03
3.201281146361899862e-03
2.820304391533199999e-03
2.545962492407100042e-03
2.706689036873799990e-03
3.354304321763500185e-03
2.512492207023000156e-03
2.972565082425899802e-03
2.350235957399699881e-03
2.560323323864300161e-03
2.916483420341699911e-03
2.614267249147299993e-03
2.939457592026299866e-03
2.831393313291799812e-03
2.630773268384799940e-03
2.518420850189699838e-03
2.471588686494600139e-03
2.731928082896799889e-03
3.101889982663700012e-03
3.208489675555399948e-03
2.361096149984899962e-03
3.007046212637299893e-03
2.699274680695599917e-03
2.812400177618999859e-03
2.797260015284600172e-03
2.600721522345800143e-03
3.146687332653299880e-03
2.665010797971600030e-03
3.105610081981500115e-03
2.598693715533300155e-03
2.531318740608299797e-03
2.652056688935399906e-03
2.760078453265900084e-03
2.671835055792600149e-03
2.921927548142500084e-03
2.361138729880200154e-03
2.734214817537199832e-03
2.580637904196800107e-03
2.446078711255299850e-03
2.465029180114799903e-03
2.449806761305399917e-03
2.460689117475700020e-03
3.184711218895800149e-03
2.123298471279299899e-03
2.842821738646500018e-03
2.638675278778800006e-03
2.642443247620899875e-03
2.995160265784500061e-03
2.466858304656299912e-03
2.243973437914199929e-03
2.957096618180199941e-03
2.407106635885300147e-03
2.693372303596499803e-03
2.596534414487399866e-03
2.710878798726999803e-03
2.795565776963100050e-03
2.867921636379599896e-03
2.468534333408000086e-03
2.349839281254399812e-03
2.393223579009600126e-03
2.030822644357299991e-03
2.528942180154699921e-03
2.390858876403200058e-03
2.470661695529700105e-03
2.755445862431600123e-03
2.679367992917000129e-03
2.990716318309499886e-03
2.889505588587699958e-03
2.982440499498700045e-03
2.743148167499100034e-03
3.166379452117899958e-03
2.885998832219500206e-03
3.136707933799499828e-03
2.755150121209899803e-03
2.739922831444900012e-03
2.766145157676599877e-03
2.903266957364100155e-03
2.905961482425699956e-03
2.802767056352000168e-03
3.394488587388300085e-03
2.853478960721700115e-03
2.808648963201400110e-03
3.116335338895599976e-03
2.588239222510100180e-03
2.782451118561100195e-03
2.778295082041800073e-03
2.780883220021799877e-03
3.019600463288900187e-03
3.096984358307500098e-03
2.620452236195299975e-03
2.464912928438400038e-03
2.804436530886599867e-03
2.654328491608399891e-03
2.417268931761900035e-03
2.169324245491700137e-03
2.156453284857899871e-03
2.291028675282799805e-03
2.621232314252700066e-03
2.322208122612000065e-03
3.341507838613400148e-03
2.919307097775400081e-03
2.660657952040799794e-03
2.997146313338599870e-03
3.105120253392300040e-03
2.981107469570900160e-03
1.833238972802500068e-03
2.725559205427400145e-03
2.538740209405200045e-03
2.772195750941299896e-03
2.781391821080400097e-03
2.531614626885799954e-03
2.486034679779699792e-03
2.774763460711700096e-03
3.020344025996800092e-03
2.571956695405100066e-03
3.001908673560800198e-03
2.735302225548900089e-03
2.113198723649799965e-03
1.932933261178099941e-03
2.767612144806700075e-03
2.562430578409399893e-03
2.215909202225099794e-03
2.656120085602100157e-03
2.849567402605000018e-03
2.792762885992200027e-03
3.195035692820299977e-03
2.917256417424800036e-03
3.126277485344300128e-03
2.761444564446899862e-03
2.470019505767799984e-03
2.854770295505999842e-03
2.620390866759699823e-03
2.710405796421699789e-03
3.283613380497500157e-03
2.932490129438300192e-03
2.466369626870800000e-03
3.081245060521300028e-03
2.708102209319000059e-03
3.117724085330900001e-03
1.406608841732500054e-03
3.367998680154099794e-03
2.470627310182900178e-03
2.752390735937700061e-03
2.388497044842400035e-03
2.558431388273500057e-03
2.805130583470599823e-03
2.622316143632800068e-03
3.045743375606100103e-03
2.389838320863900151e-03
3.332777455498199797e-03
2.326153321647800049e-03
2.769297467743299813e-03
3.396784997315599811e-03
2.660001333193000046e-03
2.578211196015599976e-03
2.864036554125099897e-03
2.667442776130300123e-03
2.978653000301199980e-03
2.892259460981099969e-03
2.884196442874699916e-03
2.946310855727799979e-03
2.988240990468700193e-03
2.927743359895700059e-03
2.789014891818999975e-03
2.643083324233999956e-03
2.888204354158400208e-03
2.721705082712099801e-03
2.650892776177500056e-03
3.145025718528499797e-03
2.579355429700599944e-03
3.130656574550100095e-03
2.804833141871200183e-03
2.419376582930900157e-03
2.815437373363499900e-03
2.715381445560000138e-03
2.487533166221500211e-03
2.680050584109899998e-03
2.995885524823100124e-03
2.477399634657599832e-03
2.520502240965099856e-03
2.415491944641199977e-03
2.915515730757899972e-03
2.304101380199200053e-03
2.202359540745099827e-03
2.578978562750700206e-03
3.414646566230299975e-03
2.705110538941099801e-03
2.397442629913800003e-03
2.735008023343500020e-03
2.735910613243800176e-03
2.513532262975399882e-03
3.032177251974900196e-03
3.311711520305200135e-03
3.179620746819500094e-03
2.425853173824799990e-03
2.998723272621000007e-03
2.632703167894800186e-03
2.428005714677800020e-03
2.802049266836699904e-03
3.075837590800200097e-03
2.585801915754600173e-03
3.041902060590899893e-03
2.614157982818600141e-03
2.702700401648700131e-03
2.546800425630000100e-03
2.470634663324599873e-03
2.570212825266099919e-03
2.411949144454300122e-03
2.572018354075400210e-03
2.789803374162300089e-03
2.703315348232500099e-03
1.750552634703399918e-03
2.703700990815799919e-03
3.034369260241599840e-03
2.671968577761600107e-03
2.798237526330999911e-03
3.201181284801099796e-03
2.536176309399399992e-03
2.915583178639700058e-03
2.612006468287199866e-03
2.599518110122100122e-03
2.757469277170299972e-03
2.598862506068899854e-03
2.786063286320600123e-03
2.548959421363699955e-03
3.062799228377999835e-03
2.800096278926700061e-03
2.764046476262100108e-03
2.698217090850800123e-03
2.396653633505799793e-03
2.666134826169300198e-03
2.880819671618399958e-03
2.778692469315000198e-03
2.969760043827499897e-03
2.556264916301999920e-03
3.183032015332900016e-03
3.155140892527300185e-03
2.796077861328899808e-03
2.519900698953999978e-03
2.823649668380400195e-03
2.653058216374299793e-03
3.076479961116200101e-03
2.897751125450999908e-03
2.838016091411699887e-03
2.996562893409400203e-03
3.255623704016899923e-03
3.242985676634100190e-03
2.898813794617199815e-03
3.193659828046800132e-03
2.817150864364799823e-03
2.354836451297500147e-03
2.303153869028600007e-03
2.626872168566799989e-03
3.122096543265299919e-03
2.365387329801800064e-03
2.761743668057899895e-03
3.095282459180899882e-03
2.910359760344800092e-03
2.839558213265500151e-03
3.057011868575900109e-03
3.218745777851099790e-03
2.816487050342199924e-03
3.167371408579800190e-03
2.931202673182799808e-03
2.736277891459199928e-03
1.900353705956600060e-03
2.968021995824199951e-03
2.455483433534199917e-03
3.094731647926000050e-03
3.329318049922500109e-03
2.801721941132000095e-03
2.929179483542999982e-03
2.677669608018700201e-03
2.678832829727799836e-03
2.791540840241100128e-03
3.600407343005200111e-03
2.688174677370599921e-03
3.166326907606800169e-03
2.890303427978900032e-03
2.704448440569800181e-03
2.898227592062400156e-03
2.590383823487299973e-03
2.899350845548999932e-03
2.648353241915200103e-03
3.175160610160000004e-03
3.087502570044500100e-03
2.349411449879300080e-03
2.735771021071300210e-03
2.572022572213299944e-03
2.393201472334499820e-03
3.022223301569300011e-03
2.539586490877899887e-03
2.994254597362700117e-03
2.270029024075300144e-03
2.694497418187100091e-03
2.687860315328500106e-03
2.623782248733400047e-03
2.848790996330299863e-03
2.918399613454299851e-03
2.714656462456899785e-03
2.587090076751499910e-03
2.880548237379600054e-03
3.247068204044399956e-03
2.946679035576400124e-03
2.876838340307000079e-03
2.818198747223599893e-03
3.051467164803900109e-03
2.898498358755699847e-03
2.747873905059899924e-03
2.861564994203300016e-03
2.636395809321200046e-03
2.632909544110700190e-03
2.668783123410400047e-03
2.362474695079400111e-03
2.419200897574999825e-03
2.236908310288900168e-03
2.926840186340400139e-03
2.715855764479500195e-03
1.910631736568600041e-03
2.725172738137199898e-03
2.972133576662300009e-03
2.997208358815299858e-03
2.697461168382299813e-03
2.717850248330999814e-03
3.372815710093199880e-03
2.748534051095200079e-03
2.204491738521100006e-03
2.602921603033300172e-03
2.585078391640500180e-03
2.999038734580899892e-03
2.819335694506700050e-03
2.631262084015499950e-03
2.816678293442900164e-03
3.255775427642099932e-03
3.560335719100399861e-03
2.746097091223499969e-03
3.011991384303499934e-03
2.212304069393399887e-03
2.259977815857900155e-03
2.279292815038299908e-03
2.800781613852000064e-03
2.743956168268199807e-03
2.372985289078300124e-03
2.835600361546199849e-03
2.885770925333399923e-03
2.410275105341500197e-03
2.519200423309199844e-03
3.145007339775900135e-03
2.382931868282000144e-03
3.033205194710300156e-03
2.082576792278499796e-03
2.484974318783899922e-03
2.843372300007199899e-03
2.765852574747000060e-03
2.568259395423299826e-03
2.497867771574800114e-03
3.236406070954299993e-03
2.539889930611000188e-03
3.090460358050600188e-03
2.310088830311099895e-03
3.153195511349099912e-03
2.388263332034100146e-03
3.226468271597900117e-03
2.385162395909400015e-03
2.537838164688899830e-03
2.608197964643399914e-03
2.799890620303900016e-03
2.698678303473799837e-03
2.421006999400300216e-03
2.761953579411299906e-03
2.710890400232399827e-03
2.565594446213099924e-03
2.852862111501900007e-03
2.684543101901499997e-03
3.265732362178000187e-03
3.021652486725499853e-03
2.448134078448200007e-03
2.992492951474099837e-03
2.406682550364100046e-03
3.193934039684400133e-03
3.089547595941400174e-03
2.819186503435799993e-03
2.659646534968499940e-03
3.032720794712099981e-03
2.713150455112999914e-03
2.513447139430999983e-03
3.075148570546300079e-03
2.228087712214099885e-03
3.002013019605400193e-03
2.844630766058699883e-03
3.155237264631799952e-03
1.991504573238100061e-03
1.827559185253700052e-03
2.911007701481499801e-03
2.796233154527899990e-03
2.257905872260399915e-03
2.642910406931999866e-03
3.030277292546599850e-03
2.778711520819500055e-03
2.834415628312800077e-03
2.655739036794399835e-03
2.794907696068900122e-03
2.319133406455600212e-03
3.038420169501899939e-03
3.081733658516200031e-03
2.737761143147400197e-03
2.384632406160899862e-03
3.486706848535500117e-03
2.368432664205200131e-03
2.888928082419499853e-03
2.853680102047299796e-03
3.032248726965400178e-03
2.991448006374799844e-03
2.532083328291699891e-03
2.471136117643100202e-03
3.026369549321799961e-03
2.158730447395299824e-03
2.569288028539599804e-03
2.775628138858400075e-03
3.173417164235500191e-03
3.241165879295899825e-03
2.835525096159999866e-03
3.277588794413800050e-03
3.162914451186200123e-03
2.336905249965100066e-03
2.579446119956300097e-03
3.020188213569200125e-03
3.726882646797800153e-03
2.560519703338300177e-03
2.476131877898199787e-03
2.419210638855400202e-03
2.868356462205999893e-03
2.553196467216399881e-03
2.530428759797199913e-03
3.302035488386500118e-03
2.775528256896499929e-03
2.484999659538300164e-03
2.513872544454199935e-03
2.556358637191100125e-03
2.869431392528799807e-03
2.371729524281899950e-03
3.863159282957300076e-03
2.118064797791999795e-03
2.457699153619799862e-03
2.705685178994100132e-03
2.679552632368899841e-03
2.683125748645999974e-03
3.143236631907000023e-03
2.514070752767800111e-03
2.276283481011500201e-03
3.019436472773199837e-03
2.689588711165900176e-03
3.264393466394799933e-03
2.611822838863899973e-03
2.791349699833199898e-03
3.035233578574100116e-03
2.744225803496399933e-03
2.786729728740299818e-03
2.846387231330899884e-03
3.229971627403899984e-03
2.895923383637599886e-03
2.665587538358000184e-03
2.803584455057499952e-03
2.727861733296900026e-03
2.649758081676199979e-03
2.746537813090299800e-03
2.527326616918099816e-03
2.819314013082999809e-03
2.721503867090099924e-03
2.714617849608999805e-03
2.458708291231600021e-03
2.919667898522099962e-03
3.194923554105799993e-03
2.851185604061199936e-03
2.892364001542999802e-03
2.730538183341599950e-03
2.493450603060199788e-03
3.097279579481099915e-03
2.718441382167200056e-03
2.969985453979800006e-03
2.588763818555799966e-03
2.570619303612900128e-03
2.779298234184499842e-03
2.787788941336900167e-03
2.380199191185099813e-03
2.990030891014900175e-03
2.930933283382900194e-03
2.979834472367800038e-03
2.625612052235000004e-03
2.920058312375099861e-03
2.319745507541800048e-03
2.526026519362400101e-03
2.945558705763799863e-03
2.831434603402399955e-03
2.496630424051400014e-03
2.879698620461400120e-03
3.320994126015600154e-03
3.260872270679799918e-03
2.935909900987499887e-03
2.561642528839200121e-03
2.279688080520099903e-03
2.772950749595899829e-03
3.373797380148699839e-03
2.606088859997000157e-03
2.525956766938900182e-03
2.504025260916000178e-03
2.787151175907299876e-03
2.950590226801200113e-03
2.473658243717499847e-03
3.042127775726600081e-03
2.821324242281699965e-03
2.969073625108299783e-03
2.667537567182699885e-03
3.254854724770999894e-03
2.905333147116600113e-03
3.300012930806700117e-03
3.371839869146799843e-03
3.012563044361999971e-03
2.357805117246600159e-03
3.029074438862400069e-03
2.782968014198799935e-03
2.883458453225499867e-03
2.744716893662299886e-03
2.923110522465599895e-03
2.242289576784799784e-03
