4.139454587371500273e-03
4.044229928731399824e-03
4.619964411177499876e-03
4.174068722137099646e-03
4.835474825164200186e-03
4.489089965437899690e-03
4.146122871671699579e-03
3.631778294794699938e-03
4.076592056753000279e-03
4.240043422210000232e-03
4.254966634859099969e-03
4.065314407356399908e-03
4.601147675225200281e-03
4.652347323477699741e-03
4.816222343518500315e-03
3.701368351311600056e-03
4.658717601632499615e-03
4.081620668925600021e-03
3.616964630927900059e-03
4.205449232059400334e-03
4.398326263670900363e-03
4.486975108541100404e-03
4.285905392502399949e-03
2.811313768370499785e-03
3.602422985919799883e-03
4.011619519734399737e-03
4.119901344114699875e-03
3.653114609812499816e-03
3.964681583152900382e-03
3.844237058890600210e-03
3.494086617770099813e-03
4.377496573436600105e-03
5.093797728741500039e-03
4.533271199163299743e-03
3.968099773427699595e-03
4.290312208809999792e-03
4.470554149986300137e-03
4.886624471680200109e-03
5.124828235239699790e-03
4.974325919727400069e-03
3.941633859042999871e-03
4.158603534648299890e-03
3.706477257560100106e-03
4.179240724991499858e-03
4.380253759348099775e-03
4.421147255586400406e-03
3.886615292236000104e-03
5.142111042299900119e-03
3.546912198631799965e-03
4.509469782429400241e-03
3.630992988795199786e-03
4.333001697277700376e-03
4.436774118401300149e-03
4.133936993950799652e-03
3.714390904076100147e-03
3.923604956370299601e-03
4.554195234438099607e-03
4.251482247550800175e-03
3.916102333579699751e-03
3.681220141544100030e-03
3.568400208686200049e-03
4.386302181674000406e-03
4.386084897244599962e-03
3.326976521122699832e-03
3.356490126435700185e-03
3.752989302023499937e-03
3.943299812887200197e-03
4.183494374763700382e-03
3.868126117834800020e-03
4.385713370896799669e-03
4.199278663585099929e-03
4.433903696989900146e-03
4.211719349931200389e-03
4.266273139217799729e-03
4.451437865769399677e-03
4.800059154882600418e-03
4.319071357181300010e-03
3.110912035289899874e-03
4.038414205381499721e-03
4.544651844429000061e-03
3.924475578587100291e-03
3.902839640987600198e-03
4.440229059148599611e-03
4.039352736906499756e-03
3.908045238707600309e-03
3.995515594242900377e-03
4.763811891665700217e-03
4.040871457689199607e-03
3.415421539892599893e-03
4.380676678837100262e-03
4.443880392908000285e-03
4.293909936106499875e-03
4.722657047831499942e-03
3.894465305314100123e-03
4.442254908247900147e-03
4.312876514766900322e-03
4.067614355129999838e-03
4.646975848868599782e-03
3.865101775553800127e-03
3.868749831847800164e-03
4.969806326849199839e-03
5.256172808529900077e-03
4.272096943040699750e-03
4.355070035727499900e-03
4.225750868771200285e-03
4.343910848479600254e-03
4.367463027901800042e-03
3.537108659589199844e-03
4.969806326849199839e-03
3.834486508976800174e-03
3.989165451607800013e-03
4.436396123304199753e-03
4.059873153604699574e-03
3.819929052250399873e-03
4.376729749227900416e-03
4.331194087503999722e-03
4.970675652754399931e-03
4.377017680166800026e-03
4.830566286965300160e-03
4.184621766161800149e-03
4.189023263676000357e-03
4.840858634742599594e-03
4.340940375191899847e-03
3.631041938448500116e-03
4.703112948273200158e-03
4.938430615782900095e-03
2.745288282640099935e-03
4.967371085582900081e-03
4.824254402136500357e-03
4.667756144914100153e-03
4.488838627506800197e-03
3.541943278621300165e-03
4.765307990988600084e-03
3.453015843270200013e-03
3.896043018072299809e-03
4.547763779081900361e-03
4.592113830494000057e-03
3.726833793021900026e-03
3.974718822868800357e-03
3.905343608215699949e-03
3.690286482178400159e-03
3.388084074077700111e-03
3.362878412703399801e-03
4.351977885802799963e-03
4.760216761365300073e-03
3.796494992471800139e-03
4.700100625104300378e-03
4.039628576931199831e-03
3.708889847078200054e-03
4.128978184076300371e-03
4.972032085822399895e-03
3.446145992960099845e-03
4.305282968391999955e-03
3.821912586587299793e-03
4.289970137249700041e-03
4.068113881688199818e-03
3.094713280338599794e-03
4.831571032622400223e-03
3.377667317856700158e-03
3.388763278841299808e-03
4.295403428286899590e-03
4.670995898995399659e-03
3.741691548803200047e-03
4.122605364464400172e-03
4.206726362833699759e-03
3.829244446972599868e-03
4.572881419691999898e-03
4.753092238156900011e-03
4.757871731884900229e-03
4.055598150471200272e-03
3.894842441782900115e-03
3.746470694164200088e-03
3.974608728283699974e-03
4.478925637513200136e-03
4.496586817578000425e-03
4.055722483593600380e-03
4.088710512152300344e-03
3.810868333165599951e-03
4.061930857418899823e-03
3.888950655059099804e-03
3.517500871337500210e-03
4.095763086296299628e-03
3.322049448703999833e-03
3.909291008722099933e-03
3.423314024648899893e-03
4.016764282159799790e-03
4.249106518592500430e-03
2.936218811586900103e-03
4.536092412658399887e-03
4.382326206497500279e-03
5.316406133161800246e-03
3.793287977488800193e-03
4.078051867667200313e-03
4.231584427594600392e-03
3.995515594242900377e-03
4.960189600646700177e-03
3.686864120352799975e-03
3.670658099488900011e-03
3.211685976412800153e-03
5.020999453379399943e-03
3.996906745181799669e-03
4.327735521964699850e-03
4.407838874036400408e-03
4.124552882820100089e-03
5.241726493036999619e-03
3.737789313472500170e-03
4.970675652754399931e-03
4.225141583438300243e-03
5.436002460966599635e-03
4.657150867606200083e-03
5.453414947377799651e-03
4.620932883758499879e-03
4.311171853745399823e-03
4.112086033048600354e-03
4.064375076628599578e-03
4.679203143117600071e-03
4.604285738227499591e-03
3.838491589243599959e-03
4.233238633452100080e-03
4.308745445203899897e-03
4.040113706322500178e-03
4.408940254277599925e-03
4.282485328566099612e-03
4.375109873397900299e-03
4.553900299122199714e-03
3.693841296792599836e-03
5.005477356246399931e-03
4.462221698844200113e-03
4.537959361928200347e-03
3.534943504816499826e-03
4.119014562838000000e-03
3.980046920626799725e-03
3.372668819475299791e-03
4.670298302763499845e-03
4.219453847229599590e-03
3.841668718947199856e-03
4.126305457663599977e-03
4.071844612235199848e-03
3.965444147543900101e-03
4.284841302680899612e-03
4.664860821635199821e-03
4.065066244318800426e-03
3.702566758956000060e-03
3.779661107594400101e-03
4.459615001821700016e-03
3.650883092932699896e-03
4.775425508704200100e-03
4.456060478080299710e-03
4.210087522995499716e-03
3.871796555853900066e-03
4.087187641679500272e-03
4.691104877121500191e-03
4.231773385734900056e-03
3.668405758525200133e-03
4.163852306123899671e-03
4.021075099501199637e-03
4.547763779081900361e-03
4.111058169089800221e-03
5.016229374458600065e-03
3.607033176541599856e-03
4.138371684540899723e-03
4.751820031363799927e-03
4.401256295761699945e-03
4.228166511080100332e-03
4.601616345931199697e-03
4.623469068398200141e-03
3.666152006430399828e-03
3.988254741265699968e-03
3.917782017435899808e-03
4.531349925127299907e-03
4.492612404485199669e-03
4.272136344831800429e-03
4.310769789931399691e-03
4.551827956271199856e-03
4.281540347532900373e-03
4.218010667699999793e-03
3.551056948325800183e-03
4.249649649196899671e-03
4.107642218744300341e-03
3.954297147263099999e-03
3.973791371463799779e-03
4.659409213188799720e-03
3.857015564985699814e-03
3.333474517462499832e-03
3.849523428175699851e-03
3.825361148107100148e-03
3.842719594519200012e-03
4.472333792928899834e-03
3.979357407388000277e-03
4.232970846629999576e-03
4.470508591709700108e-03
3.533767371899500069e-03
4.405004903607200040e-03
5.178316581898600134e-03
4.726032944641299881e-03
4.353885743218099957e-03
4.091614658032799619e-03
3.826346412300299805e-03
4.018916813367599816e-03
3.646979940940499841e-03
3.983407196326600383e-03
4.041492030260600277e-03
4.537847737784500395e-03
4.195471267891799985e-03
4.307178203314499833e-03
4.477173819791099678e-03
4.134627758122300274e-03
4.343917249579399772e-03
4.248663863273500173e-03
4.262770261352699826e-03
4.168479032219799853e-03
4.012909751459700289e-03
3.978013077243799760e-03
4.633397310937199635e-03
4.422721823745400134e-03
4.565347651865499928e-03
3.890842179458100115e-03
4.377665438760200249e-03
3.989063955455300105e-03
4.562663330045299906e-03
4.258785831170099935e-03
3.933304932380799618e-03
4.398108591287800372e-03
5.206614988661199817e-03
3.929258942113400023e-03
3.988544399189699642e-03
4.369258720690799569e-03
4.011486382577100079e-03
5.193243689973300013e-03
4.176588062474700068e-03
4.580446613495900085e-03
4.320526398472000068e-03
4.058041572254299581e-03
4.755235932963899730e-03
4.283466615694299894e-03
3.574434946212299950e-03
3.925445718593600052e-03
2.900760333087699840e-03
3.802074760477400141e-03
3.869542053084699951e-03
3.914413479605199572e-03
3.067365587746500189e-03
4.496826056057699923e-03
4.665609906484099838e-03
4.166651288284700314e-03
4.610217278688100162e-03
4.766577453271999935e-03
3.269030119385400029e-03
4.269120259325599569e-03
4.227902850064100236e-03
3.937851541699900239e-03
4.551827956271199856e-03
4.462997412064699868e-03
4.701625609672500060e-03
3.343105971359000041e-03
3.691758914591199928e-03
4.221898869696499683e-03
3.480667374152500004e-03
3.456842555236800014e-03
3.931121132921399676e-03
4.070614653358800399e-03
4.614458896400800043e-03
5.461254325624800149e-03
4.200925448731800300e-03
4.226863747474700166e-03
5.292942495512699581e-03
4.481546006044399670e-03
3.752010973674899889e-03
5.703345362911300259e-03
4.025431333794900028e-03
3.995296189532000081e-03
3.945529438859600273e-03
3.319786409576700164e-03
4.610223652237900073e-03
4.439486134995500322e-03
3.728150147839700071e-03
4.475830375827900137e-03
3.798245056341399868e-03
5.548077141668599811e-03
3.910676490545500136e-03
4.563022304747799823e-03
3.798552800525200127e-03
3.676244317514100034e-03
4.033284353424900284e-03
4.201021325941799688e-03
3.914151042964600022e-03
3.927461111043199955e-03
4.318865757838299783e-03
4.280340570068899737e-03
4.850969849831300064e-03
4.458071910621100309e-03
4.090877613997899974e-03
3.646588388398099793e-03
3.963299197130600027e-03
4.752069003381900053e-03
4.320123489291899897e-03
4.386517247866200155e-03
4.522165986992600362e-03
4.324528677078200156e-03
4.521275685122299985e-03
4.628380812514099919e-03
4.377601820895899928e-03
3.968137934375899623e-03
4.760378805487399875e-03
4.688316196323900377e-03
3.977866243722099834e-03
4.041735947411500239e-03
4.177168463447999795e-03
3.425622947189200032e-03
4.055282155238999937e-03
4.477441845329200275e-03
4.468298391651200074e-03
4.794762658213999953e-03
4.192875123340799801e-03
3.872009569844599933e-03
5.568566371051599656e-03
3.176143010094399904e-03
4.783012232567499661e-03
4.740449607663699619e-03
4.634997286636299840e-03
4.241891939265400070e-03
4.355214375783200177e-03
4.191558175752700330e-03
3.344585365260100123e-03
4.103234713315200184e-03
3.894785312571600114e-03
3.439498726180299955e-03
4.316559447943500195e-03
3.501470410589699843e-03
4.164410799334400219e-03
3.733971490146299841e-03
4.965134133967000207e-03
4.317785349266600216e-03
5.011508419432499604e-03
4.415782227515600150e-03
3.767488342202300177e-03
4.584933230603500075e-03
4.109664795465300252e-03
4.075116621828500305e-03
3.710236333217100183e-03
3.947321123562499805e-03
4.638716882648600236e-03
5.011508419432499604e-03
4.421180907228199931e-03
3.367060264940400192e-03
4.343917249579399772e-03
3.848271541076999942e-03
4.521318486682899575e-03
4.430459176744500419e-03
4.311171853745399823e-03
3.618210588596799948e-03
4.016563924359399691e-03
4.222191163537799760e-03
3.890179528829499842e-03
3.931191914717100354e-03
4.576653059142700257e-03
4.071310624320600285e-03
3.850058137648700116e-03
4.054633645692200423e-03
4.509344226948699616e-03
3.901846772982000069e-03
3.731631435147000041e-03
4.140568341410300057e-03
4.132006439720599909e-03
3.690286482178400159e-03
4.535465892024100228e-03
4.340762144794199813e-03
3.796240919247999973e-03
4.050723720625299881e-03
5.096810737958500093e-03
4.671167869990800262e-03
5.179581588484600402e-03
4.561006868041199945e-03
3.681681579837099792e-03
3.812058151195099956e-03
3.848797160386099956e-03
3.893566829188700121e-03
3.962917674343999740e-03
3.729455890220799864e-03
4.127542911186800161e-03
3.967824875807800418e-03
4.317205522603499712e-03
3.957598402106199571e-03
4.194112809512800383e-03
4.789428196015199819e-03
4.023013187798300111e-03
4.765307990988600084e-03
4.677837325271900354e-03
4.768524850098000353e-03
4.289772337811499983e-03
4.363318961552700020e-03
3.447054376140500000e-03
4.847103633437000077e-03
3.530605098760000206e-03
4.310769789931399691e-03
4.317205522603499712e-03
4.623287912721699665e-03
3.860886887335599968e-03
4.247448541764900325e-03
4.386008734939599897e-03
4.408940254277599925e-03
3.932844902132900076e-03
4.578174955187800342e-03
4.396592674152099978e-03
4.127777686453000354e-03
4.413704353405800349e-03
4.156939942796400098e-03
4.392291345660199672e-03
4.152692758516800080e-03
3.381183959240099957e-03
4.361187604351500144e-03
4.744837356032900223e-03
4.477441845329200275e-03
4.062901699796299740e-03
4.317752032464599807e-03
4.007809320157600282e-03
4.722607073241799971e-03
4.642232993669399843e-03
4.186625351609300077e-03
4.324549062365300005e-03
4.199777535513100034e-03
4.264710372781400048e-03
4.707220304672700070e-03
4.791625005489200118e-03
4.042376287295699686e-03
5.177555709570299571e-03
5.113589099944799814e-03
3.376468195046799983e-03
4.241398134805699979e-03
3.745044064280700011e-03
4.367877292561599990e-03
3.790587370689000105e-03
3.717437685136899990e-03
4.486624067411899668e-03
4.363318961552700020e-03
4.594863490461199677e-03
4.392291345660199672e-03
3.979462093947799643e-03
4.873273789595599856e-03
4.284317618338799594e-03
3.679712891228099914e-03
4.820297942988899936e-03
4.420472014667199689e-03
3.560921086056999946e-03
4.275516211943699608e-03
4.162992737916999982e-03
3.979797762965599749e-03
4.389616128000799894e-03
3.862680941181700130e-03
4.346142877617200154e-03
4.276907337941500235e-03
3.728142929561500084e-03
4.150496416427900022e-03
4.270266592169500060e-03
4.744230108555400234e-03
4.667398326079800000e-03
3.607476899244200022e-03
3.904206742581599852e-03
4.586627979750399972e-03
4.128978184076300371e-03
4.109717979505300364e-03
4.555807731495300356e-03
4.539289299962200215e-03
4.246069535659999748e-03
3.396552051939900028e-03
4.748996001841800270e-03
3.256406531850799830e-03
4.086193833559399573e-03
4.117203987640499600e-03
4.678629983767400129e-03
3.627777551250899960e-03
4.262180040687699699e-03
4.023200028423199771e-03
3.742219050777199907e-03
4.151963191997200091e-03
4.586067354688299659e-03
3.744108737816500068e-03
3.560076608767000043e-03
3.667234937147600092e-03
3.810788660146400067e-03
4.328596157435400313e-03
5.430832844131199856e-03
4.058696065320200295e-03
4.153742518830099741e-03
3.891215783443200023e-03
3.772142530549599942e-03
4.115109524994799844e-03
4.175091572618599804e-03
3.600203119757599841e-03
4.351239790027099964e-03
3.682201534668899830e-03
4.530618572857299936e-03
3.651667397338500144e-03
4.347804241684700283e-03
4.497451494508700014e-03
4.560994505912800007e-03
4.578851774690200112e-03
5.079264961503699577e-03
4.358443680838500200e-03
4.241115944561600105e-03
3.830659666787100074e-03
4.956561862276500155e-03
3.614009983906599915e-03
4.729240684431699690e-03
3.827330044562900126e-03
4.876171505776400253e-03
4.328596157435400313e-03
4.327536856265699720e-03
4.479921337995999668e-03
4.151837106011599908e-03
4.126005349786799649e-03
3.972939025981700283e-03
4.529936138997500174e-03
4.331651239547300129e-03
4.108970548944999683e-03
3.651868081190800131e-03
4.314424241060300057e-03
4.746804576542199700e-03
3.411242814074900032e-03
3.961176553140199723e-03
4.531598198018399817e-03
4.157064880066100102e-03
4.529902648642499668e-03
3.562426516211499809e-03
4.087596060022799863e-03
3.449392243301800057e-03
4.956892275659200396e-03
3.042803269147000000e-03
3.937711088716600027e-03
4.105026621087999941e-03
4.159698393241499995e-03
4.164630603991899792e-03
4.626073886357400314e-03
3.848220510790100173e-03
4.432897007990699995e-03
4.555807731495300356e-03
3.934363453756800112e-03
5.370881662528999637e-03
3.948562861791800327e-03
3.819343939356800027e-03
4.766656715380599568e-03
3.552249441001600200e-03
3.636560270759999977e-03
4.324549062365300005e-03
4.038582656501200387e-03
3.481954180019400207e-03
4.598524833813600297e-03
5.096614246037499581e-03
4.015981799914500154e-03
3.887113462329499971e-03
4.537774120590700247e-03
4.792238665350299909e-03
4.170059353725000077e-03
3.919181948998800430e-03
3.970966299252799876e-03
4.635774332468100417e-03
4.151616526173599817e-03
3.382116711762299822e-03
5.368776601772099616e-03
5.014762808338400421e-03
3.864776093360599955e-03
4.584933230603500075e-03
3.963564851961600376e-03
3.689131509213199826e-03
4.631050599826399758e-03
4.802457214322399665e-03
3.375681420028699923e-03
3.626507051711499834e-03
4.234651250506800066e-03
4.222617246444400167e-03
4.344853667338700008e-03
3.922354902420199622e-03
3.843901089563000074e-03
4.853910007218699939e-03
3.930418075499900361e-03
5.131734194500900403e-03
3.297917913874199875e-03
4.355070035727499900e-03
4.003188872680699811e-03
3.605760617950200080e-03
3.494189041939600206e-03
3.747901732921300137e-03
3.179647863257899915e-03
4.443529317951100226e-03
4.593475711319799579e-03
4.023501878102699568e-03
4.243813849638400360e-03
3.240876269634400050e-03
4.465114724829399688e-03
3.518787969815400079e-03
3.617693479161800032e-03
3.905765378352200109e-03
2.950558674316100180e-03
3.949958084226400101e-03
3.429011928745999849e-03
4.184012657787899644e-03
4.261369784164100068e-03
4.737607340368500328e-03
4.475697124387400389e-03
4.846944861245499996e-03
3.891113201968499948e-03
3.890741770979800045e-03
4.771567755404900087e-03
3.911523765912999773e-03
3.621471960779300107e-03
4.066126416999600417e-03
4.202553027312400102e-03
4.441154484581400289e-03
4.129560137942600052e-03
4.586627979750399972e-03
4.243813849638400360e-03
4.289105961072199776e-03
4.562113142727699903e-03
3.611212816020499799e-03
4.307981877060699898e-03
4.160599731299900045e-03
3.843102323432700043e-03
3.377377760368100064e-03
3.283337980834699805e-03
5.368614156820500014e-03
4.435861251939700149e-03
3.924958323905700097e-03
4.099351724550600283e-03
4.216449600600300114e-03
4.264710372781400048e-03
3.784489548567600021e-03
4.276592295480200270e-03
4.052645494329700122e-03
4.309916602346099655e-03
3.778573669731700134e-03
4.623060727701000169e-03
2.865909406840299982e-03
4.226936204576399805e-03
3.905860338240899846e-03
3.945046006909199571e-03
3.446446612117100208e-03
4.390814160214200242e-03
3.976164882464300332e-03
4.645259751408900052e-03
3.425816741631800173e-03
4.749072709290600228e-03
4.249589627644200299e-03
3.510744240965999862e-03
3.492471525907100017e-03
4.634368053640700209e-03
3.374223039427900160e-03
3.881636945931500170e-03
4.316341664281299687e-03
3.661538059589200100e-03
3.930010003000999896e-03
4.317681698722399680e-03
3.790012783583199783e-03
4.330642965126200311e-03
4.158603534648299890e-03
3.692853308698299843e-03
3.939709965055900216e-03
4.551968534942299645e-03
4.326882559485999841e-03
4.344333755738899981e-03
4.456060478080299710e-03
4.635636174560899860e-03
3.259734295866800052e-03
3.734204108992300077e-03
4.835724711482699591e-03
4.281540347532900373e-03
5.004047595307200419e-03
4.027879531346600234e-03
3.611089625645999904e-03
4.923956038999999577e-03
4.237841874335400091e-03
4.541894901462699939e-03
3.774736045060400180e-03
4.395832589143599915e-03
3.540280228605700158e-03
4.113949146244099721e-03
4.149066543450899598e-03
4.502096348882799956e-03
3.756479575016799868e-03
3.592814880749100118e-03
4.845923136591200400e-03
5.064137599841400314e-03
3.953050320232599606e-03
4.495096239070500016e-03
4.843083564825200263e-03
3.078335985993700067e-03
4.571956583147599937e-03
4.057197494413299597e-03
3.375086523702399820e-03
4.411833177198800325e-03
4.518414234482799607e-03
4.551196056515599900e-03
2.771740626075300078e-03
4.109664795465300252e-03
4.112208200999400293e-03
4.472492772933700338e-03
3.397437973586799834e-03
4.252604283359999633e-03
4.840377823403899625e-03
3.811062676727600216e-03
4.244531283605399753e-03
3.403417603481299816e-03
4.081887603692400078e-03
3.843229863013299802e-03
3.964187167870000111e-03
4.460732291239700130e-03
4.244914662469199962e-03
4.512100971497399679e-03
3.525865466692599919e-03
3.988392772934000116e-03
3.745024532305399854e-03
4.636562432434299628e-03
3.345799770352599848e-03
4.632824865019900124e-03
4.479628502980399773e-03
4.079337418562500352e-03
3.991201299523900251e-03
4.873273789595599856e-03
4.637812021399700425e-03
3.455208312944099865e-03
4.361526159757899736e-03
4.172190211385399736e-03
3.587747519894199811e-03
4.670146129286800035e-03
3.728864118358200114e-03
3.896899119524200109e-03
4.388233037693299934e-03
4.348781310423700114e-03
4.824254402136500357e-03
4.145886691745499959e-03
3.776775848575400062e-03
3.671510951866400162e-03
5.345521803937900406e-03
4.703677823535800176e-03
4.102212641532000312e-03
4.398326263670900363e-03
4.291626298452799575e-03
3.925701784383399569e-03
3.291028344303400122e-03
4.227526104873900042e-03
4.739493563881399911e-03
3.668688320497999911e-03
3.888558940363300107e-03
4.321397138765399604e-03
4.208138815358200384e-03
4.059713765686300338e-03
4.577533628901699764e-03
3.776593238668699785e-03
3.704299416962100137e-03
3.808827810918000156e-03
4.169288436560799824e-03
3.861021405842999903e-03
3.561168332603600016e-03
4.196945302781899916e-03
4.806906464920100361e-03
4.200290402403899885e-03
4.173361992463199728e-03
3.627205014908699808e-03
4.280340570068899737e-03
3.241939366064499999e-03
4.639427525117799725e-03
3.818388406245700091e-03
3.395157395807600013e-03
4.241487045415899722e-03
4.257335160266099983e-03
4.420060174475000381e-03
3.972059650235700359e-03
3.897903475933100093e-03
4.156083489326899832e-03
5.139677331501399729e-03
3.798759739184299784e-03
4.246385614865499751e-03
4.121277214916299614e-03
3.723106991835400167e-03
4.232091847016300305e-03
4.068424407940699622e-03
3.853278049744599844e-03
4.221698834426600155e-03
4.149849722584400026e-03
4.424833398129299905e-03
3.669142381885399842e-03
4.294590983187100350e-03
3.913347701378099876e-03
3.151538018779499826e-03
4.090011702528700312e-03
4.711527749599399989e-03
3.934770978914300076e-03
5.139999601773299724e-03
4.536092412658399887e-03
3.423425273324899945e-03
3.645980714164099874e-03
4.560994505912800007e-03
3.896719054352000208e-03
4.524307198843300314e-03
3.709755908476099814e-03
4.122021735305900388e-03
5.082658580264400212e-03
3.842097493352999993e-03
4.325833799363599901e-03
4.405475567499799600e-03
4.101745245280900148e-03
4.050621665737899613e-03
5.023163723255699882e-03
5.064137599841400314e-03
3.706807480466000216e-03
4.618213497116299866e-03
4.009852990992699741e-03
4.076771793818200276e-03
4.624070808975799633e-03
3.700748110907199889e-03
3.817236697921699926e-03
3.582503420640799872e-03
3.906297789123900320e-03
3.908307491102099712e-03
3.843625565818100092e-03
4.488841555973599982e-03
4.001506593680000286e-03
4.119185769387899779e-03
4.415911854176999760e-03
4.448687643849399791e-03
4.167013636366100233e-03
3.955330340891100027e-03
3.710539669623699917e-03
3.637752014990199793e-03
5.065947104247000253e-03
4.750417552724900405e-03
4.291683812270599870e-03
5.014255141786499656e-03
4.582160096441899658e-03
3.833486129857700212e-03
4.232747082759000419e-03
3.802522797273700204e-03
4.733742153711200003e-03
4.177184690061600328e-03
3.949486129808100349e-03
3.396720411946700050e-03
4.610174884014600107e-03
5.548316063125099951e-03
4.320123489291899897e-03
4.691914208132500104e-03
2.746880173809800041e-03
5.117586122550300126e-03
3.821811143598999923e-03
3.859254221086099845e-03
3.189878245146199939e-03
3.650473267751700151e-03
3.954409800995599585e-03
3.600203119757599841e-03
3.374900544691699852e-03
3.728751857322899939e-03
4.421147255586400406e-03
3.939473629988600109e-03
4.727755131496300112e-03
4.647770432552300254e-03
2.829254532130199944e-03
4.265695975105700082e-03
3.452352285532399919e-03
3.681323232268999841e-03
4.222265949323699731e-03
4.410591763321199815e-03
4.665749330438600379e-03
4.078681144302500304e-03
4.888678582888500088e-03
4.671157462808500291e-03
3.979163363228800307e-03
4.353129456530899742e-03
4.125360693069400272e-03
3.860886887335599968e-03
4.248548466101599586e-03
3.606084557209599927e-03
4.099683471072699745e-03
4.003794948528999892e-03
4.713220340713799791e-03
4.312921527922499929e-03
4.135806782653899706e-03
3.761792900762300166e-03
4.315098516355199768e-03
4.472616747121099801e-03
3.793315040951999832e-03
3.628361672070500032e-03
3.937021632868799650e-03
3.864836454294499988e-03
4.441499958169100280e-03
4.128064613080099574e-03
4.696777142788000244e-03
4.125144833597300421e-03
3.381689036800699863e-03
4.332545630226300112e-03
3.594555003079999943e-03
4.023501878102699568e-03
3.406498289339099979e-03
3.915475580468399767e-03
3.495208506250400190e-03
4.150758893970200002e-03
3.757505403510500146e-03
4.740018008580500382e-03
4.371774922744400133e-03
4.352405334052999834e-03
3.981784249109799993e-03
4.003188872680699811e-03
3.965352011001800278e-03
3.980274511123100233e-03
4.289896662529900373e-03
4.802586188275600153e-03
4.549308141665799922e-03
4.320718844975900315e-03
4.539863598091199715e-03
4.740018008580500382e-03
3.716053114103100210e-03
4.595998890710199618e-03
3.383131907667600094e-03
3.747764532199300037e-03
4.232864733768800306e-03
3.701625505229599964e-03
3.993468684101600039e-03
4.089367053213099727e-03
4.568442277761100394e-03
3.996655616241200429e-03
3.983031279505100213e-03
4.198087293599500266e-03
4.615777398898800003e-03
4.551887015122899581e-03
4.169775949466599657e-03
3.710236333217100183e-03
3.773660252669200094e-03
3.929499322697100304e-03
3.937929821150799869e-03
4.672332862060899622e-03
4.165429909547599570e-03
3.895542427914400196e-03
4.486001122755500087e-03
4.387866976738300298e-03
4.000372257367599757e-03
4.370697560789099829e-03
4.499429672300699588e-03
4.075372540862699962e-03
3.777354761260800185e-03
2.851855567834400088e-03
4.357284759098499667e-03
3.878004270166099995e-03
3.931931013484499596e-03
3.758463591868500039e-03
4.926247243158299836e-03
5.064442373011799996e-03
3.974718822868800357e-03
4.429579457635100283e-03
4.148052938425700158e-03
4.854143308112300430e-03
4.546599354100899770e-03
5.077512061816000406e-03
4.649153205973500028e-03
4.105798230396399788e-03
4.325489916737100364e-03
4.241891939265400070e-03
4.494194542005500344e-03
4.422083086428899891e-03
4.132152866975699612e-03
4.687882338231899940e-03
3.271845316422499969e-03
4.568596566737500100e-03
3.663528586336799956e-03
4.647036416252700065e-03
4.438719571017499602e-03
4.442276641420999858e-03
4.535412971805000137e-03
3.955308939661499913e-03
4.459615001821700016e-03
4.291683812270599870e-03
5.132912000733599704e-03
3.829353970488500077e-03
4.228912377914300150e-03
3.516476068093000139e-03
5.319174153827200408e-03
4.168833098284899577e-03
3.870268010405699798e-03
3.537706611542500070e-03
4.155387493873800332e-03
5.578720185813300196e-03
3.556472481997400084e-03
4.171956356477200291e-03
3.970604446519299807e-03
5.013586666210999992e-03
3.689913378771900090e-03
4.061804422805100415e-03
3.527054523763399792e-03
4.590846629650699624e-03
4.090734570872000229e-03
3.604982386405000076e-03
3.766043890710600063e-03
3.720032972082700212e-03
3.690776735060800201e-03
4.053442804833900029e-03
3.871914081301399812e-03
3.464207191265400183e-03
3.734811432408999873e-03
4.323040323731100303e-03
3.716558951803399999e-03
3.937649279677799680e-03
3.498187571900900159e-03
4.158551487449599696e-03
3.532404481049899840e-03
3.998044402020299939e-03
4.516502572867799568e-03
4.549525166644899712e-03
4.506028473313999569e-03
4.250579791856799738e-03
3.683863032965699943e-03
4.194904724169000107e-03
4.023142135983999619e-03
3.362163032196299924e-03
4.239430357195300009e-03
3.432042538348300132e-03
4.005731807678400078e-03
4.170527990224899735e-03
4.489359717800499652e-03
4.527671575397899939e-03
3.891113201968499948e-03
3.460289579931500031e-03
5.041314214939199984e-03
3.382274881452099896e-03
4.933409852731700067e-03
3.891637023677999973e-03
3.942986483034800413e-03
3.645765796771300010e-03
5.070666640053200259e-03
3.875456097102699792e-03
4.009478810547400379e-03
4.606810690883299600e-03
4.208618632903399735e-03
4.529607640354999659e-03
3.385772671380799913e-03
3.402233689514499917e-03
3.601393906732200216e-03
3.708267932752300211e-03
4.317930141609200266e-03
4.175912866114499938e-03
3.489438420244400131e-03
3.727791783475500019e-03
3.914413479605199572e-03
4.145411374255600356e-03
3.895157895818699822e-03
3.979055964184100187e-03
3.787133161732199934e-03
4.471147237053100208e-03
3.951314015449699721e-03
4.376899722341500050e-03
5.379485039586700060e-03
4.269120259325599569e-03
4.303438109705200361e-03
4.417292300363099590e-03
3.639786774712799877e-03
4.491739067680599641e-03
4.928446888180899876e-03
4.252694114791200422e-03
4.013710699938399969e-03
3.536869537379500050e-03
4.146828871337699882e-03
4.636621672976499672e-03
4.565745843224900020e-03
3.618630164592100216e-03
3.602483954330399935e-03
5.164677026055899955e-03
4.051944907747900317e-03
4.081887603692400078e-03
3.910209579116400228e-03
4.061034913870700293e-03
3.466182236220399955e-03
3.155774012047999830e-03
4.742052297454200233e-03
4.340762144794199813e-03
4.679265624298200102e-03
5.121504673462899844e-03
4.346246976061499644e-03
4.026532943709099782e-03
4.226194492487999992e-03
3.873840974673999852e-03
4.306117149287400081e-03
4.440231617411499743e-03
4.020063687928600304e-03
4.022591917823999802e-03
3.708049620885799959e-03
3.834363003905600156e-03
3.627442078531599879e-03
3.665984860588999972e-03
4.691975227101700431e-03
4.393591999854599799e-03
5.348137156911699983e-03
3.914151042964600022e-03
4.469901582876899607e-03
4.130310995304699653e-03
4.176202640565200228e-03
4.077225626082799613e-03
4.309654815780999612e-03
4.895475796595299967e-03
4.441756772694200120e-03
3.342863924984299830e-03
3.527289457624200111e-03
4.568921938390299586e-03
4.468676357428799650e-03
4.534875555523900162e-03
4.462221698844200113e-03
3.949889804820199898e-03
3.824957202414600195e-03
4.186821872727299575e-03
3.699325234050599917e-03
4.669559301240000168e-03
3.615131537498799969e-03
3.931931013484499596e-03
4.621392174305899783e-03
3.723861758396200192e-03
4.909850463459299909e-03
5.105802380766299997e-03
4.063270088157800407e-03
4.644916397615100369e-03
3.976164882464300332e-03
4.462333225878499683e-03
4.211758956352500138e-03
4.633499008389500157e-03
3.935254057664899774e-03
4.275516211943699608e-03
3.347220768618399973e-03
4.661140875327999568e-03
3.279356249258799996e-03
3.333923602552899858e-03
3.906656052675599664e-03
4.758859193028100280e-03
3.574473492428999807e-03
3.673848655526799900e-03
4.932398196261999872e-03
3.880229688712699947e-03
4.226280014082099863e-03
4.240534011507799718e-03
4.162992737916999982e-03
3.822316125092000208e-03
5.313916970284099719e-03
4.126299461854499896e-03
4.016646272784900155e-03
4.046678976095400421e-03
3.692183446414299981e-03
4.426580112145499755e-03
3.994359065928199809e-03
4.554238807737499665e-03
4.806906464920100361e-03
3.588437985204900177e-03
4.369799835963200305e-03
3.948180572434199787e-03
4.165767543047699598e-03
4.250935053255700154e-03
4.303135222078800261e-03
4.436129402208399859e-03
4.413680594169600360e-03
4.383999114628700164e-03
4.566199115591400119e-03
4.200061292997299758e-03
4.321348146689899840e-03
3.842114802871999992e-03
4.618213497116299866e-03
4.676898684735300224e-03
4.755107805508100062e-03
4.429927643455800097e-03
3.893566829188700121e-03
4.746756462834800412e-03
4.609004643240899660e-03
4.815388395248800142e-03
4.527369469653599703e-03
4.671157462808500291e-03
3.443159584542900085e-03
4.145048110100199926e-03
3.993219200636900432e-03
4.247736593683900004e-03
4.206131205201100141e-03
3.493672802627200129e-03
4.046525595521700130e-03
