4.020251668720237898e-03
3.975029707941870639e-03
4.432804110105603712e-03
4.586401031845565614e-03
4.373277002493289496e-03
4.421633766126140293e-03
4.348613487317896410e-03
4.568768340192727248e-03
4.089835185425227254e-03
4.925941087187594471e-03
4.089835185425227254e-03
4.418493743569058656e-03
3.502790488236474237e-03
3.575855134525115619e-03
4.107715843638237024e-03
4.385104388217820649e-03
4.533695319157703650e-03
3.666857266664680717e-03
3.975029707941870639e-03
4.385104388217820649e-03
4.107715843638237024e-03
4.107715843638237024e-03
4.348613487317896410e-03
4.595037343798346295e-03
4.533695319157703650e-03
3.797550055926435589e-03
4.188195170653482256e-03
4.149054502062535753e-03
4.516982924664148316e-03
4.568768340192727248e-03
4.089835185425227254e-03
4.594239473424366511e-03
3.999243983285705011e-03
4.107715843638237024e-03
4.373277002493289496e-03
4.225049289902662458e-03
4.089835185425227254e-03
4.750866003406521883e-03
3.999243983285705011e-03
4.309472818726949907e-03
3.877473867071705438e-03
4.287925985882562810e-03
3.999243983285705011e-03
4.225049289902662458e-03
4.314134619422288486e-03
4.602576190180013814e-03
3.711599610153197819e-03
4.149054502062535753e-03
4.408350023528313094e-03
4.135448024606284793e-03
3.672830947247264759e-03
3.833249263911678913e-03
3.752092285162998957e-03
4.089835185425227254e-03
4.224686071553406495e-03
4.149054502062535753e-03
3.929416868760813100e-03
4.533695319157703650e-03
4.591740684107379657e-03
4.516982924664148316e-03
4.336932320218705658e-03
4.582052082790554447e-03
4.314134619422288486e-03
3.765074192399830641e-03
4.107715843638237024e-03
4.348613487317896410e-03
4.225049289902662458e-03
4.089835185425227254e-03
4.598571094517249144e-03
4.408350023528313094e-03
3.711301721833478590e-03
4.765522770523180317e-03
3.736273451189529773e-03
3.794750859378157558e-03
4.348613487317896410e-03
3.672830947247264759e-03
4.135448024606284793e-03
3.691504447148501785e-03
3.999243983285705011e-03
4.436539317952455791e-03
3.929416868760813100e-03
4.596957634616869078e-03
3.847306570883542685e-03
4.591740684107379657e-03
3.505527815934979773e-03
3.575855134525115619e-03
4.149054502062535753e-03
3.637131739262021435e-03
4.089835185425227254e-03
4.336932320218705658e-03
4.287925985882562810e-03
4.348613487317896410e-03
4.822037062537037552e-03
3.711301721833478590e-03
4.644575842029687041e-03
4.180669985384652051e-03
3.765074192399830641e-03
4.594239473424366511e-03
3.711301721833478590e-03
4.878171723415146085e-03
4.336932320218705658e-03
4.385104388217820649e-03
4.336932320218705658e-03
4.135448024606284793e-03
3.604655875735416487e-03
4.225049289902662458e-03
4.149054502062535753e-03
3.604655875735416487e-03
4.224686071553406495e-03
3.672830947247264759e-03
4.387315023427292363e-03
4.107715843638237024e-03
4.188195170653482256e-03
4.448344302546976964e-03
4.398924190529660862e-03
4.448344302546976964e-03
4.472416207898624423e-03
4.516982924664148316e-03
4.258075426904645369e-03
4.089835185425227254e-03
3.929416868760813100e-03
4.348613487317896410e-03
3.929416868760813100e-03
4.443913925275423844e-03
4.596957634616869078e-03
4.497350636883119812e-03
3.752092285162998957e-03
4.822037062537037552e-03
4.089835185425227254e-03
4.188195170653482256e-03
4.107715843638237024e-03
4.591740684107379657e-03
4.516982924664148316e-03
3.871720038497892744e-03
4.309472818726949907e-03
4.387315023427292363e-03
4.188195170653482256e-03
4.421633766126140293e-03
4.064630973238248304e-03
4.287925985882562810e-03
4.436539317952455791e-03
4.547733340091706516e-03
4.180669985384652051e-03
4.356564607999734162e-03
4.309472818726949907e-03
4.188195170653482256e-03
4.258075426904645369e-03
3.883864929034730983e-03
4.089835185425227254e-03
4.348613487317896410e-03
4.309472818726949907e-03
4.135448024606284793e-03
4.497597003515924410e-03
3.999243983285705011e-03
4.180669985384652051e-03
4.415838042151166293e-03
3.929416868760813100e-03
4.180669985384652051e-03
3.794750859378157558e-03
3.637131739262021435e-03
4.135448024606284793e-03
4.443913925275423844e-03
3.752092285162998957e-03
4.188195170653482256e-03
4.149054502062535753e-03
4.268134160302650311e-03
3.833249263911678913e-03
3.838825666621290423e-03
4.314134619422288486e-03
4.107715843638237024e-03
4.911284320070936037e-03
4.224686071553406495e-03
4.385104388217820649e-03
3.883864929034730983e-03
4.309472818726949907e-03
4.596957634616869078e-03
3.637131739262021435e-03
3.637131739262021435e-03
4.443913925275423844e-03
4.433821156759952357e-03
4.600947457048932751e-03
4.448344302546976964e-03
4.418493743569058656e-03
4.314134619422288486e-03
4.268134160302650311e-03
4.089835185425227254e-03
4.107715843638237024e-03
3.838825666621290423e-03
4.418493743569058656e-03
4.385104388217820649e-03
4.225049289902662458e-03
3.975029707941870639e-03
4.348613487317896410e-03
4.314134619422288486e-03
4.224686071553406495e-03
3.955169176042571712e-03
4.089835185425227254e-03
4.188195170653482256e-03
4.743610710816213716e-03
3.912510601827412678e-03
3.843637426025408102e-03
4.790026612280107871e-03
4.089835185425227254e-03
4.180669985384652051e-03
4.743610710816213716e-03
4.454690841046571662e-03
3.955169176042571712e-03
3.999243983285705011e-03
3.883864929034730983e-03
3.929416868760813100e-03
4.149054502062535753e-03
4.064630973238248304e-03
3.883864929034730983e-03
4.044283245699145136e-03
3.871720038497892744e-03
3.736273451189529773e-03
4.149054502062535753e-03
4.020251668720237898e-03
4.604332241939837998e-03
3.736273451189529773e-03
3.833249263911678913e-03
4.356564607999734162e-03
4.348613487317896410e-03
4.622992328047066321e-03
3.663208804900887957e-03
4.089835185425227254e-03
4.089835185425227254e-03
4.107715843638237024e-03
4.149054502062535753e-03
3.604655875735416487e-03
4.064630973238248304e-03
4.107715843638237024e-03
4.385104388217820649e-03
4.180669985384652051e-03
3.883864929034730983e-03
4.448344302546976964e-03
4.387315023427292363e-03
4.225049289902662458e-03
4.020251668720237898e-03
3.975029707941870639e-03
4.443913925275423844e-03
4.044283245699145136e-03
4.044283245699145136e-03
4.258075426904645369e-03
4.878171723415146085e-03
4.107715843638237024e-03
4.224686071553406495e-03
3.929416868760813100e-03
4.348613487317896410e-03
4.559342507194074148e-03
4.107715843638237024e-03
4.107715843638237024e-03
3.838825666621290423e-03
4.314134619422288486e-03
4.188195170653482256e-03
3.575855134525115619e-03
4.107715843638237024e-03
4.387315023427292363e-03
3.955169176042571712e-03
4.089835185425227254e-03
4.348613487317896410e-03
4.546083141964060541e-03
4.180669985384652051e-03
3.999243983285705011e-03
4.225049289902662458e-03
3.912510601827412678e-03
4.107715843638237024e-03
4.287925985882562810e-03
4.188195170653482256e-03
4.064630973238248304e-03
4.309472818726949907e-03
4.595861557619874450e-03
3.575855134525115619e-03
4.348613487317896410e-03
3.551181293488783666e-03
4.225049289902662458e-03
3.912510601827412678e-03
4.512532516339794360e-03
4.421633766126140293e-03
4.497597003515924410e-03
3.752092285162998957e-03
4.135448024606284793e-03
4.421633766126140293e-03
3.637131739262021435e-03
3.955169176042571712e-03
3.975029707941870639e-03
4.089835185425227254e-03
4.309472818726949907e-03
4.089835185425227254e-03
4.644575842029687041e-03
3.691504447148501785e-03
4.268134160302650311e-03
3.955169176042571712e-03
4.309472818726949907e-03
4.135448024606284793e-03
4.287925985882562810e-03
4.336932320218705658e-03
4.268134160302650311e-03
4.149054502062535753e-03
4.398924190529660862e-03
3.871720038497892744e-03
4.348613487317896410e-03
4.443913925275423844e-03
3.912510601827412678e-03
3.551181293488783666e-03
3.797550055926435589e-03
3.865414904061953948e-03
4.044283245699145136e-03
4.418493743569058656e-03
4.107715843638237024e-03
3.604655875735416487e-03
4.533695319157703650e-03
3.883864929034730983e-03
3.912510601827412678e-03
3.838825666621290423e-03
4.385104388217820649e-03
3.865414904061953948e-03
4.268134160302650311e-03
