2.794788114916634814e-01
-2.053575056913650720e-01
-4.513105383931278469e-01
9.166343800999529057e-01
-2.958268077193640377e-01
-5.085380048324001923e-01
-3.266906455714622126e-01
1.406022040308872560e-02
9.225674832276116177e-01
-7.994481102251596027e-01
-8.284931484684587844e-01
2.731469434098622084e+00
9.509339122846361958e-01
1.051249479620083083e+00
-9.923760121406018930e-01
-5.470818893842664954e-01
-9.119824136144203397e-01
8.071384423277956355e-01
5.390885506125719928e-01
3.631727286560398338e-01
-2.232958637014046399e+00
8.066381877822765833e-01
2.087867804100846936e-01
-4.757168259412710709e-01
-1.543570666453986551e+00
7.646261825759095299e-01
5.159352991703269886e-01
-5.938511587174005214e-03
-4.943716136389671445e-01
-9.949057803764657093e-01
-1.364538508805038519e-01
-1.661138258049363881e+00
-9.904495395196963314e-02
-6.200271802329502258e-01
1.314281406430576338e+00
-5.910800010122598813e-01
-1.343875107649335376e+00
1.350586572767122462e+00
4.261589823050386805e-01
-8.007252137365585831e-01
-8.243652870813217293e-01
-1.257510338754899426e-01
-9.532012109328512617e-01
2.121058239575039472e+00
-7.639170138661977028e-01
-2.183733298171619541e-01
6.188614663465793475e-01
-4.968263440868748715e-01
-6.790307372743008552e-01
2.208416433106128174e-01
1.326183717010177843e-01
5.967953182869023543e-01
-1.480424683869639546e+00
-3.154304307936636187e-01
-1.114396039228824797e+00
-9.810415783913863930e-01
8.120244414633944752e-01
-1.543570666453986551e+00
9.641039180233955674e-01
2.228938394554980551e+00
2.808853246609016030e-01
-3.577329525913984232e-01
-6.013281698823505494e-02
-9.928772564859952299e-01
1.040474344349709090e+00
1.018070933671693101e+00
2.704176736596616282e-01
9.051271117981658509e-01
-7.244606829042908869e-01
1.083295833794427843e+00
-9.197415449387872366e-01
-6.562434295076450264e-01
1.173006668060857655e-01
2.387803238604459602e-02
7.953705066020219094e-01
-1.080756204414629190e-01
8.956315578182327819e-01
6.210800745983672266e-01
7.511078286582107966e-01
-5.228457631977585507e-01
2.552385266441175027e-01
-3.278239128515872403e-01
-4.452238819864873798e-01
1.288485972914385380e+00
1.159892313604042879e+00
2.544437766003035395e-01
-7.860992117509150168e-01
4.959183954881228873e-01
-1.513761363323242459e-01
-7.514122811360272047e-01
8.635452801656300359e-01
1.004048664126992119e+00
3.561317524277579083e-01
-4.158479620025268275e-01
9.770631339849430441e-01
-6.927530935071766205e-01
1.923304257340009205e+00
3.151008367655673825e-01
1.869225280306010539e+00
1.063717115873062946e-01
1.154546131687163246e+00
5.290953937903982718e-01
7.878576881962820466e-02
-7.271080965447841438e-01
3.638905147550610675e-01
4.083141888228251082e-01
-9.273357252278735530e-01
1.894617573741236738e+00
1.018139677950373301e+00
6.109844944193487670e-01
-1.998742123474849322e-02
-5.306993827482752168e-01
1.076673847598220934e+00
-2.425479886420882358e-01
1.515353040524342720e+00
-7.764970735871364882e-01
5.914616483595661611e-01
-6.956931550388941732e-01
1.951930865426436013e+00
-1.344701581845967775e+00
1.185588914651225512e+00
1.749141765486718625e-01
-7.937863090101762165e-01
1.854445254772505436e-01
-8.939200094494811344e-01
-5.867435069549038068e-02
4.903303381093264690e-01
-1.419383420985486366e-01
2.773531948306299788e-01
1.533118776990778809e+00
-4.448374672553802034e-01
-4.176570688550249599e-01
-8.745205093320511658e-01
4.356052915171220175e-01
-4.615610993014985231e-01
7.745836400685127132e-02
-1.725905856116684012e+00
9.378554431305070604e-01
-1.027611830363694967e+00
8.635452801656300359e-01
7.717452929408389339e-01
-1.051647071406850209e+00
-5.871695730004898861e-01
-2.151881054718378650e+00
-4.309621139338908336e-01
-1.076607970341823206e+00
8.168078970031771302e-01
-1.248275875262525370e+00
3.933001141790971045e-01
1.391308743832325945e+00
7.906041595190546056e-01
-5.508914502934446622e-01
3.352044934290818179e-02
-1.760640989789272748e+00
6.727112284464168424e-01
1.812178285141520517e-01
-9.274006574248121471e-01
-7.892933629741832879e-02
-4.592581321050506066e-02
-6.455207469464835368e-01
-2.385557787480562464e+00
1.022959691235997948e+00
9.639737152287548572e-01
-1.626172090420236749e-01
1.674112272557368941e+00
-2.721924718412084943e+00
-3.164111110247919134e-01
5.579466726564614315e-02
5.068250174488866944e-02
-2.084794374293286734e-01
-7.202655391434324983e-01
1.656306902134712766e+00
-9.670349255363110963e-01
8.840365399365488486e-01
1.127978306314477708e-01
-7.470370433668437338e-01
8.471454056357303752e-01
1.178492389149537578e+00
1.245682717797064187e+00
-4.687806754673464749e-01
-1.031527159502476199e+00
-3.809140572111291978e-01
6.493119959541588868e-03
-1.596964837366097845e+00
-5.796434568114369190e-01
1.002353728150625067e-01
-2.955160455660848506e-01
4.761218837654270786e-01
6.519529095330801605e-01
-1.619473690617719841e-01
-3.384854766317563768e-01
-1.369435026061021521e+00
-2.718535519729686212e-01
1.746575874900990977e+00
1.828645855614470017e+00
4.304368641828079101e-01
1.629960235782624556e-01
-1.626172090420236749e-01
-6.248367814898705408e-01
-1.059877580708536104e+00
-9.173822949849996800e-01
4.422137238858676045e-01
-2.865426214906883651e+00
1.193382683335442174e+00
1.024052283351146286e+00
-8.745223191529688522e-01
-8.319504437373079764e-01
1.596055805638957104e+00
-1.168268760213335034e+00
-7.444765382175781987e-01
1.133128562062210465e+00
-2.965242589039411292e-01
-2.371073428909823422e-01
7.246501710510528937e-01
1.792463934980388085e-01
8.225267034333098026e-01
3.328158822119371973e-01
9.792628734810333579e-01
1.489350655102427368e+00
6.862799866158029172e-01
1.135586614987399656e+00
-1.112232228301788028e+00
3.082716136747621349e-01
1.159264238655973167e-01
1.522226361079173973e+00
-2.669276698412339499e-01
1.045118247042469556e-02
8.517319744244126190e-01
5.903892151295079271e-01
2.004429984474612736e-01
-1.146068806332974477e+00
4.185654342023795715e-01
2.965347294048231941e+00
1.455671031239803348e+00
2.189099805116926922e-01
-7.764970735871364882e-01
-3.723120694978304668e-01
-1.309864237473756354e+00
6.214411195121558595e-01
-7.306857941472804097e-01
-5.667297044869313433e-02
3.288067062366265003e-01
-1.423876650604512850e+00
7.219797180850929808e-01
5.070856085126232426e-02
9.688853977546744156e-01
-1.100779155641492535e+00
-1.210168739879997402e+00
-7.822721956852816128e-01
-8.340601830222557078e-01
-1.167650422683250033e+00
-4.997881005718410319e-01
-7.327036366729346994e-01
4.976118043379993972e-01
-9.192619167096370836e-01
1.900923344677059867e-01
8.365419759391835575e-01
2.192146417887016474e-01
-4.128421935065669512e-02
-1.416710312694895002e+00
1.101835566557920199e-01
7.525061521673906406e-02
-7.117778222847707115e-01
1.933812271705074859e-01
1.042099454142611847e+00
-5.608996358694469109e-01
-1.018659459513244325e+00
2.081755568819018354e+00
-3.983769385847664157e-01
-1.164621976373003021e+00
-7.619710605113678703e-01
-8.273884979032261056e-01
1.782135742523715205e+00
-1.815065418493162774e-01
1.848970697238577765e-01
2.167830028613085269e-01
-1.290676656824703006e+00
2.936186156088391175e-01
1.123861128541683962e+00
3.337789989558861969e-01
-3.811533190456012354e-01
-1.470368405286494706e+00
-3.537821500615825343e-01
1.976907796998654820e+00
-1.536609253658220986e-01
-1.894062957779860945e-01
-1.071158957117598121e+00
2.729101596886906123e+00
3.390454309907752761e-01
3.277222251045822099e-01
-5.948770076443237187e-01
-3.811678117570434510e-01
2.792276389040778906e+00
-2.215739274856268093e+00
1.484360688561547681e+00
1.547386332945455134e-01
1.396017114631145528e+00
-1.131175118810934910e+00
-5.597892776311343965e-01
9.304156833082566358e-01
1.000358752858621969e+00
6.073842763934010902e-01
-8.758810746277156944e-01
1.075345449611335047e+00
-1.928073458380541005e+00
1.231438636253669783e+00
-9.951710650447446183e-01
9.121159856215151907e-01
2.616867154958460340e+00
2.745836223154800582e-01
5.299232998989216181e-01
2.070594474990974099e-01
1.467233791508475216e+00
-4.707210369379071224e-01
-9.340433741237222920e-01
2.517971778412318451e-01
-9.537486365548553113e-01
1.515772990480241056e+00
