3.009560312329631875e-03
3.072377119953190877e-03
3.112020555173066871e-03
3.002099853202661994e-03
3.024990699966507903e-03
3.055886764130630144e-03
3.062436052815537511e-03
3.078566641969672762e-03
3.010291148866589203e-03
3.025481691682703738e-03
3.023835850441149251e-03
3.068951003030530571e-03
2.955577633428958188e-03
3.080539976064353667e-03
3.029512940123452874e-03
3.129328288477456563e-03
3.029512940123452874e-03
3.088065455756638673e-03
3.029512940123452874e-03
3.068951003030530571e-03
3.045716622733911274e-03
3.075883743600202423e-03
3.037969270776656912e-03
3.086362702503048401e-03
3.029512940123452874e-03
3.163166720173593745e-03
3.029512940123452874e-03
3.068951003030530571e-03
3.082814595440352100e-03
3.030302039359009884e-03
2.994148719628345924e-03
3.010088256618395110e-03
3.050926391790791462e-03
3.083872147015935539e-03
3.093266576704680436e-03
3.056622087829840347e-03
3.122793550877144258e-03
3.080539976064353667e-03
3.075883743600202423e-03
3.083344202727171871e-03
2.964185380379116483e-03
3.115872655771865628e-03
3.108054787709734965e-03
3.090391120538886222e-03
3.078566641969672762e-03
3.008134016489456049e-03
3.125641192634263758e-03
2.988652162417997082e-03
3.129557982684062420e-03
3.085206156004934724e-03
3.168601140261031578e-03
3.029512940123452874e-03
3.121613513826478840e-03
2.955729049725912879e-03
3.048737967024599867e-03
3.083872147015935539e-03
3.100224557688193317e-03
2.951206809568967908e-03
3.008134016489456049e-03
3.009560312329631875e-03
3.038236664775526442e-03
3.034270897312194536e-03
3.042088765374325633e-03
3.009974927114672256e-03
3.012578812105508406e-03
3.011422265607394295e-03
3.009560312329631875e-03
3.089382829776053749e-03
2.964185380379116483e-03
2.994148719628345924e-03
3.326074862054420947e-03
3.130366272283406203e-03
3.112020555173066871e-03
3.008134016489456049e-03
3.083344202727171871e-03
3.108054787709734965e-03
3.055544398079916568e-03
3.038236664775526442e-03
3.002099853202661994e-03
3.168601140261031578e-03
3.078566641969672762e-03
3.052952162819594882e-03
3.049009660479604263e-03
3.096581247879343080e-03
3.127288713722314525e-03
2.967772470964579433e-03
3.104085929756549879e-03
2.951206809568967908e-03
3.029361523826498617e-03
3.002099853202661994e-03
3.100224557688193317e-03
3.112020555173066871e-03
3.022797357481802651e-03
3.073195762643067975e-03
2.951697801285163309e-03
3.025481691682703738e-03
3.002099853202661994e-03
3.129274457141442787e-03
3.124673288080602896e-03
3.067932610025886353e-03
3.006756085666813672e-03
3.100224557688193317e-03
3.010088256618395110e-03
2.974954076627059872e-03
3.029512940123452874e-03
3.055544398079916568e-03
3.088065455756638673e-03
3.010697764862004574e-03
2.998593229555650882e-03
3.062436052815537511e-03
3.009560312329631875e-03
3.042088765374325633e-03
3.093266576704680436e-03
3.080539976064353667e-03
3.075883743600202423e-03
2.955729049725912879e-03
3.008134016489456049e-03
3.100224557688193317e-03
3.042088765374325633e-03
3.081917906886996478e-03
3.014281565359098677e-03
3.083344202727171871e-03
3.014281565359098677e-03
3.104085929756549879e-03
3.055886764130630144e-03
2.955577633428958188e-03
3.083872147015935539e-03
3.056622087829840347e-03
2.974954076627059872e-03
3.004782751572132333e-03
3.025481691682703738e-03
3.112020555173066871e-03
3.084481655259545003e-03
2.955577633428958188e-03
3.127932862028129802e-03
3.083872147015935539e-03
3.024990699966507903e-03
3.083620889750208864e-03
3.038236664775526442e-03
3.084481655259545003e-03
3.002099853202661994e-03
3.034908647007861573e-03
2.961124756610321145e-03
3.029512940123452874e-03
3.041556361362119428e-03
2.950051960043608822e-03
3.006756085666813672e-03
3.083758817512212685e-03
3.011422265607394295e-03
2.955729049725912879e-03
3.008134016489456049e-03
3.045329253252222843e-03
3.022797357481802651e-03
2.988652162417997082e-03
3.047829623428938844e-03
3.083758817512212685e-03
3.083872147015935539e-03
3.046063007140271343e-03
3.100224557688193317e-03
3.026440667290652888e-03
2.955577633428958188e-03
2.950051960043608822e-03
3.112020555173066871e-03
3.086362702503048401e-03
3.127288713722314525e-03
2.964185380379116483e-03
3.055886764130630144e-03
2.995167112632990576e-03
3.002099853202661994e-03
2.998593229555650882e-03
2.964185380379116483e-03
3.080539976064353667e-03
3.078566641969672762e-03
3.127932862028129802e-03
3.002099853202661994e-03
3.048231124504866690e-03
3.029361523826498617e-03
3.050889397683062467e-03
3.010697764862004574e-03
3.009560312329631875e-03
3.104085929756549879e-03
3.093266576704680436e-03
3.016607230141346227e-03
3.125641192634263758e-03
3.122793550877144258e-03
3.038236664775526442e-03
3.119113143649762838e-03
3.009974927114672256e-03
3.009836999352668435e-03
3.051857302236723329e-03
3.081917906886996478e-03
3.090391120538886222e-03
3.053504823324774096e-03
2.955577633428958188e-03
3.045329253252222843e-03
3.127288713722314525e-03
3.082814595440352100e-03
3.085206156004934724e-03
2.998593229555650882e-03
3.082814595440352100e-03
3.012578812105508406e-03
3.129557982684062420e-03
2.982102873733089715e-03
3.049009660479604263e-03
3.045329253252222843e-03
3.041556361362119428e-03
2.967772470964579433e-03
2.961124756610321145e-03
3.115872655771865628e-03
3.024990699966507903e-03
3.045329253252222843e-03
3.054148971630589373e-03
3.034908647007861573e-03
3.029361523826498617e-03
2.964185380379116483e-03
3.009974927114672256e-03
2.988652162417997082e-03
3.048737967024599867e-03
3.078566641969672762e-03
2.955729049725912879e-03
3.127932862028129802e-03
3.002099853202661994e-03
3.083620889750208864e-03
3.126736053217135311e-03
3.041556361362119428e-03
3.068951003030530571e-03
2.988652162417997082e-03
3.010697764862004574e-03
3.029361523826498617e-03
3.002099853202661994e-03
3.041556361362119428e-03
3.084075039264129632e-03
3.034908647007861573e-03
3.012578812105508406e-03
2.967772470964579433e-03
3.024990699966507903e-03
3.073195762643067975e-03
3.054148971630589373e-03
3.081917906886996478e-03
3.016607230141346227e-03
3.086362702503048401e-03
3.086362702503048401e-03
3.326074862054420947e-03
3.122793550877144258e-03
3.083344202727171871e-03
3.053504823324774096e-03
3.055886764130630144e-03
3.088065455756638673e-03
3.075883743600202423e-03
3.054148971630589373e-03
2.988652162417997082e-03
2.994148719628345924e-03
3.008134016489456049e-03
2.964185380379116483e-03
3.029361523826498617e-03
3.037969270776656912e-03
3.108054787709734965e-03
