2.544683139002831523e-07
2.544890060402127223e-07
2.559578631729242651e-07
2.555293730442953376e-07
2.547055092482387780e-07
2.552307086266849663e-07
2.544237048184000711e-07
2.550385627229362256e-07
2.544111548862452427e-07
2.691887253695037478e-07
2.544111548862452427e-07
2.544986539332814881e-07
2.576957539781635315e-07
2.554260685215998537e-07
2.544673950031395822e-07
2.544603204058830605e-07
2.547333419997667005e-07
2.569598850763817245e-07
2.544890060402127223e-07
2.544603204058830605e-07
2.544673950031395822e-07
2.544673950031395822e-07
2.544237048184000711e-07
2.564897121229904049e-07
2.547333419997667005e-07
2.550476135750614354e-07
2.545050528868038622e-07
2.544829279506458452e-07
2.546691289561574757e-07
2.550385627229362256e-07
2.544111548862452427e-07
2.563133616915579979e-07
2.545275941462877226e-07
2.544673950031395822e-07
2.547055092482387780e-07
2.543565158797436326e-07
2.544111548862452427e-07
2.646357070304238988e-07
2.545275941462877226e-07
2.543919307652761658e-07
2.657963498425661739e-07
2.545790181658023371e-07
2.545275941462877226e-07
2.543565158797436326e-07
2.546014537976524022e-07
2.636445805334073397e-07
2.556265690537182620e-07
2.544829279506458452e-07
2.549551014753472846e-07
2.543766832753052064e-07
2.549971897708223367e-07
2.549168519512139443e-07
2.547973105701877075e-07
2.544111548862452427e-07
2.545303287852343917e-07
2.544829279506458452e-07
2.545244000320910659e-07
2.547333419997667005e-07
2.559229768626255272e-07
2.546691289561574757e-07
2.546268412077784789e-07
2.553477920791799561e-07
2.546014537976524022e-07
2.552006889862889918e-07
2.544673950031395822e-07
2.544237048184000711e-07
2.543565158797436326e-07
2.544111548862452427e-07
2.568809544790183350e-07
2.549551014753472846e-07
2.548920748887754530e-07
2.689439649753988361e-07
2.553877184566653129e-07
2.547121265567815091e-07
2.544237048184000711e-07
2.549971897708223367e-07
2.543766832753052064e-07
2.559428919781275012e-07
2.545275941462877226e-07
2.566087297026397847e-07
2.545244000320910659e-07
2.567760565644649668e-07
2.703969209543432173e-07
2.559229768626255272e-07
2.587691573037591899e-07
2.554260685215998537e-07
2.544829279506458452e-07
2.551158894935047817e-07
2.544111548862452427e-07
2.546268412077784789e-07
2.545790181658023371e-07
2.544237048184000711e-07
2.634598706209245525e-07
2.548920748887754530e-07
2.579669854307157192e-07
2.543586953802653172e-07
2.552006889862889918e-07
2.563133616915579979e-07
2.548920748887754530e-07
2.621780748548319343e-07
2.546268412077784789e-07
2.544603204058830605e-07
2.546268412077784789e-07
2.543766832753052064e-07
2.552549750726320234e-07
2.543565158797436326e-07
2.544829279506458452e-07
2.552549750726320234e-07
2.545303287852343917e-07
2.549971897708223367e-07
2.547679146892304455e-07
2.544673950031395822e-07
2.545050528868038622e-07
2.545366814323055843e-07
2.548504527043471578e-07
2.545366814323055843e-07
2.575759167730166303e-07
2.546691289561574757e-07
2.545556503098666956e-07
2.544111548862452427e-07
2.545244000320910659e-07
2.544237048184000711e-07
2.545244000320910659e-07
2.569020304623519113e-07
2.567760565644649668e-07
2.546179302607515703e-07
2.547973105701877075e-07
2.634598706209245525e-07
2.544111548862452427e-07
2.545050528868038622e-07
2.544673950031395822e-07
2.559229768626255272e-07
2.546691289561574757e-07
2.548015848405642168e-07
2.543919307652761658e-07
2.547679146892304455e-07
2.545050528868038622e-07
2.552307086266849663e-07
2.544616665492932680e-07
2.545790181658023371e-07
2.566087297026397847e-07
2.548145480589347233e-07
2.543586953802653172e-07
2.546599197032909823e-07
2.543919307652761658e-07
2.545050528868038622e-07
2.545556503098666956e-07
2.545741829630303628e-07
2.544111548862452427e-07
2.544237048184000711e-07
2.543919307652761658e-07
2.543766832753052064e-07
2.586056415267973460e-07
2.545275941462877226e-07
2.543586953802653172e-07
2.550822730831624542e-07
2.545244000320910659e-07
2.543586953802653172e-07
2.547121265567815091e-07
2.551158894935047817e-07
2.543766832753052064e-07
2.569020304623519113e-07
2.547973105701877075e-07
2.545050528868038622e-07
2.544829279506458452e-07
2.543684575312636522e-07
2.549168519512139443e-07
2.546372654286637216e-07
2.546014537976524022e-07
2.544673950031395822e-07
2.647284363059560892e-07
2.545303287852343917e-07
2.544603204058830605e-07
2.545741829630303628e-07
2.543919307652761658e-07
2.567760565644649668e-07
2.551158894935047817e-07
2.551158894935047817e-07
2.569020304623519113e-07
2.561433719568709010e-07
2.569629072027777317e-07
2.545366814323055843e-07
2.544986539332814881e-07
2.546014537976524022e-07
2.543684575312636522e-07
2.544111548862452427e-07
2.544673950031395822e-07
2.546372654286637216e-07
2.544986539332814881e-07
2.544603204058830605e-07
2.543565158797436326e-07
2.544890060402127223e-07
2.544237048184000711e-07
2.546014537976524022e-07
2.545303287852343917e-07
2.546069880355594565e-07
2.544111548862452427e-07
2.545050528868038622e-07
2.627082125683464290e-07
2.546985597075628695e-07
2.934191838432501417e-07
2.901370936510536827e-07
2.544111548862452427e-07
2.543586953802653172e-07
2.627082125683464290e-07
2.571106317693398197e-07
2.546069880355594565e-07
2.545275941462877226e-07
2.545741829630303628e-07
2.545244000320910659e-07
2.544829279506458452e-07
2.544616665492932680e-07
2.545741829630303628e-07
2.544618155585707780e-07
2.548015848405642168e-07
2.553877184566653129e-07
2.544829279506458452e-07
2.544683139002831523e-07
2.570301255543273148e-07
2.553877184566653129e-07
2.549168519512139443e-07
2.546599197032909823e-07
2.544237048184000711e-07
2.573341913166562244e-07
2.577669159029478063e-07
2.544111548862452427e-07
2.544111548862452427e-07
2.544673950031395822e-07
2.544829279506458452e-07
2.552549750726320234e-07
2.544616665492932680e-07
2.544673950031395822e-07
2.544603204058830605e-07
2.543586953802653172e-07
2.545741829630303628e-07
2.545366814323055843e-07
2.547679146892304455e-07
2.543565158797436326e-07
2.544683139002831523e-07
2.544890060402127223e-07
2.569020304623519113e-07
2.544618155585707780e-07
2.544618155585707780e-07
2.545556503098666956e-07
2.621780748548319343e-07
2.544673950031395822e-07
2.545303287852343917e-07
2.545244000320910659e-07
2.544237048184000711e-07
2.549157376324894576e-07
2.544673950031395822e-07
2.544673950031395822e-07
2.546372654286637216e-07
2.546014537976524022e-07
2.545050528868038622e-07
2.554260685215998537e-07
2.544673950031395822e-07
2.547679146892304455e-07
2.546069880355594565e-07
2.544111548862452427e-07
2.544237048184000711e-07
2.612104179467435730e-07
2.543586953802653172e-07
2.545275941462877226e-07
2.543565158797436326e-07
2.546985597075628695e-07
2.544673950031395822e-07
2.545790181658023371e-07
2.545050528868038622e-07
2.544616665492932680e-07
2.543919307652761658e-07
2.566452777024026325e-07
2.554260685215998537e-07
2.544237048184000711e-07
2.556470186495632284e-07
2.543565158797436326e-07
2.546985597075628695e-07
2.593652328025871578e-07
2.552307086266849663e-07
2.586056415267973460e-07
2.547973105701877075e-07
2.543766832753052064e-07
2.552307086266849663e-07
2.551158894935047817e-07
2.546069880355594565e-07
2.544890060402127223e-07
2.544111548862452427e-07
2.543919307652761658e-07
2.544111548862452427e-07
2.579669854307157192e-07
2.559428919781275012e-07
2.543684575312636522e-07
2.546069880355594565e-07
2.543919307652761658e-07
2.543766832753052064e-07
2.545790181658023371e-07
2.546268412077784789e-07
2.543684575312636522e-07
2.544829279506458452e-07
2.548504527043471578e-07
2.548015848405642168e-07
2.544237048184000711e-07
2.569020304623519113e-07
2.546985597075628695e-07
2.556470186495632284e-07
2.550476135750614354e-07
2.748567068038687601e-07
2.544618155585707780e-07
2.544986539332814881e-07
2.544673950031395822e-07
2.552549750726320234e-07
2.547333419997667005e-07
2.545741829630303628e-07
2.546985597075628695e-07
2.546372654286637216e-07
2.544603204058830605e-07
2.748567068038687601e-07
2.543684575312636522e-07
