3.825018644267300007e-03
4.087307477276200425e-03
3.625604347178199970e-03
4.134646329600100319e-03
3.751334317668200170e-03
3.726994170644999833e-03
3.526757416670600088e-03
3.400468699206299870e-03
3.860264484172400059e-03
3.566162596975200067e-03
3.308055067488799988e-03
3.790472229688899870e-03
3.682284636855299911e-03
4.745877234238899886e-03
3.532323418994199986e-03
3.550411038050000061e-03
3.637287864034700023e-03
3.941562124790999599e-03
4.023080009082600182e-03
3.744032228583999821e-03
4.493617150638599782e-03
3.738461398907200021e-03
3.805328010695799897e-03
4.052598616999900094e-03
3.874467558702699918e-03
3.768843452882200077e-03
3.724496869390500012e-03
4.432197958817800029e-03
3.554559942647500092e-03
3.622686241980700196e-03
3.599207684148199998e-03
3.932612154469899805e-03
4.445565617745400253e-03
4.189118627391599965e-03
4.019935449464599742e-03
3.890584154460900116e-03
3.681805022200199812e-03
3.942366816760900332e-03
3.702891471642599797e-03
3.757650801411899916e-03
3.946777786635800173e-03
3.745982123628400183e-03
3.603581638489200111e-03
3.469634881003600020e-03
3.521588550038899819e-03
3.711207987200600134e-03
3.830419980543800073e-03
3.823550398796899796e-03
3.921517345737200386e-03
3.390585891389599933e-03
4.149011436602100152e-03
3.924392222563200146e-03
3.523903467004700207e-03
4.184838367223300132e-03
3.799208183040300030e-03
4.062318458364300167e-03
3.809949014567499959e-03
3.702852972650300112e-03
3.459570222487200024e-03
3.508788869614699792e-03
3.790066220043900123e-03
3.794826423551500138e-03
3.912581470737800347e-03
4.013810412360999981e-03
3.936174347300499740e-03
3.563394416804999913e-03
4.242298231087899933e-03
3.906136813014699991e-03
3.668272771548999802e-03
4.017792624089799869e-03
3.864158633705999917e-03
3.694851951439899820e-03
3.808981227128499947e-03
3.415386008358800053e-03
4.053391338449100281e-03
4.588263122568199924e-03
3.858344967480299963e-03
3.499780172999900074e-03
3.732824722993799849e-03
3.741267038949700179e-03
3.711788560792700191e-03
3.877322697634899822e-03
3.653937152425800177e-03
4.604180513005099590e-03
3.974762031657800253e-03
4.097238323517900412e-03
3.818204304139399818e-03
3.685940973878199835e-03
3.496759257029300079e-03
3.701353963847400005e-03
3.896616462756800209e-03
3.765917640589499984e-03
3.781662565596800168e-03
3.393505235485599989e-03
3.897082510273299806e-03
3.916939416376900331e-03
3.224854898114899813e-03
3.681793623947399868e-03
3.660394928889100161e-03
3.697038296798399806e-03
4.121339650695700352e-03
3.764067731610499894e-03
4.194746863029799600e-03
3.864658351784600130e-03
3.508313840833499932e-03
4.040204658574599733e-03
3.552001799102299899e-03
3.212521773930999882e-03
3.954229457260500374e-03
3.705095675999799804e-03
3.685620609108400132e-03
3.839356903531499984e-03
3.253752488565399888e-03
3.875352226302500053e-03
3.969074799930700191e-03
3.918781323456100099e-03
3.694402722917800117e-03
3.572801247335400006e-03
3.579321952616999931e-03
3.955633697256499999e-03
4.039862473363100420e-03
3.852045156061000182e-03
3.672682039591700174e-03
3.637520610028699853e-03
3.842125109873099822e-03
4.311523172094399760e-03
3.992586780028099629e-03
3.506368285474199993e-03
4.176094153612699804e-03
3.903782618463999803e-03
4.108469620178399964e-03
4.243179198295699873e-03
3.532347046733099946e-03
3.391367202506500016e-03
4.034429372720100410e-03
4.009325726243499581e-03
4.017744153973700286e-03
3.654195041545600132e-03
3.949820393394100002e-03
3.502571464655000136e-03
3.466379319227000204e-03
3.732262092076399970e-03
3.945510667803200054e-03
3.760433984061299986e-03
3.513002264238499883e-03
3.853453261977599943e-03
3.826130699055299827e-03
3.949358811368699693e-03
3.938323417808200014e-03
3.445437565307199902e-03
4.289436078224300071e-03
4.214699296110699898e-03
3.760220395259800032e-03
3.922789314185100122e-03
3.471453216371699849e-03
3.954641835127800306e-03
4.087875376857300069e-03
4.097059307456399867e-03
3.870349837721799840e-03
3.644150332659600033e-03
3.832432634052800047e-03
3.939991811634799626e-03
3.419018116197900057e-03
3.828575189250000080e-03
3.933959998965200384e-03
3.921877239363100350e-03
3.773260732981799891e-03
3.996778873262499948e-03
3.845085675601900201e-03
3.624583595941499939e-03
4.077841874338200383e-03
3.669181746364700170e-03
4.126313797518399787e-03
4.043388151461099929e-03
4.086748234956499859e-03
3.066615761751600132e-03
3.812759759165099908e-03
3.219544685477999848e-03
3.712618794752400170e-03
3.790934088987599985e-03
3.573465674445499944e-03
4.033128729248300175e-03
3.307512336409899802e-03
3.767871478795800210e-03
3.610682320850400109e-03
3.979322033505899858e-03
3.998881905599100187e-03
3.973412895366099790e-03
3.837092620645599864e-03
3.654575708974499952e-03
3.526150059378699905e-03
3.612250696783200158e-03
3.710585152187099913e-03
3.487763130963300161e-03
4.242772359362200277e-03
2.859641841686500017e-03
3.769735645688000215e-03
3.873425484480999808e-03
3.212342781727100128e-03
4.265901946992499937e-03
3.484261022186700175e-03
4.144696548644500288e-03
3.726608305062399998e-03
4.122811886023799999e-03
3.963888331239300358e-03
3.631340439954799850e-03
3.707281677994200050e-03
3.504333925324999884e-03
3.951394630088700399e-03
3.815850420157999943e-03
3.425375722953500051e-03
4.054285130047800140e-03
4.404693695470199982e-03
3.777038456536100080e-03
3.643361276270400129e-03
3.692956790180100014e-03
4.004014763082599897e-03
3.487674193320299942e-03
3.549075294861200186e-03
3.633642680984399808e-03
3.784544186324199921e-03
3.657034547251000137e-03
3.153314193022299910e-03
3.875152575135500186e-03
4.249302206797899925e-03
3.743344085487699830e-03
3.694563233218000134e-03
3.881892374838299790e-03
3.678163200685600001e-03
3.531801548994000211e-03
4.173317276342500270e-03
3.885711537287099820e-03
4.163151383782999655e-03
3.937707073768299988e-03
3.887552406607599868e-03
4.016691838755899989e-03
3.664244886651299785e-03
3.622770550182200129e-03
3.419652660213599957e-03
3.542547912022200006e-03
3.575602511833999870e-03
4.180925567823399677e-03
4.043193377162900351e-03
3.258858885042300191e-03
3.989089195160999690e-03
3.405469558558900031e-03
4.054743680450699668e-03
3.294061204956099873e-03
4.321081808788400022e-03
3.748354253824000195e-03
3.973849826110699597e-03
3.750641672745599984e-03
3.735158256975199941e-03
3.865607231151600102e-03
3.775893138032200037e-03
3.147403130600100185e-03
3.411125340179000081e-03
3.497287357111100205e-03
3.700653504993199963e-03
3.700850079199000109e-03
3.938934184510300106e-03
3.926220639604799910e-03
3.689281338341900054e-03
3.685633497193899991e-03
3.668219985964199948e-03
3.952465791901099874e-03
3.570217008559699919e-03
3.752720821344800086e-03
3.715790259789999907e-03
3.778612679363300194e-03
4.032945950668400358e-03
4.272421739886900216e-03
3.910045600610799824e-03
3.568849364981500124e-03
4.131215129703600004e-03
4.043733607678299917e-03
3.633322134074299867e-03
3.552715682506400047e-03
3.870762233751900028e-03
3.880366895292899822e-03
3.996187609494599759e-03
3.690377757146499904e-03
3.560659687471399992e-03
3.824716486031299982e-03
3.886636126169100078e-03
4.207640260306799891e-03
4.025708315681200168e-03
3.890267992795300167e-03
3.736398058306699896e-03
4.011863741024699996e-03
4.321696089830499680e-03
3.905877189724600053e-03
3.803422726358399956e-03
3.586754052018600088e-03
3.474283837443799955e-03
3.556025961574099843e-03
3.709400259554399958e-03
3.565700900459099851e-03
4.033133237534999860e-03
3.799156696678999794e-03
3.978208138967699765e-03
3.876211939395700183e-03
3.664696492738600195e-03
4.112990426892299684e-03
3.995849321074500422e-03
3.621993134974499894e-03
3.472982958015500155e-03
3.727582404552000090e-03
3.944288268523500098e-03
3.506994714758699967e-03
3.748112569897699836e-03
4.290839893960499661e-03
3.802027024594300045e-03
3.644821240155499999e-03
4.040619495034700366e-03
3.729541865248900152e-03
3.619820887745000063e-03
4.121388411691399856e-03
4.117632221188599964e-03
3.811729803082399871e-03
4.362435391756400334e-03
3.825503609472100022e-03
3.441963834084400212e-03
3.535110903517399948e-03
3.900591327073600102e-03
3.070765056515499785e-03
3.331154892598200013e-03
3.717166940704699947e-03
3.611555817952900090e-03
3.894117878622000133e-03
3.894363585888899974e-03
3.797482258443799809e-03
3.520546973234000166e-03
4.414678820265900347e-03
3.934726361514500129e-03
3.173401423044900065e-03
4.027085655604299708e-03
3.653108689872499801e-03
3.868290430636499907e-03
3.980732452563399797e-03
3.656865241661799975e-03
3.510779852055900124e-03
3.579697516988900215e-03
3.679314180544200185e-03
3.273323475531999920e-03
4.125966410690700206e-03
3.562597669235200055e-03
3.549399519417900141e-03
3.478590309122299960e-03
3.401000874828999983e-03
3.088804497634799803e-03
3.474834810245800137e-03
3.977917481365300136e-03
4.201808597082200107e-03
3.911474168132100110e-03
4.201256610524600060e-03
3.865218311323000058e-03
3.628030220457699809e-03
3.801578048707000140e-03
4.255858617470200354e-03
3.998525768885900430e-03
3.393302589935599887e-03
3.592096355385100172e-03
4.071037478999900081e-03
3.371278521265800177e-03
3.051577818621700137e-03
3.858277349279300161e-03
3.763680309728899796e-03
4.114671107283400346e-03
3.479006052693199829e-03
3.920990656603000335e-03
3.603505510405499886e-03
4.110564360131599600e-03
3.806543103918899867e-03
3.345222855990600142e-03
3.962681734645899685e-03
3.630453291457399947e-03
3.727464974382400063e-03
3.826163782108800079e-03
3.792387357770999820e-03
3.811019319894100050e-03
3.886115513732399818e-03
3.410631553568899826e-03
3.793494087292599917e-03
3.718839143053799968e-03
4.157192792728499689e-03
4.020140551969799900e-03
4.102227211166899895e-03
4.312104620894900361e-03
3.501343763572300084e-03
4.100012590398699648e-03
3.575551083659800171e-03
3.846540641318100043e-03
4.004453223152499783e-03
3.821329568803399825e-03
4.037214791360200367e-03
4.004904494191200218e-03
3.470402646128899985e-03
3.972446975520600200e-03
4.010065457773499820e-03
4.270998591720099810e-03
3.728462018987300109e-03
4.078326578332500119e-03
4.018572320072600138e-03
3.928079947701199753e-03
4.033275567019500157e-03
3.785279375482100174e-03
3.756102597650900002e-03
3.594565946592599964e-03
4.185058122431899869e-03
3.774824017588800183e-03
4.476673183609799697e-03
3.573348815741600199e-03
4.022350005084700079e-03
4.044490195339200088e-03
3.696735446703799857e-03
3.986552724347799601e-03
3.688005528777900215e-03
4.045035474391199710e-03
3.812829535477299872e-03
3.769832749716099836e-03
4.125346802304899821e-03
3.334464778096700010e-03
3.368082057183000196e-03
3.691140307841499994e-03
3.889457296424500207e-03
3.747811608997700123e-03
3.694129161474499993e-03
3.614738765835999804e-03
4.182824169235000063e-03
4.119775644397099916e-03
3.637714265052300212e-03
3.330918150700000208e-03
4.341867528142900196e-03
4.177093015152900414e-03
4.116695627143699895e-03
3.951489073252600036e-03
3.451721371422300077e-03
3.925444093827300251e-03
3.571461455627100018e-03
3.722910008938800069e-03
4.398222735627800237e-03
4.014553944433300360e-03
3.833275738700999812e-03
3.493503961673700108e-03
3.910346164113700368e-03
3.537492505096499935e-03
3.368810511973999947e-03
3.624833030201500203e-03
4.084021529030599888e-03
3.943750389583399601e-03
4.291866886392299921e-03
4.230886823806100268e-03
3.839382180151399999e-03
3.934069973975100332e-03
3.970467621136100113e-03
3.737280243399000116e-03
3.905166958327599847e-03
3.489908164767200217e-03
3.360442113356400164e-03
3.640486847511099997e-03
3.986752157509199784e-03
3.802020388353199998e-03
4.071682631777900040e-03
3.893536250298500201e-03
4.093311790009599924e-03
3.959206979330100358e-03
3.890114887203800081e-03
3.441401325893400122e-03
3.648923214640900203e-03
3.616856040374700001e-03
3.757062551532699968e-03
3.245701760758000140e-03
3.779316509486999910e-03
3.186851079224900171e-03
3.979667594050899718e-03
3.263228665010500188e-03
4.030035567636000224e-03
3.786867929922200192e-03
3.998126891366299632e-03
3.952525058361499796e-03
3.697452054292599873e-03
3.956159592038000113e-03
3.728482400694200019e-03
3.890962792330299874e-03
4.126628836282299727e-03
3.771616304292900110e-03
3.078954140529100141e-03
3.671142342568399931e-03
3.967469707576300013e-03
3.637305803056700097e-03
3.925686470267799807e-03
3.665553908966300012e-03
3.090842860260799990e-03
3.684485200068900179e-03
3.763535858796900058e-03
3.598665674437799902e-03
3.913402200245899576e-03
3.765122796904100087e-03
3.877715641600000020e-03
4.116226490846500337e-03
3.732954063542300027e-03
4.102658125858599930e-03
3.588648498627299878e-03
3.222587466585799792e-03
3.909483853040399658e-03
4.037049100512399638e-03
3.105764570265799867e-03
4.016705255156599597e-03
3.930755472308799896e-03
3.612655380523899923e-03
3.787715481820799930e-03
3.368280195693899859e-03
4.036614585311799897e-03
3.562731836860899993e-03
3.909385859286899911e-03
4.191495560760099756e-03
3.475891246389800106e-03
4.278221144959799827e-03
3.740830035607799805e-03
3.924212427660499734e-03
4.152710081454700185e-03
3.721005298145800035e-03
4.025183258729900238e-03
4.121182918648600042e-03
3.661319040546799977e-03
4.065808653031299791e-03
3.467008951999000187e-03
3.964705788601300372e-03
3.955922999409900061e-03
3.667947542043999924e-03
3.296626691531699942e-03
3.540143729529500113e-03
4.303947909906000180e-03
3.820589166723799800e-03
3.694856856521600008e-03
3.792475549071300158e-03
2.960289713940199990e-03
3.712029199221499910e-03
3.190597080677799822e-03
3.705541642270199828e-03
3.184050559407099971e-03
3.851019219675400063e-03
3.806225679127999816e-03
3.755000260070400202e-03
3.519151252258199882e-03
3.555727180872800090e-03
3.993891324077799600e-03
3.772632192751499813e-03
3.997914685345000350e-03
3.950185999894600432e-03
3.867349672838299793e-03
3.608895497492400125e-03
4.028747646659200203e-03
3.416250748105200200e-03
3.483971689744100146e-03
3.651812273435900164e-03
4.320405475985999999e-03
3.383840300510899957e-03
3.459730006997800179e-03
3.891279457037499952e-03
3.478153071193299840e-03
3.741883597932000021e-03
3.652299082768600044e-03
3.558554527538399914e-03
3.918828726575900208e-03
3.886275637667000165e-03
3.273331152085199886e-03
3.553895253536500012e-03
3.733738228990300147e-03
3.615374489682899890e-03
3.687717138724600028e-03
4.182886304839299879e-03
3.728093429181700193e-03
3.870515530305999787e-03
4.071918246536399694e-03
3.663250425528100009e-03
4.309205396163799662e-03
3.820486663548300181e-03
3.378519344107900127e-03
4.115826932348500000e-03
3.511610307837400181e-03
3.833181540958800065e-03
3.859724509584399992e-03
3.812340812874900203e-03
3.441846458962000057e-03
3.687838852041399815e-03
4.348571226876400339e-03
3.974841226747199800e-03
3.715342451788000190e-03
3.665107142674500166e-03
3.314865791999699936e-03
3.821361948091699882e-03
4.046746088972899731e-03
3.928599685871000252e-03
3.718616279848800058e-03
3.718851465390800130e-03
3.532941387408799865e-03
3.470345080484499821e-03
3.313864643822499786e-03
3.137684617944900070e-03
4.060975639411599711e-03
3.661104074928399951e-03
3.889993323650399893e-03
3.773860046052199789e-03
4.190975529826599690e-03
4.056448254544899740e-03
3.284787957663500100e-03
3.900942331163899813e-03
3.853313839198100037e-03
3.601285390089900128e-03
4.210846684076400420e-03
3.479075259704800076e-03
3.461168416114200098e-03
4.052580440626400021e-03
3.535720633711400204e-03
3.832407283224200083e-03
4.176835278243300198e-03
3.575778925607799984e-03
3.588916070158200151e-03
3.852488313346399875e-03
3.719689731517400021e-03
3.665951250657000123e-03
4.302747290822099904e-03
3.973591258417200241e-03
3.653293746747999973e-03
3.742512285352000197e-03
3.826860824361799814e-03
4.126993009778799973e-03
3.947729830640099753e-03
3.639934896909200173e-03
3.554549355169299950e-03
3.972401280526700364e-03
4.400780086610800099e-03
3.620686373858099990e-03
4.086408487175100315e-03
3.780299275461999984e-03
3.747108908848900081e-03
3.850808052031199930e-03
3.855035124860300196e-03
3.847062367121699845e-03
3.281697654168600018e-03
4.552054209319800031e-03
3.898667942756499794e-03
3.664207252619100172e-03
3.482081209681099892e-03
3.988644405906300282e-03
3.390391503722100033e-03
3.996640851249300304e-03
3.727952429573500124e-03
4.048548223026800057e-03
4.226730315574100429e-03
3.770114618808100004e-03
3.949968584669299836e-03
3.487820424440300163e-03
3.990338457280699809e-03
4.167711270900200000e-03
4.059007887764499826e-03
3.844549129765000017e-03
4.198712914859800173e-03
3.614790388337799955e-03
3.986887105607199791e-03
3.652082238338699976e-03
4.072540698518299987e-03
3.447221200074799922e-03
3.428508100819899988e-03
3.991026958150899716e-03
3.939222599569899841e-03
4.075229898815499983e-03
4.020649468533900317e-03
4.171581205267499773e-03
3.885495996893500135e-03
3.907753839834200368e-03
3.462664608508899799e-03
3.629435885904599979e-03
3.465632937926300169e-03
4.573366890733700056e-03
4.038990947660799774e-03
3.968525169346599768e-03
4.061310909169200262e-03
3.549726554303700172e-03
3.735871732633299930e-03
3.591873838391099801e-03
4.284722340448799717e-03
3.824579646097499980e-03
4.026352021064699867e-03
3.908132417962399859e-03
4.007123916104199900e-03
3.958236593105899856e-03
4.116676247391699676e-03
3.371904435590399908e-03
4.176004811426600044e-03
3.621666932994099895e-03
3.909201634294000305e-03
3.893620564746600159e-03
3.630973001377399943e-03
3.345010191414499959e-03
3.869946208951399996e-03
4.498986812151900376e-03
3.881070267381000072e-03
3.915459260267499866e-03
3.789583108727099820e-03
3.786468356176800158e-03
3.650634290925599840e-03
3.893812484949599976e-03
3.612092224929200172e-03
4.237231190924600072e-03
3.781565378224500083e-03
3.651367385387899959e-03
3.624918286931400058e-03
3.538070445207799810e-03
4.019256366662900259e-03
3.830570971192099987e-03
3.707805990199900155e-03
4.164023884818300429e-03
3.851271417062400101e-03
3.816063101345900169e-03
3.437402586919300045e-03
3.907414662870099635e-03
3.514258326850499929e-03
3.737208102694900003e-03
3.147260267654899794e-03
4.106437620882199928e-03
3.626330824782299841e-03
4.238816682961800246e-03
4.313678870694099762e-03
3.248046230396299788e-03
3.661864075864499930e-03
4.003221051356599912e-03
3.392546460306799811e-03
3.533091089930500035e-03
3.868947602861599801e-03
4.175425202711200226e-03
3.648677019235600002e-03
3.782317543166300016e-03
3.819004412039399970e-03
3.599740198255400089e-03
3.751319971207299833e-03
3.753390499425900053e-03
3.810321816322299882e-03
3.206003127099899853e-03
3.587503922643400182e-03
4.044375472532299974e-03
3.770499360842699977e-03
3.927280039099799794e-03
3.830212557763499823e-03
3.803781730039599955e-03
4.084481168076300323e-03
3.863960345216699895e-03
4.017372456227400433e-03
3.639883630475499940e-03
3.820344535582699975e-03
3.457823592605100034e-03
3.456843059578600108e-03
4.233449416767999691e-03
4.142209272163999666e-03
3.854000073598199804e-03
3.479013083331300177e-03
3.803512289237899902e-03
3.512151922634699792e-03
3.594918611474099985e-03
4.246163674206900225e-03
4.155651158557599999e-03
3.765695225756799866e-03
3.644598094236499875e-03
3.902793664417000038e-03
3.868089679534000153e-03
4.268205248903499983e-03
3.985249862698100193e-03
3.918945939386100225e-03
3.822778291594500048e-03
3.715920850831699960e-03
3.910733193092599640e-03
3.855546809012900134e-03
3.786915785948400184e-03
4.050785387470600199e-03
3.839372109492600067e-03
4.057684372105000228e-03
3.983690930142900002e-03
3.971597405693299589e-03
3.605994914027100054e-03
3.569610869577200148e-03
3.848389728800400041e-03
3.963116087361100159e-03
3.227249649430100151e-03
4.017383990583700375e-03
4.011751025631500427e-03
3.818799988909999787e-03
3.547730198287800049e-03
3.401109354112100136e-03
3.840810964586099854e-03
4.198784896400399765e-03
3.895489470449400166e-03
4.104218024524599988e-03
4.314878589142199725e-03
3.801560575066900184e-03
4.276927511587000005e-03
3.704600723363499909e-03
3.960643621889400022e-03
3.426287866249299804e-03
4.323330377824999814e-03
3.690463409618999907e-03
4.105499860637499936e-03
4.126416894025399656e-03
3.750446144663800198e-03
3.580215251704100144e-03
4.004436400217899726e-03
3.333616166652300216e-03
3.605620562250499983e-03
4.136845058820499792e-03
4.514172785060300078e-03
3.683747629036999809e-03
3.889842406371100091e-03
3.811254027657300092e-03
4.222584995938700146e-03
3.790621133064100198e-03
3.654080195670400110e-03
3.501301710061799789e-03
3.850524593562300139e-03
3.954378400179699854e-03
3.041852358535200064e-03
4.228575844280899575e-03
3.804126593493399947e-03
3.719745162065299978e-03
3.666876372339499847e-03
3.681440149378299893e-03
3.766765227142500165e-03
3.848489199213400193e-03
3.408117962065099898e-03
3.423894366510299783e-03
3.529104773121800008e-03
3.837531966227200175e-03
3.772522990737099940e-03
3.430215954227200208e-03
3.808088008354300162e-03
3.593203522428600055e-03
3.847952121601599853e-03
2.984289080965599888e-03
4.495657596819599942e-03
3.892906614716399975e-03
3.026133275288999790e-03
4.090685971120100288e-03
4.050239515672699603e-03
3.571803094229599948e-03
3.284445401477399922e-03
4.516951436175399570e-03
4.363116453809300251e-03
3.447158938961099924e-03
3.931435877562300223e-03
3.835250651603300080e-03
3.799523410330699937e-03
3.940396537912700149e-03
4.001049202840400304e-03
4.252927540737000411e-03
3.396253414124100149e-03
3.592573899486100134e-03
4.435763548882400154e-03
4.252802403845500415e-03
3.891971937011999821e-03
4.195662388874399872e-03
3.955198502386200396e-03
4.155745377651199994e-03
3.392765245883800143e-03
3.801913543903800118e-03
3.924639562209899894e-03
3.675929803307699962e-03
3.735203623480700102e-03
3.478648045733999904e-03
3.574920653333400061e-03
3.207826414737399798e-03
4.060722381654400040e-03
3.391469367527600188e-03
3.669894842211500127e-03
3.558537174543600131e-03
3.881564802912899903e-03
3.510692721300400203e-03
4.063869070783299696e-03
3.962992734440199880e-03
3.740403373918899967e-03
4.260856057318500138e-03
4.382529619112499573e-03
3.336269002309699954e-03
4.120020279267500030e-03
4.074746141019399900e-03
3.449365816721700062e-03
3.683955903838200072e-03
4.102294454381099839e-03
3.263471633856099979e-03
3.827324285989799988e-03
3.888731119242499860e-03
4.057199568041100317e-03
3.998791499880399898e-03
3.985823418514999883e-03
3.798913220803500166e-03
4.085997727376800351e-03
4.003737767144199995e-03
3.885326423535900072e-03
3.794023757735900167e-03
3.917892577682199895e-03
3.745660594578400018e-03
4.111050372217700012e-03
3.866995582902600127e-03
3.457480216523900127e-03
3.927445492700299724e-03
3.869138692678299966e-03
3.763615583027300152e-03
3.619777111487100171e-03
4.125389096605099927e-03
3.880626883856100155e-03
3.693270340970699825e-03
4.185539088097899908e-03
3.915252401488799813e-03
3.704539284624499933e-03
4.133942462127400408e-03
4.036160649243300189e-03
3.292904491078000023e-03
3.412892575025200034e-03
3.509487532029900107e-03
3.670491768948599791e-03
4.031236446575800318e-03
3.645218599645400157e-03
3.929241767979099569e-03
3.817004969666100162e-03
3.578777880811200018e-03
4.277605954525300243e-03
4.210531644494099578e-03
3.441246224687700105e-03
3.633941246066899836e-03
3.876074889635399822e-03
4.272719670465900156e-03
4.314092434433799972e-03
3.908067825081599708e-03
3.822427585350399865e-03
3.899809865980399977e-03
4.022829910590500040e-03
3.608185025161100064e-03
3.768542910274399853e-03
3.719510798986900169e-03
3.376056756491200087e-03
4.004916841653100371e-03
3.730830364036999847e-03
3.555457207661300197e-03
3.952940453354400301e-03
3.884622157347400202e-03
3.955839943682900109e-03
3.590363436530399997e-03
4.140475409761500136e-03
3.812839414375900071e-03
3.963808698466199897e-03
3.919612494826799597e-03
3.846456028505200204e-03
3.814062399458899993e-03
3.703938340006299960e-03
4.280161429391299635e-03
3.176319277388000087e-03
4.696674774645200057e-03
3.792707019572800174e-03
3.608559215015000061e-03
4.199597378378899619e-03
3.482047462297699954e-03
3.644477084092199917e-03
3.762994312748799922e-03
3.794674096074800076e-03
3.439541552408800079e-03
3.535248368484900094e-03
3.827610214602700147e-03
3.706831717764399840e-03
3.791184403701000107e-03
3.644726382174199881e-03
3.805683155440300197e-03
3.655254522021199846e-03
3.654523556683600058e-03
3.805636995851500049e-03
3.901920499052899827e-03
3.889899189280000141e-03
3.700700174044800183e-03
3.242157764613399790e-03
4.285749580478900346e-03
3.199363339456699935e-03
3.822070710565499997e-03
3.614855227342500012e-03
4.299034295187900354e-03
3.523444799212000107e-03
4.314361566805800276e-03
3.955379326070199673e-03
3.885051480756900044e-03
3.726763006307999820e-03
3.491058484505399784e-03
3.843098085988299901e-03
4.076515125977699799e-03
3.667124762827699783e-03
3.568372522150700058e-03
4.244132433397200359e-03
3.470782025148199876e-03
3.419972329722699954e-03
3.588187336038199931e-03
3.551379952239299906e-03
3.743436185654700106e-03
3.965084660495699596e-03
3.877525012631799842e-03
3.831506308000799926e-03
3.842059552342899816e-03
3.485648312160299824e-03
3.783568036974199918e-03
4.152387673384099788e-03
3.344652404089900038e-03
3.976168724327099578e-03
3.432587154911600005e-03
4.223045664280399708e-03
4.320927597014499917e-03
3.709180751585700216e-03
4.009499872199000226e-03
3.748779385286600194e-03
3.787421638487499867e-03
3.878819198036900177e-03
3.908799508102800413e-03
3.998830853848700170e-03
3.361563441754400125e-03
3.837342157445999911e-03
3.910670157948900258e-03
4.247914801273500011e-03
3.461530077319599930e-03
3.652047544443200004e-03
4.266453594293499740e-03
3.619917829754700118e-03
3.776827844035499874e-03
4.190055910518300335e-03
