4.987068661450975472e-03
4.927867052085004550e-03
5.025232145777028606e-03
4.963596337139891332e-03
4.939667731433051295e-03
4.922802934849914054e-03
4.923699542397907102e-03
4.934761812259178503e-03
5.010940752478175442e-03
4.930703885957688111e-03
4.934769975287531599e-03
4.967601427996868289e-03
4.960055786317164699e-03
4.939055970209959602e-03
4.945398454585496137e-03
4.961633116121679128e-03
4.945398454585496137e-03
5.001873993975439713e-03
4.945398454585496137e-03
4.967601427996868289e-03
5.055520496404466990e-03
4.931008714074998529e-03
4.951963444936114192e-03
4.996273022812539912e-03
4.945398454585496137e-03
4.880792420304971499e-03
4.945398454585496137e-03
4.967601427996868289e-03
4.948985959700995252e-03
5.055264095429427666e-03
4.957994825781672499e-03
5.004829716133514170e-03
4.959364002676156132e-03
4.972242093068621367e-03
5.012015636522362469e-03
5.021704833981641657e-03
5.019637532749227082e-03
4.939055970209959602e-03
4.931008714074998529e-03
4.954481038386082670e-03
4.984551068001006995e-03
5.024754397725123001e-03
5.024496157366448688e-03
5.007161563866677732e-03
4.934761812259178503e-03
4.976408434564652365e-03
5.014738336082926601e-03
4.956287165462799904e-03
4.999608215037843438e-03
4.990438970712825044e-03
5.030464599566591803e-03
4.945398454585496137e-03
4.852751321580655100e-03
4.977986077650388072e-03
4.922730192970104467e-03
4.972242093068621367e-03
5.019903130642447420e-03
4.972255354497944098e-03
4.976408434564652365e-03
4.987068661450975472e-03
5.057819768841921408e-03
5.057083780431340624e-03
5.057342020790015803e-03
4.998767104562372096e-03
5.028860645877431847e-03
5.023026593777716979e-03
4.987068661450975472e-03
4.913380043369864301e-03
4.984551068001006995e-03
4.957994825781672499e-03
5.137890192900942607e-03
4.976502191235079690e-03
5.025232145777028606e-03
4.976408434564652365e-03
4.954481038386082670e-03
5.024496157366448688e-03
4.994220739186571931e-03
5.057819768841921408e-03
4.963596337139891332e-03
5.030464599566591803e-03
4.934761812259178503e-03
4.881870652219891769e-03
5.052225155814119018e-03
5.016306172071337104e-03
4.944581807607778372e-03
4.956070240014622680e-03
5.022676472364534864e-03
4.972255354497944098e-03
4.927468163252271896e-03
4.963596337139891332e-03
5.019903130642447420e-03
5.025232145777028606e-03
5.048893795136229906e-03
4.894810070038889925e-03
4.963291509022580913e-03
4.930703885957688111e-03
4.963596337139891332e-03
5.041533431976295832e-03
4.926227535334149442e-03
4.925407202716779696e-03
4.971643593274852405e-03
5.019903130642447420e-03
5.004829716133514170e-03
4.955317816034997269e-03
4.945398454585496137e-03
4.994220739186571931e-03
5.001873993975439713e-03
5.017029837168771045e-03
4.960454675149897352e-03
4.923699542397907102e-03
4.987068661450975472e-03
5.057342020790015803e-03
5.012015636522362469e-03
4.939055970209959602e-03
4.931008714074998529e-03
4.977986077650388072e-03
4.976408434564652365e-03
5.019903130642447420e-03
5.057342020790015803e-03
4.943820811499760430e-03
5.034461617040332515e-03
4.954481038386082670e-03
5.034461617040332515e-03
5.022676472364534864e-03
4.922802934849914054e-03
4.960055786317164699e-03
4.972242093068621367e-03
5.021704833981641657e-03
4.955317816034997269e-03
4.967349435324070438e-03
4.930703885957688111e-03
5.025232145777028606e-03
4.984442214103878242e-03
4.960055786317164699e-03
5.008105243469516792e-03
4.972242093068621367e-03
4.939667731433051295e-03
4.960235671127438684e-03
5.057819768841921408e-03
4.984442214103878242e-03
4.963596337139891332e-03
4.925061506980035753e-03
4.957649130044928555e-03
4.945398454585496137e-03
4.923482616949729877e-03
4.967357598352424401e-03
4.971643593274852405e-03
4.966179481497479294e-03
5.023026593777716979e-03
4.977986077650388072e-03
4.976408434564652365e-03
4.893991062570430921e-03
5.048893795136229906e-03
4.956287165462799904e-03
4.885338944645547903e-03
4.966179481497479294e-03
4.972242093068621367e-03
4.922522248745237437e-03
5.019903130642447420e-03
5.052490753707339355e-03
4.960055786317164699e-03
4.967357598352424401e-03
5.025232145777028606e-03
4.996273022812539912e-03
4.944581807607778372e-03
4.984551068001006995e-03
4.922802934849914054e-03
5.000189051061761092e-03
4.963596337139891332e-03
4.960454675149897352e-03
4.984551068001006995e-03
4.939055970209959602e-03
4.934761812259178503e-03
5.008105243469516792e-03
4.963596337139891332e-03
4.940239053908845185e-03
4.927468163252271896e-03
4.958815158399041377e-03
5.017029837168771045e-03
4.987068661450975472e-03
5.022676472364534864e-03
5.012015636522362469e-03
5.039749186931570535e-03
5.014738336082926601e-03
5.019637532749227082e-03
5.057819768841921408e-03
4.861403439505538118e-03
4.998767104562372096e-03
4.992823294192331486e-03
5.047325959147819403e-03
4.943820811499760430e-03
5.007161563866677732e-03
4.977169430672670307e-03
4.960055786317164699e-03
4.893991062570430921e-03
4.944581807607778372e-03
4.948985959700995252e-03
4.990438970712825044e-03
4.960454675149897352e-03
4.948985959700995252e-03
5.028860645877431847e-03
4.999608215037843438e-03
4.955390557914805989e-03
5.052225155814119018e-03
4.893991062570430921e-03
4.923482616949729877e-03
4.956070240014622680e-03
4.957649130044928555e-03
5.024754397725123001e-03
4.939667731433051295e-03
4.893991062570430921e-03
5.040692866534409594e-03
4.925061506980035753e-03
4.927468163252271896e-03
4.984551068001006995e-03
4.998767104562372096e-03
4.956287165462799904e-03
4.922730192970104467e-03
4.934761812259178503e-03
4.977986077650388072e-03
5.008105243469516792e-03
4.963596337139891332e-03
4.960235671127438684e-03
4.849283029154998967e-03
4.923482616949729877e-03
4.967601427996868289e-03
4.956287165462799904e-03
5.017029837168771045e-03
4.927468163252271896e-03
4.963596337139891332e-03
4.923482616949729877e-03
4.978353129413282639e-03
4.925061506980035753e-03
5.028860645877431847e-03
4.956070240014622680e-03
4.939667731433051295e-03
4.894810070038889925e-03
5.040692866534409594e-03
4.943820811499760430e-03
5.039749186931570535e-03
4.996273022812539912e-03
4.996273022812539912e-03
5.137890192900942607e-03
5.019637532749227082e-03
4.954481038386082670e-03
4.977169430672670307e-03
4.922802934849914054e-03
5.001873993975439713e-03
4.931008714074998529e-03
5.040692866534409594e-03
4.956287165462799904e-03
4.957994825781672499e-03
4.976408434564652365e-03
4.984551068001006995e-03
4.927468163252271896e-03
4.951963444936114192e-03
5.024496157366448688e-03
