1.768809240895379170e-07
1.770119352606008825e-07
1.770239559870382618e-07
1.770296819973164165e-07
1.775679749317420957e-07
1.769298268935229735e-07
1.769652063780999463e-07
1.769695484583213790e-07
1.770351258381078407e-07
1.773503713609420791e-07
1.774826328938044823e-07
1.782091816984447858e-07
1.771563880001343668e-07
1.769258985427626780e-07
1.776026534669469936e-07
1.775930820980101828e-07
1.776026534669469936e-07
1.771520663088265697e-07
1.776026534669469936e-07
1.782091816984447858e-07
1.772037322211973970e-07
1.770010722185598925e-07
1.776283186514804587e-07
1.771410805960429337e-07
1.776026534669469936e-07
1.824753033994072277e-07
1.776026534669469936e-07
1.782091816984447858e-07
1.768445733150219615e-07
1.770080753314284545e-07
1.770124648661836867e-07
1.769702866936271354e-07
1.777584176497482005e-07
1.769075844426306833e-07
1.770858362373703052e-07
1.775698061585434239e-07
1.772956973222734718e-07
1.769258985427626780e-07
1.770010722185598925e-07
1.768258670626002266e-07
1.775206516653830489e-07
1.770960074169960259e-07
1.769820271041687552e-07
1.771300339751210437e-07
1.769695484583213790e-07
1.769271275514894315e-07
1.773977359854848529e-07
1.769711417727777367e-07
1.775414067668205469e-07
1.771002590285500437e-07
1.906466084845492810e-07
1.776026534669469936e-07
1.805308796516144804e-07
1.775097950610263715e-07
1.769223197206215319e-07
1.769075844426306833e-07
1.769932512227497989e-07
1.774890252416683136e-07
1.769271275514894315e-07
1.768809240895379170e-07
1.770477765797390677e-07
1.770115546325176386e-07
1.771143436722455087e-07
1.769190535031889001e-07
1.772025792647759448e-07
1.771633763427078599e-07
1.768809240895379170e-07
1.823598651039702103e-07
1.775206516653830489e-07
1.770124648661836867e-07
2.139079347368355598e-07
1.775786211916641865e-07
1.770239559870382618e-07
1.769271275514894315e-07
1.768258670626002266e-07
1.769820271041687552e-07
1.775959054571723720e-07
1.770477765797390677e-07
1.770296819973164165e-07
1.906466084845492810e-07
1.769695484583213790e-07
1.810460641138183178e-07
1.773044109728251905e-07
1.770351391830066808e-07
1.776628979598947317e-07
1.769431691551658770e-07
1.769727878381384404e-07
1.774890252416683136e-07
1.771985098558260125e-07
1.770296819973164165e-07
1.769932512227497989e-07
1.770239559870382618e-07
1.770814274184434177e-07
1.818147788879802463e-07
1.772967398587006761e-07
1.773503713609420791e-07
1.770296819973164165e-07
1.930430839399289036e-07
1.778474047777628847e-07
1.769984793225773026e-07
1.769669497625023142e-07
1.769932512227497989e-07
1.769702866936271354e-07
1.769107300624989497e-07
1.776026534669469936e-07
1.775959054571723720e-07
1.771520663088265697e-07
1.771034949672684930e-07
1.770334896677613834e-07
1.769652063780999463e-07
1.768809240895379170e-07
1.771143436722455087e-07
1.770858362373703052e-07
1.769258985427626780e-07
1.770010722185598925e-07
1.775097950610263715e-07
1.769271275514894315e-07
1.769932512227497989e-07
1.771143436722455087e-07
1.768807546755299133e-07
1.772110141545893980e-07
1.768258670626002266e-07
1.772110141545893980e-07
1.769727878381384404e-07
1.769298268935229735e-07
1.771563880001343668e-07
1.769075844426306833e-07
1.775698061585434239e-07
1.769107300624989497e-07
1.770046679101321361e-07
1.773503713609420791e-07
1.770239559870382618e-07
1.770396589786475795e-07
1.771563880001343668e-07
1.774830071430104495e-07
1.769075844426306833e-07
1.775679749317420957e-07
1.768299418250242522e-07
1.770477765797390677e-07
1.770396589786475795e-07
1.770296819973164165e-07
1.770607089784535229e-07
1.770293972541101760e-07
1.776026534669469936e-07
1.769643201760802479e-07
1.774167421425297280e-07
1.769669497625023142e-07
1.768581392511127466e-07
1.771633763427078599e-07
1.775097950610263715e-07
1.769271275514894315e-07
1.799229671279939859e-07
1.770814274184434177e-07
1.769711417727777367e-07
1.805323311613648863e-07
1.768581392511127466e-07
1.769075844426306833e-07
1.786840122927251676e-07
1.769932512227497989e-07
1.770341821413702959e-07
1.771563880001343668e-07
1.774167421425297280e-07
1.770239559870382618e-07
1.771410805960429337e-07
1.776628979598947317e-07
1.775206516653830489e-07
1.769298268935229735e-07
1.780689976098754947e-07
1.770296819973164165e-07
1.770334896677613834e-07
1.775206516653830489e-07
1.769258985427626780e-07
1.769695484583213790e-07
1.774830071430104495e-07
1.770296819973164165e-07
1.781972766537908898e-07
1.771985098558260125e-07
1.778586582354027991e-07
1.771034949672684930e-07
1.768809240895379170e-07
1.769727878381384404e-07
1.770858362373703052e-07
1.771855002430326209e-07
1.773977359854848529e-07
1.772956973222734718e-07
1.770477765797390677e-07
1.799113422339242671e-07
1.769190535031889001e-07
1.768882969335529462e-07
1.774026505065974799e-07
1.768807546755299133e-07
1.771300339751210437e-07
1.776696475307009414e-07
1.771563880001343668e-07
1.799229671279939859e-07
1.776628979598947317e-07
1.768445733150219615e-07
1.771002590285500437e-07
1.770334896677613834e-07
1.768445733150219615e-07
1.772025792647759448e-07
1.775414067668205469e-07
1.769272493448370489e-07
1.773044109728251905e-07
1.799229671279939859e-07
1.769643201760802479e-07
1.769431691551658770e-07
1.770293972541101760e-07
1.770960074169960259e-07
1.775679749317420957e-07
1.799229671279939859e-07
1.774850234084954112e-07
1.770607089784535229e-07
1.771985098558260125e-07
1.775206516653830489e-07
1.769190535031889001e-07
1.769711417727777367e-07
1.769223197206215319e-07
1.769695484583213790e-07
1.775097950610263715e-07
1.774830071430104495e-07
1.770296819973164165e-07
1.768299418250242522e-07
1.810612345720381532e-07
1.769643201760802479e-07
1.782091816984447858e-07
1.769711417727777367e-07
1.771034949672684930e-07
1.771985098558260125e-07
1.770296819973164165e-07
1.769643201760802479e-07
1.769714389394019473e-07
1.770607089784535229e-07
1.772025792647759448e-07
1.769431691551658770e-07
1.775679749317420957e-07
1.818147788879802463e-07
1.774850234084954112e-07
1.768807546755299133e-07
1.771855002430326209e-07
1.771410805960429337e-07
1.771410805960429337e-07
2.139079347368355598e-07
1.772956973222734718e-07
1.768258670626002266e-07
1.776696475307009414e-07
1.769298268935229735e-07
1.771520663088265697e-07
1.770010722185598925e-07
1.774850234084954112e-07
1.769711417727777367e-07
1.770124648661836867e-07
1.769271275514894315e-07
1.775206516653830489e-07
1.771985098558260125e-07
1.776283186514804587e-07
1.769820271041687552e-07
