-1.133124767166182156e+00
-1.080424449275190976e-02
4.692093124412591992e-02
4.268412622721146632e-01
-4.475668665802720603e-01
-5.218590954316185693e-01
1.072528139913816458e+00
1.505041162243700548e+00
4.419884316781052397e-02
1.743918073393294355e-01
6.148953832751073989e-01
1.342533391554918687e-01
3.605358440744320658e-01
6.293607932634821545e-01
-3.200507003243058257e-01
5.677612823228842531e-01
5.373742579751822346e-01
-1.151541119223047582e+00
-1.104304868785556781e+00
-1.250139244808608496e-01
1.489504487609503380e+00
-1.708732046929494652e+00
-5.122730001828824653e-01
-1.180290157302611997e-01
2.251486393910086536e-01
-1.175983436935756687e+00
-2.537978257011465066e-01
-1.910569671264386260e+00
1.257750353699768509e+00
3.246513993397865949e-01
1.362677536750662277e+00
-2.291415720775715759e+00
-5.611395158279435247e-01
1.453813549979327435e+00
-1.161544627710057176e+00
1.660260219086338029e-01
3.614786083488765733e-01
6.702626431879755708e-01
-2.823392994223527380e-02
-4.658815657300555829e-02
-1.051212495997334351e+00
5.193535685606776031e-01
-1.183577689667138833e+00
3.781501550951815172e-01
1.854625540110073523e+00
-2.724894569089427732e-01
9.381413817562759272e-01
4.987639581042652148e-01
-4.242483677634014128e-01
4.468234569201403050e-01
5.174215786576066289e-01
3.622386671839857714e-02
4.635202978686762121e-01
-5.528205770699131660e-01
6.865909993001964029e-01
4.749362305402757833e-01
-4.408071477119298587e-01
-1.436818291121203295e+00
3.852467577788088460e-01
-1.257829727585827895e+00
-1.652579823005601911e+00
1.050334600644155625e+00
-6.069319711293804653e-01
4.352319934764299902e-01
6.760081718937196449e-01
-2.462418335974477790e-01
1.107028383974071106e+00
-7.146723981989406838e-01
9.519165962469940956e-01
-4.768565631542877048e-01
-1.105792137350577908e+00
1.419572789766564647e+00
6.341532128503134524e-01
2.679129454276526490e-01
7.646037566843898181e-02
1.121761212957571141e+00
3.530735562294054497e-01
-6.874416560956148059e-01
2.522290802088715256e-01
8.479938882114296250e-01
7.924648299346226388e-01
-7.744530030758126626e-01
-6.021430099407834580e-02
6.026488498911528602e-01
1.042270480308308711e+00
-2.228578414255367179e-01
2.794824648499757980e-01
-5.120266856095347929e-01
6.383692808121803619e-01
-1.603473663476985722e+00
-4.718075899340608559e-01
1.111696898376024478e-01
-1.164544273377335015e+00
-1.503495446177430250e-01
1.744206178385089012e-01
-3.853372862380296388e-02
6.298518447908531270e-02
-3.158564772975087642e+00
-1.972111210569826634e+00
-7.946600916043071727e-01
5.858146792696018457e-01
-1.003449477141762802e+00
-8.724815186437022418e-02
-6.477125732046048467e-01
-1.725808276847724809e-01
-3.845206759384889317e-01
-3.596238596534956367e-01
-1.550418912469950228e-01
5.285025396176601387e-01
1.695159716906551317e-01
1.643979117792691014e+00
2.357824611402444148e+00
-7.506422954707882012e-01
-5.947024270178518091e-01
-4.153740412372449731e-01
-7.578310601406621494e-01
-1.329537248640006331e+00
1.020124975748948781e+00
-3.287501369183009614e-01
-5.761433977253669347e-01
-2.849405887987108699e+00
-7.184447969517981925e-01
1.054271370040444467e+00
8.651047755207452727e-01
2.789393929864465438e-01
-1.925804501284528736e-01
-2.900386538951659210e-01
1.174658241172974016e+00
7.759318882618436719e-01
2.779528900493359322e-01
-1.362122923774451710e-02
1.032942231083765039e+00
1.100236421354869654e+00
6.625753132691536429e-01
6.391587524842795576e-01
6.425325482683545975e-01
1.760305729793436802e+00
-5.934703651397134072e-01
-1.135651437557788634e+00
1.163998763582001050e+00
1.026308623746692295e-01
1.139640735912047287e+00
3.263677982801848620e-01
-9.589316527035066651e-01
6.110216777229194873e-01
-2.379833363690164738e-01
-1.184638956105008134e+00
2.770450330289093710e-01
1.564236270688619257e+00
3.451357432618011867e+00
1.069487034996774666e+00
-3.104599618706485598e-01
2.919415572700615469e-01
-7.199560807595324352e-01
-5.975099933826460985e-01
-3.060510732860474703e-01
9.616722953221995551e-01
1.127739720272623369e+00
6.881896217855457132e-02
-8.014298247852020829e-01
1.789970699863461467e+00
-3.232542734533491724e-01
-3.332098046652733903e-01
-7.188674655784035861e-02
2.095734842013699417e+00
-8.457609793097305984e-01
8.847960563529556621e-01
2.576158227421547209e-01
8.856491314537001669e-01
5.318873987208705412e-01
-5.106163149661383516e-01
-2.268187615458076845e-01
1.148530751165588226e+00
-8.515907295766236285e-01
-8.549982507977854640e-01
-1.616364767519458345e+00
-6.814216241274156927e-01
2.389895819882538852e+00
2.125119122094865975e+00
1.132809581696286205e+00
-1.731389217783279033e+00
-4.607570446280402632e-02
2.912396014961724511e+00
-1.453505074709793288e+00
-1.145450339614467961e+00
1.013908249206621370e+00
-1.264089214164110242e+00
1.169930899604238572e+00
2.566831489529269650e+00
6.528208951684126848e-01
7.941393438028309104e-01
4.851457960544824921e-01
-2.651823925373234837e-04
1.324425198609636978e-01
-5.492104129653389843e-02
-1.970814717487569645e+00
5.394562719959943298e-01
1.046849101658310799e+00
-2.100417791856498351e+00
5.762481947696118656e-01
8.328817194431641369e-01
-5.929845162034435430e-02
9.106131252288353350e-02
-5.492487139504536042e-01
4.070920532307159001e-01
-2.252666794215119409e-02
8.721935617385091488e-01
-1.513661216695069367e+00
-1.470596942309435384e+00
8.586820284745170229e-01
-1.831492148936215147e-01
-6.089058296289521222e-01
2.598599851707197317e-01
8.453409767673557562e-01
2.522317830147129958e-01
6.688199171658835152e-01
-8.556812284336774432e-01
6.070801563356813535e-01
-7.550788497045297643e-01
-1.035547297673661493e+00
-1.104882950524603391e+00
1.638162327589194778e+00
6.323283180119927405e-01
1.158238548678544477e+00
1.150855769339545809e+00
-2.001534123618383010e+00
1.048197587729954583e-01
3.342973890834564643e-01
2.062255335105456222e-01
-1.309909168951977065e+00
-1.755044420677773775e+00
1.324172194111664425e+00
-2.601453047439125088e-01
-2.105696223465290118e-01
-1.198805430882923462e+00
-5.620381754868997159e-01
-1.681543566635682607e+00
3.496157765935805073e-01
-8.575270251810522826e-01
-1.213045442298385401e+00
-3.409934614242574047e-01
-1.344677306872709588e+00
-9.976761311739456017e-01
-1.142654886560430016e+00
-5.531502776137845467e-01
4.699368636035770597e-01
-1.644911855122245248e+00
-2.874523862871874447e-01
1.476285119971543436e+00
1.173037088472359768e+00
-2.573790384649250473e-01
1.029858662517334489e+00
1.032920724220604436e+00
-1.003408607384911777e+00
2.321566692882733041e-01
-4.043365547232835033e-01
-1.022736289569793122e+00
