1.732534982515893801e-02
1.790657643855909226e-02
1.785850758697840254e-02
1.361185530515708272e-02
1.867250184304653296e-02
1.368105141549854492e-02
1.747331348267718715e-02
1.721212319253442868e-02
1.385327781276364870e-02
1.751607023140732897e-02
1.754928871716028224e-02
1.330348032848678586e-02
1.730792659530426547e-02
1.792770369731986474e-02
1.780233089725388393e-02
1.790657643855909226e-02
1.783060120407599369e-02
1.366036380809266745e-02
1.760247798871707875e-02
1.743156323047772779e-02
1.776251127740496177e-02
1.793545939516106441e-02
1.785850758697840254e-02
1.375431362555731493e-02
1.779891955078349158e-02
1.772104161690851026e-02
1.386076784693985112e-02
1.767845322320017731e-02
1.772635566277078883e-02
1.787489478526658668e-02
1.776251127740496177e-02
1.801597379315384231e-02
1.389090522995740234e-02
1.746732601672768698e-02
1.760247798871707875e-02
1.783060120407599369e-02
1.736122857018261925e-02
1.376995529954580869e-02
1.396688046444050091e-02
1.755930216923250534e-02
1.355226726896217176e-02
1.776399393453654413e-02
1.733248041217117993e-02
1.760247798871707875e-02
1.755930216923250534e-02
1.388573227823443682e-02
1.768653604292186668e-02
1.731766452741984388e-02
1.760247798871707875e-02
1.727352721474659236e-02
1.755930216923250534e-02
1.801330473816496747e-02
1.785850758697840254e-02
1.780233089725388393e-02
1.751607023140732897e-02
1.783060120407599369e-02
1.385321092113100949e-02
1.742918267989650855e-02
1.728525333569952069e-02
1.776399393453654413e-02
1.389090522995740234e-02
1.725650517768808484e-02
1.776251127740496177e-02
1.776399393453654413e-02
1.736122857018261925e-02
1.347970338094946902e-02
1.760247798871707875e-02
1.772635566277078883e-02
1.367833839107421984e-02
1.776399393453654413e-02
1.719755198026349727e-02
1.776399393453654413e-02
1.751607023140732897e-02
1.371144768999774805e-02
1.772635566277078883e-02
1.730792659530426547e-02
1.780233089725388393e-02
1.739135078224459188e-02
1.382516766833995908e-02
1.801660758136712850e-02
1.801759768837912778e-02
1.767845322320017731e-02
1.385092534853397256e-02
1.764506638242541517e-02
1.801597379315384231e-02
1.378992545867296915e-02
1.800367893180296330e-02
1.783060120407599369e-02
1.369312313353478888e-02
1.764506638242541517e-02
1.768653604292186668e-02
1.725650517768808484e-02
1.793977541535610870e-02
1.379024205209301510e-02
1.791643019910002868e-02
1.763527740371560043e-02
1.793977541535610870e-02
1.375260378032725633e-02
1.743156323047772779e-02
1.368880711333974459e-02
1.760247798871707875e-02
1.800799042481976420e-02
1.385684932163246466e-02
1.728388796213711082e-02
1.380878047005177495e-02
1.767845322320017731e-02
1.833417850887850489e-02
1.385327781276364870e-02
1.768653604292186668e-02
1.742918267989650855e-02
1.376539230794415064e-02
1.776399393453654413e-02
1.772635566277078883e-02
1.801759768837912778e-02
1.735320744541341345e-02
1.723195136082117038e-02
1.780233089725388393e-02
1.363547245551465295e-02
1.890877165014544919e-02
1.739135078224459188e-02
1.759204546589042406e-02
1.801597379315384231e-02
1.750753846496082636e-02
1.772104161690851026e-02
1.754928871716028224e-02
1.783060120407599369e-02
1.755930216923250534e-02
1.763527740371560043e-02
1.795809997181906786e-02
1.790133763445443671e-02
1.728809842701752378e-02
1.754928871716028224e-02
1.383608876618753342e-02
1.787489478526658668e-02
1.731766452741984388e-02
1.739135078224459188e-02
1.743156323047772779e-02
1.736122857018261925e-02
1.793448282146150111e-02
1.376133814299844438e-02
1.728525333569952069e-02
1.785850758697840254e-02
1.376478234782283969e-02
1.763527740371560043e-02
1.785850758697840254e-02
1.772104161690851026e-02
1.772104161690851026e-02
1.743156323047772779e-02
1.731766452741984388e-02
1.395395181487633571e-02
1.735320744541341345e-02
1.793999855867074722e-02
1.767845322320017731e-02
1.746732601672768698e-02
1.780233089725388393e-02
1.792921491856283231e-02
1.785323968407973375e-02
1.727352721474659236e-02
1.772104161690851026e-02
1.772104161690851026e-02
1.790133763445443671e-02
1.800367893180296330e-02
1.363916360129284119e-02
1.739135078224459188e-02
1.790657643855909226e-02
1.780233089725388393e-02
1.731766452741984388e-02
1.794162245389602922e-02
1.755930216923250534e-02
1.790657643855909226e-02
1.795809997181906786e-02
1.767845322320017731e-02
1.763527740371560043e-02
1.739135078224459188e-02
1.793545939516106441e-02
1.789666855646779645e-02
1.747331348267718715e-02
1.739135078224459188e-02
1.783060120407599369e-02
1.751607023140732897e-02
1.343988376110054686e-02
1.384136754242724920e-02
1.379365199464085978e-02
1.799240543358312724e-02
1.376839780275991229e-02
1.395123879045200715e-02
1.390100745345666106e-02
1.355226726896217176e-02
1.800367893180296330e-02
1.743156323047772779e-02
1.755930216923250534e-02
1.736122857018261925e-02
1.776399393453654413e-02
1.764506638242541517e-02
1.751607023140732897e-02
1.795073457038328865e-02
1.369497017207470940e-02
1.767845322320017731e-02
1.759204546589042406e-02
1.371513883577593629e-02
1.338862512189428061e-02
1.743156323047772779e-02
1.730792659530426547e-02
1.768653604292186668e-02
1.378087408714936610e-02
1.772104161690851026e-02
1.767845322320017731e-02
1.764506638242541517e-02
1.783996916901964269e-02
1.751607023140732897e-02
1.728525333569952069e-02
1.783996916901964269e-02
1.801597379315384231e-02
1.759204546589042406e-02
1.764506638242541517e-02
1.776251127740496177e-02
1.376478234782283969e-02
1.755930216923250534e-02
1.772104161690851026e-02
1.751607023140732897e-02
1.793448282146150111e-02
1.355226726896217176e-02
1.730792659530426547e-02
1.739135078224459188e-02
1.743156323047772779e-02
1.755930216923250534e-02
1.780233089725388393e-02
1.779891955078349158e-02
1.793999855867074722e-02
1.776399393453654413e-02
1.760247798871707875e-02
1.718876903144401710e-02
1.733248041217117993e-02
1.747331348267718715e-02
1.783996916901964269e-02
1.764506638242541517e-02
1.396170751271753191e-02
1.735320744541341345e-02
1.776251127740496177e-02
1.875371519604289092e-02
1.783060120407599369e-02
1.371144768999774805e-02
1.735320744541341345e-02
1.384768980059237348e-02
1.733248041217117993e-02
1.725650517768808484e-02
1.733248041217117993e-02
1.377723568664791440e-02
1.790133763445443671e-02
1.376596857036034224e-02
1.772635566277078883e-02
1.302517655789393186e-02
1.733248041217117993e-02
1.718876903144401710e-02
1.790133763445443671e-02
1.776399393453654413e-02
1.719755198026349727e-02
1.364628433793289505e-02
1.768653604292186668e-02
1.783060120407599369e-02
1.764506638242541517e-02
1.335582570689575893e-02
1.760247798871707875e-02
1.760247798871707875e-02
1.755930216923250534e-02
1.783996916901964269e-02
1.772635566277078883e-02
1.374575315176180743e-02
1.721212319253442868e-02
1.721212319253442868e-02
1.751607023140732897e-02
1.787489478526658668e-02
1.725650517768808484e-02
1.339841410060409535e-02
1.372599150912957519e-02
1.772635566277078883e-02
1.780233089725388393e-02
1.779891955078349158e-02
1.378087408714936610e-02
1.776399393453654413e-02
1.768653604292186668e-02
1.772104161690851026e-02
1.780233089725388393e-02
1.355567861543256411e-02
1.338862512189428061e-02
1.371513883577593629e-02
1.364057220317894947e-02
1.363680892599523908e-02
1.755930216923250534e-02
1.747331348267718715e-02
1.759204546589042406e-02
1.747331348267718715e-02
1.858946588708400988e-02
1.725650517768808484e-02
1.776399393453654413e-02
1.760247798871707875e-02
1.383608876618753342e-02
1.780233089725388393e-02
1.780233089725388393e-02
1.369334627684942740e-02
1.347970338094946902e-02
1.776251127740496177e-02
1.736122857018261925e-02
1.776399393453654413e-02
1.339841410060409535e-02
1.783996916901964269e-02
1.364628433793289505e-02
1.797731286893753527e-02
1.783996916901964269e-02
1.776399393453654413e-02
1.792770369731986474e-02
1.371144768999774805e-02
1.339841410060409535e-02
1.722207522045865816e-02
1.743156323047772779e-02
1.355226726896217176e-02
1.746732601672768698e-02
1.750753846496082636e-02
